# pixelID  x  y  z
104120001 -0.90431 0.50200 -2.00000
104120002 -0.90431 0.50600 -2.00000
104120003 -0.90431 0.51000 -2.00000
104120004 -0.90431 0.51400 -2.00000
104120005 -0.90431 0.51800 -2.00000
104120006 -0.90431 0.52200 -2.00000
104120007 -0.90431 0.52600 -2.00000
104120008 -0.90431 0.53000 -2.00000
104120009 -0.90431 0.53400 -2.00000
104120010 -0.90431 0.53800 -2.00000
104120011 -0.90431 0.54200 -2.00000
104120012 -0.90431 0.54600 -2.00000
104120013 -0.90431 0.55000 -2.00000
104120014 -0.90431 0.55400 -2.00000
104120015 -0.90431 0.55800 -2.00000
104120016 -0.90431 0.56200 -2.00000
104120017 -0.90431 0.56600 -2.00000
104120018 -0.90431 0.57000 -2.00000
104120019 -0.90431 0.57400 -2.00000
104120020 -0.90431 0.57800 -2.00000
104120021 -0.90431 0.58200 -2.00000
104120022 -0.90431 0.58600 -2.00000
104120023 -0.90431 0.59000 -2.00000
104120024 -0.90431 0.59400 -2.00000
104120025 -0.90431 0.59800 -2.00000
104120026 -0.90431 0.60200 -2.00000
104120027 -0.90431 0.60600 -2.00000
104120028 -0.90431 0.61000 -2.00000
104120029 -0.90431 0.61400 -2.00000
104120030 -0.90431 0.61800 -2.00000
104120031 -0.90431 0.62200 -2.00000
104120032 -0.90431 0.62600 -2.00000
104120033 -0.90431 0.63000 -2.00000
104120034 -0.90431 0.63400 -2.00000
104120035 -0.90431 0.63800 -2.00000
104120036 -0.90431 0.64200 -2.00000
104120037 -0.90431 0.64600 -2.00000
104120038 -0.90431 0.65000 -2.00000
104120039 -0.90431 0.65400 -2.00000
104120040 -0.90431 0.65800 -2.00000
104120041 -0.90431 0.66200 -2.00000
104120042 -0.90431 0.66600 -2.00000
104120043 -0.90431 0.67000 -2.00000
104120044 -0.90431 0.67400 -2.00000
104120045 -0.90431 0.67800 -2.00000
104120046 -0.90431 0.68200 -2.00000
104120047 -0.90431 0.68600 -2.00000
104120048 -0.90431 0.69000 -2.00000
104120049 -0.90431 0.69400 -2.00000
104120050 -0.90431 0.69800 -2.00000
104120051 -0.90431 0.70200 -2.00000
104120052 -0.90431 0.70600 -2.00000
104120053 -0.90431 0.71000 -2.00000
104120054 -0.90431 0.71400 -2.00000
104120055 -0.90431 0.71800 -2.00000
104120056 -0.90431 0.72200 -2.00000
104120057 -0.90431 0.72600 -2.00000
104120058 -0.90431 0.73000 -2.00000
104120059 -0.90431 0.73400 -2.00000
104120060 -0.90431 0.73800 -2.00000
104120061 -0.90431 0.74200 -2.00000
104120062 -0.90431 0.74600 -2.00000
104120063 -0.90431 0.75000 -2.00000
104120064 -0.90431 0.75400 -2.00000
104120065 -0.90431 0.75800 -2.00000
104120066 -0.90431 0.76200 -2.00000
104120067 -0.90431 0.76600 -2.00000
104120068 -0.90431 0.77000 -2.00000
104120069 -0.90431 0.77400 -2.00000
104120070 -0.90431 0.77800 -2.00000
104120071 -0.90431 0.78200 -2.00000
104120072 -0.90431 0.78600 -2.00000
104120073 -0.90431 0.79000 -2.00000
104120074 -0.90431 0.79400 -2.00000
104120075 -0.90431 0.79800 -2.00000
104120076 -0.90431 0.80200 -2.00000
104120077 -0.90431 0.80600 -2.00000
104120078 -0.90431 0.81000 -2.00000
104120079 -0.90431 0.81400 -2.00000
104120080 -0.90431 0.81800 -2.00000
104120081 -0.90431 0.82200 -2.00000
104120082 -0.90431 0.82600 -2.00000
104120083 -0.90431 0.83000 -2.00000
104120084 -0.90431 0.83400 -2.00000
104120085 -0.90431 0.83800 -2.00000
104120086 -0.90431 0.84200 -2.00000
104120087 -0.90431 0.84600 -2.00000
104120088 -0.90431 0.85000 -2.00000
104120089 -0.90431 0.85400 -2.00000
104120090 -0.90431 0.85800 -2.00000
104120091 -0.90431 0.86200 -2.00000
104120092 -0.90431 0.86600 -2.00000
104120093 -0.90431 0.87000 -2.00000
104120094 -0.90431 0.87400 -2.00000
104120095 -0.90431 0.87800 -2.00000
104120096 -0.90431 0.88200 -2.00000
104120097 -0.90431 0.88600 -2.00000
104120098 -0.90431 0.89000 -2.00000
104120099 -0.90431 0.89400 -2.00000
104120100 -0.90431 0.89800 -2.00000
104120101 -0.90431 0.90200 -2.00000
104120102 -0.90431 0.90600 -2.00000
104120103 -0.90431 0.91000 -2.00000
104120104 -0.90431 0.91400 -2.00000
104120105 -0.90431 0.91800 -2.00000
104120106 -0.90431 0.92200 -2.00000
104120107 -0.90431 0.92600 -2.00000
104120108 -0.90431 0.93000 -2.00000
104120109 -0.90431 0.93400 -2.00000
104120110 -0.90431 0.93800 -2.00000
104120111 -0.90431 0.94200 -2.00000
104120112 -0.90431 0.94600 -2.00000
104120113 -0.90431 0.95000 -2.00000
104120114 -0.90431 0.95400 -2.00000
104120115 -0.90431 0.95800 -2.00000
104120116 -0.90431 0.96200 -2.00000
104120117 -0.90431 0.96600 -2.00000
104120118 -0.90431 0.97000 -2.00000
104120119 -0.90431 0.97400 -2.00000
104120120 -0.90431 0.97800 -2.00000
104120121 -0.90431 0.98200 -2.00000
104120122 -0.90431 0.98600 -2.00000
104120123 -0.90431 0.99000 -2.00000
104120124 -0.90431 0.99400 -2.00000
104120125 -0.90431 0.99800 -2.00000
104120126 -0.90431 1.00200 -2.00000
104120127 -0.90431 1.00600 -2.00000
104120128 -0.90431 1.01000 -2.00000
104120129 -0.90431 1.01400 -2.00000
104120130 -0.90431 1.01800 -2.00000
104120131 -0.90431 1.02200 -2.00000
104120132 -0.90431 1.02600 -2.00000
104120133 -0.90431 1.03000 -2.00000
104120134 -0.90431 1.03400 -2.00000
104120135 -0.90431 1.03800 -2.00000
104120136 -0.90431 1.04200 -2.00000
104120137 -0.90431 1.04600 -2.00000
104120138 -0.90431 1.05000 -2.00000
104120139 -0.90431 1.05400 -2.00000
104120140 -0.90431 1.05800 -2.00000
104120141 -0.90431 1.06200 -2.00000
104120142 -0.90431 1.06600 -2.00000
104120143 -0.90431 1.07000 -2.00000
104120144 -0.90431 1.07400 -2.00000
104120145 -0.90431 1.07800 -2.00000
104120146 -0.90431 1.08200 -2.00000
104120147 -0.90431 1.08600 -2.00000
104120148 -0.90431 1.09000 -2.00000
104120149 -0.90431 1.09400 -2.00000
104120150 -0.90431 1.09800 -2.00000
104120151 -0.89581 0.50200 -2.00000
104120152 -0.89581 0.50600 -2.00000
104120153 -0.89581 0.51000 -2.00000
104120154 -0.89581 0.51400 -2.00000
104120155 -0.89581 0.51800 -2.00000
104120156 -0.89581 0.52200 -2.00000
104120157 -0.89581 0.52600 -2.00000
104120158 -0.89581 0.53000 -2.00000
104120159 -0.89581 0.53400 -2.00000
104120160 -0.89581 0.53800 -2.00000
104120161 -0.89581 0.54200 -2.00000
104120162 -0.89581 0.54600 -2.00000
104120163 -0.89581 0.55000 -2.00000
104120164 -0.89581 0.55400 -2.00000
104120165 -0.89581 0.55800 -2.00000
104120166 -0.89581 0.56200 -2.00000
104120167 -0.89581 0.56600 -2.00000
104120168 -0.89581 0.57000 -2.00000
104120169 -0.89581 0.57400 -2.00000
104120170 -0.89581 0.57800 -2.00000
104120171 -0.89581 0.58200 -2.00000
104120172 -0.89581 0.58600 -2.00000
104120173 -0.89581 0.59000 -2.00000
104120174 -0.89581 0.59400 -2.00000
104120175 -0.89581 0.59800 -2.00000
104120176 -0.89581 0.60200 -2.00000
104120177 -0.89581 0.60600 -2.00000
104120178 -0.89581 0.61000 -2.00000
104120179 -0.89581 0.61400 -2.00000
104120180 -0.89581 0.61800 -2.00000
104120181 -0.89581 0.62200 -2.00000
104120182 -0.89581 0.62600 -2.00000
104120183 -0.89581 0.63000 -2.00000
104120184 -0.89581 0.63400 -2.00000
104120185 -0.89581 0.63800 -2.00000
104120186 -0.89581 0.64200 -2.00000
104120187 -0.89581 0.64600 -2.00000
104120188 -0.89581 0.65000 -2.00000
104120189 -0.89581 0.65400 -2.00000
104120190 -0.89581 0.65800 -2.00000
104120191 -0.89581 0.66200 -2.00000
104120192 -0.89581 0.66600 -2.00000
104120193 -0.89581 0.67000 -2.00000
104120194 -0.89581 0.67400 -2.00000
104120195 -0.89581 0.67800 -2.00000
104120196 -0.89581 0.68200 -2.00000
104120197 -0.89581 0.68600 -2.00000
104120198 -0.89581 0.69000 -2.00000
104120199 -0.89581 0.69400 -2.00000
104120200 -0.89581 0.69800 -2.00000
104120201 -0.89581 0.70200 -2.00000
104120202 -0.89581 0.70600 -2.00000
104120203 -0.89581 0.71000 -2.00000
104120204 -0.89581 0.71400 -2.00000
104120205 -0.89581 0.71800 -2.00000
104120206 -0.89581 0.72200 -2.00000
104120207 -0.89581 0.72600 -2.00000
104120208 -0.89581 0.73000 -2.00000
104120209 -0.89581 0.73400 -2.00000
104120210 -0.89581 0.73800 -2.00000
104120211 -0.89581 0.74200 -2.00000
104120212 -0.89581 0.74600 -2.00000
104120213 -0.89581 0.75000 -2.00000
104120214 -0.89581 0.75400 -2.00000
104120215 -0.89581 0.75800 -2.00000
104120216 -0.89581 0.76200 -2.00000
104120217 -0.89581 0.76600 -2.00000
104120218 -0.89581 0.77000 -2.00000
104120219 -0.89581 0.77400 -2.00000
104120220 -0.89581 0.77800 -2.00000
104120221 -0.89581 0.78200 -2.00000
104120222 -0.89581 0.78600 -2.00000
104120223 -0.89581 0.79000 -2.00000
104120224 -0.89581 0.79400 -2.00000
104120225 -0.89581 0.79800 -2.00000
104120226 -0.89581 0.80200 -2.00000
104120227 -0.89581 0.80600 -2.00000
104120228 -0.89581 0.81000 -2.00000
104120229 -0.89581 0.81400 -2.00000
104120230 -0.89581 0.81800 -2.00000
104120231 -0.89581 0.82200 -2.00000
104120232 -0.89581 0.82600 -2.00000
104120233 -0.89581 0.83000 -2.00000
104120234 -0.89581 0.83400 -2.00000
104120235 -0.89581 0.83800 -2.00000
104120236 -0.89581 0.84200 -2.00000
104120237 -0.89581 0.84600 -2.00000
104120238 -0.89581 0.85000 -2.00000
104120239 -0.89581 0.85400 -2.00000
104120240 -0.89581 0.85800 -2.00000
104120241 -0.89581 0.86200 -2.00000
104120242 -0.89581 0.86600 -2.00000
104120243 -0.89581 0.87000 -2.00000
104120244 -0.89581 0.87400 -2.00000
104120245 -0.89581 0.87800 -2.00000
104120246 -0.89581 0.88200 -2.00000
104120247 -0.89581 0.88600 -2.00000
104120248 -0.89581 0.89000 -2.00000
104120249 -0.89581 0.89400 -2.00000
104120250 -0.89581 0.89800 -2.00000
104120251 -0.89581 0.90200 -2.00000
104120252 -0.89581 0.90600 -2.00000
104120253 -0.89581 0.91000 -2.00000
104120254 -0.89581 0.91400 -2.00000
104120255 -0.89581 0.91800 -2.00000
104120256 -0.89581 0.92200 -2.00000
104120257 -0.89581 0.92600 -2.00000
104120258 -0.89581 0.93000 -2.00000
104120259 -0.89581 0.93400 -2.00000
104120260 -0.89581 0.93800 -2.00000
104120261 -0.89581 0.94200 -2.00000
104120262 -0.89581 0.94600 -2.00000
104120263 -0.89581 0.95000 -2.00000
104120264 -0.89581 0.95400 -2.00000
104120265 -0.89581 0.95800 -2.00000
104120266 -0.89581 0.96200 -2.00000
104120267 -0.89581 0.96600 -2.00000
104120268 -0.89581 0.97000 -2.00000
104120269 -0.89581 0.97400 -2.00000
104120270 -0.89581 0.97800 -2.00000
104120271 -0.89581 0.98200 -2.00000
104120272 -0.89581 0.98600 -2.00000
104120273 -0.89581 0.99000 -2.00000
104120274 -0.89581 0.99400 -2.00000
104120275 -0.89581 0.99800 -2.00000
104120276 -0.89581 1.00200 -2.00000
104120277 -0.89581 1.00600 -2.00000
104120278 -0.89581 1.01000 -2.00000
104120279 -0.89581 1.01400 -2.00000
104120280 -0.89581 1.01800 -2.00000
104120281 -0.89581 1.02200 -2.00000
104120282 -0.89581 1.02600 -2.00000
104120283 -0.89581 1.03000 -2.00000
104120284 -0.89581 1.03400 -2.00000
104120285 -0.89581 1.03800 -2.00000
104120286 -0.89581 1.04200 -2.00000
104120287 -0.89581 1.04600 -2.00000
104120288 -0.89581 1.05000 -2.00000
104120289 -0.89581 1.05400 -2.00000
104120290 -0.89581 1.05800 -2.00000
104120291 -0.89581 1.06200 -2.00000
104120292 -0.89581 1.06600 -2.00000
104120293 -0.89581 1.07000 -2.00000
104120294 -0.89581 1.07400 -2.00000
104120295 -0.89581 1.07800 -2.00000
104120296 -0.89581 1.08200 -2.00000
104120297 -0.89581 1.08600 -2.00000
104120298 -0.89581 1.09000 -2.00000
104120299 -0.89581 1.09400 -2.00000
104120300 -0.89581 1.09800 -2.00000
104120301 -0.88731 0.50200 -2.00000
104120302 -0.88731 0.50600 -2.00000
104120303 -0.88731 0.51000 -2.00000
104120304 -0.88731 0.51400 -2.00000
104120305 -0.88731 0.51800 -2.00000
104120306 -0.88731 0.52200 -2.00000
104120307 -0.88731 0.52600 -2.00000
104120308 -0.88731 0.53000 -2.00000
104120309 -0.88731 0.53400 -2.00000
104120310 -0.88731 0.53800 -2.00000
104120311 -0.88731 0.54200 -2.00000
104120312 -0.88731 0.54600 -2.00000
104120313 -0.88731 0.55000 -2.00000
104120314 -0.88731 0.55400 -2.00000
104120315 -0.88731 0.55800 -2.00000
104120316 -0.88731 0.56200 -2.00000
104120317 -0.88731 0.56600 -2.00000
104120318 -0.88731 0.57000 -2.00000
104120319 -0.88731 0.57400 -2.00000
104120320 -0.88731 0.57800 -2.00000
104120321 -0.88731 0.58200 -2.00000
104120322 -0.88731 0.58600 -2.00000
104120323 -0.88731 0.59000 -2.00000
104120324 -0.88731 0.59400 -2.00000
104120325 -0.88731 0.59800 -2.00000
104120326 -0.88731 0.60200 -2.00000
104120327 -0.88731 0.60600 -2.00000
104120328 -0.88731 0.61000 -2.00000
104120329 -0.88731 0.61400 -2.00000
104120330 -0.88731 0.61800 -2.00000
104120331 -0.88731 0.62200 -2.00000
104120332 -0.88731 0.62600 -2.00000
104120333 -0.88731 0.63000 -2.00000
104120334 -0.88731 0.63400 -2.00000
104120335 -0.88731 0.63800 -2.00000
104120336 -0.88731 0.64200 -2.00000
104120337 -0.88731 0.64600 -2.00000
104120338 -0.88731 0.65000 -2.00000
104120339 -0.88731 0.65400 -2.00000
104120340 -0.88731 0.65800 -2.00000
104120341 -0.88731 0.66200 -2.00000
104120342 -0.88731 0.66600 -2.00000
104120343 -0.88731 0.67000 -2.00000
104120344 -0.88731 0.67400 -2.00000
104120345 -0.88731 0.67800 -2.00000
104120346 -0.88731 0.68200 -2.00000
104120347 -0.88731 0.68600 -2.00000
104120348 -0.88731 0.69000 -2.00000
104120349 -0.88731 0.69400 -2.00000
104120350 -0.88731 0.69800 -2.00000
104120351 -0.88731 0.70200 -2.00000
104120352 -0.88731 0.70600 -2.00000
104120353 -0.88731 0.71000 -2.00000
104120354 -0.88731 0.71400 -2.00000
104120355 -0.88731 0.71800 -2.00000
104120356 -0.88731 0.72200 -2.00000
104120357 -0.88731 0.72600 -2.00000
104120358 -0.88731 0.73000 -2.00000
104120359 -0.88731 0.73400 -2.00000
104120360 -0.88731 0.73800 -2.00000
104120361 -0.88731 0.74200 -2.00000
104120362 -0.88731 0.74600 -2.00000
104120363 -0.88731 0.75000 -2.00000
104120364 -0.88731 0.75400 -2.00000
104120365 -0.88731 0.75800 -2.00000
104120366 -0.88731 0.76200 -2.00000
104120367 -0.88731 0.76600 -2.00000
104120368 -0.88731 0.77000 -2.00000
104120369 -0.88731 0.77400 -2.00000
104120370 -0.88731 0.77800 -2.00000
104120371 -0.88731 0.78200 -2.00000
104120372 -0.88731 0.78600 -2.00000
104120373 -0.88731 0.79000 -2.00000
104120374 -0.88731 0.79400 -2.00000
104120375 -0.88731 0.79800 -2.00000
104120376 -0.88731 0.80200 -2.00000
104120377 -0.88731 0.80600 -2.00000
104120378 -0.88731 0.81000 -2.00000
104120379 -0.88731 0.81400 -2.00000
104120380 -0.88731 0.81800 -2.00000
104120381 -0.88731 0.82200 -2.00000
104120382 -0.88731 0.82600 -2.00000
104120383 -0.88731 0.83000 -2.00000
104120384 -0.88731 0.83400 -2.00000
104120385 -0.88731 0.83800 -2.00000
104120386 -0.88731 0.84200 -2.00000
104120387 -0.88731 0.84600 -2.00000
104120388 -0.88731 0.85000 -2.00000
104120389 -0.88731 0.85400 -2.00000
104120390 -0.88731 0.85800 -2.00000
104120391 -0.88731 0.86200 -2.00000
104120392 -0.88731 0.86600 -2.00000
104120393 -0.88731 0.87000 -2.00000
104120394 -0.88731 0.87400 -2.00000
104120395 -0.88731 0.87800 -2.00000
104120396 -0.88731 0.88200 -2.00000
104120397 -0.88731 0.88600 -2.00000
104120398 -0.88731 0.89000 -2.00000
104120399 -0.88731 0.89400 -2.00000
104120400 -0.88731 0.89800 -2.00000
104120401 -0.88731 0.90200 -2.00000
104120402 -0.88731 0.90600 -2.00000
104120403 -0.88731 0.91000 -2.00000
104120404 -0.88731 0.91400 -2.00000
104120405 -0.88731 0.91800 -2.00000
104120406 -0.88731 0.92200 -2.00000
104120407 -0.88731 0.92600 -2.00000
104120408 -0.88731 0.93000 -2.00000
104120409 -0.88731 0.93400 -2.00000
104120410 -0.88731 0.93800 -2.00000
104120411 -0.88731 0.94200 -2.00000
104120412 -0.88731 0.94600 -2.00000
104120413 -0.88731 0.95000 -2.00000
104120414 -0.88731 0.95400 -2.00000
104120415 -0.88731 0.95800 -2.00000
104120416 -0.88731 0.96200 -2.00000
104120417 -0.88731 0.96600 -2.00000
104120418 -0.88731 0.97000 -2.00000
104120419 -0.88731 0.97400 -2.00000
104120420 -0.88731 0.97800 -2.00000
104120421 -0.88731 0.98200 -2.00000
104120422 -0.88731 0.98600 -2.00000
104120423 -0.88731 0.99000 -2.00000
104120424 -0.88731 0.99400 -2.00000
104120425 -0.88731 0.99800 -2.00000
104120426 -0.88731 1.00200 -2.00000
104120427 -0.88731 1.00600 -2.00000
104120428 -0.88731 1.01000 -2.00000
104120429 -0.88731 1.01400 -2.00000
104120430 -0.88731 1.01800 -2.00000
104120431 -0.88731 1.02200 -2.00000
104120432 -0.88731 1.02600 -2.00000
104120433 -0.88731 1.03000 -2.00000
104120434 -0.88731 1.03400 -2.00000
104120435 -0.88731 1.03800 -2.00000
104120436 -0.88731 1.04200 -2.00000
104120437 -0.88731 1.04600 -2.00000
104120438 -0.88731 1.05000 -2.00000
104120439 -0.88731 1.05400 -2.00000
104120440 -0.88731 1.05800 -2.00000
104120441 -0.88731 1.06200 -2.00000
104120442 -0.88731 1.06600 -2.00000
104120443 -0.88731 1.07000 -2.00000
104120444 -0.88731 1.07400 -2.00000
104120445 -0.88731 1.07800 -2.00000
104120446 -0.88731 1.08200 -2.00000
104120447 -0.88731 1.08600 -2.00000
104120448 -0.88731 1.09000 -2.00000
104120449 -0.88731 1.09400 -2.00000
104120450 -0.88731 1.09800 -2.00000
104120451 -0.87881 0.50200 -2.00000
104120452 -0.87881 0.50600 -2.00000
104120453 -0.87881 0.51000 -2.00000
104120454 -0.87881 0.51400 -2.00000
104120455 -0.87881 0.51800 -2.00000
104120456 -0.87881 0.52200 -2.00000
104120457 -0.87881 0.52600 -2.00000
104120458 -0.87881 0.53000 -2.00000
104120459 -0.87881 0.53400 -2.00000
104120460 -0.87881 0.53800 -2.00000
104120461 -0.87881 0.54200 -2.00000
104120462 -0.87881 0.54600 -2.00000
104120463 -0.87881 0.55000 -2.00000
104120464 -0.87881 0.55400 -2.00000
104120465 -0.87881 0.55800 -2.00000
104120466 -0.87881 0.56200 -2.00000
104120467 -0.87881 0.56600 -2.00000
104120468 -0.87881 0.57000 -2.00000
104120469 -0.87881 0.57400 -2.00000
104120470 -0.87881 0.57800 -2.00000
104120471 -0.87881 0.58200 -2.00000
104120472 -0.87881 0.58600 -2.00000
104120473 -0.87881 0.59000 -2.00000
104120474 -0.87881 0.59400 -2.00000
104120475 -0.87881 0.59800 -2.00000
104120476 -0.87881 0.60200 -2.00000
104120477 -0.87881 0.60600 -2.00000
104120478 -0.87881 0.61000 -2.00000
104120479 -0.87881 0.61400 -2.00000
104120480 -0.87881 0.61800 -2.00000
104120481 -0.87881 0.62200 -2.00000
104120482 -0.87881 0.62600 -2.00000
104120483 -0.87881 0.63000 -2.00000
104120484 -0.87881 0.63400 -2.00000
104120485 -0.87881 0.63800 -2.00000
104120486 -0.87881 0.64200 -2.00000
104120487 -0.87881 0.64600 -2.00000
104120488 -0.87881 0.65000 -2.00000
104120489 -0.87881 0.65400 -2.00000
104120490 -0.87881 0.65800 -2.00000
104120491 -0.87881 0.66200 -2.00000
104120492 -0.87881 0.66600 -2.00000
104120493 -0.87881 0.67000 -2.00000
104120494 -0.87881 0.67400 -2.00000
104120495 -0.87881 0.67800 -2.00000
104120496 -0.87881 0.68200 -2.00000
104120497 -0.87881 0.68600 -2.00000
104120498 -0.87881 0.69000 -2.00000
104120499 -0.87881 0.69400 -2.00000
104120500 -0.87881 0.69800 -2.00000
104120501 -0.87881 0.70200 -2.00000
104120502 -0.87881 0.70600 -2.00000
104120503 -0.87881 0.71000 -2.00000
104120504 -0.87881 0.71400 -2.00000
104120505 -0.87881 0.71800 -2.00000
104120506 -0.87881 0.72200 -2.00000
104120507 -0.87881 0.72600 -2.00000
104120508 -0.87881 0.73000 -2.00000
104120509 -0.87881 0.73400 -2.00000
104120510 -0.87881 0.73800 -2.00000
104120511 -0.87881 0.74200 -2.00000
104120512 -0.87881 0.74600 -2.00000
104120513 -0.87881 0.75000 -2.00000
104120514 -0.87881 0.75400 -2.00000
104120515 -0.87881 0.75800 -2.00000
104120516 -0.87881 0.76200 -2.00000
104120517 -0.87881 0.76600 -2.00000
104120518 -0.87881 0.77000 -2.00000
104120519 -0.87881 0.77400 -2.00000
104120520 -0.87881 0.77800 -2.00000
104120521 -0.87881 0.78200 -2.00000
104120522 -0.87881 0.78600 -2.00000
104120523 -0.87881 0.79000 -2.00000
104120524 -0.87881 0.79400 -2.00000
104120525 -0.87881 0.79800 -2.00000
104120526 -0.87881 0.80200 -2.00000
104120527 -0.87881 0.80600 -2.00000
104120528 -0.87881 0.81000 -2.00000
104120529 -0.87881 0.81400 -2.00000
104120530 -0.87881 0.81800 -2.00000
104120531 -0.87881 0.82200 -2.00000
104120532 -0.87881 0.82600 -2.00000
104120533 -0.87881 0.83000 -2.00000
104120534 -0.87881 0.83400 -2.00000
104120535 -0.87881 0.83800 -2.00000
104120536 -0.87881 0.84200 -2.00000
104120537 -0.87881 0.84600 -2.00000
104120538 -0.87881 0.85000 -2.00000
104120539 -0.87881 0.85400 -2.00000
104120540 -0.87881 0.85800 -2.00000
104120541 -0.87881 0.86200 -2.00000
104120542 -0.87881 0.86600 -2.00000
104120543 -0.87881 0.87000 -2.00000
104120544 -0.87881 0.87400 -2.00000
104120545 -0.87881 0.87800 -2.00000
104120546 -0.87881 0.88200 -2.00000
104120547 -0.87881 0.88600 -2.00000
104120548 -0.87881 0.89000 -2.00000
104120549 -0.87881 0.89400 -2.00000
104120550 -0.87881 0.89800 -2.00000
104120551 -0.87881 0.90200 -2.00000
104120552 -0.87881 0.90600 -2.00000
104120553 -0.87881 0.91000 -2.00000
104120554 -0.87881 0.91400 -2.00000
104120555 -0.87881 0.91800 -2.00000
104120556 -0.87881 0.92200 -2.00000
104120557 -0.87881 0.92600 -2.00000
104120558 -0.87881 0.93000 -2.00000
104120559 -0.87881 0.93400 -2.00000
104120560 -0.87881 0.93800 -2.00000
104120561 -0.87881 0.94200 -2.00000
104120562 -0.87881 0.94600 -2.00000
104120563 -0.87881 0.95000 -2.00000
104120564 -0.87881 0.95400 -2.00000
104120565 -0.87881 0.95800 -2.00000
104120566 -0.87881 0.96200 -2.00000
104120567 -0.87881 0.96600 -2.00000
104120568 -0.87881 0.97000 -2.00000
104120569 -0.87881 0.97400 -2.00000
104120570 -0.87881 0.97800 -2.00000
104120571 -0.87881 0.98200 -2.00000
104120572 -0.87881 0.98600 -2.00000
104120573 -0.87881 0.99000 -2.00000
104120574 -0.87881 0.99400 -2.00000
104120575 -0.87881 0.99800 -2.00000
104120576 -0.87881 1.00200 -2.00000
104120577 -0.87881 1.00600 -2.00000
104120578 -0.87881 1.01000 -2.00000
104120579 -0.87881 1.01400 -2.00000
104120580 -0.87881 1.01800 -2.00000
104120581 -0.87881 1.02200 -2.00000
104120582 -0.87881 1.02600 -2.00000
104120583 -0.87881 1.03000 -2.00000
104120584 -0.87881 1.03400 -2.00000
104120585 -0.87881 1.03800 -2.00000
104120586 -0.87881 1.04200 -2.00000
104120587 -0.87881 1.04600 -2.00000
104120588 -0.87881 1.05000 -2.00000
104120589 -0.87881 1.05400 -2.00000
104120590 -0.87881 1.05800 -2.00000
104120591 -0.87881 1.06200 -2.00000
104120592 -0.87881 1.06600 -2.00000
104120593 -0.87881 1.07000 -2.00000
104120594 -0.87881 1.07400 -2.00000
104120595 -0.87881 1.07800 -2.00000
104120596 -0.87881 1.08200 -2.00000
104120597 -0.87881 1.08600 -2.00000
104120598 -0.87881 1.09000 -2.00000
104120599 -0.87881 1.09400 -2.00000
104120600 -0.87881 1.09800 -2.00000
104120601 -0.87031 0.50200 -2.00000
104120602 -0.87031 0.50600 -2.00000
104120603 -0.87031 0.51000 -2.00000
104120604 -0.87031 0.51400 -2.00000
104120605 -0.87031 0.51800 -2.00000
104120606 -0.87031 0.52200 -2.00000
104120607 -0.87031 0.52600 -2.00000
104120608 -0.87031 0.53000 -2.00000
104120609 -0.87031 0.53400 -2.00000
104120610 -0.87031 0.53800 -2.00000
104120611 -0.87031 0.54200 -2.00000
104120612 -0.87031 0.54600 -2.00000
104120613 -0.87031 0.55000 -2.00000
104120614 -0.87031 0.55400 -2.00000
104120615 -0.87031 0.55800 -2.00000
104120616 -0.87031 0.56200 -2.00000
104120617 -0.87031 0.56600 -2.00000
104120618 -0.87031 0.57000 -2.00000
104120619 -0.87031 0.57400 -2.00000
104120620 -0.87031 0.57800 -2.00000
104120621 -0.87031 0.58200 -2.00000
104120622 -0.87031 0.58600 -2.00000
104120623 -0.87031 0.59000 -2.00000
104120624 -0.87031 0.59400 -2.00000
104120625 -0.87031 0.59800 -2.00000
104120626 -0.87031 0.60200 -2.00000
104120627 -0.87031 0.60600 -2.00000
104120628 -0.87031 0.61000 -2.00000
104120629 -0.87031 0.61400 -2.00000
104120630 -0.87031 0.61800 -2.00000
104120631 -0.87031 0.62200 -2.00000
104120632 -0.87031 0.62600 -2.00000
104120633 -0.87031 0.63000 -2.00000
104120634 -0.87031 0.63400 -2.00000
104120635 -0.87031 0.63800 -2.00000
104120636 -0.87031 0.64200 -2.00000
104120637 -0.87031 0.64600 -2.00000
104120638 -0.87031 0.65000 -2.00000
104120639 -0.87031 0.65400 -2.00000
104120640 -0.87031 0.65800 -2.00000
104120641 -0.87031 0.66200 -2.00000
104120642 -0.87031 0.66600 -2.00000
104120643 -0.87031 0.67000 -2.00000
104120644 -0.87031 0.67400 -2.00000
104120645 -0.87031 0.67800 -2.00000
104120646 -0.87031 0.68200 -2.00000
104120647 -0.87031 0.68600 -2.00000
104120648 -0.87031 0.69000 -2.00000
104120649 -0.87031 0.69400 -2.00000
104120650 -0.87031 0.69800 -2.00000
104120651 -0.87031 0.70200 -2.00000
104120652 -0.87031 0.70600 -2.00000
104120653 -0.87031 0.71000 -2.00000
104120654 -0.87031 0.71400 -2.00000
104120655 -0.87031 0.71800 -2.00000
104120656 -0.87031 0.72200 -2.00000
104120657 -0.87031 0.72600 -2.00000
104120658 -0.87031 0.73000 -2.00000
104120659 -0.87031 0.73400 -2.00000
104120660 -0.87031 0.73800 -2.00000
104120661 -0.87031 0.74200 -2.00000
104120662 -0.87031 0.74600 -2.00000
104120663 -0.87031 0.75000 -2.00000
104120664 -0.87031 0.75400 -2.00000
104120665 -0.87031 0.75800 -2.00000
104120666 -0.87031 0.76200 -2.00000
104120667 -0.87031 0.76600 -2.00000
104120668 -0.87031 0.77000 -2.00000
104120669 -0.87031 0.77400 -2.00000
104120670 -0.87031 0.77800 -2.00000
104120671 -0.87031 0.78200 -2.00000
104120672 -0.87031 0.78600 -2.00000
104120673 -0.87031 0.79000 -2.00000
104120674 -0.87031 0.79400 -2.00000
104120675 -0.87031 0.79800 -2.00000
104120676 -0.87031 0.80200 -2.00000
104120677 -0.87031 0.80600 -2.00000
104120678 -0.87031 0.81000 -2.00000
104120679 -0.87031 0.81400 -2.00000
104120680 -0.87031 0.81800 -2.00000
104120681 -0.87031 0.82200 -2.00000
104120682 -0.87031 0.82600 -2.00000
104120683 -0.87031 0.83000 -2.00000
104120684 -0.87031 0.83400 -2.00000
104120685 -0.87031 0.83800 -2.00000
104120686 -0.87031 0.84200 -2.00000
104120687 -0.87031 0.84600 -2.00000
104120688 -0.87031 0.85000 -2.00000
104120689 -0.87031 0.85400 -2.00000
104120690 -0.87031 0.85800 -2.00000
104120691 -0.87031 0.86200 -2.00000
104120692 -0.87031 0.86600 -2.00000
104120693 -0.87031 0.87000 -2.00000
104120694 -0.87031 0.87400 -2.00000
104120695 -0.87031 0.87800 -2.00000
104120696 -0.87031 0.88200 -2.00000
104120697 -0.87031 0.88600 -2.00000
104120698 -0.87031 0.89000 -2.00000
104120699 -0.87031 0.89400 -2.00000
104120700 -0.87031 0.89800 -2.00000
104120701 -0.87031 0.90200 -2.00000
104120702 -0.87031 0.90600 -2.00000
104120703 -0.87031 0.91000 -2.00000
104120704 -0.87031 0.91400 -2.00000
104120705 -0.87031 0.91800 -2.00000
104120706 -0.87031 0.92200 -2.00000
104120707 -0.87031 0.92600 -2.00000
104120708 -0.87031 0.93000 -2.00000
104120709 -0.87031 0.93400 -2.00000
104120710 -0.87031 0.93800 -2.00000
104120711 -0.87031 0.94200 -2.00000
104120712 -0.87031 0.94600 -2.00000
104120713 -0.87031 0.95000 -2.00000
104120714 -0.87031 0.95400 -2.00000
104120715 -0.87031 0.95800 -2.00000
104120716 -0.87031 0.96200 -2.00000
104120717 -0.87031 0.96600 -2.00000
104120718 -0.87031 0.97000 -2.00000
104120719 -0.87031 0.97400 -2.00000
104120720 -0.87031 0.97800 -2.00000
104120721 -0.87031 0.98200 -2.00000
104120722 -0.87031 0.98600 -2.00000
104120723 -0.87031 0.99000 -2.00000
104120724 -0.87031 0.99400 -2.00000
104120725 -0.87031 0.99800 -2.00000
104120726 -0.87031 1.00200 -2.00000
104120727 -0.87031 1.00600 -2.00000
104120728 -0.87031 1.01000 -2.00000
104120729 -0.87031 1.01400 -2.00000
104120730 -0.87031 1.01800 -2.00000
104120731 -0.87031 1.02200 -2.00000
104120732 -0.87031 1.02600 -2.00000
104120733 -0.87031 1.03000 -2.00000
104120734 -0.87031 1.03400 -2.00000
104120735 -0.87031 1.03800 -2.00000
104120736 -0.87031 1.04200 -2.00000
104120737 -0.87031 1.04600 -2.00000
104120738 -0.87031 1.05000 -2.00000
104120739 -0.87031 1.05400 -2.00000
104120740 -0.87031 1.05800 -2.00000
104120741 -0.87031 1.06200 -2.00000
104120742 -0.87031 1.06600 -2.00000
104120743 -0.87031 1.07000 -2.00000
104120744 -0.87031 1.07400 -2.00000
104120745 -0.87031 1.07800 -2.00000
104120746 -0.87031 1.08200 -2.00000
104120747 -0.87031 1.08600 -2.00000
104120748 -0.87031 1.09000 -2.00000
104120749 -0.87031 1.09400 -2.00000
104120750 -0.87031 1.09800 -2.00000
104120751 -0.86181 0.50200 -2.00000
104120752 -0.86181 0.50600 -2.00000
104120753 -0.86181 0.51000 -2.00000
104120754 -0.86181 0.51400 -2.00000
104120755 -0.86181 0.51800 -2.00000
104120756 -0.86181 0.52200 -2.00000
104120757 -0.86181 0.52600 -2.00000
104120758 -0.86181 0.53000 -2.00000
104120759 -0.86181 0.53400 -2.00000
104120760 -0.86181 0.53800 -2.00000
104120761 -0.86181 0.54200 -2.00000
104120762 -0.86181 0.54600 -2.00000
104120763 -0.86181 0.55000 -2.00000
104120764 -0.86181 0.55400 -2.00000
104120765 -0.86181 0.55800 -2.00000
104120766 -0.86181 0.56200 -2.00000
104120767 -0.86181 0.56600 -2.00000
104120768 -0.86181 0.57000 -2.00000
104120769 -0.86181 0.57400 -2.00000
104120770 -0.86181 0.57800 -2.00000
104120771 -0.86181 0.58200 -2.00000
104120772 -0.86181 0.58600 -2.00000
104120773 -0.86181 0.59000 -2.00000
104120774 -0.86181 0.59400 -2.00000
104120775 -0.86181 0.59800 -2.00000
104120776 -0.86181 0.60200 -2.00000
104120777 -0.86181 0.60600 -2.00000
104120778 -0.86181 0.61000 -2.00000
104120779 -0.86181 0.61400 -2.00000
104120780 -0.86181 0.61800 -2.00000
104120781 -0.86181 0.62200 -2.00000
104120782 -0.86181 0.62600 -2.00000
104120783 -0.86181 0.63000 -2.00000
104120784 -0.86181 0.63400 -2.00000
104120785 -0.86181 0.63800 -2.00000
104120786 -0.86181 0.64200 -2.00000
104120787 -0.86181 0.64600 -2.00000
104120788 -0.86181 0.65000 -2.00000
104120789 -0.86181 0.65400 -2.00000
104120790 -0.86181 0.65800 -2.00000
104120791 -0.86181 0.66200 -2.00000
104120792 -0.86181 0.66600 -2.00000
104120793 -0.86181 0.67000 -2.00000
104120794 -0.86181 0.67400 -2.00000
104120795 -0.86181 0.67800 -2.00000
104120796 -0.86181 0.68200 -2.00000
104120797 -0.86181 0.68600 -2.00000
104120798 -0.86181 0.69000 -2.00000
104120799 -0.86181 0.69400 -2.00000
104120800 -0.86181 0.69800 -2.00000
104120801 -0.86181 0.70200 -2.00000
104120802 -0.86181 0.70600 -2.00000
104120803 -0.86181 0.71000 -2.00000
104120804 -0.86181 0.71400 -2.00000
104120805 -0.86181 0.71800 -2.00000
104120806 -0.86181 0.72200 -2.00000
104120807 -0.86181 0.72600 -2.00000
104120808 -0.86181 0.73000 -2.00000
104120809 -0.86181 0.73400 -2.00000
104120810 -0.86181 0.73800 -2.00000
104120811 -0.86181 0.74200 -2.00000
104120812 -0.86181 0.74600 -2.00000
104120813 -0.86181 0.75000 -2.00000
104120814 -0.86181 0.75400 -2.00000
104120815 -0.86181 0.75800 -2.00000
104120816 -0.86181 0.76200 -2.00000
104120817 -0.86181 0.76600 -2.00000
104120818 -0.86181 0.77000 -2.00000
104120819 -0.86181 0.77400 -2.00000
104120820 -0.86181 0.77800 -2.00000
104120821 -0.86181 0.78200 -2.00000
104120822 -0.86181 0.78600 -2.00000
104120823 -0.86181 0.79000 -2.00000
104120824 -0.86181 0.79400 -2.00000
104120825 -0.86181 0.79800 -2.00000
104120826 -0.86181 0.80200 -2.00000
104120827 -0.86181 0.80600 -2.00000
104120828 -0.86181 0.81000 -2.00000
104120829 -0.86181 0.81400 -2.00000
104120830 -0.86181 0.81800 -2.00000
104120831 -0.86181 0.82200 -2.00000
104120832 -0.86181 0.82600 -2.00000
104120833 -0.86181 0.83000 -2.00000
104120834 -0.86181 0.83400 -2.00000
104120835 -0.86181 0.83800 -2.00000
104120836 -0.86181 0.84200 -2.00000
104120837 -0.86181 0.84600 -2.00000
104120838 -0.86181 0.85000 -2.00000
104120839 -0.86181 0.85400 -2.00000
104120840 -0.86181 0.85800 -2.00000
104120841 -0.86181 0.86200 -2.00000
104120842 -0.86181 0.86600 -2.00000
104120843 -0.86181 0.87000 -2.00000
104120844 -0.86181 0.87400 -2.00000
104120845 -0.86181 0.87800 -2.00000
104120846 -0.86181 0.88200 -2.00000
104120847 -0.86181 0.88600 -2.00000
104120848 -0.86181 0.89000 -2.00000
104120849 -0.86181 0.89400 -2.00000
104120850 -0.86181 0.89800 -2.00000
104120851 -0.86181 0.90200 -2.00000
104120852 -0.86181 0.90600 -2.00000
104120853 -0.86181 0.91000 -2.00000
104120854 -0.86181 0.91400 -2.00000
104120855 -0.86181 0.91800 -2.00000
104120856 -0.86181 0.92200 -2.00000
104120857 -0.86181 0.92600 -2.00000
104120858 -0.86181 0.93000 -2.00000
104120859 -0.86181 0.93400 -2.00000
104120860 -0.86181 0.93800 -2.00000
104120861 -0.86181 0.94200 -2.00000
104120862 -0.86181 0.94600 -2.00000
104120863 -0.86181 0.95000 -2.00000
104120864 -0.86181 0.95400 -2.00000
104120865 -0.86181 0.95800 -2.00000
104120866 -0.86181 0.96200 -2.00000
104120867 -0.86181 0.96600 -2.00000
104120868 -0.86181 0.97000 -2.00000
104120869 -0.86181 0.97400 -2.00000
104120870 -0.86181 0.97800 -2.00000
104120871 -0.86181 0.98200 -2.00000
104120872 -0.86181 0.98600 -2.00000
104120873 -0.86181 0.99000 -2.00000
104120874 -0.86181 0.99400 -2.00000
104120875 -0.86181 0.99800 -2.00000
104120876 -0.86181 1.00200 -2.00000
104120877 -0.86181 1.00600 -2.00000
104120878 -0.86181 1.01000 -2.00000
104120879 -0.86181 1.01400 -2.00000
104120880 -0.86181 1.01800 -2.00000
104120881 -0.86181 1.02200 -2.00000
104120882 -0.86181 1.02600 -2.00000
104120883 -0.86181 1.03000 -2.00000
104120884 -0.86181 1.03400 -2.00000
104120885 -0.86181 1.03800 -2.00000
104120886 -0.86181 1.04200 -2.00000
104120887 -0.86181 1.04600 -2.00000
104120888 -0.86181 1.05000 -2.00000
104120889 -0.86181 1.05400 -2.00000
104120890 -0.86181 1.05800 -2.00000
104120891 -0.86181 1.06200 -2.00000
104120892 -0.86181 1.06600 -2.00000
104120893 -0.86181 1.07000 -2.00000
104120894 -0.86181 1.07400 -2.00000
104120895 -0.86181 1.07800 -2.00000
104120896 -0.86181 1.08200 -2.00000
104120897 -0.86181 1.08600 -2.00000
104120898 -0.86181 1.09000 -2.00000
104120899 -0.86181 1.09400 -2.00000
104120900 -0.86181 1.09800 -2.00000
104120901 -0.85331 0.50200 -2.00000
104120902 -0.85331 0.50600 -2.00000
104120903 -0.85331 0.51000 -2.00000
104120904 -0.85331 0.51400 -2.00000
104120905 -0.85331 0.51800 -2.00000
104120906 -0.85331 0.52200 -2.00000
104120907 -0.85331 0.52600 -2.00000
104120908 -0.85331 0.53000 -2.00000
104120909 -0.85331 0.53400 -2.00000
104120910 -0.85331 0.53800 -2.00000
104120911 -0.85331 0.54200 -2.00000
104120912 -0.85331 0.54600 -2.00000
104120913 -0.85331 0.55000 -2.00000
104120914 -0.85331 0.55400 -2.00000
104120915 -0.85331 0.55800 -2.00000
104120916 -0.85331 0.56200 -2.00000
104120917 -0.85331 0.56600 -2.00000
104120918 -0.85331 0.57000 -2.00000
104120919 -0.85331 0.57400 -2.00000
104120920 -0.85331 0.57800 -2.00000
104120921 -0.85331 0.58200 -2.00000
104120922 -0.85331 0.58600 -2.00000
104120923 -0.85331 0.59000 -2.00000
104120924 -0.85331 0.59400 -2.00000
104120925 -0.85331 0.59800 -2.00000
104120926 -0.85331 0.60200 -2.00000
104120927 -0.85331 0.60600 -2.00000
104120928 -0.85331 0.61000 -2.00000
104120929 -0.85331 0.61400 -2.00000
104120930 -0.85331 0.61800 -2.00000
104120931 -0.85331 0.62200 -2.00000
104120932 -0.85331 0.62600 -2.00000
104120933 -0.85331 0.63000 -2.00000
104120934 -0.85331 0.63400 -2.00000
104120935 -0.85331 0.63800 -2.00000
104120936 -0.85331 0.64200 -2.00000
104120937 -0.85331 0.64600 -2.00000
104120938 -0.85331 0.65000 -2.00000
104120939 -0.85331 0.65400 -2.00000
104120940 -0.85331 0.65800 -2.00000
104120941 -0.85331 0.66200 -2.00000
104120942 -0.85331 0.66600 -2.00000
104120943 -0.85331 0.67000 -2.00000
104120944 -0.85331 0.67400 -2.00000
104120945 -0.85331 0.67800 -2.00000
104120946 -0.85331 0.68200 -2.00000
104120947 -0.85331 0.68600 -2.00000
104120948 -0.85331 0.69000 -2.00000
104120949 -0.85331 0.69400 -2.00000
104120950 -0.85331 0.69800 -2.00000
104120951 -0.85331 0.70200 -2.00000
104120952 -0.85331 0.70600 -2.00000
104120953 -0.85331 0.71000 -2.00000
104120954 -0.85331 0.71400 -2.00000
104120955 -0.85331 0.71800 -2.00000
104120956 -0.85331 0.72200 -2.00000
104120957 -0.85331 0.72600 -2.00000
104120958 -0.85331 0.73000 -2.00000
104120959 -0.85331 0.73400 -2.00000
104120960 -0.85331 0.73800 -2.00000
104120961 -0.85331 0.74200 -2.00000
104120962 -0.85331 0.74600 -2.00000
104120963 -0.85331 0.75000 -2.00000
104120964 -0.85331 0.75400 -2.00000
104120965 -0.85331 0.75800 -2.00000
104120966 -0.85331 0.76200 -2.00000
104120967 -0.85331 0.76600 -2.00000
104120968 -0.85331 0.77000 -2.00000
104120969 -0.85331 0.77400 -2.00000
104120970 -0.85331 0.77800 -2.00000
104120971 -0.85331 0.78200 -2.00000
104120972 -0.85331 0.78600 -2.00000
104120973 -0.85331 0.79000 -2.00000
104120974 -0.85331 0.79400 -2.00000
104120975 -0.85331 0.79800 -2.00000
104120976 -0.85331 0.80200 -2.00000
104120977 -0.85331 0.80600 -2.00000
104120978 -0.85331 0.81000 -2.00000
104120979 -0.85331 0.81400 -2.00000
104120980 -0.85331 0.81800 -2.00000
104120981 -0.85331 0.82200 -2.00000
104120982 -0.85331 0.82600 -2.00000
104120983 -0.85331 0.83000 -2.00000
104120984 -0.85331 0.83400 -2.00000
104120985 -0.85331 0.83800 -2.00000
104120986 -0.85331 0.84200 -2.00000
104120987 -0.85331 0.84600 -2.00000
104120988 -0.85331 0.85000 -2.00000
104120989 -0.85331 0.85400 -2.00000
104120990 -0.85331 0.85800 -2.00000
104120991 -0.85331 0.86200 -2.00000
104120992 -0.85331 0.86600 -2.00000
104120993 -0.85331 0.87000 -2.00000
104120994 -0.85331 0.87400 -2.00000
104120995 -0.85331 0.87800 -2.00000
104120996 -0.85331 0.88200 -2.00000
104120997 -0.85331 0.88600 -2.00000
104120998 -0.85331 0.89000 -2.00000
104120999 -0.85331 0.89400 -2.00000
104121000 -0.85331 0.89800 -2.00000
104121001 -0.85331 0.90200 -2.00000
104121002 -0.85331 0.90600 -2.00000
104121003 -0.85331 0.91000 -2.00000
104121004 -0.85331 0.91400 -2.00000
104121005 -0.85331 0.91800 -2.00000
104121006 -0.85331 0.92200 -2.00000
104121007 -0.85331 0.92600 -2.00000
104121008 -0.85331 0.93000 -2.00000
104121009 -0.85331 0.93400 -2.00000
104121010 -0.85331 0.93800 -2.00000
104121011 -0.85331 0.94200 -2.00000
104121012 -0.85331 0.94600 -2.00000
104121013 -0.85331 0.95000 -2.00000
104121014 -0.85331 0.95400 -2.00000
104121015 -0.85331 0.95800 -2.00000
104121016 -0.85331 0.96200 -2.00000
104121017 -0.85331 0.96600 -2.00000
104121018 -0.85331 0.97000 -2.00000
104121019 -0.85331 0.97400 -2.00000
104121020 -0.85331 0.97800 -2.00000
104121021 -0.85331 0.98200 -2.00000
104121022 -0.85331 0.98600 -2.00000
104121023 -0.85331 0.99000 -2.00000
104121024 -0.85331 0.99400 -2.00000
104121025 -0.85331 0.99800 -2.00000
104121026 -0.85331 1.00200 -2.00000
104121027 -0.85331 1.00600 -2.00000
104121028 -0.85331 1.01000 -2.00000
104121029 -0.85331 1.01400 -2.00000
104121030 -0.85331 1.01800 -2.00000
104121031 -0.85331 1.02200 -2.00000
104121032 -0.85331 1.02600 -2.00000
104121033 -0.85331 1.03000 -2.00000
104121034 -0.85331 1.03400 -2.00000
104121035 -0.85331 1.03800 -2.00000
104121036 -0.85331 1.04200 -2.00000
104121037 -0.85331 1.04600 -2.00000
104121038 -0.85331 1.05000 -2.00000
104121039 -0.85331 1.05400 -2.00000
104121040 -0.85331 1.05800 -2.00000
104121041 -0.85331 1.06200 -2.00000
104121042 -0.85331 1.06600 -2.00000
104121043 -0.85331 1.07000 -2.00000
104121044 -0.85331 1.07400 -2.00000
104121045 -0.85331 1.07800 -2.00000
104121046 -0.85331 1.08200 -2.00000
104121047 -0.85331 1.08600 -2.00000
104121048 -0.85331 1.09000 -2.00000
104121049 -0.85331 1.09400 -2.00000
104121050 -0.85331 1.09800 -2.00000
104121051 -0.84481 0.50200 -2.00000
104121052 -0.84481 0.50600 -2.00000
104121053 -0.84481 0.51000 -2.00000
104121054 -0.84481 0.51400 -2.00000
104121055 -0.84481 0.51800 -2.00000
104121056 -0.84481 0.52200 -2.00000
104121057 -0.84481 0.52600 -2.00000
104121058 -0.84481 0.53000 -2.00000
104121059 -0.84481 0.53400 -2.00000
104121060 -0.84481 0.53800 -2.00000
104121061 -0.84481 0.54200 -2.00000
104121062 -0.84481 0.54600 -2.00000
104121063 -0.84481 0.55000 -2.00000
104121064 -0.84481 0.55400 -2.00000
104121065 -0.84481 0.55800 -2.00000
104121066 -0.84481 0.56200 -2.00000
104121067 -0.84481 0.56600 -2.00000
104121068 -0.84481 0.57000 -2.00000
104121069 -0.84481 0.57400 -2.00000
104121070 -0.84481 0.57800 -2.00000
104121071 -0.84481 0.58200 -2.00000
104121072 -0.84481 0.58600 -2.00000
104121073 -0.84481 0.59000 -2.00000
104121074 -0.84481 0.59400 -2.00000
104121075 -0.84481 0.59800 -2.00000
104121076 -0.84481 0.60200 -2.00000
104121077 -0.84481 0.60600 -2.00000
104121078 -0.84481 0.61000 -2.00000
104121079 -0.84481 0.61400 -2.00000
104121080 -0.84481 0.61800 -2.00000
104121081 -0.84481 0.62200 -2.00000
104121082 -0.84481 0.62600 -2.00000
104121083 -0.84481 0.63000 -2.00000
104121084 -0.84481 0.63400 -2.00000
104121085 -0.84481 0.63800 -2.00000
104121086 -0.84481 0.64200 -2.00000
104121087 -0.84481 0.64600 -2.00000
104121088 -0.84481 0.65000 -2.00000
104121089 -0.84481 0.65400 -2.00000
104121090 -0.84481 0.65800 -2.00000
104121091 -0.84481 0.66200 -2.00000
104121092 -0.84481 0.66600 -2.00000
104121093 -0.84481 0.67000 -2.00000
104121094 -0.84481 0.67400 -2.00000
104121095 -0.84481 0.67800 -2.00000
104121096 -0.84481 0.68200 -2.00000
104121097 -0.84481 0.68600 -2.00000
104121098 -0.84481 0.69000 -2.00000
104121099 -0.84481 0.69400 -2.00000
104121100 -0.84481 0.69800 -2.00000
104121101 -0.84481 0.70200 -2.00000
104121102 -0.84481 0.70600 -2.00000
104121103 -0.84481 0.71000 -2.00000
104121104 -0.84481 0.71400 -2.00000
104121105 -0.84481 0.71800 -2.00000
104121106 -0.84481 0.72200 -2.00000
104121107 -0.84481 0.72600 -2.00000
104121108 -0.84481 0.73000 -2.00000
104121109 -0.84481 0.73400 -2.00000
104121110 -0.84481 0.73800 -2.00000
104121111 -0.84481 0.74200 -2.00000
104121112 -0.84481 0.74600 -2.00000
104121113 -0.84481 0.75000 -2.00000
104121114 -0.84481 0.75400 -2.00000
104121115 -0.84481 0.75800 -2.00000
104121116 -0.84481 0.76200 -2.00000
104121117 -0.84481 0.76600 -2.00000
104121118 -0.84481 0.77000 -2.00000
104121119 -0.84481 0.77400 -2.00000
104121120 -0.84481 0.77800 -2.00000
104121121 -0.84481 0.78200 -2.00000
104121122 -0.84481 0.78600 -2.00000
104121123 -0.84481 0.79000 -2.00000
104121124 -0.84481 0.79400 -2.00000
104121125 -0.84481 0.79800 -2.00000
104121126 -0.84481 0.80200 -2.00000
104121127 -0.84481 0.80600 -2.00000
104121128 -0.84481 0.81000 -2.00000
104121129 -0.84481 0.81400 -2.00000
104121130 -0.84481 0.81800 -2.00000
104121131 -0.84481 0.82200 -2.00000
104121132 -0.84481 0.82600 -2.00000
104121133 -0.84481 0.83000 -2.00000
104121134 -0.84481 0.83400 -2.00000
104121135 -0.84481 0.83800 -2.00000
104121136 -0.84481 0.84200 -2.00000
104121137 -0.84481 0.84600 -2.00000
104121138 -0.84481 0.85000 -2.00000
104121139 -0.84481 0.85400 -2.00000
104121140 -0.84481 0.85800 -2.00000
104121141 -0.84481 0.86200 -2.00000
104121142 -0.84481 0.86600 -2.00000
104121143 -0.84481 0.87000 -2.00000
104121144 -0.84481 0.87400 -2.00000
104121145 -0.84481 0.87800 -2.00000
104121146 -0.84481 0.88200 -2.00000
104121147 -0.84481 0.88600 -2.00000
104121148 -0.84481 0.89000 -2.00000
104121149 -0.84481 0.89400 -2.00000
104121150 -0.84481 0.89800 -2.00000
104121151 -0.84481 0.90200 -2.00000
104121152 -0.84481 0.90600 -2.00000
104121153 -0.84481 0.91000 -2.00000
104121154 -0.84481 0.91400 -2.00000
104121155 -0.84481 0.91800 -2.00000
104121156 -0.84481 0.92200 -2.00000
104121157 -0.84481 0.92600 -2.00000
104121158 -0.84481 0.93000 -2.00000
104121159 -0.84481 0.93400 -2.00000
104121160 -0.84481 0.93800 -2.00000
104121161 -0.84481 0.94200 -2.00000
104121162 -0.84481 0.94600 -2.00000
104121163 -0.84481 0.95000 -2.00000
104121164 -0.84481 0.95400 -2.00000
104121165 -0.84481 0.95800 -2.00000
104121166 -0.84481 0.96200 -2.00000
104121167 -0.84481 0.96600 -2.00000
104121168 -0.84481 0.97000 -2.00000
104121169 -0.84481 0.97400 -2.00000
104121170 -0.84481 0.97800 -2.00000
104121171 -0.84481 0.98200 -2.00000
104121172 -0.84481 0.98600 -2.00000
104121173 -0.84481 0.99000 -2.00000
104121174 -0.84481 0.99400 -2.00000
104121175 -0.84481 0.99800 -2.00000
104121176 -0.84481 1.00200 -2.00000
104121177 -0.84481 1.00600 -2.00000
104121178 -0.84481 1.01000 -2.00000
104121179 -0.84481 1.01400 -2.00000
104121180 -0.84481 1.01800 -2.00000
104121181 -0.84481 1.02200 -2.00000
104121182 -0.84481 1.02600 -2.00000
104121183 -0.84481 1.03000 -2.00000
104121184 -0.84481 1.03400 -2.00000
104121185 -0.84481 1.03800 -2.00000
104121186 -0.84481 1.04200 -2.00000
104121187 -0.84481 1.04600 -2.00000
104121188 -0.84481 1.05000 -2.00000
104121189 -0.84481 1.05400 -2.00000
104121190 -0.84481 1.05800 -2.00000
104121191 -0.84481 1.06200 -2.00000
104121192 -0.84481 1.06600 -2.00000
104121193 -0.84481 1.07000 -2.00000
104121194 -0.84481 1.07400 -2.00000
104121195 -0.84481 1.07800 -2.00000
104121196 -0.84481 1.08200 -2.00000
104121197 -0.84481 1.08600 -2.00000
104121198 -0.84481 1.09000 -2.00000
104121199 -0.84481 1.09400 -2.00000
104121200 -0.84481 1.09800 -2.00000
