# pixelID  x  y  z
101030001 0.70681 0.50200 -2.00000
101030002 0.70681 0.50600 -2.00000
101030003 0.70681 0.51000 -2.00000
101030004 0.70681 0.51400 -2.00000
101030005 0.70681 0.51800 -2.00000
101030006 0.70681 0.52200 -2.00000
101030007 0.70681 0.52600 -2.00000
101030008 0.70681 0.53000 -2.00000
101030009 0.70681 0.53400 -2.00000
101030010 0.70681 0.53800 -2.00000
101030011 0.70681 0.54200 -2.00000
101030012 0.70681 0.54600 -2.00000
101030013 0.70681 0.55000 -2.00000
101030014 0.70681 0.55400 -2.00000
101030015 0.70681 0.55800 -2.00000
101030016 0.70681 0.56200 -2.00000
101030017 0.70681 0.56600 -2.00000
101030018 0.70681 0.57000 -2.00000
101030019 0.70681 0.57400 -2.00000
101030020 0.70681 0.57800 -2.00000
101030021 0.70681 0.58200 -2.00000
101030022 0.70681 0.58600 -2.00000
101030023 0.70681 0.59000 -2.00000
101030024 0.70681 0.59400 -2.00000
101030025 0.70681 0.59800 -2.00000
101030026 0.70681 0.60200 -2.00000
101030027 0.70681 0.60600 -2.00000
101030028 0.70681 0.61000 -2.00000
101030029 0.70681 0.61400 -2.00000
101030030 0.70681 0.61800 -2.00000
101030031 0.70681 0.62200 -2.00000
101030032 0.70681 0.62600 -2.00000
101030033 0.70681 0.63000 -2.00000
101030034 0.70681 0.63400 -2.00000
101030035 0.70681 0.63800 -2.00000
101030036 0.70681 0.64200 -2.00000
101030037 0.70681 0.64600 -2.00000
101030038 0.70681 0.65000 -2.00000
101030039 0.70681 0.65400 -2.00000
101030040 0.70681 0.65800 -2.00000
101030041 0.70681 0.66200 -2.00000
101030042 0.70681 0.66600 -2.00000
101030043 0.70681 0.67000 -2.00000
101030044 0.70681 0.67400 -2.00000
101030045 0.70681 0.67800 -2.00000
101030046 0.70681 0.68200 -2.00000
101030047 0.70681 0.68600 -2.00000
101030048 0.70681 0.69000 -2.00000
101030049 0.70681 0.69400 -2.00000
101030050 0.70681 0.69800 -2.00000
101030051 0.70681 0.70200 -2.00000
101030052 0.70681 0.70600 -2.00000
101030053 0.70681 0.71000 -2.00000
101030054 0.70681 0.71400 -2.00000
101030055 0.70681 0.71800 -2.00000
101030056 0.70681 0.72200 -2.00000
101030057 0.70681 0.72600 -2.00000
101030058 0.70681 0.73000 -2.00000
101030059 0.70681 0.73400 -2.00000
101030060 0.70681 0.73800 -2.00000
101030061 0.70681 0.74200 -2.00000
101030062 0.70681 0.74600 -2.00000
101030063 0.70681 0.75000 -2.00000
101030064 0.70681 0.75400 -2.00000
101030065 0.70681 0.75800 -2.00000
101030066 0.70681 0.76200 -2.00000
101030067 0.70681 0.76600 -2.00000
101030068 0.70681 0.77000 -2.00000
101030069 0.70681 0.77400 -2.00000
101030070 0.70681 0.77800 -2.00000
101030071 0.70681 0.78200 -2.00000
101030072 0.70681 0.78600 -2.00000
101030073 0.70681 0.79000 -2.00000
101030074 0.70681 0.79400 -2.00000
101030075 0.70681 0.79800 -2.00000
101030076 0.70681 0.80200 -2.00000
101030077 0.70681 0.80600 -2.00000
101030078 0.70681 0.81000 -2.00000
101030079 0.70681 0.81400 -2.00000
101030080 0.70681 0.81800 -2.00000
101030081 0.70681 0.82200 -2.00000
101030082 0.70681 0.82600 -2.00000
101030083 0.70681 0.83000 -2.00000
101030084 0.70681 0.83400 -2.00000
101030085 0.70681 0.83800 -2.00000
101030086 0.70681 0.84200 -2.00000
101030087 0.70681 0.84600 -2.00000
101030088 0.70681 0.85000 -2.00000
101030089 0.70681 0.85400 -2.00000
101030090 0.70681 0.85800 -2.00000
101030091 0.70681 0.86200 -2.00000
101030092 0.70681 0.86600 -2.00000
101030093 0.70681 0.87000 -2.00000
101030094 0.70681 0.87400 -2.00000
101030095 0.70681 0.87800 -2.00000
101030096 0.70681 0.88200 -2.00000
101030097 0.70681 0.88600 -2.00000
101030098 0.70681 0.89000 -2.00000
101030099 0.70681 0.89400 -2.00000
101030100 0.70681 0.89800 -2.00000
101030101 0.70681 0.90200 -2.00000
101030102 0.70681 0.90600 -2.00000
101030103 0.70681 0.91000 -2.00000
101030104 0.70681 0.91400 -2.00000
101030105 0.70681 0.91800 -2.00000
101030106 0.70681 0.92200 -2.00000
101030107 0.70681 0.92600 -2.00000
101030108 0.70681 0.93000 -2.00000
101030109 0.70681 0.93400 -2.00000
101030110 0.70681 0.93800 -2.00000
101030111 0.70681 0.94200 -2.00000
101030112 0.70681 0.94600 -2.00000
101030113 0.70681 0.95000 -2.00000
101030114 0.70681 0.95400 -2.00000
101030115 0.70681 0.95800 -2.00000
101030116 0.70681 0.96200 -2.00000
101030117 0.70681 0.96600 -2.00000
101030118 0.70681 0.97000 -2.00000
101030119 0.70681 0.97400 -2.00000
101030120 0.70681 0.97800 -2.00000
101030121 0.70681 0.98200 -2.00000
101030122 0.70681 0.98600 -2.00000
101030123 0.70681 0.99000 -2.00000
101030124 0.70681 0.99400 -2.00000
101030125 0.70681 0.99800 -2.00000
101030126 0.70681 1.00200 -2.00000
101030127 0.70681 1.00600 -2.00000
101030128 0.70681 1.01000 -2.00000
101030129 0.70681 1.01400 -2.00000
101030130 0.70681 1.01800 -2.00000
101030131 0.70681 1.02200 -2.00000
101030132 0.70681 1.02600 -2.00000
101030133 0.70681 1.03000 -2.00000
101030134 0.70681 1.03400 -2.00000
101030135 0.70681 1.03800 -2.00000
101030136 0.70681 1.04200 -2.00000
101030137 0.70681 1.04600 -2.00000
101030138 0.70681 1.05000 -2.00000
101030139 0.70681 1.05400 -2.00000
101030140 0.70681 1.05800 -2.00000
101030141 0.70681 1.06200 -2.00000
101030142 0.70681 1.06600 -2.00000
101030143 0.70681 1.07000 -2.00000
101030144 0.70681 1.07400 -2.00000
101030145 0.70681 1.07800 -2.00000
101030146 0.70681 1.08200 -2.00000
101030147 0.70681 1.08600 -2.00000
101030148 0.70681 1.09000 -2.00000
101030149 0.70681 1.09400 -2.00000
101030150 0.70681 1.09800 -2.00000
101030151 0.71531 0.50200 -2.00000
101030152 0.71531 0.50600 -2.00000
101030153 0.71531 0.51000 -2.00000
101030154 0.71531 0.51400 -2.00000
101030155 0.71531 0.51800 -2.00000
101030156 0.71531 0.52200 -2.00000
101030157 0.71531 0.52600 -2.00000
101030158 0.71531 0.53000 -2.00000
101030159 0.71531 0.53400 -2.00000
101030160 0.71531 0.53800 -2.00000
101030161 0.71531 0.54200 -2.00000
101030162 0.71531 0.54600 -2.00000
101030163 0.71531 0.55000 -2.00000
101030164 0.71531 0.55400 -2.00000
101030165 0.71531 0.55800 -2.00000
101030166 0.71531 0.56200 -2.00000
101030167 0.71531 0.56600 -2.00000
101030168 0.71531 0.57000 -2.00000
101030169 0.71531 0.57400 -2.00000
101030170 0.71531 0.57800 -2.00000
101030171 0.71531 0.58200 -2.00000
101030172 0.71531 0.58600 -2.00000
101030173 0.71531 0.59000 -2.00000
101030174 0.71531 0.59400 -2.00000
101030175 0.71531 0.59800 -2.00000
101030176 0.71531 0.60200 -2.00000
101030177 0.71531 0.60600 -2.00000
101030178 0.71531 0.61000 -2.00000
101030179 0.71531 0.61400 -2.00000
101030180 0.71531 0.61800 -2.00000
101030181 0.71531 0.62200 -2.00000
101030182 0.71531 0.62600 -2.00000
101030183 0.71531 0.63000 -2.00000
101030184 0.71531 0.63400 -2.00000
101030185 0.71531 0.63800 -2.00000
101030186 0.71531 0.64200 -2.00000
101030187 0.71531 0.64600 -2.00000
101030188 0.71531 0.65000 -2.00000
101030189 0.71531 0.65400 -2.00000
101030190 0.71531 0.65800 -2.00000
101030191 0.71531 0.66200 -2.00000
101030192 0.71531 0.66600 -2.00000
101030193 0.71531 0.67000 -2.00000
101030194 0.71531 0.67400 -2.00000
101030195 0.71531 0.67800 -2.00000
101030196 0.71531 0.68200 -2.00000
101030197 0.71531 0.68600 -2.00000
101030198 0.71531 0.69000 -2.00000
101030199 0.71531 0.69400 -2.00000
101030200 0.71531 0.69800 -2.00000
101030201 0.71531 0.70200 -2.00000
101030202 0.71531 0.70600 -2.00000
101030203 0.71531 0.71000 -2.00000
101030204 0.71531 0.71400 -2.00000
101030205 0.71531 0.71800 -2.00000
101030206 0.71531 0.72200 -2.00000
101030207 0.71531 0.72600 -2.00000
101030208 0.71531 0.73000 -2.00000
101030209 0.71531 0.73400 -2.00000
101030210 0.71531 0.73800 -2.00000
101030211 0.71531 0.74200 -2.00000
101030212 0.71531 0.74600 -2.00000
101030213 0.71531 0.75000 -2.00000
101030214 0.71531 0.75400 -2.00000
101030215 0.71531 0.75800 -2.00000
101030216 0.71531 0.76200 -2.00000
101030217 0.71531 0.76600 -2.00000
101030218 0.71531 0.77000 -2.00000
101030219 0.71531 0.77400 -2.00000
101030220 0.71531 0.77800 -2.00000
101030221 0.71531 0.78200 -2.00000
101030222 0.71531 0.78600 -2.00000
101030223 0.71531 0.79000 -2.00000
101030224 0.71531 0.79400 -2.00000
101030225 0.71531 0.79800 -2.00000
101030226 0.71531 0.80200 -2.00000
101030227 0.71531 0.80600 -2.00000
101030228 0.71531 0.81000 -2.00000
101030229 0.71531 0.81400 -2.00000
101030230 0.71531 0.81800 -2.00000
101030231 0.71531 0.82200 -2.00000
101030232 0.71531 0.82600 -2.00000
101030233 0.71531 0.83000 -2.00000
101030234 0.71531 0.83400 -2.00000
101030235 0.71531 0.83800 -2.00000
101030236 0.71531 0.84200 -2.00000
101030237 0.71531 0.84600 -2.00000
101030238 0.71531 0.85000 -2.00000
101030239 0.71531 0.85400 -2.00000
101030240 0.71531 0.85800 -2.00000
101030241 0.71531 0.86200 -2.00000
101030242 0.71531 0.86600 -2.00000
101030243 0.71531 0.87000 -2.00000
101030244 0.71531 0.87400 -2.00000
101030245 0.71531 0.87800 -2.00000
101030246 0.71531 0.88200 -2.00000
101030247 0.71531 0.88600 -2.00000
101030248 0.71531 0.89000 -2.00000
101030249 0.71531 0.89400 -2.00000
101030250 0.71531 0.89800 -2.00000
101030251 0.71531 0.90200 -2.00000
101030252 0.71531 0.90600 -2.00000
101030253 0.71531 0.91000 -2.00000
101030254 0.71531 0.91400 -2.00000
101030255 0.71531 0.91800 -2.00000
101030256 0.71531 0.92200 -2.00000
101030257 0.71531 0.92600 -2.00000
101030258 0.71531 0.93000 -2.00000
101030259 0.71531 0.93400 -2.00000
101030260 0.71531 0.93800 -2.00000
101030261 0.71531 0.94200 -2.00000
101030262 0.71531 0.94600 -2.00000
101030263 0.71531 0.95000 -2.00000
101030264 0.71531 0.95400 -2.00000
101030265 0.71531 0.95800 -2.00000
101030266 0.71531 0.96200 -2.00000
101030267 0.71531 0.96600 -2.00000
101030268 0.71531 0.97000 -2.00000
101030269 0.71531 0.97400 -2.00000
101030270 0.71531 0.97800 -2.00000
101030271 0.71531 0.98200 -2.00000
101030272 0.71531 0.98600 -2.00000
101030273 0.71531 0.99000 -2.00000
101030274 0.71531 0.99400 -2.00000
101030275 0.71531 0.99800 -2.00000
101030276 0.71531 1.00200 -2.00000
101030277 0.71531 1.00600 -2.00000
101030278 0.71531 1.01000 -2.00000
101030279 0.71531 1.01400 -2.00000
101030280 0.71531 1.01800 -2.00000
101030281 0.71531 1.02200 -2.00000
101030282 0.71531 1.02600 -2.00000
101030283 0.71531 1.03000 -2.00000
101030284 0.71531 1.03400 -2.00000
101030285 0.71531 1.03800 -2.00000
101030286 0.71531 1.04200 -2.00000
101030287 0.71531 1.04600 -2.00000
101030288 0.71531 1.05000 -2.00000
101030289 0.71531 1.05400 -2.00000
101030290 0.71531 1.05800 -2.00000
101030291 0.71531 1.06200 -2.00000
101030292 0.71531 1.06600 -2.00000
101030293 0.71531 1.07000 -2.00000
101030294 0.71531 1.07400 -2.00000
101030295 0.71531 1.07800 -2.00000
101030296 0.71531 1.08200 -2.00000
101030297 0.71531 1.08600 -2.00000
101030298 0.71531 1.09000 -2.00000
101030299 0.71531 1.09400 -2.00000
101030300 0.71531 1.09800 -2.00000
101030301 0.72381 0.50200 -2.00000
101030302 0.72381 0.50600 -2.00000
101030303 0.72381 0.51000 -2.00000
101030304 0.72381 0.51400 -2.00000
101030305 0.72381 0.51800 -2.00000
101030306 0.72381 0.52200 -2.00000
101030307 0.72381 0.52600 -2.00000
101030308 0.72381 0.53000 -2.00000
101030309 0.72381 0.53400 -2.00000
101030310 0.72381 0.53800 -2.00000
101030311 0.72381 0.54200 -2.00000
101030312 0.72381 0.54600 -2.00000
101030313 0.72381 0.55000 -2.00000
101030314 0.72381 0.55400 -2.00000
101030315 0.72381 0.55800 -2.00000
101030316 0.72381 0.56200 -2.00000
101030317 0.72381 0.56600 -2.00000
101030318 0.72381 0.57000 -2.00000
101030319 0.72381 0.57400 -2.00000
101030320 0.72381 0.57800 -2.00000
101030321 0.72381 0.58200 -2.00000
101030322 0.72381 0.58600 -2.00000
101030323 0.72381 0.59000 -2.00000
101030324 0.72381 0.59400 -2.00000
101030325 0.72381 0.59800 -2.00000
101030326 0.72381 0.60200 -2.00000
101030327 0.72381 0.60600 -2.00000
101030328 0.72381 0.61000 -2.00000
101030329 0.72381 0.61400 -2.00000
101030330 0.72381 0.61800 -2.00000
101030331 0.72381 0.62200 -2.00000
101030332 0.72381 0.62600 -2.00000
101030333 0.72381 0.63000 -2.00000
101030334 0.72381 0.63400 -2.00000
101030335 0.72381 0.63800 -2.00000
101030336 0.72381 0.64200 -2.00000
101030337 0.72381 0.64600 -2.00000
101030338 0.72381 0.65000 -2.00000
101030339 0.72381 0.65400 -2.00000
101030340 0.72381 0.65800 -2.00000
101030341 0.72381 0.66200 -2.00000
101030342 0.72381 0.66600 -2.00000
101030343 0.72381 0.67000 -2.00000
101030344 0.72381 0.67400 -2.00000
101030345 0.72381 0.67800 -2.00000
101030346 0.72381 0.68200 -2.00000
101030347 0.72381 0.68600 -2.00000
101030348 0.72381 0.69000 -2.00000
101030349 0.72381 0.69400 -2.00000
101030350 0.72381 0.69800 -2.00000
101030351 0.72381 0.70200 -2.00000
101030352 0.72381 0.70600 -2.00000
101030353 0.72381 0.71000 -2.00000
101030354 0.72381 0.71400 -2.00000
101030355 0.72381 0.71800 -2.00000
101030356 0.72381 0.72200 -2.00000
101030357 0.72381 0.72600 -2.00000
101030358 0.72381 0.73000 -2.00000
101030359 0.72381 0.73400 -2.00000
101030360 0.72381 0.73800 -2.00000
101030361 0.72381 0.74200 -2.00000
101030362 0.72381 0.74600 -2.00000
101030363 0.72381 0.75000 -2.00000
101030364 0.72381 0.75400 -2.00000
101030365 0.72381 0.75800 -2.00000
101030366 0.72381 0.76200 -2.00000
101030367 0.72381 0.76600 -2.00000
101030368 0.72381 0.77000 -2.00000
101030369 0.72381 0.77400 -2.00000
101030370 0.72381 0.77800 -2.00000
101030371 0.72381 0.78200 -2.00000
101030372 0.72381 0.78600 -2.00000
101030373 0.72381 0.79000 -2.00000
101030374 0.72381 0.79400 -2.00000
101030375 0.72381 0.79800 -2.00000
101030376 0.72381 0.80200 -2.00000
101030377 0.72381 0.80600 -2.00000
101030378 0.72381 0.81000 -2.00000
101030379 0.72381 0.81400 -2.00000
101030380 0.72381 0.81800 -2.00000
101030381 0.72381 0.82200 -2.00000
101030382 0.72381 0.82600 -2.00000
101030383 0.72381 0.83000 -2.00000
101030384 0.72381 0.83400 -2.00000
101030385 0.72381 0.83800 -2.00000
101030386 0.72381 0.84200 -2.00000
101030387 0.72381 0.84600 -2.00000
101030388 0.72381 0.85000 -2.00000
101030389 0.72381 0.85400 -2.00000
101030390 0.72381 0.85800 -2.00000
101030391 0.72381 0.86200 -2.00000
101030392 0.72381 0.86600 -2.00000
101030393 0.72381 0.87000 -2.00000
101030394 0.72381 0.87400 -2.00000
101030395 0.72381 0.87800 -2.00000
101030396 0.72381 0.88200 -2.00000
101030397 0.72381 0.88600 -2.00000
101030398 0.72381 0.89000 -2.00000
101030399 0.72381 0.89400 -2.00000
101030400 0.72381 0.89800 -2.00000
101030401 0.72381 0.90200 -2.00000
101030402 0.72381 0.90600 -2.00000
101030403 0.72381 0.91000 -2.00000
101030404 0.72381 0.91400 -2.00000
101030405 0.72381 0.91800 -2.00000
101030406 0.72381 0.92200 -2.00000
101030407 0.72381 0.92600 -2.00000
101030408 0.72381 0.93000 -2.00000
101030409 0.72381 0.93400 -2.00000
101030410 0.72381 0.93800 -2.00000
101030411 0.72381 0.94200 -2.00000
101030412 0.72381 0.94600 -2.00000
101030413 0.72381 0.95000 -2.00000
101030414 0.72381 0.95400 -2.00000
101030415 0.72381 0.95800 -2.00000
101030416 0.72381 0.96200 -2.00000
101030417 0.72381 0.96600 -2.00000
101030418 0.72381 0.97000 -2.00000
101030419 0.72381 0.97400 -2.00000
101030420 0.72381 0.97800 -2.00000
101030421 0.72381 0.98200 -2.00000
101030422 0.72381 0.98600 -2.00000
101030423 0.72381 0.99000 -2.00000
101030424 0.72381 0.99400 -2.00000
101030425 0.72381 0.99800 -2.00000
101030426 0.72381 1.00200 -2.00000
101030427 0.72381 1.00600 -2.00000
101030428 0.72381 1.01000 -2.00000
101030429 0.72381 1.01400 -2.00000
101030430 0.72381 1.01800 -2.00000
101030431 0.72381 1.02200 -2.00000
101030432 0.72381 1.02600 -2.00000
101030433 0.72381 1.03000 -2.00000
101030434 0.72381 1.03400 -2.00000
101030435 0.72381 1.03800 -2.00000
101030436 0.72381 1.04200 -2.00000
101030437 0.72381 1.04600 -2.00000
101030438 0.72381 1.05000 -2.00000
101030439 0.72381 1.05400 -2.00000
101030440 0.72381 1.05800 -2.00000
101030441 0.72381 1.06200 -2.00000
101030442 0.72381 1.06600 -2.00000
101030443 0.72381 1.07000 -2.00000
101030444 0.72381 1.07400 -2.00000
101030445 0.72381 1.07800 -2.00000
101030446 0.72381 1.08200 -2.00000
101030447 0.72381 1.08600 -2.00000
101030448 0.72381 1.09000 -2.00000
101030449 0.72381 1.09400 -2.00000
101030450 0.72381 1.09800 -2.00000
101030451 0.73231 0.50200 -2.00000
101030452 0.73231 0.50600 -2.00000
101030453 0.73231 0.51000 -2.00000
101030454 0.73231 0.51400 -2.00000
101030455 0.73231 0.51800 -2.00000
101030456 0.73231 0.52200 -2.00000
101030457 0.73231 0.52600 -2.00000
101030458 0.73231 0.53000 -2.00000
101030459 0.73231 0.53400 -2.00000
101030460 0.73231 0.53800 -2.00000
101030461 0.73231 0.54200 -2.00000
101030462 0.73231 0.54600 -2.00000
101030463 0.73231 0.55000 -2.00000
101030464 0.73231 0.55400 -2.00000
101030465 0.73231 0.55800 -2.00000
101030466 0.73231 0.56200 -2.00000
101030467 0.73231 0.56600 -2.00000
101030468 0.73231 0.57000 -2.00000
101030469 0.73231 0.57400 -2.00000
101030470 0.73231 0.57800 -2.00000
101030471 0.73231 0.58200 -2.00000
101030472 0.73231 0.58600 -2.00000
101030473 0.73231 0.59000 -2.00000
101030474 0.73231 0.59400 -2.00000
101030475 0.73231 0.59800 -2.00000
101030476 0.73231 0.60200 -2.00000
101030477 0.73231 0.60600 -2.00000
101030478 0.73231 0.61000 -2.00000
101030479 0.73231 0.61400 -2.00000
101030480 0.73231 0.61800 -2.00000
101030481 0.73231 0.62200 -2.00000
101030482 0.73231 0.62600 -2.00000
101030483 0.73231 0.63000 -2.00000
101030484 0.73231 0.63400 -2.00000
101030485 0.73231 0.63800 -2.00000
101030486 0.73231 0.64200 -2.00000
101030487 0.73231 0.64600 -2.00000
101030488 0.73231 0.65000 -2.00000
101030489 0.73231 0.65400 -2.00000
101030490 0.73231 0.65800 -2.00000
101030491 0.73231 0.66200 -2.00000
101030492 0.73231 0.66600 -2.00000
101030493 0.73231 0.67000 -2.00000
101030494 0.73231 0.67400 -2.00000
101030495 0.73231 0.67800 -2.00000
101030496 0.73231 0.68200 -2.00000
101030497 0.73231 0.68600 -2.00000
101030498 0.73231 0.69000 -2.00000
101030499 0.73231 0.69400 -2.00000
101030500 0.73231 0.69800 -2.00000
101030501 0.73231 0.70200 -2.00000
101030502 0.73231 0.70600 -2.00000
101030503 0.73231 0.71000 -2.00000
101030504 0.73231 0.71400 -2.00000
101030505 0.73231 0.71800 -2.00000
101030506 0.73231 0.72200 -2.00000
101030507 0.73231 0.72600 -2.00000
101030508 0.73231 0.73000 -2.00000
101030509 0.73231 0.73400 -2.00000
101030510 0.73231 0.73800 -2.00000
101030511 0.73231 0.74200 -2.00000
101030512 0.73231 0.74600 -2.00000
101030513 0.73231 0.75000 -2.00000
101030514 0.73231 0.75400 -2.00000
101030515 0.73231 0.75800 -2.00000
101030516 0.73231 0.76200 -2.00000
101030517 0.73231 0.76600 -2.00000
101030518 0.73231 0.77000 -2.00000
101030519 0.73231 0.77400 -2.00000
101030520 0.73231 0.77800 -2.00000
101030521 0.73231 0.78200 -2.00000
101030522 0.73231 0.78600 -2.00000
101030523 0.73231 0.79000 -2.00000
101030524 0.73231 0.79400 -2.00000
101030525 0.73231 0.79800 -2.00000
101030526 0.73231 0.80200 -2.00000
101030527 0.73231 0.80600 -2.00000
101030528 0.73231 0.81000 -2.00000
101030529 0.73231 0.81400 -2.00000
101030530 0.73231 0.81800 -2.00000
101030531 0.73231 0.82200 -2.00000
101030532 0.73231 0.82600 -2.00000
101030533 0.73231 0.83000 -2.00000
101030534 0.73231 0.83400 -2.00000
101030535 0.73231 0.83800 -2.00000
101030536 0.73231 0.84200 -2.00000
101030537 0.73231 0.84600 -2.00000
101030538 0.73231 0.85000 -2.00000
101030539 0.73231 0.85400 -2.00000
101030540 0.73231 0.85800 -2.00000
101030541 0.73231 0.86200 -2.00000
101030542 0.73231 0.86600 -2.00000
101030543 0.73231 0.87000 -2.00000
101030544 0.73231 0.87400 -2.00000
101030545 0.73231 0.87800 -2.00000
101030546 0.73231 0.88200 -2.00000
101030547 0.73231 0.88600 -2.00000
101030548 0.73231 0.89000 -2.00000
101030549 0.73231 0.89400 -2.00000
101030550 0.73231 0.89800 -2.00000
101030551 0.73231 0.90200 -2.00000
101030552 0.73231 0.90600 -2.00000
101030553 0.73231 0.91000 -2.00000
101030554 0.73231 0.91400 -2.00000
101030555 0.73231 0.91800 -2.00000
101030556 0.73231 0.92200 -2.00000
101030557 0.73231 0.92600 -2.00000
101030558 0.73231 0.93000 -2.00000
101030559 0.73231 0.93400 -2.00000
101030560 0.73231 0.93800 -2.00000
101030561 0.73231 0.94200 -2.00000
101030562 0.73231 0.94600 -2.00000
101030563 0.73231 0.95000 -2.00000
101030564 0.73231 0.95400 -2.00000
101030565 0.73231 0.95800 -2.00000
101030566 0.73231 0.96200 -2.00000
101030567 0.73231 0.96600 -2.00000
101030568 0.73231 0.97000 -2.00000
101030569 0.73231 0.97400 -2.00000
101030570 0.73231 0.97800 -2.00000
101030571 0.73231 0.98200 -2.00000
101030572 0.73231 0.98600 -2.00000
101030573 0.73231 0.99000 -2.00000
101030574 0.73231 0.99400 -2.00000
101030575 0.73231 0.99800 -2.00000
101030576 0.73231 1.00200 -2.00000
101030577 0.73231 1.00600 -2.00000
101030578 0.73231 1.01000 -2.00000
101030579 0.73231 1.01400 -2.00000
101030580 0.73231 1.01800 -2.00000
101030581 0.73231 1.02200 -2.00000
101030582 0.73231 1.02600 -2.00000
101030583 0.73231 1.03000 -2.00000
101030584 0.73231 1.03400 -2.00000
101030585 0.73231 1.03800 -2.00000
101030586 0.73231 1.04200 -2.00000
101030587 0.73231 1.04600 -2.00000
101030588 0.73231 1.05000 -2.00000
101030589 0.73231 1.05400 -2.00000
101030590 0.73231 1.05800 -2.00000
101030591 0.73231 1.06200 -2.00000
101030592 0.73231 1.06600 -2.00000
101030593 0.73231 1.07000 -2.00000
101030594 0.73231 1.07400 -2.00000
101030595 0.73231 1.07800 -2.00000
101030596 0.73231 1.08200 -2.00000
101030597 0.73231 1.08600 -2.00000
101030598 0.73231 1.09000 -2.00000
101030599 0.73231 1.09400 -2.00000
101030600 0.73231 1.09800 -2.00000
101030601 0.74081 0.50200 -2.00000
101030602 0.74081 0.50600 -2.00000
101030603 0.74081 0.51000 -2.00000
101030604 0.74081 0.51400 -2.00000
101030605 0.74081 0.51800 -2.00000
101030606 0.74081 0.52200 -2.00000
101030607 0.74081 0.52600 -2.00000
101030608 0.74081 0.53000 -2.00000
101030609 0.74081 0.53400 -2.00000
101030610 0.74081 0.53800 -2.00000
101030611 0.74081 0.54200 -2.00000
101030612 0.74081 0.54600 -2.00000
101030613 0.74081 0.55000 -2.00000
101030614 0.74081 0.55400 -2.00000
101030615 0.74081 0.55800 -2.00000
101030616 0.74081 0.56200 -2.00000
101030617 0.74081 0.56600 -2.00000
101030618 0.74081 0.57000 -2.00000
101030619 0.74081 0.57400 -2.00000
101030620 0.74081 0.57800 -2.00000
101030621 0.74081 0.58200 -2.00000
101030622 0.74081 0.58600 -2.00000
101030623 0.74081 0.59000 -2.00000
101030624 0.74081 0.59400 -2.00000
101030625 0.74081 0.59800 -2.00000
101030626 0.74081 0.60200 -2.00000
101030627 0.74081 0.60600 -2.00000
101030628 0.74081 0.61000 -2.00000
101030629 0.74081 0.61400 -2.00000
101030630 0.74081 0.61800 -2.00000
101030631 0.74081 0.62200 -2.00000
101030632 0.74081 0.62600 -2.00000
101030633 0.74081 0.63000 -2.00000
101030634 0.74081 0.63400 -2.00000
101030635 0.74081 0.63800 -2.00000
101030636 0.74081 0.64200 -2.00000
101030637 0.74081 0.64600 -2.00000
101030638 0.74081 0.65000 -2.00000
101030639 0.74081 0.65400 -2.00000
101030640 0.74081 0.65800 -2.00000
101030641 0.74081 0.66200 -2.00000
101030642 0.74081 0.66600 -2.00000
101030643 0.74081 0.67000 -2.00000
101030644 0.74081 0.67400 -2.00000
101030645 0.74081 0.67800 -2.00000
101030646 0.74081 0.68200 -2.00000
101030647 0.74081 0.68600 -2.00000
101030648 0.74081 0.69000 -2.00000
101030649 0.74081 0.69400 -2.00000
101030650 0.74081 0.69800 -2.00000
101030651 0.74081 0.70200 -2.00000
101030652 0.74081 0.70600 -2.00000
101030653 0.74081 0.71000 -2.00000
101030654 0.74081 0.71400 -2.00000
101030655 0.74081 0.71800 -2.00000
101030656 0.74081 0.72200 -2.00000
101030657 0.74081 0.72600 -2.00000
101030658 0.74081 0.73000 -2.00000
101030659 0.74081 0.73400 -2.00000
101030660 0.74081 0.73800 -2.00000
101030661 0.74081 0.74200 -2.00000
101030662 0.74081 0.74600 -2.00000
101030663 0.74081 0.75000 -2.00000
101030664 0.74081 0.75400 -2.00000
101030665 0.74081 0.75800 -2.00000
101030666 0.74081 0.76200 -2.00000
101030667 0.74081 0.76600 -2.00000
101030668 0.74081 0.77000 -2.00000
101030669 0.74081 0.77400 -2.00000
101030670 0.74081 0.77800 -2.00000
101030671 0.74081 0.78200 -2.00000
101030672 0.74081 0.78600 -2.00000
101030673 0.74081 0.79000 -2.00000
101030674 0.74081 0.79400 -2.00000
101030675 0.74081 0.79800 -2.00000
101030676 0.74081 0.80200 -2.00000
101030677 0.74081 0.80600 -2.00000
101030678 0.74081 0.81000 -2.00000
101030679 0.74081 0.81400 -2.00000
101030680 0.74081 0.81800 -2.00000
101030681 0.74081 0.82200 -2.00000
101030682 0.74081 0.82600 -2.00000
101030683 0.74081 0.83000 -2.00000
101030684 0.74081 0.83400 -2.00000
101030685 0.74081 0.83800 -2.00000
101030686 0.74081 0.84200 -2.00000
101030687 0.74081 0.84600 -2.00000
101030688 0.74081 0.85000 -2.00000
101030689 0.74081 0.85400 -2.00000
101030690 0.74081 0.85800 -2.00000
101030691 0.74081 0.86200 -2.00000
101030692 0.74081 0.86600 -2.00000
101030693 0.74081 0.87000 -2.00000
101030694 0.74081 0.87400 -2.00000
101030695 0.74081 0.87800 -2.00000
101030696 0.74081 0.88200 -2.00000
101030697 0.74081 0.88600 -2.00000
101030698 0.74081 0.89000 -2.00000
101030699 0.74081 0.89400 -2.00000
101030700 0.74081 0.89800 -2.00000
101030701 0.74081 0.90200 -2.00000
101030702 0.74081 0.90600 -2.00000
101030703 0.74081 0.91000 -2.00000
101030704 0.74081 0.91400 -2.00000
101030705 0.74081 0.91800 -2.00000
101030706 0.74081 0.92200 -2.00000
101030707 0.74081 0.92600 -2.00000
101030708 0.74081 0.93000 -2.00000
101030709 0.74081 0.93400 -2.00000
101030710 0.74081 0.93800 -2.00000
101030711 0.74081 0.94200 -2.00000
101030712 0.74081 0.94600 -2.00000
101030713 0.74081 0.95000 -2.00000
101030714 0.74081 0.95400 -2.00000
101030715 0.74081 0.95800 -2.00000
101030716 0.74081 0.96200 -2.00000
101030717 0.74081 0.96600 -2.00000
101030718 0.74081 0.97000 -2.00000
101030719 0.74081 0.97400 -2.00000
101030720 0.74081 0.97800 -2.00000
101030721 0.74081 0.98200 -2.00000
101030722 0.74081 0.98600 -2.00000
101030723 0.74081 0.99000 -2.00000
101030724 0.74081 0.99400 -2.00000
101030725 0.74081 0.99800 -2.00000
101030726 0.74081 1.00200 -2.00000
101030727 0.74081 1.00600 -2.00000
101030728 0.74081 1.01000 -2.00000
101030729 0.74081 1.01400 -2.00000
101030730 0.74081 1.01800 -2.00000
101030731 0.74081 1.02200 -2.00000
101030732 0.74081 1.02600 -2.00000
101030733 0.74081 1.03000 -2.00000
101030734 0.74081 1.03400 -2.00000
101030735 0.74081 1.03800 -2.00000
101030736 0.74081 1.04200 -2.00000
101030737 0.74081 1.04600 -2.00000
101030738 0.74081 1.05000 -2.00000
101030739 0.74081 1.05400 -2.00000
101030740 0.74081 1.05800 -2.00000
101030741 0.74081 1.06200 -2.00000
101030742 0.74081 1.06600 -2.00000
101030743 0.74081 1.07000 -2.00000
101030744 0.74081 1.07400 -2.00000
101030745 0.74081 1.07800 -2.00000
101030746 0.74081 1.08200 -2.00000
101030747 0.74081 1.08600 -2.00000
101030748 0.74081 1.09000 -2.00000
101030749 0.74081 1.09400 -2.00000
101030750 0.74081 1.09800 -2.00000
101030751 0.74931 0.50200 -2.00000
101030752 0.74931 0.50600 -2.00000
101030753 0.74931 0.51000 -2.00000
101030754 0.74931 0.51400 -2.00000
101030755 0.74931 0.51800 -2.00000
101030756 0.74931 0.52200 -2.00000
101030757 0.74931 0.52600 -2.00000
101030758 0.74931 0.53000 -2.00000
101030759 0.74931 0.53400 -2.00000
101030760 0.74931 0.53800 -2.00000
101030761 0.74931 0.54200 -2.00000
101030762 0.74931 0.54600 -2.00000
101030763 0.74931 0.55000 -2.00000
101030764 0.74931 0.55400 -2.00000
101030765 0.74931 0.55800 -2.00000
101030766 0.74931 0.56200 -2.00000
101030767 0.74931 0.56600 -2.00000
101030768 0.74931 0.57000 -2.00000
101030769 0.74931 0.57400 -2.00000
101030770 0.74931 0.57800 -2.00000
101030771 0.74931 0.58200 -2.00000
101030772 0.74931 0.58600 -2.00000
101030773 0.74931 0.59000 -2.00000
101030774 0.74931 0.59400 -2.00000
101030775 0.74931 0.59800 -2.00000
101030776 0.74931 0.60200 -2.00000
101030777 0.74931 0.60600 -2.00000
101030778 0.74931 0.61000 -2.00000
101030779 0.74931 0.61400 -2.00000
101030780 0.74931 0.61800 -2.00000
101030781 0.74931 0.62200 -2.00000
101030782 0.74931 0.62600 -2.00000
101030783 0.74931 0.63000 -2.00000
101030784 0.74931 0.63400 -2.00000
101030785 0.74931 0.63800 -2.00000
101030786 0.74931 0.64200 -2.00000
101030787 0.74931 0.64600 -2.00000
101030788 0.74931 0.65000 -2.00000
101030789 0.74931 0.65400 -2.00000
101030790 0.74931 0.65800 -2.00000
101030791 0.74931 0.66200 -2.00000
101030792 0.74931 0.66600 -2.00000
101030793 0.74931 0.67000 -2.00000
101030794 0.74931 0.67400 -2.00000
101030795 0.74931 0.67800 -2.00000
101030796 0.74931 0.68200 -2.00000
101030797 0.74931 0.68600 -2.00000
101030798 0.74931 0.69000 -2.00000
101030799 0.74931 0.69400 -2.00000
101030800 0.74931 0.69800 -2.00000
101030801 0.74931 0.70200 -2.00000
101030802 0.74931 0.70600 -2.00000
101030803 0.74931 0.71000 -2.00000
101030804 0.74931 0.71400 -2.00000
101030805 0.74931 0.71800 -2.00000
101030806 0.74931 0.72200 -2.00000
101030807 0.74931 0.72600 -2.00000
101030808 0.74931 0.73000 -2.00000
101030809 0.74931 0.73400 -2.00000
101030810 0.74931 0.73800 -2.00000
101030811 0.74931 0.74200 -2.00000
101030812 0.74931 0.74600 -2.00000
101030813 0.74931 0.75000 -2.00000
101030814 0.74931 0.75400 -2.00000
101030815 0.74931 0.75800 -2.00000
101030816 0.74931 0.76200 -2.00000
101030817 0.74931 0.76600 -2.00000
101030818 0.74931 0.77000 -2.00000
101030819 0.74931 0.77400 -2.00000
101030820 0.74931 0.77800 -2.00000
101030821 0.74931 0.78200 -2.00000
101030822 0.74931 0.78600 -2.00000
101030823 0.74931 0.79000 -2.00000
101030824 0.74931 0.79400 -2.00000
101030825 0.74931 0.79800 -2.00000
101030826 0.74931 0.80200 -2.00000
101030827 0.74931 0.80600 -2.00000
101030828 0.74931 0.81000 -2.00000
101030829 0.74931 0.81400 -2.00000
101030830 0.74931 0.81800 -2.00000
101030831 0.74931 0.82200 -2.00000
101030832 0.74931 0.82600 -2.00000
101030833 0.74931 0.83000 -2.00000
101030834 0.74931 0.83400 -2.00000
101030835 0.74931 0.83800 -2.00000
101030836 0.74931 0.84200 -2.00000
101030837 0.74931 0.84600 -2.00000
101030838 0.74931 0.85000 -2.00000
101030839 0.74931 0.85400 -2.00000
101030840 0.74931 0.85800 -2.00000
101030841 0.74931 0.86200 -2.00000
101030842 0.74931 0.86600 -2.00000
101030843 0.74931 0.87000 -2.00000
101030844 0.74931 0.87400 -2.00000
101030845 0.74931 0.87800 -2.00000
101030846 0.74931 0.88200 -2.00000
101030847 0.74931 0.88600 -2.00000
101030848 0.74931 0.89000 -2.00000
101030849 0.74931 0.89400 -2.00000
101030850 0.74931 0.89800 -2.00000
101030851 0.74931 0.90200 -2.00000
101030852 0.74931 0.90600 -2.00000
101030853 0.74931 0.91000 -2.00000
101030854 0.74931 0.91400 -2.00000
101030855 0.74931 0.91800 -2.00000
101030856 0.74931 0.92200 -2.00000
101030857 0.74931 0.92600 -2.00000
101030858 0.74931 0.93000 -2.00000
101030859 0.74931 0.93400 -2.00000
101030860 0.74931 0.93800 -2.00000
101030861 0.74931 0.94200 -2.00000
101030862 0.74931 0.94600 -2.00000
101030863 0.74931 0.95000 -2.00000
101030864 0.74931 0.95400 -2.00000
101030865 0.74931 0.95800 -2.00000
101030866 0.74931 0.96200 -2.00000
101030867 0.74931 0.96600 -2.00000
101030868 0.74931 0.97000 -2.00000
101030869 0.74931 0.97400 -2.00000
101030870 0.74931 0.97800 -2.00000
101030871 0.74931 0.98200 -2.00000
101030872 0.74931 0.98600 -2.00000
101030873 0.74931 0.99000 -2.00000
101030874 0.74931 0.99400 -2.00000
101030875 0.74931 0.99800 -2.00000
101030876 0.74931 1.00200 -2.00000
101030877 0.74931 1.00600 -2.00000
101030878 0.74931 1.01000 -2.00000
101030879 0.74931 1.01400 -2.00000
101030880 0.74931 1.01800 -2.00000
101030881 0.74931 1.02200 -2.00000
101030882 0.74931 1.02600 -2.00000
101030883 0.74931 1.03000 -2.00000
101030884 0.74931 1.03400 -2.00000
101030885 0.74931 1.03800 -2.00000
101030886 0.74931 1.04200 -2.00000
101030887 0.74931 1.04600 -2.00000
101030888 0.74931 1.05000 -2.00000
101030889 0.74931 1.05400 -2.00000
101030890 0.74931 1.05800 -2.00000
101030891 0.74931 1.06200 -2.00000
101030892 0.74931 1.06600 -2.00000
101030893 0.74931 1.07000 -2.00000
101030894 0.74931 1.07400 -2.00000
101030895 0.74931 1.07800 -2.00000
101030896 0.74931 1.08200 -2.00000
101030897 0.74931 1.08600 -2.00000
101030898 0.74931 1.09000 -2.00000
101030899 0.74931 1.09400 -2.00000
101030900 0.74931 1.09800 -2.00000
101030901 0.75781 0.50200 -2.00000
101030902 0.75781 0.50600 -2.00000
101030903 0.75781 0.51000 -2.00000
101030904 0.75781 0.51400 -2.00000
101030905 0.75781 0.51800 -2.00000
101030906 0.75781 0.52200 -2.00000
101030907 0.75781 0.52600 -2.00000
101030908 0.75781 0.53000 -2.00000
101030909 0.75781 0.53400 -2.00000
101030910 0.75781 0.53800 -2.00000
101030911 0.75781 0.54200 -2.00000
101030912 0.75781 0.54600 -2.00000
101030913 0.75781 0.55000 -2.00000
101030914 0.75781 0.55400 -2.00000
101030915 0.75781 0.55800 -2.00000
101030916 0.75781 0.56200 -2.00000
101030917 0.75781 0.56600 -2.00000
101030918 0.75781 0.57000 -2.00000
101030919 0.75781 0.57400 -2.00000
101030920 0.75781 0.57800 -2.00000
101030921 0.75781 0.58200 -2.00000
101030922 0.75781 0.58600 -2.00000
101030923 0.75781 0.59000 -2.00000
101030924 0.75781 0.59400 -2.00000
101030925 0.75781 0.59800 -2.00000
101030926 0.75781 0.60200 -2.00000
101030927 0.75781 0.60600 -2.00000
101030928 0.75781 0.61000 -2.00000
101030929 0.75781 0.61400 -2.00000
101030930 0.75781 0.61800 -2.00000
101030931 0.75781 0.62200 -2.00000
101030932 0.75781 0.62600 -2.00000
101030933 0.75781 0.63000 -2.00000
101030934 0.75781 0.63400 -2.00000
101030935 0.75781 0.63800 -2.00000
101030936 0.75781 0.64200 -2.00000
101030937 0.75781 0.64600 -2.00000
101030938 0.75781 0.65000 -2.00000
101030939 0.75781 0.65400 -2.00000
101030940 0.75781 0.65800 -2.00000
101030941 0.75781 0.66200 -2.00000
101030942 0.75781 0.66600 -2.00000
101030943 0.75781 0.67000 -2.00000
101030944 0.75781 0.67400 -2.00000
101030945 0.75781 0.67800 -2.00000
101030946 0.75781 0.68200 -2.00000
101030947 0.75781 0.68600 -2.00000
101030948 0.75781 0.69000 -2.00000
101030949 0.75781 0.69400 -2.00000
101030950 0.75781 0.69800 -2.00000
101030951 0.75781 0.70200 -2.00000
101030952 0.75781 0.70600 -2.00000
101030953 0.75781 0.71000 -2.00000
101030954 0.75781 0.71400 -2.00000
101030955 0.75781 0.71800 -2.00000
101030956 0.75781 0.72200 -2.00000
101030957 0.75781 0.72600 -2.00000
101030958 0.75781 0.73000 -2.00000
101030959 0.75781 0.73400 -2.00000
101030960 0.75781 0.73800 -2.00000
101030961 0.75781 0.74200 -2.00000
101030962 0.75781 0.74600 -2.00000
101030963 0.75781 0.75000 -2.00000
101030964 0.75781 0.75400 -2.00000
101030965 0.75781 0.75800 -2.00000
101030966 0.75781 0.76200 -2.00000
101030967 0.75781 0.76600 -2.00000
101030968 0.75781 0.77000 -2.00000
101030969 0.75781 0.77400 -2.00000
101030970 0.75781 0.77800 -2.00000
101030971 0.75781 0.78200 -2.00000
101030972 0.75781 0.78600 -2.00000
101030973 0.75781 0.79000 -2.00000
101030974 0.75781 0.79400 -2.00000
101030975 0.75781 0.79800 -2.00000
101030976 0.75781 0.80200 -2.00000
101030977 0.75781 0.80600 -2.00000
101030978 0.75781 0.81000 -2.00000
101030979 0.75781 0.81400 -2.00000
101030980 0.75781 0.81800 -2.00000
101030981 0.75781 0.82200 -2.00000
101030982 0.75781 0.82600 -2.00000
101030983 0.75781 0.83000 -2.00000
101030984 0.75781 0.83400 -2.00000
101030985 0.75781 0.83800 -2.00000
101030986 0.75781 0.84200 -2.00000
101030987 0.75781 0.84600 -2.00000
101030988 0.75781 0.85000 -2.00000
101030989 0.75781 0.85400 -2.00000
101030990 0.75781 0.85800 -2.00000
101030991 0.75781 0.86200 -2.00000
101030992 0.75781 0.86600 -2.00000
101030993 0.75781 0.87000 -2.00000
101030994 0.75781 0.87400 -2.00000
101030995 0.75781 0.87800 -2.00000
101030996 0.75781 0.88200 -2.00000
101030997 0.75781 0.88600 -2.00000
101030998 0.75781 0.89000 -2.00000
101030999 0.75781 0.89400 -2.00000
101031000 0.75781 0.89800 -2.00000
101031001 0.75781 0.90200 -2.00000
101031002 0.75781 0.90600 -2.00000
101031003 0.75781 0.91000 -2.00000
101031004 0.75781 0.91400 -2.00000
101031005 0.75781 0.91800 -2.00000
101031006 0.75781 0.92200 -2.00000
101031007 0.75781 0.92600 -2.00000
101031008 0.75781 0.93000 -2.00000
101031009 0.75781 0.93400 -2.00000
101031010 0.75781 0.93800 -2.00000
101031011 0.75781 0.94200 -2.00000
101031012 0.75781 0.94600 -2.00000
101031013 0.75781 0.95000 -2.00000
101031014 0.75781 0.95400 -2.00000
101031015 0.75781 0.95800 -2.00000
101031016 0.75781 0.96200 -2.00000
101031017 0.75781 0.96600 -2.00000
101031018 0.75781 0.97000 -2.00000
101031019 0.75781 0.97400 -2.00000
101031020 0.75781 0.97800 -2.00000
101031021 0.75781 0.98200 -2.00000
101031022 0.75781 0.98600 -2.00000
101031023 0.75781 0.99000 -2.00000
101031024 0.75781 0.99400 -2.00000
101031025 0.75781 0.99800 -2.00000
101031026 0.75781 1.00200 -2.00000
101031027 0.75781 1.00600 -2.00000
101031028 0.75781 1.01000 -2.00000
101031029 0.75781 1.01400 -2.00000
101031030 0.75781 1.01800 -2.00000
101031031 0.75781 1.02200 -2.00000
101031032 0.75781 1.02600 -2.00000
101031033 0.75781 1.03000 -2.00000
101031034 0.75781 1.03400 -2.00000
101031035 0.75781 1.03800 -2.00000
101031036 0.75781 1.04200 -2.00000
101031037 0.75781 1.04600 -2.00000
101031038 0.75781 1.05000 -2.00000
101031039 0.75781 1.05400 -2.00000
101031040 0.75781 1.05800 -2.00000
101031041 0.75781 1.06200 -2.00000
101031042 0.75781 1.06600 -2.00000
101031043 0.75781 1.07000 -2.00000
101031044 0.75781 1.07400 -2.00000
101031045 0.75781 1.07800 -2.00000
101031046 0.75781 1.08200 -2.00000
101031047 0.75781 1.08600 -2.00000
101031048 0.75781 1.09000 -2.00000
101031049 0.75781 1.09400 -2.00000
101031050 0.75781 1.09800 -2.00000
101031051 0.76631 0.50200 -2.00000
101031052 0.76631 0.50600 -2.00000
101031053 0.76631 0.51000 -2.00000
101031054 0.76631 0.51400 -2.00000
101031055 0.76631 0.51800 -2.00000
101031056 0.76631 0.52200 -2.00000
101031057 0.76631 0.52600 -2.00000
101031058 0.76631 0.53000 -2.00000
101031059 0.76631 0.53400 -2.00000
101031060 0.76631 0.53800 -2.00000
101031061 0.76631 0.54200 -2.00000
101031062 0.76631 0.54600 -2.00000
101031063 0.76631 0.55000 -2.00000
101031064 0.76631 0.55400 -2.00000
101031065 0.76631 0.55800 -2.00000
101031066 0.76631 0.56200 -2.00000
101031067 0.76631 0.56600 -2.00000
101031068 0.76631 0.57000 -2.00000
101031069 0.76631 0.57400 -2.00000
101031070 0.76631 0.57800 -2.00000
101031071 0.76631 0.58200 -2.00000
101031072 0.76631 0.58600 -2.00000
101031073 0.76631 0.59000 -2.00000
101031074 0.76631 0.59400 -2.00000
101031075 0.76631 0.59800 -2.00000
101031076 0.76631 0.60200 -2.00000
101031077 0.76631 0.60600 -2.00000
101031078 0.76631 0.61000 -2.00000
101031079 0.76631 0.61400 -2.00000
101031080 0.76631 0.61800 -2.00000
101031081 0.76631 0.62200 -2.00000
101031082 0.76631 0.62600 -2.00000
101031083 0.76631 0.63000 -2.00000
101031084 0.76631 0.63400 -2.00000
101031085 0.76631 0.63800 -2.00000
101031086 0.76631 0.64200 -2.00000
101031087 0.76631 0.64600 -2.00000
101031088 0.76631 0.65000 -2.00000
101031089 0.76631 0.65400 -2.00000
101031090 0.76631 0.65800 -2.00000
101031091 0.76631 0.66200 -2.00000
101031092 0.76631 0.66600 -2.00000
101031093 0.76631 0.67000 -2.00000
101031094 0.76631 0.67400 -2.00000
101031095 0.76631 0.67800 -2.00000
101031096 0.76631 0.68200 -2.00000
101031097 0.76631 0.68600 -2.00000
101031098 0.76631 0.69000 -2.00000
101031099 0.76631 0.69400 -2.00000
101031100 0.76631 0.69800 -2.00000
101031101 0.76631 0.70200 -2.00000
101031102 0.76631 0.70600 -2.00000
101031103 0.76631 0.71000 -2.00000
101031104 0.76631 0.71400 -2.00000
101031105 0.76631 0.71800 -2.00000
101031106 0.76631 0.72200 -2.00000
101031107 0.76631 0.72600 -2.00000
101031108 0.76631 0.73000 -2.00000
101031109 0.76631 0.73400 -2.00000
101031110 0.76631 0.73800 -2.00000
101031111 0.76631 0.74200 -2.00000
101031112 0.76631 0.74600 -2.00000
101031113 0.76631 0.75000 -2.00000
101031114 0.76631 0.75400 -2.00000
101031115 0.76631 0.75800 -2.00000
101031116 0.76631 0.76200 -2.00000
101031117 0.76631 0.76600 -2.00000
101031118 0.76631 0.77000 -2.00000
101031119 0.76631 0.77400 -2.00000
101031120 0.76631 0.77800 -2.00000
101031121 0.76631 0.78200 -2.00000
101031122 0.76631 0.78600 -2.00000
101031123 0.76631 0.79000 -2.00000
101031124 0.76631 0.79400 -2.00000
101031125 0.76631 0.79800 -2.00000
101031126 0.76631 0.80200 -2.00000
101031127 0.76631 0.80600 -2.00000
101031128 0.76631 0.81000 -2.00000
101031129 0.76631 0.81400 -2.00000
101031130 0.76631 0.81800 -2.00000
101031131 0.76631 0.82200 -2.00000
101031132 0.76631 0.82600 -2.00000
101031133 0.76631 0.83000 -2.00000
101031134 0.76631 0.83400 -2.00000
101031135 0.76631 0.83800 -2.00000
101031136 0.76631 0.84200 -2.00000
101031137 0.76631 0.84600 -2.00000
101031138 0.76631 0.85000 -2.00000
101031139 0.76631 0.85400 -2.00000
101031140 0.76631 0.85800 -2.00000
101031141 0.76631 0.86200 -2.00000
101031142 0.76631 0.86600 -2.00000
101031143 0.76631 0.87000 -2.00000
101031144 0.76631 0.87400 -2.00000
101031145 0.76631 0.87800 -2.00000
101031146 0.76631 0.88200 -2.00000
101031147 0.76631 0.88600 -2.00000
101031148 0.76631 0.89000 -2.00000
101031149 0.76631 0.89400 -2.00000
101031150 0.76631 0.89800 -2.00000
101031151 0.76631 0.90200 -2.00000
101031152 0.76631 0.90600 -2.00000
101031153 0.76631 0.91000 -2.00000
101031154 0.76631 0.91400 -2.00000
101031155 0.76631 0.91800 -2.00000
101031156 0.76631 0.92200 -2.00000
101031157 0.76631 0.92600 -2.00000
101031158 0.76631 0.93000 -2.00000
101031159 0.76631 0.93400 -2.00000
101031160 0.76631 0.93800 -2.00000
101031161 0.76631 0.94200 -2.00000
101031162 0.76631 0.94600 -2.00000
101031163 0.76631 0.95000 -2.00000
101031164 0.76631 0.95400 -2.00000
101031165 0.76631 0.95800 -2.00000
101031166 0.76631 0.96200 -2.00000
101031167 0.76631 0.96600 -2.00000
101031168 0.76631 0.97000 -2.00000
101031169 0.76631 0.97400 -2.00000
101031170 0.76631 0.97800 -2.00000
101031171 0.76631 0.98200 -2.00000
101031172 0.76631 0.98600 -2.00000
101031173 0.76631 0.99000 -2.00000
101031174 0.76631 0.99400 -2.00000
101031175 0.76631 0.99800 -2.00000
101031176 0.76631 1.00200 -2.00000
101031177 0.76631 1.00600 -2.00000
101031178 0.76631 1.01000 -2.00000
101031179 0.76631 1.01400 -2.00000
101031180 0.76631 1.01800 -2.00000
101031181 0.76631 1.02200 -2.00000
101031182 0.76631 1.02600 -2.00000
101031183 0.76631 1.03000 -2.00000
101031184 0.76631 1.03400 -2.00000
101031185 0.76631 1.03800 -2.00000
101031186 0.76631 1.04200 -2.00000
101031187 0.76631 1.04600 -2.00000
101031188 0.76631 1.05000 -2.00000
101031189 0.76631 1.05400 -2.00000
101031190 0.76631 1.05800 -2.00000
101031191 0.76631 1.06200 -2.00000
101031192 0.76631 1.06600 -2.00000
101031193 0.76631 1.07000 -2.00000
101031194 0.76631 1.07400 -2.00000
101031195 0.76631 1.07800 -2.00000
101031196 0.76631 1.08200 -2.00000
101031197 0.76631 1.08600 -2.00000
101031198 0.76631 1.09000 -2.00000
101031199 0.76631 1.09400 -2.00000
101031200 0.76631 1.09800 -2.00000
