# pixelID  x  y  z
114100001 0.86498 0.41275 -1.03963
114100002 0.86685 0.41275 -1.03609
114100003 0.86871 0.41275 -1.03255
114100004 0.87058 0.41275 -1.02901
114100005 0.87244 0.41275 -1.02548
114100006 0.87431 0.41275 -1.02194
114100007 0.87617 0.41275 -1.01840
114100008 0.87804 0.41275 -1.01486
114100009 0.87991 0.41275 -1.01132
114100010 0.88177 0.41275 -1.00778
114100011 0.88364 0.41275 -1.00425
114100012 0.88550 0.41275 -1.00071
114100013 0.88737 0.41275 -0.99717
114100014 0.88923 0.41275 -0.99363
114100015 0.89110 0.41275 -0.99009
114100016 0.89296 0.41275 -0.98655
114100017 0.89483 0.41275 -0.98302
114100018 0.89669 0.41275 -0.97948
114100019 0.89856 0.41275 -0.97594
114100020 0.90043 0.41275 -0.97240
114100021 0.90229 0.41275 -0.96886
114100022 0.90416 0.41275 -0.96532
114100023 0.90602 0.41275 -0.96179
114100024 0.90789 0.41275 -0.95825
114100025 0.90975 0.41275 -0.95471
114100026 0.91162 0.41275 -0.95117
114100027 0.91348 0.41275 -0.94763
114100028 0.91535 0.41275 -0.94409
114100029 0.91721 0.41275 -0.94056
114100030 0.91908 0.41275 -0.93702
114100031 0.92094 0.41275 -0.93348
114100032 0.92281 0.41275 -0.92994
114100033 0.92468 0.41275 -0.92640
114100034 0.92654 0.41275 -0.92286
114100035 0.92841 0.41275 -0.91932
114100036 0.93027 0.41275 -0.91579
114100037 0.93214 0.41275 -0.91225
114100038 0.93400 0.41275 -0.90871
114100039 0.93587 0.41275 -0.90517
114100040 0.93773 0.41275 -0.90163
114100041 0.93960 0.41275 -0.89809
114100042 0.94146 0.41275 -0.89456
114100043 0.94333 0.41275 -0.89102
114100044 0.94520 0.41275 -0.88748
114100045 0.94706 0.41275 -0.88394
114100046 0.94893 0.41275 -0.88040
114100047 0.95079 0.41275 -0.87686
114100048 0.95266 0.41275 -0.87333
114100049 0.95452 0.41275 -0.86979
114100050 0.95639 0.41275 -0.86625
114100051 0.95825 0.41275 -0.86271
114100052 0.96012 0.41275 -0.85917
114100053 0.96198 0.41275 -0.85563
114100054 0.96385 0.41275 -0.85210
114100055 0.96571 0.41275 -0.84856
114100056 0.96758 0.41275 -0.84502
114100057 0.96945 0.41275 -0.84148
114100058 0.97131 0.41275 -0.83794
114100059 0.97318 0.41275 -0.83440
114100060 0.97504 0.41275 -0.83087
114100061 0.97691 0.41275 -0.82733
114100062 0.97877 0.41275 -0.82379
114100063 0.98064 0.41275 -0.82025
114100064 0.98250 0.41275 -0.81671
114100065 0.98437 0.41275 -0.81317
114100066 0.98623 0.41275 -0.80963
114100067 0.98810 0.41275 -0.80610
114100068 0.98997 0.41275 -0.80256
114100069 0.99183 0.41275 -0.79902
114100070 0.99370 0.41275 -0.79548
114100071 0.99556 0.41275 -0.79194
114100072 0.99743 0.41275 -0.78840
114100073 0.99929 0.41275 -0.78487
114100074 1.00116 0.41275 -0.78133
114100075 1.00302 0.41275 -0.77779
114100076 1.00489 0.41275 -0.77425
114100077 1.00675 0.41275 -0.77071
114100078 1.00862 0.41275 -0.76717
114100079 1.01048 0.41275 -0.76364
114100080 1.01235 0.41275 -0.76010
114100081 1.01422 0.41275 -0.75656
114100082 1.01608 0.41275 -0.75302
114100083 1.01795 0.41275 -0.74948
114100084 1.01981 0.41275 -0.74594
114100085 1.02168 0.41275 -0.74241
114100086 1.02354 0.41275 -0.73887
114100087 1.02541 0.41275 -0.73533
114100088 1.02727 0.41275 -0.73179
114100089 1.02914 0.41275 -0.72825
114100090 1.03100 0.41275 -0.72471
114100091 1.03287 0.41275 -0.72117
114100092 1.03474 0.41275 -0.71764
114100093 1.03660 0.41275 -0.71410
114100094 1.03847 0.41275 -0.71056
114100095 1.04033 0.41275 -0.70702
114100096 1.04220 0.41275 -0.70348
114100097 1.04406 0.41275 -0.69994
114100098 1.04593 0.41275 -0.69641
114100099 1.04779 0.41275 -0.69287
114100100 1.04966 0.41275 -0.68933
114100101 1.05152 0.41275 -0.68579
114100102 1.05339 0.41275 -0.68225
114100103 1.05526 0.41275 -0.67871
114100104 1.05712 0.41275 -0.67518
114100105 1.05899 0.41275 -0.67164
114100106 1.06085 0.41275 -0.66810
114100107 1.06272 0.41275 -0.66456
114100108 1.06458 0.41275 -0.66102
114100109 1.06645 0.41275 -0.65748
114100110 1.06831 0.41275 -0.65395
114100111 1.07018 0.41275 -0.65041
114100112 1.07204 0.41275 -0.64687
114100113 1.07391 0.41275 -0.64333
114100114 1.07577 0.41275 -0.63979
114100115 1.07764 0.41275 -0.63625
114100116 1.07951 0.41275 -0.63272
114100117 1.08137 0.41275 -0.62918
114100118 1.08324 0.41275 -0.62564
114100119 1.08510 0.41275 -0.62210
114100120 1.08697 0.41275 -0.61856
114100121 1.08883 0.41275 -0.61502
114100122 1.09070 0.41275 -0.61148
114100123 1.09256 0.41275 -0.60795
114100124 1.09443 0.41275 -0.60441
114100125 1.09629 0.41275 -0.60087
114100126 1.09816 0.41275 -0.59733
114100127 1.10003 0.41275 -0.59379
114100128 1.10189 0.41275 -0.59025
114100129 1.10376 0.41275 -0.58672
114100130 1.10562 0.41275 -0.58318
114100131 1.10749 0.41275 -0.57964
114100132 1.10935 0.41275 -0.57610
114100133 1.11122 0.41275 -0.57256
114100134 1.11308 0.41275 -0.56902
114100135 1.11495 0.41275 -0.56549
114100136 1.11681 0.41275 -0.56195
114100137 1.11868 0.41275 -0.55841
114100138 1.12054 0.41275 -0.55487
114100139 1.12241 0.41275 -0.55133
114100140 1.12428 0.41275 -0.54779
114100141 1.12614 0.41275 -0.54426
114100142 1.12801 0.41275 -0.54072
114100143 1.12987 0.41275 -0.53718
114100144 1.13174 0.41275 -0.53364
114100145 1.13360 0.41275 -0.53010
114100146 1.13547 0.41275 -0.52656
114100147 1.13733 0.41275 -0.52303
114100148 1.13920 0.41275 -0.51949
114100149 1.14106 0.41275 -0.51595
114100150 1.14293 0.41275 -0.51241
114100151 0.86498 0.42625 -1.03963
114100152 0.86685 0.42625 -1.03609
114100153 0.86871 0.42625 -1.03255
114100154 0.87058 0.42625 -1.02901
114100155 0.87244 0.42625 -1.02548
114100156 0.87431 0.42625 -1.02194
114100157 0.87617 0.42625 -1.01840
114100158 0.87804 0.42625 -1.01486
114100159 0.87991 0.42625 -1.01132
114100160 0.88177 0.42625 -1.00778
114100161 0.88364 0.42625 -1.00425
114100162 0.88550 0.42625 -1.00071
114100163 0.88737 0.42625 -0.99717
114100164 0.88923 0.42625 -0.99363
114100165 0.89110 0.42625 -0.99009
114100166 0.89296 0.42625 -0.98655
114100167 0.89483 0.42625 -0.98302
114100168 0.89669 0.42625 -0.97948
114100169 0.89856 0.42625 -0.97594
114100170 0.90043 0.42625 -0.97240
114100171 0.90229 0.42625 -0.96886
114100172 0.90416 0.42625 -0.96532
114100173 0.90602 0.42625 -0.96179
114100174 0.90789 0.42625 -0.95825
114100175 0.90975 0.42625 -0.95471
114100176 0.91162 0.42625 -0.95117
114100177 0.91348 0.42625 -0.94763
114100178 0.91535 0.42625 -0.94409
114100179 0.91721 0.42625 -0.94056
114100180 0.91908 0.42625 -0.93702
114100181 0.92094 0.42625 -0.93348
114100182 0.92281 0.42625 -0.92994
114100183 0.92468 0.42625 -0.92640
114100184 0.92654 0.42625 -0.92286
114100185 0.92841 0.42625 -0.91932
114100186 0.93027 0.42625 -0.91579
114100187 0.93214 0.42625 -0.91225
114100188 0.93400 0.42625 -0.90871
114100189 0.93587 0.42625 -0.90517
114100190 0.93773 0.42625 -0.90163
114100191 0.93960 0.42625 -0.89809
114100192 0.94146 0.42625 -0.89456
114100193 0.94333 0.42625 -0.89102
114100194 0.94520 0.42625 -0.88748
114100195 0.94706 0.42625 -0.88394
114100196 0.94893 0.42625 -0.88040
114100197 0.95079 0.42625 -0.87686
114100198 0.95266 0.42625 -0.87333
114100199 0.95452 0.42625 -0.86979
114100200 0.95639 0.42625 -0.86625
114100201 0.95825 0.42625 -0.86271
114100202 0.96012 0.42625 -0.85917
114100203 0.96198 0.42625 -0.85563
114100204 0.96385 0.42625 -0.85210
114100205 0.96571 0.42625 -0.84856
114100206 0.96758 0.42625 -0.84502
114100207 0.96945 0.42625 -0.84148
114100208 0.97131 0.42625 -0.83794
114100209 0.97318 0.42625 -0.83440
114100210 0.97504 0.42625 -0.83087
114100211 0.97691 0.42625 -0.82733
114100212 0.97877 0.42625 -0.82379
114100213 0.98064 0.42625 -0.82025
114100214 0.98250 0.42625 -0.81671
114100215 0.98437 0.42625 -0.81317
114100216 0.98623 0.42625 -0.80963
114100217 0.98810 0.42625 -0.80610
114100218 0.98997 0.42625 -0.80256
114100219 0.99183 0.42625 -0.79902
114100220 0.99370 0.42625 -0.79548
114100221 0.99556 0.42625 -0.79194
114100222 0.99743 0.42625 -0.78840
114100223 0.99929 0.42625 -0.78487
114100224 1.00116 0.42625 -0.78133
114100225 1.00302 0.42625 -0.77779
114100226 1.00489 0.42625 -0.77425
114100227 1.00675 0.42625 -0.77071
114100228 1.00862 0.42625 -0.76717
114100229 1.01048 0.42625 -0.76364
114100230 1.01235 0.42625 -0.76010
114100231 1.01422 0.42625 -0.75656
114100232 1.01608 0.42625 -0.75302
114100233 1.01795 0.42625 -0.74948
114100234 1.01981 0.42625 -0.74594
114100235 1.02168 0.42625 -0.74241
114100236 1.02354 0.42625 -0.73887
114100237 1.02541 0.42625 -0.73533
114100238 1.02727 0.42625 -0.73179
114100239 1.02914 0.42625 -0.72825
114100240 1.03100 0.42625 -0.72471
114100241 1.03287 0.42625 -0.72117
114100242 1.03474 0.42625 -0.71764
114100243 1.03660 0.42625 -0.71410
114100244 1.03847 0.42625 -0.71056
114100245 1.04033 0.42625 -0.70702
114100246 1.04220 0.42625 -0.70348
114100247 1.04406 0.42625 -0.69994
114100248 1.04593 0.42625 -0.69641
114100249 1.04779 0.42625 -0.69287
114100250 1.04966 0.42625 -0.68933
114100251 1.05152 0.42625 -0.68579
114100252 1.05339 0.42625 -0.68225
114100253 1.05526 0.42625 -0.67871
114100254 1.05712 0.42625 -0.67518
114100255 1.05899 0.42625 -0.67164
114100256 1.06085 0.42625 -0.66810
114100257 1.06272 0.42625 -0.66456
114100258 1.06458 0.42625 -0.66102
114100259 1.06645 0.42625 -0.65748
114100260 1.06831 0.42625 -0.65395
114100261 1.07018 0.42625 -0.65041
114100262 1.07204 0.42625 -0.64687
114100263 1.07391 0.42625 -0.64333
114100264 1.07577 0.42625 -0.63979
114100265 1.07764 0.42625 -0.63625
114100266 1.07951 0.42625 -0.63272
114100267 1.08137 0.42625 -0.62918
114100268 1.08324 0.42625 -0.62564
114100269 1.08510 0.42625 -0.62210
114100270 1.08697 0.42625 -0.61856
114100271 1.08883 0.42625 -0.61502
114100272 1.09070 0.42625 -0.61148
114100273 1.09256 0.42625 -0.60795
114100274 1.09443 0.42625 -0.60441
114100275 1.09629 0.42625 -0.60087
114100276 1.09816 0.42625 -0.59733
114100277 1.10003 0.42625 -0.59379
114100278 1.10189 0.42625 -0.59025
114100279 1.10376 0.42625 -0.58672
114100280 1.10562 0.42625 -0.58318
114100281 1.10749 0.42625 -0.57964
114100282 1.10935 0.42625 -0.57610
114100283 1.11122 0.42625 -0.57256
114100284 1.11308 0.42625 -0.56902
114100285 1.11495 0.42625 -0.56549
114100286 1.11681 0.42625 -0.56195
114100287 1.11868 0.42625 -0.55841
114100288 1.12054 0.42625 -0.55487
114100289 1.12241 0.42625 -0.55133
114100290 1.12428 0.42625 -0.54779
114100291 1.12614 0.42625 -0.54426
114100292 1.12801 0.42625 -0.54072
114100293 1.12987 0.42625 -0.53718
114100294 1.13174 0.42625 -0.53364
114100295 1.13360 0.42625 -0.53010
114100296 1.13547 0.42625 -0.52656
114100297 1.13733 0.42625 -0.52303
114100298 1.13920 0.42625 -0.51949
114100299 1.14106 0.42625 -0.51595
114100300 1.14293 0.42625 -0.51241
114100301 0.86498 0.43975 -1.03963
114100302 0.86685 0.43975 -1.03609
114100303 0.86871 0.43975 -1.03255
114100304 0.87058 0.43975 -1.02901
114100305 0.87244 0.43975 -1.02548
114100306 0.87431 0.43975 -1.02194
114100307 0.87617 0.43975 -1.01840
114100308 0.87804 0.43975 -1.01486
114100309 0.87991 0.43975 -1.01132
114100310 0.88177 0.43975 -1.00778
114100311 0.88364 0.43975 -1.00425
114100312 0.88550 0.43975 -1.00071
114100313 0.88737 0.43975 -0.99717
114100314 0.88923 0.43975 -0.99363
114100315 0.89110 0.43975 -0.99009
114100316 0.89296 0.43975 -0.98655
114100317 0.89483 0.43975 -0.98302
114100318 0.89669 0.43975 -0.97948
114100319 0.89856 0.43975 -0.97594
114100320 0.90043 0.43975 -0.97240
114100321 0.90229 0.43975 -0.96886
114100322 0.90416 0.43975 -0.96532
114100323 0.90602 0.43975 -0.96179
114100324 0.90789 0.43975 -0.95825
114100325 0.90975 0.43975 -0.95471
114100326 0.91162 0.43975 -0.95117
114100327 0.91348 0.43975 -0.94763
114100328 0.91535 0.43975 -0.94409
114100329 0.91721 0.43975 -0.94056
114100330 0.91908 0.43975 -0.93702
114100331 0.92094 0.43975 -0.93348
114100332 0.92281 0.43975 -0.92994
114100333 0.92468 0.43975 -0.92640
114100334 0.92654 0.43975 -0.92286
114100335 0.92841 0.43975 -0.91932
114100336 0.93027 0.43975 -0.91579
114100337 0.93214 0.43975 -0.91225
114100338 0.93400 0.43975 -0.90871
114100339 0.93587 0.43975 -0.90517
114100340 0.93773 0.43975 -0.90163
114100341 0.93960 0.43975 -0.89809
114100342 0.94146 0.43975 -0.89456
114100343 0.94333 0.43975 -0.89102
114100344 0.94520 0.43975 -0.88748
114100345 0.94706 0.43975 -0.88394
114100346 0.94893 0.43975 -0.88040
114100347 0.95079 0.43975 -0.87686
114100348 0.95266 0.43975 -0.87333
114100349 0.95452 0.43975 -0.86979
114100350 0.95639 0.43975 -0.86625
114100351 0.95825 0.43975 -0.86271
114100352 0.96012 0.43975 -0.85917
114100353 0.96198 0.43975 -0.85563
114100354 0.96385 0.43975 -0.85210
114100355 0.96571 0.43975 -0.84856
114100356 0.96758 0.43975 -0.84502
114100357 0.96945 0.43975 -0.84148
114100358 0.97131 0.43975 -0.83794
114100359 0.97318 0.43975 -0.83440
114100360 0.97504 0.43975 -0.83087
114100361 0.97691 0.43975 -0.82733
114100362 0.97877 0.43975 -0.82379
114100363 0.98064 0.43975 -0.82025
114100364 0.98250 0.43975 -0.81671
114100365 0.98437 0.43975 -0.81317
114100366 0.98623 0.43975 -0.80963
114100367 0.98810 0.43975 -0.80610
114100368 0.98997 0.43975 -0.80256
114100369 0.99183 0.43975 -0.79902
114100370 0.99370 0.43975 -0.79548
114100371 0.99556 0.43975 -0.79194
114100372 0.99743 0.43975 -0.78840
114100373 0.99929 0.43975 -0.78487
114100374 1.00116 0.43975 -0.78133
114100375 1.00302 0.43975 -0.77779
114100376 1.00489 0.43975 -0.77425
114100377 1.00675 0.43975 -0.77071
114100378 1.00862 0.43975 -0.76717
114100379 1.01048 0.43975 -0.76364
114100380 1.01235 0.43975 -0.76010
114100381 1.01422 0.43975 -0.75656
114100382 1.01608 0.43975 -0.75302
114100383 1.01795 0.43975 -0.74948
114100384 1.01981 0.43975 -0.74594
114100385 1.02168 0.43975 -0.74241
114100386 1.02354 0.43975 -0.73887
114100387 1.02541 0.43975 -0.73533
114100388 1.02727 0.43975 -0.73179
114100389 1.02914 0.43975 -0.72825
114100390 1.03100 0.43975 -0.72471
114100391 1.03287 0.43975 -0.72117
114100392 1.03474 0.43975 -0.71764
114100393 1.03660 0.43975 -0.71410
114100394 1.03847 0.43975 -0.71056
114100395 1.04033 0.43975 -0.70702
114100396 1.04220 0.43975 -0.70348
114100397 1.04406 0.43975 -0.69994
114100398 1.04593 0.43975 -0.69641
114100399 1.04779 0.43975 -0.69287
114100400 1.04966 0.43975 -0.68933
114100401 1.05152 0.43975 -0.68579
114100402 1.05339 0.43975 -0.68225
114100403 1.05526 0.43975 -0.67871
114100404 1.05712 0.43975 -0.67518
114100405 1.05899 0.43975 -0.67164
114100406 1.06085 0.43975 -0.66810
114100407 1.06272 0.43975 -0.66456
114100408 1.06458 0.43975 -0.66102
114100409 1.06645 0.43975 -0.65748
114100410 1.06831 0.43975 -0.65395
114100411 1.07018 0.43975 -0.65041
114100412 1.07204 0.43975 -0.64687
114100413 1.07391 0.43975 -0.64333
114100414 1.07577 0.43975 -0.63979
114100415 1.07764 0.43975 -0.63625
114100416 1.07951 0.43975 -0.63272
114100417 1.08137 0.43975 -0.62918
114100418 1.08324 0.43975 -0.62564
114100419 1.08510 0.43975 -0.62210
114100420 1.08697 0.43975 -0.61856
114100421 1.08883 0.43975 -0.61502
114100422 1.09070 0.43975 -0.61148
114100423 1.09256 0.43975 -0.60795
114100424 1.09443 0.43975 -0.60441
114100425 1.09629 0.43975 -0.60087
114100426 1.09816 0.43975 -0.59733
114100427 1.10003 0.43975 -0.59379
114100428 1.10189 0.43975 -0.59025
114100429 1.10376 0.43975 -0.58672
114100430 1.10562 0.43975 -0.58318
114100431 1.10749 0.43975 -0.57964
114100432 1.10935 0.43975 -0.57610
114100433 1.11122 0.43975 -0.57256
114100434 1.11308 0.43975 -0.56902
114100435 1.11495 0.43975 -0.56549
114100436 1.11681 0.43975 -0.56195
114100437 1.11868 0.43975 -0.55841
114100438 1.12054 0.43975 -0.55487
114100439 1.12241 0.43975 -0.55133
114100440 1.12428 0.43975 -0.54779
114100441 1.12614 0.43975 -0.54426
114100442 1.12801 0.43975 -0.54072
114100443 1.12987 0.43975 -0.53718
114100444 1.13174 0.43975 -0.53364
114100445 1.13360 0.43975 -0.53010
114100446 1.13547 0.43975 -0.52656
114100447 1.13733 0.43975 -0.52303
114100448 1.13920 0.43975 -0.51949
114100449 1.14106 0.43975 -0.51595
114100450 1.14293 0.43975 -0.51241
114100451 0.86498 0.45325 -1.03963
114100452 0.86685 0.45325 -1.03609
114100453 0.86871 0.45325 -1.03255
114100454 0.87058 0.45325 -1.02901
114100455 0.87244 0.45325 -1.02548
114100456 0.87431 0.45325 -1.02194
114100457 0.87617 0.45325 -1.01840
114100458 0.87804 0.45325 -1.01486
114100459 0.87991 0.45325 -1.01132
114100460 0.88177 0.45325 -1.00778
114100461 0.88364 0.45325 -1.00425
114100462 0.88550 0.45325 -1.00071
114100463 0.88737 0.45325 -0.99717
114100464 0.88923 0.45325 -0.99363
114100465 0.89110 0.45325 -0.99009
114100466 0.89296 0.45325 -0.98655
114100467 0.89483 0.45325 -0.98302
114100468 0.89669 0.45325 -0.97948
114100469 0.89856 0.45325 -0.97594
114100470 0.90043 0.45325 -0.97240
114100471 0.90229 0.45325 -0.96886
114100472 0.90416 0.45325 -0.96532
114100473 0.90602 0.45325 -0.96179
114100474 0.90789 0.45325 -0.95825
114100475 0.90975 0.45325 -0.95471
114100476 0.91162 0.45325 -0.95117
114100477 0.91348 0.45325 -0.94763
114100478 0.91535 0.45325 -0.94409
114100479 0.91721 0.45325 -0.94056
114100480 0.91908 0.45325 -0.93702
114100481 0.92094 0.45325 -0.93348
114100482 0.92281 0.45325 -0.92994
114100483 0.92468 0.45325 -0.92640
114100484 0.92654 0.45325 -0.92286
114100485 0.92841 0.45325 -0.91932
114100486 0.93027 0.45325 -0.91579
114100487 0.93214 0.45325 -0.91225
114100488 0.93400 0.45325 -0.90871
114100489 0.93587 0.45325 -0.90517
114100490 0.93773 0.45325 -0.90163
114100491 0.93960 0.45325 -0.89809
114100492 0.94146 0.45325 -0.89456
114100493 0.94333 0.45325 -0.89102
114100494 0.94520 0.45325 -0.88748
114100495 0.94706 0.45325 -0.88394
114100496 0.94893 0.45325 -0.88040
114100497 0.95079 0.45325 -0.87686
114100498 0.95266 0.45325 -0.87333
114100499 0.95452 0.45325 -0.86979
114100500 0.95639 0.45325 -0.86625
114100501 0.95825 0.45325 -0.86271
114100502 0.96012 0.45325 -0.85917
114100503 0.96198 0.45325 -0.85563
114100504 0.96385 0.45325 -0.85210
114100505 0.96571 0.45325 -0.84856
114100506 0.96758 0.45325 -0.84502
114100507 0.96945 0.45325 -0.84148
114100508 0.97131 0.45325 -0.83794
114100509 0.97318 0.45325 -0.83440
114100510 0.97504 0.45325 -0.83087
114100511 0.97691 0.45325 -0.82733
114100512 0.97877 0.45325 -0.82379
114100513 0.98064 0.45325 -0.82025
114100514 0.98250 0.45325 -0.81671
114100515 0.98437 0.45325 -0.81317
114100516 0.98623 0.45325 -0.80963
114100517 0.98810 0.45325 -0.80610
114100518 0.98997 0.45325 -0.80256
114100519 0.99183 0.45325 -0.79902
114100520 0.99370 0.45325 -0.79548
114100521 0.99556 0.45325 -0.79194
114100522 0.99743 0.45325 -0.78840
114100523 0.99929 0.45325 -0.78487
114100524 1.00116 0.45325 -0.78133
114100525 1.00302 0.45325 -0.77779
114100526 1.00489 0.45325 -0.77425
114100527 1.00675 0.45325 -0.77071
114100528 1.00862 0.45325 -0.76717
114100529 1.01048 0.45325 -0.76364
114100530 1.01235 0.45325 -0.76010
114100531 1.01422 0.45325 -0.75656
114100532 1.01608 0.45325 -0.75302
114100533 1.01795 0.45325 -0.74948
114100534 1.01981 0.45325 -0.74594
114100535 1.02168 0.45325 -0.74241
114100536 1.02354 0.45325 -0.73887
114100537 1.02541 0.45325 -0.73533
114100538 1.02727 0.45325 -0.73179
114100539 1.02914 0.45325 -0.72825
114100540 1.03100 0.45325 -0.72471
114100541 1.03287 0.45325 -0.72117
114100542 1.03474 0.45325 -0.71764
114100543 1.03660 0.45325 -0.71410
114100544 1.03847 0.45325 -0.71056
114100545 1.04033 0.45325 -0.70702
114100546 1.04220 0.45325 -0.70348
114100547 1.04406 0.45325 -0.69994
114100548 1.04593 0.45325 -0.69641
114100549 1.04779 0.45325 -0.69287
114100550 1.04966 0.45325 -0.68933
114100551 1.05152 0.45325 -0.68579
114100552 1.05339 0.45325 -0.68225
114100553 1.05526 0.45325 -0.67871
114100554 1.05712 0.45325 -0.67518
114100555 1.05899 0.45325 -0.67164
114100556 1.06085 0.45325 -0.66810
114100557 1.06272 0.45325 -0.66456
114100558 1.06458 0.45325 -0.66102
114100559 1.06645 0.45325 -0.65748
114100560 1.06831 0.45325 -0.65395
114100561 1.07018 0.45325 -0.65041
114100562 1.07204 0.45325 -0.64687
114100563 1.07391 0.45325 -0.64333
114100564 1.07577 0.45325 -0.63979
114100565 1.07764 0.45325 -0.63625
114100566 1.07951 0.45325 -0.63272
114100567 1.08137 0.45325 -0.62918
114100568 1.08324 0.45325 -0.62564
114100569 1.08510 0.45325 -0.62210
114100570 1.08697 0.45325 -0.61856
114100571 1.08883 0.45325 -0.61502
114100572 1.09070 0.45325 -0.61148
114100573 1.09256 0.45325 -0.60795
114100574 1.09443 0.45325 -0.60441
114100575 1.09629 0.45325 -0.60087
114100576 1.09816 0.45325 -0.59733
114100577 1.10003 0.45325 -0.59379
114100578 1.10189 0.45325 -0.59025
114100579 1.10376 0.45325 -0.58672
114100580 1.10562 0.45325 -0.58318
114100581 1.10749 0.45325 -0.57964
114100582 1.10935 0.45325 -0.57610
114100583 1.11122 0.45325 -0.57256
114100584 1.11308 0.45325 -0.56902
114100585 1.11495 0.45325 -0.56549
114100586 1.11681 0.45325 -0.56195
114100587 1.11868 0.45325 -0.55841
114100588 1.12054 0.45325 -0.55487
114100589 1.12241 0.45325 -0.55133
114100590 1.12428 0.45325 -0.54779
114100591 1.12614 0.45325 -0.54426
114100592 1.12801 0.45325 -0.54072
114100593 1.12987 0.45325 -0.53718
114100594 1.13174 0.45325 -0.53364
114100595 1.13360 0.45325 -0.53010
114100596 1.13547 0.45325 -0.52656
114100597 1.13733 0.45325 -0.52303
114100598 1.13920 0.45325 -0.51949
114100599 1.14106 0.45325 -0.51595
114100600 1.14293 0.45325 -0.51241
114100601 0.86498 0.46675 -1.03963
114100602 0.86685 0.46675 -1.03609
114100603 0.86871 0.46675 -1.03255
114100604 0.87058 0.46675 -1.02901
114100605 0.87244 0.46675 -1.02548
114100606 0.87431 0.46675 -1.02194
114100607 0.87617 0.46675 -1.01840
114100608 0.87804 0.46675 -1.01486
114100609 0.87991 0.46675 -1.01132
114100610 0.88177 0.46675 -1.00778
114100611 0.88364 0.46675 -1.00425
114100612 0.88550 0.46675 -1.00071
114100613 0.88737 0.46675 -0.99717
114100614 0.88923 0.46675 -0.99363
114100615 0.89110 0.46675 -0.99009
114100616 0.89296 0.46675 -0.98655
114100617 0.89483 0.46675 -0.98302
114100618 0.89669 0.46675 -0.97948
114100619 0.89856 0.46675 -0.97594
114100620 0.90043 0.46675 -0.97240
114100621 0.90229 0.46675 -0.96886
114100622 0.90416 0.46675 -0.96532
114100623 0.90602 0.46675 -0.96179
114100624 0.90789 0.46675 -0.95825
114100625 0.90975 0.46675 -0.95471
114100626 0.91162 0.46675 -0.95117
114100627 0.91348 0.46675 -0.94763
114100628 0.91535 0.46675 -0.94409
114100629 0.91721 0.46675 -0.94056
114100630 0.91908 0.46675 -0.93702
114100631 0.92094 0.46675 -0.93348
114100632 0.92281 0.46675 -0.92994
114100633 0.92468 0.46675 -0.92640
114100634 0.92654 0.46675 -0.92286
114100635 0.92841 0.46675 -0.91932
114100636 0.93027 0.46675 -0.91579
114100637 0.93214 0.46675 -0.91225
114100638 0.93400 0.46675 -0.90871
114100639 0.93587 0.46675 -0.90517
114100640 0.93773 0.46675 -0.90163
114100641 0.93960 0.46675 -0.89809
114100642 0.94146 0.46675 -0.89456
114100643 0.94333 0.46675 -0.89102
114100644 0.94520 0.46675 -0.88748
114100645 0.94706 0.46675 -0.88394
114100646 0.94893 0.46675 -0.88040
114100647 0.95079 0.46675 -0.87686
114100648 0.95266 0.46675 -0.87333
114100649 0.95452 0.46675 -0.86979
114100650 0.95639 0.46675 -0.86625
114100651 0.95825 0.46675 -0.86271
114100652 0.96012 0.46675 -0.85917
114100653 0.96198 0.46675 -0.85563
114100654 0.96385 0.46675 -0.85210
114100655 0.96571 0.46675 -0.84856
114100656 0.96758 0.46675 -0.84502
114100657 0.96945 0.46675 -0.84148
114100658 0.97131 0.46675 -0.83794
114100659 0.97318 0.46675 -0.83440
114100660 0.97504 0.46675 -0.83087
114100661 0.97691 0.46675 -0.82733
114100662 0.97877 0.46675 -0.82379
114100663 0.98064 0.46675 -0.82025
114100664 0.98250 0.46675 -0.81671
114100665 0.98437 0.46675 -0.81317
114100666 0.98623 0.46675 -0.80963
114100667 0.98810 0.46675 -0.80610
114100668 0.98997 0.46675 -0.80256
114100669 0.99183 0.46675 -0.79902
114100670 0.99370 0.46675 -0.79548
114100671 0.99556 0.46675 -0.79194
114100672 0.99743 0.46675 -0.78840
114100673 0.99929 0.46675 -0.78487
114100674 1.00116 0.46675 -0.78133
114100675 1.00302 0.46675 -0.77779
114100676 1.00489 0.46675 -0.77425
114100677 1.00675 0.46675 -0.77071
114100678 1.00862 0.46675 -0.76717
114100679 1.01048 0.46675 -0.76364
114100680 1.01235 0.46675 -0.76010
114100681 1.01422 0.46675 -0.75656
114100682 1.01608 0.46675 -0.75302
114100683 1.01795 0.46675 -0.74948
114100684 1.01981 0.46675 -0.74594
114100685 1.02168 0.46675 -0.74241
114100686 1.02354 0.46675 -0.73887
114100687 1.02541 0.46675 -0.73533
114100688 1.02727 0.46675 -0.73179
114100689 1.02914 0.46675 -0.72825
114100690 1.03100 0.46675 -0.72471
114100691 1.03287 0.46675 -0.72117
114100692 1.03474 0.46675 -0.71764
114100693 1.03660 0.46675 -0.71410
114100694 1.03847 0.46675 -0.71056
114100695 1.04033 0.46675 -0.70702
114100696 1.04220 0.46675 -0.70348
114100697 1.04406 0.46675 -0.69994
114100698 1.04593 0.46675 -0.69641
114100699 1.04779 0.46675 -0.69287
114100700 1.04966 0.46675 -0.68933
114100701 1.05152 0.46675 -0.68579
114100702 1.05339 0.46675 -0.68225
114100703 1.05526 0.46675 -0.67871
114100704 1.05712 0.46675 -0.67518
114100705 1.05899 0.46675 -0.67164
114100706 1.06085 0.46675 -0.66810
114100707 1.06272 0.46675 -0.66456
114100708 1.06458 0.46675 -0.66102
114100709 1.06645 0.46675 -0.65748
114100710 1.06831 0.46675 -0.65395
114100711 1.07018 0.46675 -0.65041
114100712 1.07204 0.46675 -0.64687
114100713 1.07391 0.46675 -0.64333
114100714 1.07577 0.46675 -0.63979
114100715 1.07764 0.46675 -0.63625
114100716 1.07951 0.46675 -0.63272
114100717 1.08137 0.46675 -0.62918
114100718 1.08324 0.46675 -0.62564
114100719 1.08510 0.46675 -0.62210
114100720 1.08697 0.46675 -0.61856
114100721 1.08883 0.46675 -0.61502
114100722 1.09070 0.46675 -0.61148
114100723 1.09256 0.46675 -0.60795
114100724 1.09443 0.46675 -0.60441
114100725 1.09629 0.46675 -0.60087
114100726 1.09816 0.46675 -0.59733
114100727 1.10003 0.46675 -0.59379
114100728 1.10189 0.46675 -0.59025
114100729 1.10376 0.46675 -0.58672
114100730 1.10562 0.46675 -0.58318
114100731 1.10749 0.46675 -0.57964
114100732 1.10935 0.46675 -0.57610
114100733 1.11122 0.46675 -0.57256
114100734 1.11308 0.46675 -0.56902
114100735 1.11495 0.46675 -0.56549
114100736 1.11681 0.46675 -0.56195
114100737 1.11868 0.46675 -0.55841
114100738 1.12054 0.46675 -0.55487
114100739 1.12241 0.46675 -0.55133
114100740 1.12428 0.46675 -0.54779
114100741 1.12614 0.46675 -0.54426
114100742 1.12801 0.46675 -0.54072
114100743 1.12987 0.46675 -0.53718
114100744 1.13174 0.46675 -0.53364
114100745 1.13360 0.46675 -0.53010
114100746 1.13547 0.46675 -0.52656
114100747 1.13733 0.46675 -0.52303
114100748 1.13920 0.46675 -0.51949
114100749 1.14106 0.46675 -0.51595
114100750 1.14293 0.46675 -0.51241
114100751 0.86498 0.48025 -1.03963
114100752 0.86685 0.48025 -1.03609
114100753 0.86871 0.48025 -1.03255
114100754 0.87058 0.48025 -1.02901
114100755 0.87244 0.48025 -1.02548
114100756 0.87431 0.48025 -1.02194
114100757 0.87617 0.48025 -1.01840
114100758 0.87804 0.48025 -1.01486
114100759 0.87991 0.48025 -1.01132
114100760 0.88177 0.48025 -1.00778
114100761 0.88364 0.48025 -1.00425
114100762 0.88550 0.48025 -1.00071
114100763 0.88737 0.48025 -0.99717
114100764 0.88923 0.48025 -0.99363
114100765 0.89110 0.48025 -0.99009
114100766 0.89296 0.48025 -0.98655
114100767 0.89483 0.48025 -0.98302
114100768 0.89669 0.48025 -0.97948
114100769 0.89856 0.48025 -0.97594
114100770 0.90043 0.48025 -0.97240
114100771 0.90229 0.48025 -0.96886
114100772 0.90416 0.48025 -0.96532
114100773 0.90602 0.48025 -0.96179
114100774 0.90789 0.48025 -0.95825
114100775 0.90975 0.48025 -0.95471
114100776 0.91162 0.48025 -0.95117
114100777 0.91348 0.48025 -0.94763
114100778 0.91535 0.48025 -0.94409
114100779 0.91721 0.48025 -0.94056
114100780 0.91908 0.48025 -0.93702
114100781 0.92094 0.48025 -0.93348
114100782 0.92281 0.48025 -0.92994
114100783 0.92468 0.48025 -0.92640
114100784 0.92654 0.48025 -0.92286
114100785 0.92841 0.48025 -0.91932
114100786 0.93027 0.48025 -0.91579
114100787 0.93214 0.48025 -0.91225
114100788 0.93400 0.48025 -0.90871
114100789 0.93587 0.48025 -0.90517
114100790 0.93773 0.48025 -0.90163
114100791 0.93960 0.48025 -0.89809
114100792 0.94146 0.48025 -0.89456
114100793 0.94333 0.48025 -0.89102
114100794 0.94520 0.48025 -0.88748
114100795 0.94706 0.48025 -0.88394
114100796 0.94893 0.48025 -0.88040
114100797 0.95079 0.48025 -0.87686
114100798 0.95266 0.48025 -0.87333
114100799 0.95452 0.48025 -0.86979
114100800 0.95639 0.48025 -0.86625
114100801 0.95825 0.48025 -0.86271
114100802 0.96012 0.48025 -0.85917
114100803 0.96198 0.48025 -0.85563
114100804 0.96385 0.48025 -0.85210
114100805 0.96571 0.48025 -0.84856
114100806 0.96758 0.48025 -0.84502
114100807 0.96945 0.48025 -0.84148
114100808 0.97131 0.48025 -0.83794
114100809 0.97318 0.48025 -0.83440
114100810 0.97504 0.48025 -0.83087
114100811 0.97691 0.48025 -0.82733
114100812 0.97877 0.48025 -0.82379
114100813 0.98064 0.48025 -0.82025
114100814 0.98250 0.48025 -0.81671
114100815 0.98437 0.48025 -0.81317
114100816 0.98623 0.48025 -0.80963
114100817 0.98810 0.48025 -0.80610
114100818 0.98997 0.48025 -0.80256
114100819 0.99183 0.48025 -0.79902
114100820 0.99370 0.48025 -0.79548
114100821 0.99556 0.48025 -0.79194
114100822 0.99743 0.48025 -0.78840
114100823 0.99929 0.48025 -0.78487
114100824 1.00116 0.48025 -0.78133
114100825 1.00302 0.48025 -0.77779
114100826 1.00489 0.48025 -0.77425
114100827 1.00675 0.48025 -0.77071
114100828 1.00862 0.48025 -0.76717
114100829 1.01048 0.48025 -0.76364
114100830 1.01235 0.48025 -0.76010
114100831 1.01422 0.48025 -0.75656
114100832 1.01608 0.48025 -0.75302
114100833 1.01795 0.48025 -0.74948
114100834 1.01981 0.48025 -0.74594
114100835 1.02168 0.48025 -0.74241
114100836 1.02354 0.48025 -0.73887
114100837 1.02541 0.48025 -0.73533
114100838 1.02727 0.48025 -0.73179
114100839 1.02914 0.48025 -0.72825
114100840 1.03100 0.48025 -0.72471
114100841 1.03287 0.48025 -0.72117
114100842 1.03474 0.48025 -0.71764
114100843 1.03660 0.48025 -0.71410
114100844 1.03847 0.48025 -0.71056
114100845 1.04033 0.48025 -0.70702
114100846 1.04220 0.48025 -0.70348
114100847 1.04406 0.48025 -0.69994
114100848 1.04593 0.48025 -0.69641
114100849 1.04779 0.48025 -0.69287
114100850 1.04966 0.48025 -0.68933
114100851 1.05152 0.48025 -0.68579
114100852 1.05339 0.48025 -0.68225
114100853 1.05526 0.48025 -0.67871
114100854 1.05712 0.48025 -0.67518
114100855 1.05899 0.48025 -0.67164
114100856 1.06085 0.48025 -0.66810
114100857 1.06272 0.48025 -0.66456
114100858 1.06458 0.48025 -0.66102
114100859 1.06645 0.48025 -0.65748
114100860 1.06831 0.48025 -0.65395
114100861 1.07018 0.48025 -0.65041
114100862 1.07204 0.48025 -0.64687
114100863 1.07391 0.48025 -0.64333
114100864 1.07577 0.48025 -0.63979
114100865 1.07764 0.48025 -0.63625
114100866 1.07951 0.48025 -0.63272
114100867 1.08137 0.48025 -0.62918
114100868 1.08324 0.48025 -0.62564
114100869 1.08510 0.48025 -0.62210
114100870 1.08697 0.48025 -0.61856
114100871 1.08883 0.48025 -0.61502
114100872 1.09070 0.48025 -0.61148
114100873 1.09256 0.48025 -0.60795
114100874 1.09443 0.48025 -0.60441
114100875 1.09629 0.48025 -0.60087
114100876 1.09816 0.48025 -0.59733
114100877 1.10003 0.48025 -0.59379
114100878 1.10189 0.48025 -0.59025
114100879 1.10376 0.48025 -0.58672
114100880 1.10562 0.48025 -0.58318
114100881 1.10749 0.48025 -0.57964
114100882 1.10935 0.48025 -0.57610
114100883 1.11122 0.48025 -0.57256
114100884 1.11308 0.48025 -0.56902
114100885 1.11495 0.48025 -0.56549
114100886 1.11681 0.48025 -0.56195
114100887 1.11868 0.48025 -0.55841
114100888 1.12054 0.48025 -0.55487
114100889 1.12241 0.48025 -0.55133
114100890 1.12428 0.48025 -0.54779
114100891 1.12614 0.48025 -0.54426
114100892 1.12801 0.48025 -0.54072
114100893 1.12987 0.48025 -0.53718
114100894 1.13174 0.48025 -0.53364
114100895 1.13360 0.48025 -0.53010
114100896 1.13547 0.48025 -0.52656
114100897 1.13733 0.48025 -0.52303
114100898 1.13920 0.48025 -0.51949
114100899 1.14106 0.48025 -0.51595
114100900 1.14293 0.48025 -0.51241
114100901 0.86498 0.49375 -1.03963
114100902 0.86685 0.49375 -1.03609
114100903 0.86871 0.49375 -1.03255
114100904 0.87058 0.49375 -1.02901
114100905 0.87244 0.49375 -1.02548
114100906 0.87431 0.49375 -1.02194
114100907 0.87617 0.49375 -1.01840
114100908 0.87804 0.49375 -1.01486
114100909 0.87991 0.49375 -1.01132
114100910 0.88177 0.49375 -1.00778
114100911 0.88364 0.49375 -1.00425
114100912 0.88550 0.49375 -1.00071
114100913 0.88737 0.49375 -0.99717
114100914 0.88923 0.49375 -0.99363
114100915 0.89110 0.49375 -0.99009
114100916 0.89296 0.49375 -0.98655
114100917 0.89483 0.49375 -0.98302
114100918 0.89669 0.49375 -0.97948
114100919 0.89856 0.49375 -0.97594
114100920 0.90043 0.49375 -0.97240
114100921 0.90229 0.49375 -0.96886
114100922 0.90416 0.49375 -0.96532
114100923 0.90602 0.49375 -0.96179
114100924 0.90789 0.49375 -0.95825
114100925 0.90975 0.49375 -0.95471
114100926 0.91162 0.49375 -0.95117
114100927 0.91348 0.49375 -0.94763
114100928 0.91535 0.49375 -0.94409
114100929 0.91721 0.49375 -0.94056
114100930 0.91908 0.49375 -0.93702
114100931 0.92094 0.49375 -0.93348
114100932 0.92281 0.49375 -0.92994
114100933 0.92468 0.49375 -0.92640
114100934 0.92654 0.49375 -0.92286
114100935 0.92841 0.49375 -0.91932
114100936 0.93027 0.49375 -0.91579
114100937 0.93214 0.49375 -0.91225
114100938 0.93400 0.49375 -0.90871
114100939 0.93587 0.49375 -0.90517
114100940 0.93773 0.49375 -0.90163
114100941 0.93960 0.49375 -0.89809
114100942 0.94146 0.49375 -0.89456
114100943 0.94333 0.49375 -0.89102
114100944 0.94520 0.49375 -0.88748
114100945 0.94706 0.49375 -0.88394
114100946 0.94893 0.49375 -0.88040
114100947 0.95079 0.49375 -0.87686
114100948 0.95266 0.49375 -0.87333
114100949 0.95452 0.49375 -0.86979
114100950 0.95639 0.49375 -0.86625
114100951 0.95825 0.49375 -0.86271
114100952 0.96012 0.49375 -0.85917
114100953 0.96198 0.49375 -0.85563
114100954 0.96385 0.49375 -0.85210
114100955 0.96571 0.49375 -0.84856
114100956 0.96758 0.49375 -0.84502
114100957 0.96945 0.49375 -0.84148
114100958 0.97131 0.49375 -0.83794
114100959 0.97318 0.49375 -0.83440
114100960 0.97504 0.49375 -0.83087
114100961 0.97691 0.49375 -0.82733
114100962 0.97877 0.49375 -0.82379
114100963 0.98064 0.49375 -0.82025
114100964 0.98250 0.49375 -0.81671
114100965 0.98437 0.49375 -0.81317
114100966 0.98623 0.49375 -0.80963
114100967 0.98810 0.49375 -0.80610
114100968 0.98997 0.49375 -0.80256
114100969 0.99183 0.49375 -0.79902
114100970 0.99370 0.49375 -0.79548
114100971 0.99556 0.49375 -0.79194
114100972 0.99743 0.49375 -0.78840
114100973 0.99929 0.49375 -0.78487
114100974 1.00116 0.49375 -0.78133
114100975 1.00302 0.49375 -0.77779
114100976 1.00489 0.49375 -0.77425
114100977 1.00675 0.49375 -0.77071
114100978 1.00862 0.49375 -0.76717
114100979 1.01048 0.49375 -0.76364
114100980 1.01235 0.49375 -0.76010
114100981 1.01422 0.49375 -0.75656
114100982 1.01608 0.49375 -0.75302
114100983 1.01795 0.49375 -0.74948
114100984 1.01981 0.49375 -0.74594
114100985 1.02168 0.49375 -0.74241
114100986 1.02354 0.49375 -0.73887
114100987 1.02541 0.49375 -0.73533
114100988 1.02727 0.49375 -0.73179
114100989 1.02914 0.49375 -0.72825
114100990 1.03100 0.49375 -0.72471
114100991 1.03287 0.49375 -0.72117
114100992 1.03474 0.49375 -0.71764
114100993 1.03660 0.49375 -0.71410
114100994 1.03847 0.49375 -0.71056
114100995 1.04033 0.49375 -0.70702
114100996 1.04220 0.49375 -0.70348
114100997 1.04406 0.49375 -0.69994
114100998 1.04593 0.49375 -0.69641
114100999 1.04779 0.49375 -0.69287
114101000 1.04966 0.49375 -0.68933
114101001 1.05152 0.49375 -0.68579
114101002 1.05339 0.49375 -0.68225
114101003 1.05526 0.49375 -0.67871
114101004 1.05712 0.49375 -0.67518
114101005 1.05899 0.49375 -0.67164
114101006 1.06085 0.49375 -0.66810
114101007 1.06272 0.49375 -0.66456
114101008 1.06458 0.49375 -0.66102
114101009 1.06645 0.49375 -0.65748
114101010 1.06831 0.49375 -0.65395
114101011 1.07018 0.49375 -0.65041
114101012 1.07204 0.49375 -0.64687
114101013 1.07391 0.49375 -0.64333
114101014 1.07577 0.49375 -0.63979
114101015 1.07764 0.49375 -0.63625
114101016 1.07951 0.49375 -0.63272
114101017 1.08137 0.49375 -0.62918
114101018 1.08324 0.49375 -0.62564
114101019 1.08510 0.49375 -0.62210
114101020 1.08697 0.49375 -0.61856
114101021 1.08883 0.49375 -0.61502
114101022 1.09070 0.49375 -0.61148
114101023 1.09256 0.49375 -0.60795
114101024 1.09443 0.49375 -0.60441
114101025 1.09629 0.49375 -0.60087
114101026 1.09816 0.49375 -0.59733
114101027 1.10003 0.49375 -0.59379
114101028 1.10189 0.49375 -0.59025
114101029 1.10376 0.49375 -0.58672
114101030 1.10562 0.49375 -0.58318
114101031 1.10749 0.49375 -0.57964
114101032 1.10935 0.49375 -0.57610
114101033 1.11122 0.49375 -0.57256
114101034 1.11308 0.49375 -0.56902
114101035 1.11495 0.49375 -0.56549
114101036 1.11681 0.49375 -0.56195
114101037 1.11868 0.49375 -0.55841
114101038 1.12054 0.49375 -0.55487
114101039 1.12241 0.49375 -0.55133
114101040 1.12428 0.49375 -0.54779
114101041 1.12614 0.49375 -0.54426
114101042 1.12801 0.49375 -0.54072
114101043 1.12987 0.49375 -0.53718
114101044 1.13174 0.49375 -0.53364
114101045 1.13360 0.49375 -0.53010
114101046 1.13547 0.49375 -0.52656
114101047 1.13733 0.49375 -0.52303
114101048 1.13920 0.49375 -0.51949
114101049 1.14106 0.49375 -0.51595
114101050 1.14293 0.49375 -0.51241
114101051 0.86498 0.50725 -1.03963
114101052 0.86685 0.50725 -1.03609
114101053 0.86871 0.50725 -1.03255
114101054 0.87058 0.50725 -1.02901
114101055 0.87244 0.50725 -1.02548
114101056 0.87431 0.50725 -1.02194
114101057 0.87617 0.50725 -1.01840
114101058 0.87804 0.50725 -1.01486
114101059 0.87991 0.50725 -1.01132
114101060 0.88177 0.50725 -1.00778
114101061 0.88364 0.50725 -1.00425
114101062 0.88550 0.50725 -1.00071
114101063 0.88737 0.50725 -0.99717
114101064 0.88923 0.50725 -0.99363
114101065 0.89110 0.50725 -0.99009
114101066 0.89296 0.50725 -0.98655
114101067 0.89483 0.50725 -0.98302
114101068 0.89669 0.50725 -0.97948
114101069 0.89856 0.50725 -0.97594
114101070 0.90043 0.50725 -0.97240
114101071 0.90229 0.50725 -0.96886
114101072 0.90416 0.50725 -0.96532
114101073 0.90602 0.50725 -0.96179
114101074 0.90789 0.50725 -0.95825
114101075 0.90975 0.50725 -0.95471
114101076 0.91162 0.50725 -0.95117
114101077 0.91348 0.50725 -0.94763
114101078 0.91535 0.50725 -0.94409
114101079 0.91721 0.50725 -0.94056
114101080 0.91908 0.50725 -0.93702
114101081 0.92094 0.50725 -0.93348
114101082 0.92281 0.50725 -0.92994
114101083 0.92468 0.50725 -0.92640
114101084 0.92654 0.50725 -0.92286
114101085 0.92841 0.50725 -0.91932
114101086 0.93027 0.50725 -0.91579
114101087 0.93214 0.50725 -0.91225
114101088 0.93400 0.50725 -0.90871
114101089 0.93587 0.50725 -0.90517
114101090 0.93773 0.50725 -0.90163
114101091 0.93960 0.50725 -0.89809
114101092 0.94146 0.50725 -0.89456
114101093 0.94333 0.50725 -0.89102
114101094 0.94520 0.50725 -0.88748
114101095 0.94706 0.50725 -0.88394
114101096 0.94893 0.50725 -0.88040
114101097 0.95079 0.50725 -0.87686
114101098 0.95266 0.50725 -0.87333
114101099 0.95452 0.50725 -0.86979
114101100 0.95639 0.50725 -0.86625
114101101 0.95825 0.50725 -0.86271
114101102 0.96012 0.50725 -0.85917
114101103 0.96198 0.50725 -0.85563
114101104 0.96385 0.50725 -0.85210
114101105 0.96571 0.50725 -0.84856
114101106 0.96758 0.50725 -0.84502
114101107 0.96945 0.50725 -0.84148
114101108 0.97131 0.50725 -0.83794
114101109 0.97318 0.50725 -0.83440
114101110 0.97504 0.50725 -0.83087
114101111 0.97691 0.50725 -0.82733
114101112 0.97877 0.50725 -0.82379
114101113 0.98064 0.50725 -0.82025
114101114 0.98250 0.50725 -0.81671
114101115 0.98437 0.50725 -0.81317
114101116 0.98623 0.50725 -0.80963
114101117 0.98810 0.50725 -0.80610
114101118 0.98997 0.50725 -0.80256
114101119 0.99183 0.50725 -0.79902
114101120 0.99370 0.50725 -0.79548
114101121 0.99556 0.50725 -0.79194
114101122 0.99743 0.50725 -0.78840
114101123 0.99929 0.50725 -0.78487
114101124 1.00116 0.50725 -0.78133
114101125 1.00302 0.50725 -0.77779
114101126 1.00489 0.50725 -0.77425
114101127 1.00675 0.50725 -0.77071
114101128 1.00862 0.50725 -0.76717
114101129 1.01048 0.50725 -0.76364
114101130 1.01235 0.50725 -0.76010
114101131 1.01422 0.50725 -0.75656
114101132 1.01608 0.50725 -0.75302
114101133 1.01795 0.50725 -0.74948
114101134 1.01981 0.50725 -0.74594
114101135 1.02168 0.50725 -0.74241
114101136 1.02354 0.50725 -0.73887
114101137 1.02541 0.50725 -0.73533
114101138 1.02727 0.50725 -0.73179
114101139 1.02914 0.50725 -0.72825
114101140 1.03100 0.50725 -0.72471
114101141 1.03287 0.50725 -0.72117
114101142 1.03474 0.50725 -0.71764
114101143 1.03660 0.50725 -0.71410
114101144 1.03847 0.50725 -0.71056
114101145 1.04033 0.50725 -0.70702
114101146 1.04220 0.50725 -0.70348
114101147 1.04406 0.50725 -0.69994
114101148 1.04593 0.50725 -0.69641
114101149 1.04779 0.50725 -0.69287
114101150 1.04966 0.50725 -0.68933
114101151 1.05152 0.50725 -0.68579
114101152 1.05339 0.50725 -0.68225
114101153 1.05526 0.50725 -0.67871
114101154 1.05712 0.50725 -0.67518
114101155 1.05899 0.50725 -0.67164
114101156 1.06085 0.50725 -0.66810
114101157 1.06272 0.50725 -0.66456
114101158 1.06458 0.50725 -0.66102
114101159 1.06645 0.50725 -0.65748
114101160 1.06831 0.50725 -0.65395
114101161 1.07018 0.50725 -0.65041
114101162 1.07204 0.50725 -0.64687
114101163 1.07391 0.50725 -0.64333
114101164 1.07577 0.50725 -0.63979
114101165 1.07764 0.50725 -0.63625
114101166 1.07951 0.50725 -0.63272
114101167 1.08137 0.50725 -0.62918
114101168 1.08324 0.50725 -0.62564
114101169 1.08510 0.50725 -0.62210
114101170 1.08697 0.50725 -0.61856
114101171 1.08883 0.50725 -0.61502
114101172 1.09070 0.50725 -0.61148
114101173 1.09256 0.50725 -0.60795
114101174 1.09443 0.50725 -0.60441
114101175 1.09629 0.50725 -0.60087
114101176 1.09816 0.50725 -0.59733
114101177 1.10003 0.50725 -0.59379
114101178 1.10189 0.50725 -0.59025
114101179 1.10376 0.50725 -0.58672
114101180 1.10562 0.50725 -0.58318
114101181 1.10749 0.50725 -0.57964
114101182 1.10935 0.50725 -0.57610
114101183 1.11122 0.50725 -0.57256
114101184 1.11308 0.50725 -0.56902
114101185 1.11495 0.50725 -0.56549
114101186 1.11681 0.50725 -0.56195
114101187 1.11868 0.50725 -0.55841
114101188 1.12054 0.50725 -0.55487
114101189 1.12241 0.50725 -0.55133
114101190 1.12428 0.50725 -0.54779
114101191 1.12614 0.50725 -0.54426
114101192 1.12801 0.50725 -0.54072
114101193 1.12987 0.50725 -0.53718
114101194 1.13174 0.50725 -0.53364
114101195 1.13360 0.50725 -0.53010
114101196 1.13547 0.50725 -0.52656
114101197 1.13733 0.50725 -0.52303
114101198 1.13920 0.50725 -0.51949
114101199 1.14106 0.50725 -0.51595
114101200 1.14293 0.50725 -0.51241
