# pixelID  x  y  z
104110001 -0.83631 0.50200 -2.00000
104110002 -0.83631 0.50600 -2.00000
104110003 -0.83631 0.51000 -2.00000
104110004 -0.83631 0.51400 -2.00000
104110005 -0.83631 0.51800 -2.00000
104110006 -0.83631 0.52200 -2.00000
104110007 -0.83631 0.52600 -2.00000
104110008 -0.83631 0.53000 -2.00000
104110009 -0.83631 0.53400 -2.00000
104110010 -0.83631 0.53800 -2.00000
104110011 -0.83631 0.54200 -2.00000
104110012 -0.83631 0.54600 -2.00000
104110013 -0.83631 0.55000 -2.00000
104110014 -0.83631 0.55400 -2.00000
104110015 -0.83631 0.55800 -2.00000
104110016 -0.83631 0.56200 -2.00000
104110017 -0.83631 0.56600 -2.00000
104110018 -0.83631 0.57000 -2.00000
104110019 -0.83631 0.57400 -2.00000
104110020 -0.83631 0.57800 -2.00000
104110021 -0.83631 0.58200 -2.00000
104110022 -0.83631 0.58600 -2.00000
104110023 -0.83631 0.59000 -2.00000
104110024 -0.83631 0.59400 -2.00000
104110025 -0.83631 0.59800 -2.00000
104110026 -0.83631 0.60200 -2.00000
104110027 -0.83631 0.60600 -2.00000
104110028 -0.83631 0.61000 -2.00000
104110029 -0.83631 0.61400 -2.00000
104110030 -0.83631 0.61800 -2.00000
104110031 -0.83631 0.62200 -2.00000
104110032 -0.83631 0.62600 -2.00000
104110033 -0.83631 0.63000 -2.00000
104110034 -0.83631 0.63400 -2.00000
104110035 -0.83631 0.63800 -2.00000
104110036 -0.83631 0.64200 -2.00000
104110037 -0.83631 0.64600 -2.00000
104110038 -0.83631 0.65000 -2.00000
104110039 -0.83631 0.65400 -2.00000
104110040 -0.83631 0.65800 -2.00000
104110041 -0.83631 0.66200 -2.00000
104110042 -0.83631 0.66600 -2.00000
104110043 -0.83631 0.67000 -2.00000
104110044 -0.83631 0.67400 -2.00000
104110045 -0.83631 0.67800 -2.00000
104110046 -0.83631 0.68200 -2.00000
104110047 -0.83631 0.68600 -2.00000
104110048 -0.83631 0.69000 -2.00000
104110049 -0.83631 0.69400 -2.00000
104110050 -0.83631 0.69800 -2.00000
104110051 -0.83631 0.70200 -2.00000
104110052 -0.83631 0.70600 -2.00000
104110053 -0.83631 0.71000 -2.00000
104110054 -0.83631 0.71400 -2.00000
104110055 -0.83631 0.71800 -2.00000
104110056 -0.83631 0.72200 -2.00000
104110057 -0.83631 0.72600 -2.00000
104110058 -0.83631 0.73000 -2.00000
104110059 -0.83631 0.73400 -2.00000
104110060 -0.83631 0.73800 -2.00000
104110061 -0.83631 0.74200 -2.00000
104110062 -0.83631 0.74600 -2.00000
104110063 -0.83631 0.75000 -2.00000
104110064 -0.83631 0.75400 -2.00000
104110065 -0.83631 0.75800 -2.00000
104110066 -0.83631 0.76200 -2.00000
104110067 -0.83631 0.76600 -2.00000
104110068 -0.83631 0.77000 -2.00000
104110069 -0.83631 0.77400 -2.00000
104110070 -0.83631 0.77800 -2.00000
104110071 -0.83631 0.78200 -2.00000
104110072 -0.83631 0.78600 -2.00000
104110073 -0.83631 0.79000 -2.00000
104110074 -0.83631 0.79400 -2.00000
104110075 -0.83631 0.79800 -2.00000
104110076 -0.83631 0.80200 -2.00000
104110077 -0.83631 0.80600 -2.00000
104110078 -0.83631 0.81000 -2.00000
104110079 -0.83631 0.81400 -2.00000
104110080 -0.83631 0.81800 -2.00000
104110081 -0.83631 0.82200 -2.00000
104110082 -0.83631 0.82600 -2.00000
104110083 -0.83631 0.83000 -2.00000
104110084 -0.83631 0.83400 -2.00000
104110085 -0.83631 0.83800 -2.00000
104110086 -0.83631 0.84200 -2.00000
104110087 -0.83631 0.84600 -2.00000
104110088 -0.83631 0.85000 -2.00000
104110089 -0.83631 0.85400 -2.00000
104110090 -0.83631 0.85800 -2.00000
104110091 -0.83631 0.86200 -2.00000
104110092 -0.83631 0.86600 -2.00000
104110093 -0.83631 0.87000 -2.00000
104110094 -0.83631 0.87400 -2.00000
104110095 -0.83631 0.87800 -2.00000
104110096 -0.83631 0.88200 -2.00000
104110097 -0.83631 0.88600 -2.00000
104110098 -0.83631 0.89000 -2.00000
104110099 -0.83631 0.89400 -2.00000
104110100 -0.83631 0.89800 -2.00000
104110101 -0.83631 0.90200 -2.00000
104110102 -0.83631 0.90600 -2.00000
104110103 -0.83631 0.91000 -2.00000
104110104 -0.83631 0.91400 -2.00000
104110105 -0.83631 0.91800 -2.00000
104110106 -0.83631 0.92200 -2.00000
104110107 -0.83631 0.92600 -2.00000
104110108 -0.83631 0.93000 -2.00000
104110109 -0.83631 0.93400 -2.00000
104110110 -0.83631 0.93800 -2.00000
104110111 -0.83631 0.94200 -2.00000
104110112 -0.83631 0.94600 -2.00000
104110113 -0.83631 0.95000 -2.00000
104110114 -0.83631 0.95400 -2.00000
104110115 -0.83631 0.95800 -2.00000
104110116 -0.83631 0.96200 -2.00000
104110117 -0.83631 0.96600 -2.00000
104110118 -0.83631 0.97000 -2.00000
104110119 -0.83631 0.97400 -2.00000
104110120 -0.83631 0.97800 -2.00000
104110121 -0.83631 0.98200 -2.00000
104110122 -0.83631 0.98600 -2.00000
104110123 -0.83631 0.99000 -2.00000
104110124 -0.83631 0.99400 -2.00000
104110125 -0.83631 0.99800 -2.00000
104110126 -0.83631 1.00200 -2.00000
104110127 -0.83631 1.00600 -2.00000
104110128 -0.83631 1.01000 -2.00000
104110129 -0.83631 1.01400 -2.00000
104110130 -0.83631 1.01800 -2.00000
104110131 -0.83631 1.02200 -2.00000
104110132 -0.83631 1.02600 -2.00000
104110133 -0.83631 1.03000 -2.00000
104110134 -0.83631 1.03400 -2.00000
104110135 -0.83631 1.03800 -2.00000
104110136 -0.83631 1.04200 -2.00000
104110137 -0.83631 1.04600 -2.00000
104110138 -0.83631 1.05000 -2.00000
104110139 -0.83631 1.05400 -2.00000
104110140 -0.83631 1.05800 -2.00000
104110141 -0.83631 1.06200 -2.00000
104110142 -0.83631 1.06600 -2.00000
104110143 -0.83631 1.07000 -2.00000
104110144 -0.83631 1.07400 -2.00000
104110145 -0.83631 1.07800 -2.00000
104110146 -0.83631 1.08200 -2.00000
104110147 -0.83631 1.08600 -2.00000
104110148 -0.83631 1.09000 -2.00000
104110149 -0.83631 1.09400 -2.00000
104110150 -0.83631 1.09800 -2.00000
104110151 -0.82781 0.50200 -2.00000
104110152 -0.82781 0.50600 -2.00000
104110153 -0.82781 0.51000 -2.00000
104110154 -0.82781 0.51400 -2.00000
104110155 -0.82781 0.51800 -2.00000
104110156 -0.82781 0.52200 -2.00000
104110157 -0.82781 0.52600 -2.00000
104110158 -0.82781 0.53000 -2.00000
104110159 -0.82781 0.53400 -2.00000
104110160 -0.82781 0.53800 -2.00000
104110161 -0.82781 0.54200 -2.00000
104110162 -0.82781 0.54600 -2.00000
104110163 -0.82781 0.55000 -2.00000
104110164 -0.82781 0.55400 -2.00000
104110165 -0.82781 0.55800 -2.00000
104110166 -0.82781 0.56200 -2.00000
104110167 -0.82781 0.56600 -2.00000
104110168 -0.82781 0.57000 -2.00000
104110169 -0.82781 0.57400 -2.00000
104110170 -0.82781 0.57800 -2.00000
104110171 -0.82781 0.58200 -2.00000
104110172 -0.82781 0.58600 -2.00000
104110173 -0.82781 0.59000 -2.00000
104110174 -0.82781 0.59400 -2.00000
104110175 -0.82781 0.59800 -2.00000
104110176 -0.82781 0.60200 -2.00000
104110177 -0.82781 0.60600 -2.00000
104110178 -0.82781 0.61000 -2.00000
104110179 -0.82781 0.61400 -2.00000
104110180 -0.82781 0.61800 -2.00000
104110181 -0.82781 0.62200 -2.00000
104110182 -0.82781 0.62600 -2.00000
104110183 -0.82781 0.63000 -2.00000
104110184 -0.82781 0.63400 -2.00000
104110185 -0.82781 0.63800 -2.00000
104110186 -0.82781 0.64200 -2.00000
104110187 -0.82781 0.64600 -2.00000
104110188 -0.82781 0.65000 -2.00000
104110189 -0.82781 0.65400 -2.00000
104110190 -0.82781 0.65800 -2.00000
104110191 -0.82781 0.66200 -2.00000
104110192 -0.82781 0.66600 -2.00000
104110193 -0.82781 0.67000 -2.00000
104110194 -0.82781 0.67400 -2.00000
104110195 -0.82781 0.67800 -2.00000
104110196 -0.82781 0.68200 -2.00000
104110197 -0.82781 0.68600 -2.00000
104110198 -0.82781 0.69000 -2.00000
104110199 -0.82781 0.69400 -2.00000
104110200 -0.82781 0.69800 -2.00000
104110201 -0.82781 0.70200 -2.00000
104110202 -0.82781 0.70600 -2.00000
104110203 -0.82781 0.71000 -2.00000
104110204 -0.82781 0.71400 -2.00000
104110205 -0.82781 0.71800 -2.00000
104110206 -0.82781 0.72200 -2.00000
104110207 -0.82781 0.72600 -2.00000
104110208 -0.82781 0.73000 -2.00000
104110209 -0.82781 0.73400 -2.00000
104110210 -0.82781 0.73800 -2.00000
104110211 -0.82781 0.74200 -2.00000
104110212 -0.82781 0.74600 -2.00000
104110213 -0.82781 0.75000 -2.00000
104110214 -0.82781 0.75400 -2.00000
104110215 -0.82781 0.75800 -2.00000
104110216 -0.82781 0.76200 -2.00000
104110217 -0.82781 0.76600 -2.00000
104110218 -0.82781 0.77000 -2.00000
104110219 -0.82781 0.77400 -2.00000
104110220 -0.82781 0.77800 -2.00000
104110221 -0.82781 0.78200 -2.00000
104110222 -0.82781 0.78600 -2.00000
104110223 -0.82781 0.79000 -2.00000
104110224 -0.82781 0.79400 -2.00000
104110225 -0.82781 0.79800 -2.00000
104110226 -0.82781 0.80200 -2.00000
104110227 -0.82781 0.80600 -2.00000
104110228 -0.82781 0.81000 -2.00000
104110229 -0.82781 0.81400 -2.00000
104110230 -0.82781 0.81800 -2.00000
104110231 -0.82781 0.82200 -2.00000
104110232 -0.82781 0.82600 -2.00000
104110233 -0.82781 0.83000 -2.00000
104110234 -0.82781 0.83400 -2.00000
104110235 -0.82781 0.83800 -2.00000
104110236 -0.82781 0.84200 -2.00000
104110237 -0.82781 0.84600 -2.00000
104110238 -0.82781 0.85000 -2.00000
104110239 -0.82781 0.85400 -2.00000
104110240 -0.82781 0.85800 -2.00000
104110241 -0.82781 0.86200 -2.00000
104110242 -0.82781 0.86600 -2.00000
104110243 -0.82781 0.87000 -2.00000
104110244 -0.82781 0.87400 -2.00000
104110245 -0.82781 0.87800 -2.00000
104110246 -0.82781 0.88200 -2.00000
104110247 -0.82781 0.88600 -2.00000
104110248 -0.82781 0.89000 -2.00000
104110249 -0.82781 0.89400 -2.00000
104110250 -0.82781 0.89800 -2.00000
104110251 -0.82781 0.90200 -2.00000
104110252 -0.82781 0.90600 -2.00000
104110253 -0.82781 0.91000 -2.00000
104110254 -0.82781 0.91400 -2.00000
104110255 -0.82781 0.91800 -2.00000
104110256 -0.82781 0.92200 -2.00000
104110257 -0.82781 0.92600 -2.00000
104110258 -0.82781 0.93000 -2.00000
104110259 -0.82781 0.93400 -2.00000
104110260 -0.82781 0.93800 -2.00000
104110261 -0.82781 0.94200 -2.00000
104110262 -0.82781 0.94600 -2.00000
104110263 -0.82781 0.95000 -2.00000
104110264 -0.82781 0.95400 -2.00000
104110265 -0.82781 0.95800 -2.00000
104110266 -0.82781 0.96200 -2.00000
104110267 -0.82781 0.96600 -2.00000
104110268 -0.82781 0.97000 -2.00000
104110269 -0.82781 0.97400 -2.00000
104110270 -0.82781 0.97800 -2.00000
104110271 -0.82781 0.98200 -2.00000
104110272 -0.82781 0.98600 -2.00000
104110273 -0.82781 0.99000 -2.00000
104110274 -0.82781 0.99400 -2.00000
104110275 -0.82781 0.99800 -2.00000
104110276 -0.82781 1.00200 -2.00000
104110277 -0.82781 1.00600 -2.00000
104110278 -0.82781 1.01000 -2.00000
104110279 -0.82781 1.01400 -2.00000
104110280 -0.82781 1.01800 -2.00000
104110281 -0.82781 1.02200 -2.00000
104110282 -0.82781 1.02600 -2.00000
104110283 -0.82781 1.03000 -2.00000
104110284 -0.82781 1.03400 -2.00000
104110285 -0.82781 1.03800 -2.00000
104110286 -0.82781 1.04200 -2.00000
104110287 -0.82781 1.04600 -2.00000
104110288 -0.82781 1.05000 -2.00000
104110289 -0.82781 1.05400 -2.00000
104110290 -0.82781 1.05800 -2.00000
104110291 -0.82781 1.06200 -2.00000
104110292 -0.82781 1.06600 -2.00000
104110293 -0.82781 1.07000 -2.00000
104110294 -0.82781 1.07400 -2.00000
104110295 -0.82781 1.07800 -2.00000
104110296 -0.82781 1.08200 -2.00000
104110297 -0.82781 1.08600 -2.00000
104110298 -0.82781 1.09000 -2.00000
104110299 -0.82781 1.09400 -2.00000
104110300 -0.82781 1.09800 -2.00000
104110301 -0.81931 0.50200 -2.00000
104110302 -0.81931 0.50600 -2.00000
104110303 -0.81931 0.51000 -2.00000
104110304 -0.81931 0.51400 -2.00000
104110305 -0.81931 0.51800 -2.00000
104110306 -0.81931 0.52200 -2.00000
104110307 -0.81931 0.52600 -2.00000
104110308 -0.81931 0.53000 -2.00000
104110309 -0.81931 0.53400 -2.00000
104110310 -0.81931 0.53800 -2.00000
104110311 -0.81931 0.54200 -2.00000
104110312 -0.81931 0.54600 -2.00000
104110313 -0.81931 0.55000 -2.00000
104110314 -0.81931 0.55400 -2.00000
104110315 -0.81931 0.55800 -2.00000
104110316 -0.81931 0.56200 -2.00000
104110317 -0.81931 0.56600 -2.00000
104110318 -0.81931 0.57000 -2.00000
104110319 -0.81931 0.57400 -2.00000
104110320 -0.81931 0.57800 -2.00000
104110321 -0.81931 0.58200 -2.00000
104110322 -0.81931 0.58600 -2.00000
104110323 -0.81931 0.59000 -2.00000
104110324 -0.81931 0.59400 -2.00000
104110325 -0.81931 0.59800 -2.00000
104110326 -0.81931 0.60200 -2.00000
104110327 -0.81931 0.60600 -2.00000
104110328 -0.81931 0.61000 -2.00000
104110329 -0.81931 0.61400 -2.00000
104110330 -0.81931 0.61800 -2.00000
104110331 -0.81931 0.62200 -2.00000
104110332 -0.81931 0.62600 -2.00000
104110333 -0.81931 0.63000 -2.00000
104110334 -0.81931 0.63400 -2.00000
104110335 -0.81931 0.63800 -2.00000
104110336 -0.81931 0.64200 -2.00000
104110337 -0.81931 0.64600 -2.00000
104110338 -0.81931 0.65000 -2.00000
104110339 -0.81931 0.65400 -2.00000
104110340 -0.81931 0.65800 -2.00000
104110341 -0.81931 0.66200 -2.00000
104110342 -0.81931 0.66600 -2.00000
104110343 -0.81931 0.67000 -2.00000
104110344 -0.81931 0.67400 -2.00000
104110345 -0.81931 0.67800 -2.00000
104110346 -0.81931 0.68200 -2.00000
104110347 -0.81931 0.68600 -2.00000
104110348 -0.81931 0.69000 -2.00000
104110349 -0.81931 0.69400 -2.00000
104110350 -0.81931 0.69800 -2.00000
104110351 -0.81931 0.70200 -2.00000
104110352 -0.81931 0.70600 -2.00000
104110353 -0.81931 0.71000 -2.00000
104110354 -0.81931 0.71400 -2.00000
104110355 -0.81931 0.71800 -2.00000
104110356 -0.81931 0.72200 -2.00000
104110357 -0.81931 0.72600 -2.00000
104110358 -0.81931 0.73000 -2.00000
104110359 -0.81931 0.73400 -2.00000
104110360 -0.81931 0.73800 -2.00000
104110361 -0.81931 0.74200 -2.00000
104110362 -0.81931 0.74600 -2.00000
104110363 -0.81931 0.75000 -2.00000
104110364 -0.81931 0.75400 -2.00000
104110365 -0.81931 0.75800 -2.00000
104110366 -0.81931 0.76200 -2.00000
104110367 -0.81931 0.76600 -2.00000
104110368 -0.81931 0.77000 -2.00000
104110369 -0.81931 0.77400 -2.00000
104110370 -0.81931 0.77800 -2.00000
104110371 -0.81931 0.78200 -2.00000
104110372 -0.81931 0.78600 -2.00000
104110373 -0.81931 0.79000 -2.00000
104110374 -0.81931 0.79400 -2.00000
104110375 -0.81931 0.79800 -2.00000
104110376 -0.81931 0.80200 -2.00000
104110377 -0.81931 0.80600 -2.00000
104110378 -0.81931 0.81000 -2.00000
104110379 -0.81931 0.81400 -2.00000
104110380 -0.81931 0.81800 -2.00000
104110381 -0.81931 0.82200 -2.00000
104110382 -0.81931 0.82600 -2.00000
104110383 -0.81931 0.83000 -2.00000
104110384 -0.81931 0.83400 -2.00000
104110385 -0.81931 0.83800 -2.00000
104110386 -0.81931 0.84200 -2.00000
104110387 -0.81931 0.84600 -2.00000
104110388 -0.81931 0.85000 -2.00000
104110389 -0.81931 0.85400 -2.00000
104110390 -0.81931 0.85800 -2.00000
104110391 -0.81931 0.86200 -2.00000
104110392 -0.81931 0.86600 -2.00000
104110393 -0.81931 0.87000 -2.00000
104110394 -0.81931 0.87400 -2.00000
104110395 -0.81931 0.87800 -2.00000
104110396 -0.81931 0.88200 -2.00000
104110397 -0.81931 0.88600 -2.00000
104110398 -0.81931 0.89000 -2.00000
104110399 -0.81931 0.89400 -2.00000
104110400 -0.81931 0.89800 -2.00000
104110401 -0.81931 0.90200 -2.00000
104110402 -0.81931 0.90600 -2.00000
104110403 -0.81931 0.91000 -2.00000
104110404 -0.81931 0.91400 -2.00000
104110405 -0.81931 0.91800 -2.00000
104110406 -0.81931 0.92200 -2.00000
104110407 -0.81931 0.92600 -2.00000
104110408 -0.81931 0.93000 -2.00000
104110409 -0.81931 0.93400 -2.00000
104110410 -0.81931 0.93800 -2.00000
104110411 -0.81931 0.94200 -2.00000
104110412 -0.81931 0.94600 -2.00000
104110413 -0.81931 0.95000 -2.00000
104110414 -0.81931 0.95400 -2.00000
104110415 -0.81931 0.95800 -2.00000
104110416 -0.81931 0.96200 -2.00000
104110417 -0.81931 0.96600 -2.00000
104110418 -0.81931 0.97000 -2.00000
104110419 -0.81931 0.97400 -2.00000
104110420 -0.81931 0.97800 -2.00000
104110421 -0.81931 0.98200 -2.00000
104110422 -0.81931 0.98600 -2.00000
104110423 -0.81931 0.99000 -2.00000
104110424 -0.81931 0.99400 -2.00000
104110425 -0.81931 0.99800 -2.00000
104110426 -0.81931 1.00200 -2.00000
104110427 -0.81931 1.00600 -2.00000
104110428 -0.81931 1.01000 -2.00000
104110429 -0.81931 1.01400 -2.00000
104110430 -0.81931 1.01800 -2.00000
104110431 -0.81931 1.02200 -2.00000
104110432 -0.81931 1.02600 -2.00000
104110433 -0.81931 1.03000 -2.00000
104110434 -0.81931 1.03400 -2.00000
104110435 -0.81931 1.03800 -2.00000
104110436 -0.81931 1.04200 -2.00000
104110437 -0.81931 1.04600 -2.00000
104110438 -0.81931 1.05000 -2.00000
104110439 -0.81931 1.05400 -2.00000
104110440 -0.81931 1.05800 -2.00000
104110441 -0.81931 1.06200 -2.00000
104110442 -0.81931 1.06600 -2.00000
104110443 -0.81931 1.07000 -2.00000
104110444 -0.81931 1.07400 -2.00000
104110445 -0.81931 1.07800 -2.00000
104110446 -0.81931 1.08200 -2.00000
104110447 -0.81931 1.08600 -2.00000
104110448 -0.81931 1.09000 -2.00000
104110449 -0.81931 1.09400 -2.00000
104110450 -0.81931 1.09800 -2.00000
104110451 -0.81081 0.50200 -2.00000
104110452 -0.81081 0.50600 -2.00000
104110453 -0.81081 0.51000 -2.00000
104110454 -0.81081 0.51400 -2.00000
104110455 -0.81081 0.51800 -2.00000
104110456 -0.81081 0.52200 -2.00000
104110457 -0.81081 0.52600 -2.00000
104110458 -0.81081 0.53000 -2.00000
104110459 -0.81081 0.53400 -2.00000
104110460 -0.81081 0.53800 -2.00000
104110461 -0.81081 0.54200 -2.00000
104110462 -0.81081 0.54600 -2.00000
104110463 -0.81081 0.55000 -2.00000
104110464 -0.81081 0.55400 -2.00000
104110465 -0.81081 0.55800 -2.00000
104110466 -0.81081 0.56200 -2.00000
104110467 -0.81081 0.56600 -2.00000
104110468 -0.81081 0.57000 -2.00000
104110469 -0.81081 0.57400 -2.00000
104110470 -0.81081 0.57800 -2.00000
104110471 -0.81081 0.58200 -2.00000
104110472 -0.81081 0.58600 -2.00000
104110473 -0.81081 0.59000 -2.00000
104110474 -0.81081 0.59400 -2.00000
104110475 -0.81081 0.59800 -2.00000
104110476 -0.81081 0.60200 -2.00000
104110477 -0.81081 0.60600 -2.00000
104110478 -0.81081 0.61000 -2.00000
104110479 -0.81081 0.61400 -2.00000
104110480 -0.81081 0.61800 -2.00000
104110481 -0.81081 0.62200 -2.00000
104110482 -0.81081 0.62600 -2.00000
104110483 -0.81081 0.63000 -2.00000
104110484 -0.81081 0.63400 -2.00000
104110485 -0.81081 0.63800 -2.00000
104110486 -0.81081 0.64200 -2.00000
104110487 -0.81081 0.64600 -2.00000
104110488 -0.81081 0.65000 -2.00000
104110489 -0.81081 0.65400 -2.00000
104110490 -0.81081 0.65800 -2.00000
104110491 -0.81081 0.66200 -2.00000
104110492 -0.81081 0.66600 -2.00000
104110493 -0.81081 0.67000 -2.00000
104110494 -0.81081 0.67400 -2.00000
104110495 -0.81081 0.67800 -2.00000
104110496 -0.81081 0.68200 -2.00000
104110497 -0.81081 0.68600 -2.00000
104110498 -0.81081 0.69000 -2.00000
104110499 -0.81081 0.69400 -2.00000
104110500 -0.81081 0.69800 -2.00000
104110501 -0.81081 0.70200 -2.00000
104110502 -0.81081 0.70600 -2.00000
104110503 -0.81081 0.71000 -2.00000
104110504 -0.81081 0.71400 -2.00000
104110505 -0.81081 0.71800 -2.00000
104110506 -0.81081 0.72200 -2.00000
104110507 -0.81081 0.72600 -2.00000
104110508 -0.81081 0.73000 -2.00000
104110509 -0.81081 0.73400 -2.00000
104110510 -0.81081 0.73800 -2.00000
104110511 -0.81081 0.74200 -2.00000
104110512 -0.81081 0.74600 -2.00000
104110513 -0.81081 0.75000 -2.00000
104110514 -0.81081 0.75400 -2.00000
104110515 -0.81081 0.75800 -2.00000
104110516 -0.81081 0.76200 -2.00000
104110517 -0.81081 0.76600 -2.00000
104110518 -0.81081 0.77000 -2.00000
104110519 -0.81081 0.77400 -2.00000
104110520 -0.81081 0.77800 -2.00000
104110521 -0.81081 0.78200 -2.00000
104110522 -0.81081 0.78600 -2.00000
104110523 -0.81081 0.79000 -2.00000
104110524 -0.81081 0.79400 -2.00000
104110525 -0.81081 0.79800 -2.00000
104110526 -0.81081 0.80200 -2.00000
104110527 -0.81081 0.80600 -2.00000
104110528 -0.81081 0.81000 -2.00000
104110529 -0.81081 0.81400 -2.00000
104110530 -0.81081 0.81800 -2.00000
104110531 -0.81081 0.82200 -2.00000
104110532 -0.81081 0.82600 -2.00000
104110533 -0.81081 0.83000 -2.00000
104110534 -0.81081 0.83400 -2.00000
104110535 -0.81081 0.83800 -2.00000
104110536 -0.81081 0.84200 -2.00000
104110537 -0.81081 0.84600 -2.00000
104110538 -0.81081 0.85000 -2.00000
104110539 -0.81081 0.85400 -2.00000
104110540 -0.81081 0.85800 -2.00000
104110541 -0.81081 0.86200 -2.00000
104110542 -0.81081 0.86600 -2.00000
104110543 -0.81081 0.87000 -2.00000
104110544 -0.81081 0.87400 -2.00000
104110545 -0.81081 0.87800 -2.00000
104110546 -0.81081 0.88200 -2.00000
104110547 -0.81081 0.88600 -2.00000
104110548 -0.81081 0.89000 -2.00000
104110549 -0.81081 0.89400 -2.00000
104110550 -0.81081 0.89800 -2.00000
104110551 -0.81081 0.90200 -2.00000
104110552 -0.81081 0.90600 -2.00000
104110553 -0.81081 0.91000 -2.00000
104110554 -0.81081 0.91400 -2.00000
104110555 -0.81081 0.91800 -2.00000
104110556 -0.81081 0.92200 -2.00000
104110557 -0.81081 0.92600 -2.00000
104110558 -0.81081 0.93000 -2.00000
104110559 -0.81081 0.93400 -2.00000
104110560 -0.81081 0.93800 -2.00000
104110561 -0.81081 0.94200 -2.00000
104110562 -0.81081 0.94600 -2.00000
104110563 -0.81081 0.95000 -2.00000
104110564 -0.81081 0.95400 -2.00000
104110565 -0.81081 0.95800 -2.00000
104110566 -0.81081 0.96200 -2.00000
104110567 -0.81081 0.96600 -2.00000
104110568 -0.81081 0.97000 -2.00000
104110569 -0.81081 0.97400 -2.00000
104110570 -0.81081 0.97800 -2.00000
104110571 -0.81081 0.98200 -2.00000
104110572 -0.81081 0.98600 -2.00000
104110573 -0.81081 0.99000 -2.00000
104110574 -0.81081 0.99400 -2.00000
104110575 -0.81081 0.99800 -2.00000
104110576 -0.81081 1.00200 -2.00000
104110577 -0.81081 1.00600 -2.00000
104110578 -0.81081 1.01000 -2.00000
104110579 -0.81081 1.01400 -2.00000
104110580 -0.81081 1.01800 -2.00000
104110581 -0.81081 1.02200 -2.00000
104110582 -0.81081 1.02600 -2.00000
104110583 -0.81081 1.03000 -2.00000
104110584 -0.81081 1.03400 -2.00000
104110585 -0.81081 1.03800 -2.00000
104110586 -0.81081 1.04200 -2.00000
104110587 -0.81081 1.04600 -2.00000
104110588 -0.81081 1.05000 -2.00000
104110589 -0.81081 1.05400 -2.00000
104110590 -0.81081 1.05800 -2.00000
104110591 -0.81081 1.06200 -2.00000
104110592 -0.81081 1.06600 -2.00000
104110593 -0.81081 1.07000 -2.00000
104110594 -0.81081 1.07400 -2.00000
104110595 -0.81081 1.07800 -2.00000
104110596 -0.81081 1.08200 -2.00000
104110597 -0.81081 1.08600 -2.00000
104110598 -0.81081 1.09000 -2.00000
104110599 -0.81081 1.09400 -2.00000
104110600 -0.81081 1.09800 -2.00000
104110601 -0.80231 0.50200 -2.00000
104110602 -0.80231 0.50600 -2.00000
104110603 -0.80231 0.51000 -2.00000
104110604 -0.80231 0.51400 -2.00000
104110605 -0.80231 0.51800 -2.00000
104110606 -0.80231 0.52200 -2.00000
104110607 -0.80231 0.52600 -2.00000
104110608 -0.80231 0.53000 -2.00000
104110609 -0.80231 0.53400 -2.00000
104110610 -0.80231 0.53800 -2.00000
104110611 -0.80231 0.54200 -2.00000
104110612 -0.80231 0.54600 -2.00000
104110613 -0.80231 0.55000 -2.00000
104110614 -0.80231 0.55400 -2.00000
104110615 -0.80231 0.55800 -2.00000
104110616 -0.80231 0.56200 -2.00000
104110617 -0.80231 0.56600 -2.00000
104110618 -0.80231 0.57000 -2.00000
104110619 -0.80231 0.57400 -2.00000
104110620 -0.80231 0.57800 -2.00000
104110621 -0.80231 0.58200 -2.00000
104110622 -0.80231 0.58600 -2.00000
104110623 -0.80231 0.59000 -2.00000
104110624 -0.80231 0.59400 -2.00000
104110625 -0.80231 0.59800 -2.00000
104110626 -0.80231 0.60200 -2.00000
104110627 -0.80231 0.60600 -2.00000
104110628 -0.80231 0.61000 -2.00000
104110629 -0.80231 0.61400 -2.00000
104110630 -0.80231 0.61800 -2.00000
104110631 -0.80231 0.62200 -2.00000
104110632 -0.80231 0.62600 -2.00000
104110633 -0.80231 0.63000 -2.00000
104110634 -0.80231 0.63400 -2.00000
104110635 -0.80231 0.63800 -2.00000
104110636 -0.80231 0.64200 -2.00000
104110637 -0.80231 0.64600 -2.00000
104110638 -0.80231 0.65000 -2.00000
104110639 -0.80231 0.65400 -2.00000
104110640 -0.80231 0.65800 -2.00000
104110641 -0.80231 0.66200 -2.00000
104110642 -0.80231 0.66600 -2.00000
104110643 -0.80231 0.67000 -2.00000
104110644 -0.80231 0.67400 -2.00000
104110645 -0.80231 0.67800 -2.00000
104110646 -0.80231 0.68200 -2.00000
104110647 -0.80231 0.68600 -2.00000
104110648 -0.80231 0.69000 -2.00000
104110649 -0.80231 0.69400 -2.00000
104110650 -0.80231 0.69800 -2.00000
104110651 -0.80231 0.70200 -2.00000
104110652 -0.80231 0.70600 -2.00000
104110653 -0.80231 0.71000 -2.00000
104110654 -0.80231 0.71400 -2.00000
104110655 -0.80231 0.71800 -2.00000
104110656 -0.80231 0.72200 -2.00000
104110657 -0.80231 0.72600 -2.00000
104110658 -0.80231 0.73000 -2.00000
104110659 -0.80231 0.73400 -2.00000
104110660 -0.80231 0.73800 -2.00000
104110661 -0.80231 0.74200 -2.00000
104110662 -0.80231 0.74600 -2.00000
104110663 -0.80231 0.75000 -2.00000
104110664 -0.80231 0.75400 -2.00000
104110665 -0.80231 0.75800 -2.00000
104110666 -0.80231 0.76200 -2.00000
104110667 -0.80231 0.76600 -2.00000
104110668 -0.80231 0.77000 -2.00000
104110669 -0.80231 0.77400 -2.00000
104110670 -0.80231 0.77800 -2.00000
104110671 -0.80231 0.78200 -2.00000
104110672 -0.80231 0.78600 -2.00000
104110673 -0.80231 0.79000 -2.00000
104110674 -0.80231 0.79400 -2.00000
104110675 -0.80231 0.79800 -2.00000
104110676 -0.80231 0.80200 -2.00000
104110677 -0.80231 0.80600 -2.00000
104110678 -0.80231 0.81000 -2.00000
104110679 -0.80231 0.81400 -2.00000
104110680 -0.80231 0.81800 -2.00000
104110681 -0.80231 0.82200 -2.00000
104110682 -0.80231 0.82600 -2.00000
104110683 -0.80231 0.83000 -2.00000
104110684 -0.80231 0.83400 -2.00000
104110685 -0.80231 0.83800 -2.00000
104110686 -0.80231 0.84200 -2.00000
104110687 -0.80231 0.84600 -2.00000
104110688 -0.80231 0.85000 -2.00000
104110689 -0.80231 0.85400 -2.00000
104110690 -0.80231 0.85800 -2.00000
104110691 -0.80231 0.86200 -2.00000
104110692 -0.80231 0.86600 -2.00000
104110693 -0.80231 0.87000 -2.00000
104110694 -0.80231 0.87400 -2.00000
104110695 -0.80231 0.87800 -2.00000
104110696 -0.80231 0.88200 -2.00000
104110697 -0.80231 0.88600 -2.00000
104110698 -0.80231 0.89000 -2.00000
104110699 -0.80231 0.89400 -2.00000
104110700 -0.80231 0.89800 -2.00000
104110701 -0.80231 0.90200 -2.00000
104110702 -0.80231 0.90600 -2.00000
104110703 -0.80231 0.91000 -2.00000
104110704 -0.80231 0.91400 -2.00000
104110705 -0.80231 0.91800 -2.00000
104110706 -0.80231 0.92200 -2.00000
104110707 -0.80231 0.92600 -2.00000
104110708 -0.80231 0.93000 -2.00000
104110709 -0.80231 0.93400 -2.00000
104110710 -0.80231 0.93800 -2.00000
104110711 -0.80231 0.94200 -2.00000
104110712 -0.80231 0.94600 -2.00000
104110713 -0.80231 0.95000 -2.00000
104110714 -0.80231 0.95400 -2.00000
104110715 -0.80231 0.95800 -2.00000
104110716 -0.80231 0.96200 -2.00000
104110717 -0.80231 0.96600 -2.00000
104110718 -0.80231 0.97000 -2.00000
104110719 -0.80231 0.97400 -2.00000
104110720 -0.80231 0.97800 -2.00000
104110721 -0.80231 0.98200 -2.00000
104110722 -0.80231 0.98600 -2.00000
104110723 -0.80231 0.99000 -2.00000
104110724 -0.80231 0.99400 -2.00000
104110725 -0.80231 0.99800 -2.00000
104110726 -0.80231 1.00200 -2.00000
104110727 -0.80231 1.00600 -2.00000
104110728 -0.80231 1.01000 -2.00000
104110729 -0.80231 1.01400 -2.00000
104110730 -0.80231 1.01800 -2.00000
104110731 -0.80231 1.02200 -2.00000
104110732 -0.80231 1.02600 -2.00000
104110733 -0.80231 1.03000 -2.00000
104110734 -0.80231 1.03400 -2.00000
104110735 -0.80231 1.03800 -2.00000
104110736 -0.80231 1.04200 -2.00000
104110737 -0.80231 1.04600 -2.00000
104110738 -0.80231 1.05000 -2.00000
104110739 -0.80231 1.05400 -2.00000
104110740 -0.80231 1.05800 -2.00000
104110741 -0.80231 1.06200 -2.00000
104110742 -0.80231 1.06600 -2.00000
104110743 -0.80231 1.07000 -2.00000
104110744 -0.80231 1.07400 -2.00000
104110745 -0.80231 1.07800 -2.00000
104110746 -0.80231 1.08200 -2.00000
104110747 -0.80231 1.08600 -2.00000
104110748 -0.80231 1.09000 -2.00000
104110749 -0.80231 1.09400 -2.00000
104110750 -0.80231 1.09800 -2.00000
104110751 -0.79381 0.50200 -2.00000
104110752 -0.79381 0.50600 -2.00000
104110753 -0.79381 0.51000 -2.00000
104110754 -0.79381 0.51400 -2.00000
104110755 -0.79381 0.51800 -2.00000
104110756 -0.79381 0.52200 -2.00000
104110757 -0.79381 0.52600 -2.00000
104110758 -0.79381 0.53000 -2.00000
104110759 -0.79381 0.53400 -2.00000
104110760 -0.79381 0.53800 -2.00000
104110761 -0.79381 0.54200 -2.00000
104110762 -0.79381 0.54600 -2.00000
104110763 -0.79381 0.55000 -2.00000
104110764 -0.79381 0.55400 -2.00000
104110765 -0.79381 0.55800 -2.00000
104110766 -0.79381 0.56200 -2.00000
104110767 -0.79381 0.56600 -2.00000
104110768 -0.79381 0.57000 -2.00000
104110769 -0.79381 0.57400 -2.00000
104110770 -0.79381 0.57800 -2.00000
104110771 -0.79381 0.58200 -2.00000
104110772 -0.79381 0.58600 -2.00000
104110773 -0.79381 0.59000 -2.00000
104110774 -0.79381 0.59400 -2.00000
104110775 -0.79381 0.59800 -2.00000
104110776 -0.79381 0.60200 -2.00000
104110777 -0.79381 0.60600 -2.00000
104110778 -0.79381 0.61000 -2.00000
104110779 -0.79381 0.61400 -2.00000
104110780 -0.79381 0.61800 -2.00000
104110781 -0.79381 0.62200 -2.00000
104110782 -0.79381 0.62600 -2.00000
104110783 -0.79381 0.63000 -2.00000
104110784 -0.79381 0.63400 -2.00000
104110785 -0.79381 0.63800 -2.00000
104110786 -0.79381 0.64200 -2.00000
104110787 -0.79381 0.64600 -2.00000
104110788 -0.79381 0.65000 -2.00000
104110789 -0.79381 0.65400 -2.00000
104110790 -0.79381 0.65800 -2.00000
104110791 -0.79381 0.66200 -2.00000
104110792 -0.79381 0.66600 -2.00000
104110793 -0.79381 0.67000 -2.00000
104110794 -0.79381 0.67400 -2.00000
104110795 -0.79381 0.67800 -2.00000
104110796 -0.79381 0.68200 -2.00000
104110797 -0.79381 0.68600 -2.00000
104110798 -0.79381 0.69000 -2.00000
104110799 -0.79381 0.69400 -2.00000
104110800 -0.79381 0.69800 -2.00000
104110801 -0.79381 0.70200 -2.00000
104110802 -0.79381 0.70600 -2.00000
104110803 -0.79381 0.71000 -2.00000
104110804 -0.79381 0.71400 -2.00000
104110805 -0.79381 0.71800 -2.00000
104110806 -0.79381 0.72200 -2.00000
104110807 -0.79381 0.72600 -2.00000
104110808 -0.79381 0.73000 -2.00000
104110809 -0.79381 0.73400 -2.00000
104110810 -0.79381 0.73800 -2.00000
104110811 -0.79381 0.74200 -2.00000
104110812 -0.79381 0.74600 -2.00000
104110813 -0.79381 0.75000 -2.00000
104110814 -0.79381 0.75400 -2.00000
104110815 -0.79381 0.75800 -2.00000
104110816 -0.79381 0.76200 -2.00000
104110817 -0.79381 0.76600 -2.00000
104110818 -0.79381 0.77000 -2.00000
104110819 -0.79381 0.77400 -2.00000
104110820 -0.79381 0.77800 -2.00000
104110821 -0.79381 0.78200 -2.00000
104110822 -0.79381 0.78600 -2.00000
104110823 -0.79381 0.79000 -2.00000
104110824 -0.79381 0.79400 -2.00000
104110825 -0.79381 0.79800 -2.00000
104110826 -0.79381 0.80200 -2.00000
104110827 -0.79381 0.80600 -2.00000
104110828 -0.79381 0.81000 -2.00000
104110829 -0.79381 0.81400 -2.00000
104110830 -0.79381 0.81800 -2.00000
104110831 -0.79381 0.82200 -2.00000
104110832 -0.79381 0.82600 -2.00000
104110833 -0.79381 0.83000 -2.00000
104110834 -0.79381 0.83400 -2.00000
104110835 -0.79381 0.83800 -2.00000
104110836 -0.79381 0.84200 -2.00000
104110837 -0.79381 0.84600 -2.00000
104110838 -0.79381 0.85000 -2.00000
104110839 -0.79381 0.85400 -2.00000
104110840 -0.79381 0.85800 -2.00000
104110841 -0.79381 0.86200 -2.00000
104110842 -0.79381 0.86600 -2.00000
104110843 -0.79381 0.87000 -2.00000
104110844 -0.79381 0.87400 -2.00000
104110845 -0.79381 0.87800 -2.00000
104110846 -0.79381 0.88200 -2.00000
104110847 -0.79381 0.88600 -2.00000
104110848 -0.79381 0.89000 -2.00000
104110849 -0.79381 0.89400 -2.00000
104110850 -0.79381 0.89800 -2.00000
104110851 -0.79381 0.90200 -2.00000
104110852 -0.79381 0.90600 -2.00000
104110853 -0.79381 0.91000 -2.00000
104110854 -0.79381 0.91400 -2.00000
104110855 -0.79381 0.91800 -2.00000
104110856 -0.79381 0.92200 -2.00000
104110857 -0.79381 0.92600 -2.00000
104110858 -0.79381 0.93000 -2.00000
104110859 -0.79381 0.93400 -2.00000
104110860 -0.79381 0.93800 -2.00000
104110861 -0.79381 0.94200 -2.00000
104110862 -0.79381 0.94600 -2.00000
104110863 -0.79381 0.95000 -2.00000
104110864 -0.79381 0.95400 -2.00000
104110865 -0.79381 0.95800 -2.00000
104110866 -0.79381 0.96200 -2.00000
104110867 -0.79381 0.96600 -2.00000
104110868 -0.79381 0.97000 -2.00000
104110869 -0.79381 0.97400 -2.00000
104110870 -0.79381 0.97800 -2.00000
104110871 -0.79381 0.98200 -2.00000
104110872 -0.79381 0.98600 -2.00000
104110873 -0.79381 0.99000 -2.00000
104110874 -0.79381 0.99400 -2.00000
104110875 -0.79381 0.99800 -2.00000
104110876 -0.79381 1.00200 -2.00000
104110877 -0.79381 1.00600 -2.00000
104110878 -0.79381 1.01000 -2.00000
104110879 -0.79381 1.01400 -2.00000
104110880 -0.79381 1.01800 -2.00000
104110881 -0.79381 1.02200 -2.00000
104110882 -0.79381 1.02600 -2.00000
104110883 -0.79381 1.03000 -2.00000
104110884 -0.79381 1.03400 -2.00000
104110885 -0.79381 1.03800 -2.00000
104110886 -0.79381 1.04200 -2.00000
104110887 -0.79381 1.04600 -2.00000
104110888 -0.79381 1.05000 -2.00000
104110889 -0.79381 1.05400 -2.00000
104110890 -0.79381 1.05800 -2.00000
104110891 -0.79381 1.06200 -2.00000
104110892 -0.79381 1.06600 -2.00000
104110893 -0.79381 1.07000 -2.00000
104110894 -0.79381 1.07400 -2.00000
104110895 -0.79381 1.07800 -2.00000
104110896 -0.79381 1.08200 -2.00000
104110897 -0.79381 1.08600 -2.00000
104110898 -0.79381 1.09000 -2.00000
104110899 -0.79381 1.09400 -2.00000
104110900 -0.79381 1.09800 -2.00000
104110901 -0.78531 0.50200 -2.00000
104110902 -0.78531 0.50600 -2.00000
104110903 -0.78531 0.51000 -2.00000
104110904 -0.78531 0.51400 -2.00000
104110905 -0.78531 0.51800 -2.00000
104110906 -0.78531 0.52200 -2.00000
104110907 -0.78531 0.52600 -2.00000
104110908 -0.78531 0.53000 -2.00000
104110909 -0.78531 0.53400 -2.00000
104110910 -0.78531 0.53800 -2.00000
104110911 -0.78531 0.54200 -2.00000
104110912 -0.78531 0.54600 -2.00000
104110913 -0.78531 0.55000 -2.00000
104110914 -0.78531 0.55400 -2.00000
104110915 -0.78531 0.55800 -2.00000
104110916 -0.78531 0.56200 -2.00000
104110917 -0.78531 0.56600 -2.00000
104110918 -0.78531 0.57000 -2.00000
104110919 -0.78531 0.57400 -2.00000
104110920 -0.78531 0.57800 -2.00000
104110921 -0.78531 0.58200 -2.00000
104110922 -0.78531 0.58600 -2.00000
104110923 -0.78531 0.59000 -2.00000
104110924 -0.78531 0.59400 -2.00000
104110925 -0.78531 0.59800 -2.00000
104110926 -0.78531 0.60200 -2.00000
104110927 -0.78531 0.60600 -2.00000
104110928 -0.78531 0.61000 -2.00000
104110929 -0.78531 0.61400 -2.00000
104110930 -0.78531 0.61800 -2.00000
104110931 -0.78531 0.62200 -2.00000
104110932 -0.78531 0.62600 -2.00000
104110933 -0.78531 0.63000 -2.00000
104110934 -0.78531 0.63400 -2.00000
104110935 -0.78531 0.63800 -2.00000
104110936 -0.78531 0.64200 -2.00000
104110937 -0.78531 0.64600 -2.00000
104110938 -0.78531 0.65000 -2.00000
104110939 -0.78531 0.65400 -2.00000
104110940 -0.78531 0.65800 -2.00000
104110941 -0.78531 0.66200 -2.00000
104110942 -0.78531 0.66600 -2.00000
104110943 -0.78531 0.67000 -2.00000
104110944 -0.78531 0.67400 -2.00000
104110945 -0.78531 0.67800 -2.00000
104110946 -0.78531 0.68200 -2.00000
104110947 -0.78531 0.68600 -2.00000
104110948 -0.78531 0.69000 -2.00000
104110949 -0.78531 0.69400 -2.00000
104110950 -0.78531 0.69800 -2.00000
104110951 -0.78531 0.70200 -2.00000
104110952 -0.78531 0.70600 -2.00000
104110953 -0.78531 0.71000 -2.00000
104110954 -0.78531 0.71400 -2.00000
104110955 -0.78531 0.71800 -2.00000
104110956 -0.78531 0.72200 -2.00000
104110957 -0.78531 0.72600 -2.00000
104110958 -0.78531 0.73000 -2.00000
104110959 -0.78531 0.73400 -2.00000
104110960 -0.78531 0.73800 -2.00000
104110961 -0.78531 0.74200 -2.00000
104110962 -0.78531 0.74600 -2.00000
104110963 -0.78531 0.75000 -2.00000
104110964 -0.78531 0.75400 -2.00000
104110965 -0.78531 0.75800 -2.00000
104110966 -0.78531 0.76200 -2.00000
104110967 -0.78531 0.76600 -2.00000
104110968 -0.78531 0.77000 -2.00000
104110969 -0.78531 0.77400 -2.00000
104110970 -0.78531 0.77800 -2.00000
104110971 -0.78531 0.78200 -2.00000
104110972 -0.78531 0.78600 -2.00000
104110973 -0.78531 0.79000 -2.00000
104110974 -0.78531 0.79400 -2.00000
104110975 -0.78531 0.79800 -2.00000
104110976 -0.78531 0.80200 -2.00000
104110977 -0.78531 0.80600 -2.00000
104110978 -0.78531 0.81000 -2.00000
104110979 -0.78531 0.81400 -2.00000
104110980 -0.78531 0.81800 -2.00000
104110981 -0.78531 0.82200 -2.00000
104110982 -0.78531 0.82600 -2.00000
104110983 -0.78531 0.83000 -2.00000
104110984 -0.78531 0.83400 -2.00000
104110985 -0.78531 0.83800 -2.00000
104110986 -0.78531 0.84200 -2.00000
104110987 -0.78531 0.84600 -2.00000
104110988 -0.78531 0.85000 -2.00000
104110989 -0.78531 0.85400 -2.00000
104110990 -0.78531 0.85800 -2.00000
104110991 -0.78531 0.86200 -2.00000
104110992 -0.78531 0.86600 -2.00000
104110993 -0.78531 0.87000 -2.00000
104110994 -0.78531 0.87400 -2.00000
104110995 -0.78531 0.87800 -2.00000
104110996 -0.78531 0.88200 -2.00000
104110997 -0.78531 0.88600 -2.00000
104110998 -0.78531 0.89000 -2.00000
104110999 -0.78531 0.89400 -2.00000
104111000 -0.78531 0.89800 -2.00000
104111001 -0.78531 0.90200 -2.00000
104111002 -0.78531 0.90600 -2.00000
104111003 -0.78531 0.91000 -2.00000
104111004 -0.78531 0.91400 -2.00000
104111005 -0.78531 0.91800 -2.00000
104111006 -0.78531 0.92200 -2.00000
104111007 -0.78531 0.92600 -2.00000
104111008 -0.78531 0.93000 -2.00000
104111009 -0.78531 0.93400 -2.00000
104111010 -0.78531 0.93800 -2.00000
104111011 -0.78531 0.94200 -2.00000
104111012 -0.78531 0.94600 -2.00000
104111013 -0.78531 0.95000 -2.00000
104111014 -0.78531 0.95400 -2.00000
104111015 -0.78531 0.95800 -2.00000
104111016 -0.78531 0.96200 -2.00000
104111017 -0.78531 0.96600 -2.00000
104111018 -0.78531 0.97000 -2.00000
104111019 -0.78531 0.97400 -2.00000
104111020 -0.78531 0.97800 -2.00000
104111021 -0.78531 0.98200 -2.00000
104111022 -0.78531 0.98600 -2.00000
104111023 -0.78531 0.99000 -2.00000
104111024 -0.78531 0.99400 -2.00000
104111025 -0.78531 0.99800 -2.00000
104111026 -0.78531 1.00200 -2.00000
104111027 -0.78531 1.00600 -2.00000
104111028 -0.78531 1.01000 -2.00000
104111029 -0.78531 1.01400 -2.00000
104111030 -0.78531 1.01800 -2.00000
104111031 -0.78531 1.02200 -2.00000
104111032 -0.78531 1.02600 -2.00000
104111033 -0.78531 1.03000 -2.00000
104111034 -0.78531 1.03400 -2.00000
104111035 -0.78531 1.03800 -2.00000
104111036 -0.78531 1.04200 -2.00000
104111037 -0.78531 1.04600 -2.00000
104111038 -0.78531 1.05000 -2.00000
104111039 -0.78531 1.05400 -2.00000
104111040 -0.78531 1.05800 -2.00000
104111041 -0.78531 1.06200 -2.00000
104111042 -0.78531 1.06600 -2.00000
104111043 -0.78531 1.07000 -2.00000
104111044 -0.78531 1.07400 -2.00000
104111045 -0.78531 1.07800 -2.00000
104111046 -0.78531 1.08200 -2.00000
104111047 -0.78531 1.08600 -2.00000
104111048 -0.78531 1.09000 -2.00000
104111049 -0.78531 1.09400 -2.00000
104111050 -0.78531 1.09800 -2.00000
104111051 -0.77681 0.50200 -2.00000
104111052 -0.77681 0.50600 -2.00000
104111053 -0.77681 0.51000 -2.00000
104111054 -0.77681 0.51400 -2.00000
104111055 -0.77681 0.51800 -2.00000
104111056 -0.77681 0.52200 -2.00000
104111057 -0.77681 0.52600 -2.00000
104111058 -0.77681 0.53000 -2.00000
104111059 -0.77681 0.53400 -2.00000
104111060 -0.77681 0.53800 -2.00000
104111061 -0.77681 0.54200 -2.00000
104111062 -0.77681 0.54600 -2.00000
104111063 -0.77681 0.55000 -2.00000
104111064 -0.77681 0.55400 -2.00000
104111065 -0.77681 0.55800 -2.00000
104111066 -0.77681 0.56200 -2.00000
104111067 -0.77681 0.56600 -2.00000
104111068 -0.77681 0.57000 -2.00000
104111069 -0.77681 0.57400 -2.00000
104111070 -0.77681 0.57800 -2.00000
104111071 -0.77681 0.58200 -2.00000
104111072 -0.77681 0.58600 -2.00000
104111073 -0.77681 0.59000 -2.00000
104111074 -0.77681 0.59400 -2.00000
104111075 -0.77681 0.59800 -2.00000
104111076 -0.77681 0.60200 -2.00000
104111077 -0.77681 0.60600 -2.00000
104111078 -0.77681 0.61000 -2.00000
104111079 -0.77681 0.61400 -2.00000
104111080 -0.77681 0.61800 -2.00000
104111081 -0.77681 0.62200 -2.00000
104111082 -0.77681 0.62600 -2.00000
104111083 -0.77681 0.63000 -2.00000
104111084 -0.77681 0.63400 -2.00000
104111085 -0.77681 0.63800 -2.00000
104111086 -0.77681 0.64200 -2.00000
104111087 -0.77681 0.64600 -2.00000
104111088 -0.77681 0.65000 -2.00000
104111089 -0.77681 0.65400 -2.00000
104111090 -0.77681 0.65800 -2.00000
104111091 -0.77681 0.66200 -2.00000
104111092 -0.77681 0.66600 -2.00000
104111093 -0.77681 0.67000 -2.00000
104111094 -0.77681 0.67400 -2.00000
104111095 -0.77681 0.67800 -2.00000
104111096 -0.77681 0.68200 -2.00000
104111097 -0.77681 0.68600 -2.00000
104111098 -0.77681 0.69000 -2.00000
104111099 -0.77681 0.69400 -2.00000
104111100 -0.77681 0.69800 -2.00000
104111101 -0.77681 0.70200 -2.00000
104111102 -0.77681 0.70600 -2.00000
104111103 -0.77681 0.71000 -2.00000
104111104 -0.77681 0.71400 -2.00000
104111105 -0.77681 0.71800 -2.00000
104111106 -0.77681 0.72200 -2.00000
104111107 -0.77681 0.72600 -2.00000
104111108 -0.77681 0.73000 -2.00000
104111109 -0.77681 0.73400 -2.00000
104111110 -0.77681 0.73800 -2.00000
104111111 -0.77681 0.74200 -2.00000
104111112 -0.77681 0.74600 -2.00000
104111113 -0.77681 0.75000 -2.00000
104111114 -0.77681 0.75400 -2.00000
104111115 -0.77681 0.75800 -2.00000
104111116 -0.77681 0.76200 -2.00000
104111117 -0.77681 0.76600 -2.00000
104111118 -0.77681 0.77000 -2.00000
104111119 -0.77681 0.77400 -2.00000
104111120 -0.77681 0.77800 -2.00000
104111121 -0.77681 0.78200 -2.00000
104111122 -0.77681 0.78600 -2.00000
104111123 -0.77681 0.79000 -2.00000
104111124 -0.77681 0.79400 -2.00000
104111125 -0.77681 0.79800 -2.00000
104111126 -0.77681 0.80200 -2.00000
104111127 -0.77681 0.80600 -2.00000
104111128 -0.77681 0.81000 -2.00000
104111129 -0.77681 0.81400 -2.00000
104111130 -0.77681 0.81800 -2.00000
104111131 -0.77681 0.82200 -2.00000
104111132 -0.77681 0.82600 -2.00000
104111133 -0.77681 0.83000 -2.00000
104111134 -0.77681 0.83400 -2.00000
104111135 -0.77681 0.83800 -2.00000
104111136 -0.77681 0.84200 -2.00000
104111137 -0.77681 0.84600 -2.00000
104111138 -0.77681 0.85000 -2.00000
104111139 -0.77681 0.85400 -2.00000
104111140 -0.77681 0.85800 -2.00000
104111141 -0.77681 0.86200 -2.00000
104111142 -0.77681 0.86600 -2.00000
104111143 -0.77681 0.87000 -2.00000
104111144 -0.77681 0.87400 -2.00000
104111145 -0.77681 0.87800 -2.00000
104111146 -0.77681 0.88200 -2.00000
104111147 -0.77681 0.88600 -2.00000
104111148 -0.77681 0.89000 -2.00000
104111149 -0.77681 0.89400 -2.00000
104111150 -0.77681 0.89800 -2.00000
104111151 -0.77681 0.90200 -2.00000
104111152 -0.77681 0.90600 -2.00000
104111153 -0.77681 0.91000 -2.00000
104111154 -0.77681 0.91400 -2.00000
104111155 -0.77681 0.91800 -2.00000
104111156 -0.77681 0.92200 -2.00000
104111157 -0.77681 0.92600 -2.00000
104111158 -0.77681 0.93000 -2.00000
104111159 -0.77681 0.93400 -2.00000
104111160 -0.77681 0.93800 -2.00000
104111161 -0.77681 0.94200 -2.00000
104111162 -0.77681 0.94600 -2.00000
104111163 -0.77681 0.95000 -2.00000
104111164 -0.77681 0.95400 -2.00000
104111165 -0.77681 0.95800 -2.00000
104111166 -0.77681 0.96200 -2.00000
104111167 -0.77681 0.96600 -2.00000
104111168 -0.77681 0.97000 -2.00000
104111169 -0.77681 0.97400 -2.00000
104111170 -0.77681 0.97800 -2.00000
104111171 -0.77681 0.98200 -2.00000
104111172 -0.77681 0.98600 -2.00000
104111173 -0.77681 0.99000 -2.00000
104111174 -0.77681 0.99400 -2.00000
104111175 -0.77681 0.99800 -2.00000
104111176 -0.77681 1.00200 -2.00000
104111177 -0.77681 1.00600 -2.00000
104111178 -0.77681 1.01000 -2.00000
104111179 -0.77681 1.01400 -2.00000
104111180 -0.77681 1.01800 -2.00000
104111181 -0.77681 1.02200 -2.00000
104111182 -0.77681 1.02600 -2.00000
104111183 -0.77681 1.03000 -2.00000
104111184 -0.77681 1.03400 -2.00000
104111185 -0.77681 1.03800 -2.00000
104111186 -0.77681 1.04200 -2.00000
104111187 -0.77681 1.04600 -2.00000
104111188 -0.77681 1.05000 -2.00000
104111189 -0.77681 1.05400 -2.00000
104111190 -0.77681 1.05800 -2.00000
104111191 -0.77681 1.06200 -2.00000
104111192 -0.77681 1.06600 -2.00000
104111193 -0.77681 1.07000 -2.00000
104111194 -0.77681 1.07400 -2.00000
104111195 -0.77681 1.07800 -2.00000
104111196 -0.77681 1.08200 -2.00000
104111197 -0.77681 1.08600 -2.00000
104111198 -0.77681 1.09000 -2.00000
104111199 -0.77681 1.09400 -2.00000
104111200 -0.77681 1.09800 -2.00000
