# pixelID  x  y  z
109090001 -0.71402 0.30275 1.02946
109090002 -0.71651 0.30275 1.02633
109090003 -0.71901 0.30275 1.02320
109090004 -0.72150 0.30275 1.02008
109090005 -0.72399 0.30275 1.01695
109090006 -0.72649 0.30275 1.01382
109090007 -0.72898 0.30275 1.01069
109090008 -0.73147 0.30275 1.00756
109090009 -0.73396 0.30275 1.00444
109090010 -0.73646 0.30275 1.00131
109090011 -0.73895 0.30275 0.99818
109090012 -0.74144 0.30275 0.99505
109090013 -0.74394 0.30275 0.99192
109090014 -0.74643 0.30275 0.98880
109090015 -0.74892 0.30275 0.98567
109090016 -0.75142 0.30275 0.98254
109090017 -0.75391 0.30275 0.97941
109090018 -0.75640 0.30275 0.97628
109090019 -0.75890 0.30275 0.97316
109090020 -0.76139 0.30275 0.97003
109090021 -0.76388 0.30275 0.96690
109090022 -0.76637 0.30275 0.96377
109090023 -0.76887 0.30275 0.96064
109090024 -0.77136 0.30275 0.95752
109090025 -0.77385 0.30275 0.95439
109090026 -0.77635 0.30275 0.95126
109090027 -0.77884 0.30275 0.94813
109090028 -0.78133 0.30275 0.94500
109090029 -0.78383 0.30275 0.94187
109090030 -0.78632 0.30275 0.93875
109090031 -0.78881 0.30275 0.93562
109090032 -0.79130 0.30275 0.93249
109090033 -0.79380 0.30275 0.92936
109090034 -0.79629 0.30275 0.92623
109090035 -0.79878 0.30275 0.92311
109090036 -0.80128 0.30275 0.91998
109090037 -0.80377 0.30275 0.91685
109090038 -0.80626 0.30275 0.91372
109090039 -0.80876 0.30275 0.91059
109090040 -0.81125 0.30275 0.90747
109090041 -0.81374 0.30275 0.90434
109090042 -0.81624 0.30275 0.90121
109090043 -0.81873 0.30275 0.89808
109090044 -0.82122 0.30275 0.89495
109090045 -0.82371 0.30275 0.89183
109090046 -0.82621 0.30275 0.88870
109090047 -0.82870 0.30275 0.88557
109090048 -0.83119 0.30275 0.88244
109090049 -0.83369 0.30275 0.87931
109090050 -0.83618 0.30275 0.87619
109090051 -0.83867 0.30275 0.87306
109090052 -0.84117 0.30275 0.86993
109090053 -0.84366 0.30275 0.86680
109090054 -0.84615 0.30275 0.86367
109090055 -0.84865 0.30275 0.86055
109090056 -0.85114 0.30275 0.85742
109090057 -0.85363 0.30275 0.85429
109090058 -0.85612 0.30275 0.85116
109090059 -0.85862 0.30275 0.84803
109090060 -0.86111 0.30275 0.84491
109090061 -0.86360 0.30275 0.84178
109090062 -0.86610 0.30275 0.83865
109090063 -0.86859 0.30275 0.83552
109090064 -0.87108 0.30275 0.83239
109090065 -0.87358 0.30275 0.82927
109090066 -0.87607 0.30275 0.82614
109090067 -0.87856 0.30275 0.82301
109090068 -0.88106 0.30275 0.81988
109090069 -0.88355 0.30275 0.81675
109090070 -0.88604 0.30275 0.81363
109090071 -0.88853 0.30275 0.81050
109090072 -0.89103 0.30275 0.80737
109090073 -0.89352 0.30275 0.80424
109090074 -0.89601 0.30275 0.80111
109090075 -0.89851 0.30275 0.79798
109090076 -0.90100 0.30275 0.79486
109090077 -0.90349 0.30275 0.79173
109090078 -0.90599 0.30275 0.78860
109090079 -0.90848 0.30275 0.78547
109090080 -0.91097 0.30275 0.78234
109090081 -0.91346 0.30275 0.77922
109090082 -0.91596 0.30275 0.77609
109090083 -0.91845 0.30275 0.77296
109090084 -0.92094 0.30275 0.76983
109090085 -0.92344 0.30275 0.76670
109090086 -0.92593 0.30275 0.76358
109090087 -0.92842 0.30275 0.76045
109090088 -0.93092 0.30275 0.75732
109090089 -0.93341 0.30275 0.75419
109090090 -0.93590 0.30275 0.75106
109090091 -0.93840 0.30275 0.74794
109090092 -0.94089 0.30275 0.74481
109090093 -0.94338 0.30275 0.74168
109090094 -0.94587 0.30275 0.73855
109090095 -0.94837 0.30275 0.73542
109090096 -0.95086 0.30275 0.73230
109090097 -0.95335 0.30275 0.72917
109090098 -0.95585 0.30275 0.72604
109090099 -0.95834 0.30275 0.72291
109090100 -0.96083 0.30275 0.71978
109090101 -0.96333 0.30275 0.71666
109090102 -0.96582 0.30275 0.71353
109090103 -0.96831 0.30275 0.71040
109090104 -0.97081 0.30275 0.70727
109090105 -0.97330 0.30275 0.70414
109090106 -0.97579 0.30275 0.70102
109090107 -0.97828 0.30275 0.69789
109090108 -0.98078 0.30275 0.69476
109090109 -0.98327 0.30275 0.69163
109090110 -0.98576 0.30275 0.68850
109090111 -0.98826 0.30275 0.68538
109090112 -0.99075 0.30275 0.68225
109090113 -0.99324 0.30275 0.67912
109090114 -0.99574 0.30275 0.67599
109090115 -0.99823 0.30275 0.67286
109090116 -1.00072 0.30275 0.66974
109090117 -1.00322 0.30275 0.66661
109090118 -1.00571 0.30275 0.66348
109090119 -1.00820 0.30275 0.66035
109090120 -1.01069 0.30275 0.65722
109090121 -1.01319 0.30275 0.65410
109090122 -1.01568 0.30275 0.65097
109090123 -1.01817 0.30275 0.64784
109090124 -1.02067 0.30275 0.64471
109090125 -1.02316 0.30275 0.64158
109090126 -1.02565 0.30275 0.63845
109090127 -1.02815 0.30275 0.63533
109090128 -1.03064 0.30275 0.63220
109090129 -1.03313 0.30275 0.62907
109090130 -1.03563 0.30275 0.62594
109090131 -1.03812 0.30275 0.62281
109090132 -1.04061 0.30275 0.61969
109090133 -1.04310 0.30275 0.61656
109090134 -1.04560 0.30275 0.61343
109090135 -1.04809 0.30275 0.61030
109090136 -1.05058 0.30275 0.60717
109090137 -1.05308 0.30275 0.60405
109090138 -1.05557 0.30275 0.60092
109090139 -1.05806 0.30275 0.59779
109090140 -1.06056 0.30275 0.59466
109090141 -1.06305 0.30275 0.59153
109090142 -1.06554 0.30275 0.58841
109090143 -1.06803 0.30275 0.58528
109090144 -1.07053 0.30275 0.58215
109090145 -1.07302 0.30275 0.57902
109090146 -1.07551 0.30275 0.57589
109090147 -1.07801 0.30275 0.57277
109090148 -1.08050 0.30275 0.56964
109090149 -1.08299 0.30275 0.56651
109090150 -1.08549 0.30275 0.56338
109090151 -0.71402 0.31625 1.02946
109090152 -0.71651 0.31625 1.02633
109090153 -0.71901 0.31625 1.02320
109090154 -0.72150 0.31625 1.02008
109090155 -0.72399 0.31625 1.01695
109090156 -0.72649 0.31625 1.01382
109090157 -0.72898 0.31625 1.01069
109090158 -0.73147 0.31625 1.00756
109090159 -0.73396 0.31625 1.00444
109090160 -0.73646 0.31625 1.00131
109090161 -0.73895 0.31625 0.99818
109090162 -0.74144 0.31625 0.99505
109090163 -0.74394 0.31625 0.99192
109090164 -0.74643 0.31625 0.98880
109090165 -0.74892 0.31625 0.98567
109090166 -0.75142 0.31625 0.98254
109090167 -0.75391 0.31625 0.97941
109090168 -0.75640 0.31625 0.97628
109090169 -0.75890 0.31625 0.97316
109090170 -0.76139 0.31625 0.97003
109090171 -0.76388 0.31625 0.96690
109090172 -0.76637 0.31625 0.96377
109090173 -0.76887 0.31625 0.96064
109090174 -0.77136 0.31625 0.95752
109090175 -0.77385 0.31625 0.95439
109090176 -0.77635 0.31625 0.95126
109090177 -0.77884 0.31625 0.94813
109090178 -0.78133 0.31625 0.94500
109090179 -0.78383 0.31625 0.94187
109090180 -0.78632 0.31625 0.93875
109090181 -0.78881 0.31625 0.93562
109090182 -0.79130 0.31625 0.93249
109090183 -0.79380 0.31625 0.92936
109090184 -0.79629 0.31625 0.92623
109090185 -0.79878 0.31625 0.92311
109090186 -0.80128 0.31625 0.91998
109090187 -0.80377 0.31625 0.91685
109090188 -0.80626 0.31625 0.91372
109090189 -0.80876 0.31625 0.91059
109090190 -0.81125 0.31625 0.90747
109090191 -0.81374 0.31625 0.90434
109090192 -0.81624 0.31625 0.90121
109090193 -0.81873 0.31625 0.89808
109090194 -0.82122 0.31625 0.89495
109090195 -0.82371 0.31625 0.89183
109090196 -0.82621 0.31625 0.88870
109090197 -0.82870 0.31625 0.88557
109090198 -0.83119 0.31625 0.88244
109090199 -0.83369 0.31625 0.87931
109090200 -0.83618 0.31625 0.87619
109090201 -0.83867 0.31625 0.87306
109090202 -0.84117 0.31625 0.86993
109090203 -0.84366 0.31625 0.86680
109090204 -0.84615 0.31625 0.86367
109090205 -0.84865 0.31625 0.86055
109090206 -0.85114 0.31625 0.85742
109090207 -0.85363 0.31625 0.85429
109090208 -0.85612 0.31625 0.85116
109090209 -0.85862 0.31625 0.84803
109090210 -0.86111 0.31625 0.84491
109090211 -0.86360 0.31625 0.84178
109090212 -0.86610 0.31625 0.83865
109090213 -0.86859 0.31625 0.83552
109090214 -0.87108 0.31625 0.83239
109090215 -0.87358 0.31625 0.82927
109090216 -0.87607 0.31625 0.82614
109090217 -0.87856 0.31625 0.82301
109090218 -0.88106 0.31625 0.81988
109090219 -0.88355 0.31625 0.81675
109090220 -0.88604 0.31625 0.81363
109090221 -0.88853 0.31625 0.81050
109090222 -0.89103 0.31625 0.80737
109090223 -0.89352 0.31625 0.80424
109090224 -0.89601 0.31625 0.80111
109090225 -0.89851 0.31625 0.79798
109090226 -0.90100 0.31625 0.79486
109090227 -0.90349 0.31625 0.79173
109090228 -0.90599 0.31625 0.78860
109090229 -0.90848 0.31625 0.78547
109090230 -0.91097 0.31625 0.78234
109090231 -0.91346 0.31625 0.77922
109090232 -0.91596 0.31625 0.77609
109090233 -0.91845 0.31625 0.77296
109090234 -0.92094 0.31625 0.76983
109090235 -0.92344 0.31625 0.76670
109090236 -0.92593 0.31625 0.76358
109090237 -0.92842 0.31625 0.76045
109090238 -0.93092 0.31625 0.75732
109090239 -0.93341 0.31625 0.75419
109090240 -0.93590 0.31625 0.75106
109090241 -0.93840 0.31625 0.74794
109090242 -0.94089 0.31625 0.74481
109090243 -0.94338 0.31625 0.74168
109090244 -0.94587 0.31625 0.73855
109090245 -0.94837 0.31625 0.73542
109090246 -0.95086 0.31625 0.73230
109090247 -0.95335 0.31625 0.72917
109090248 -0.95585 0.31625 0.72604
109090249 -0.95834 0.31625 0.72291
109090250 -0.96083 0.31625 0.71978
109090251 -0.96333 0.31625 0.71666
109090252 -0.96582 0.31625 0.71353
109090253 -0.96831 0.31625 0.71040
109090254 -0.97081 0.31625 0.70727
109090255 -0.97330 0.31625 0.70414
109090256 -0.97579 0.31625 0.70102
109090257 -0.97828 0.31625 0.69789
109090258 -0.98078 0.31625 0.69476
109090259 -0.98327 0.31625 0.69163
109090260 -0.98576 0.31625 0.68850
109090261 -0.98826 0.31625 0.68538
109090262 -0.99075 0.31625 0.68225
109090263 -0.99324 0.31625 0.67912
109090264 -0.99574 0.31625 0.67599
109090265 -0.99823 0.31625 0.67286
109090266 -1.00072 0.31625 0.66974
109090267 -1.00322 0.31625 0.66661
109090268 -1.00571 0.31625 0.66348
109090269 -1.00820 0.31625 0.66035
109090270 -1.01069 0.31625 0.65722
109090271 -1.01319 0.31625 0.65410
109090272 -1.01568 0.31625 0.65097
109090273 -1.01817 0.31625 0.64784
109090274 -1.02067 0.31625 0.64471
109090275 -1.02316 0.31625 0.64158
109090276 -1.02565 0.31625 0.63845
109090277 -1.02815 0.31625 0.63533
109090278 -1.03064 0.31625 0.63220
109090279 -1.03313 0.31625 0.62907
109090280 -1.03563 0.31625 0.62594
109090281 -1.03812 0.31625 0.62281
109090282 -1.04061 0.31625 0.61969
109090283 -1.04310 0.31625 0.61656
109090284 -1.04560 0.31625 0.61343
109090285 -1.04809 0.31625 0.61030
109090286 -1.05058 0.31625 0.60717
109090287 -1.05308 0.31625 0.60405
109090288 -1.05557 0.31625 0.60092
109090289 -1.05806 0.31625 0.59779
109090290 -1.06056 0.31625 0.59466
109090291 -1.06305 0.31625 0.59153
109090292 -1.06554 0.31625 0.58841
109090293 -1.06803 0.31625 0.58528
109090294 -1.07053 0.31625 0.58215
109090295 -1.07302 0.31625 0.57902
109090296 -1.07551 0.31625 0.57589
109090297 -1.07801 0.31625 0.57277
109090298 -1.08050 0.31625 0.56964
109090299 -1.08299 0.31625 0.56651
109090300 -1.08549 0.31625 0.56338
109090301 -0.71402 0.32975 1.02946
109090302 -0.71651 0.32975 1.02633
109090303 -0.71901 0.32975 1.02320
109090304 -0.72150 0.32975 1.02008
109090305 -0.72399 0.32975 1.01695
109090306 -0.72649 0.32975 1.01382
109090307 -0.72898 0.32975 1.01069
109090308 -0.73147 0.32975 1.00756
109090309 -0.73396 0.32975 1.00444
109090310 -0.73646 0.32975 1.00131
109090311 -0.73895 0.32975 0.99818
109090312 -0.74144 0.32975 0.99505
109090313 -0.74394 0.32975 0.99192
109090314 -0.74643 0.32975 0.98880
109090315 -0.74892 0.32975 0.98567
109090316 -0.75142 0.32975 0.98254
109090317 -0.75391 0.32975 0.97941
109090318 -0.75640 0.32975 0.97628
109090319 -0.75890 0.32975 0.97316
109090320 -0.76139 0.32975 0.97003
109090321 -0.76388 0.32975 0.96690
109090322 -0.76637 0.32975 0.96377
109090323 -0.76887 0.32975 0.96064
109090324 -0.77136 0.32975 0.95752
109090325 -0.77385 0.32975 0.95439
109090326 -0.77635 0.32975 0.95126
109090327 -0.77884 0.32975 0.94813
109090328 -0.78133 0.32975 0.94500
109090329 -0.78383 0.32975 0.94187
109090330 -0.78632 0.32975 0.93875
109090331 -0.78881 0.32975 0.93562
109090332 -0.79130 0.32975 0.93249
109090333 -0.79380 0.32975 0.92936
109090334 -0.79629 0.32975 0.92623
109090335 -0.79878 0.32975 0.92311
109090336 -0.80128 0.32975 0.91998
109090337 -0.80377 0.32975 0.91685
109090338 -0.80626 0.32975 0.91372
109090339 -0.80876 0.32975 0.91059
109090340 -0.81125 0.32975 0.90747
109090341 -0.81374 0.32975 0.90434
109090342 -0.81624 0.32975 0.90121
109090343 -0.81873 0.32975 0.89808
109090344 -0.82122 0.32975 0.89495
109090345 -0.82371 0.32975 0.89183
109090346 -0.82621 0.32975 0.88870
109090347 -0.82870 0.32975 0.88557
109090348 -0.83119 0.32975 0.88244
109090349 -0.83369 0.32975 0.87931
109090350 -0.83618 0.32975 0.87619
109090351 -0.83867 0.32975 0.87306
109090352 -0.84117 0.32975 0.86993
109090353 -0.84366 0.32975 0.86680
109090354 -0.84615 0.32975 0.86367
109090355 -0.84865 0.32975 0.86055
109090356 -0.85114 0.32975 0.85742
109090357 -0.85363 0.32975 0.85429
109090358 -0.85612 0.32975 0.85116
109090359 -0.85862 0.32975 0.84803
109090360 -0.86111 0.32975 0.84491
109090361 -0.86360 0.32975 0.84178
109090362 -0.86610 0.32975 0.83865
109090363 -0.86859 0.32975 0.83552
109090364 -0.87108 0.32975 0.83239
109090365 -0.87358 0.32975 0.82927
109090366 -0.87607 0.32975 0.82614
109090367 -0.87856 0.32975 0.82301
109090368 -0.88106 0.32975 0.81988
109090369 -0.88355 0.32975 0.81675
109090370 -0.88604 0.32975 0.81363
109090371 -0.88853 0.32975 0.81050
109090372 -0.89103 0.32975 0.80737
109090373 -0.89352 0.32975 0.80424
109090374 -0.89601 0.32975 0.80111
109090375 -0.89851 0.32975 0.79798
109090376 -0.90100 0.32975 0.79486
109090377 -0.90349 0.32975 0.79173
109090378 -0.90599 0.32975 0.78860
109090379 -0.90848 0.32975 0.78547
109090380 -0.91097 0.32975 0.78234
109090381 -0.91346 0.32975 0.77922
109090382 -0.91596 0.32975 0.77609
109090383 -0.91845 0.32975 0.77296
109090384 -0.92094 0.32975 0.76983
109090385 -0.92344 0.32975 0.76670
109090386 -0.92593 0.32975 0.76358
109090387 -0.92842 0.32975 0.76045
109090388 -0.93092 0.32975 0.75732
109090389 -0.93341 0.32975 0.75419
109090390 -0.93590 0.32975 0.75106
109090391 -0.93840 0.32975 0.74794
109090392 -0.94089 0.32975 0.74481
109090393 -0.94338 0.32975 0.74168
109090394 -0.94587 0.32975 0.73855
109090395 -0.94837 0.32975 0.73542
109090396 -0.95086 0.32975 0.73230
109090397 -0.95335 0.32975 0.72917
109090398 -0.95585 0.32975 0.72604
109090399 -0.95834 0.32975 0.72291
109090400 -0.96083 0.32975 0.71978
109090401 -0.96333 0.32975 0.71666
109090402 -0.96582 0.32975 0.71353
109090403 -0.96831 0.32975 0.71040
109090404 -0.97081 0.32975 0.70727
109090405 -0.97330 0.32975 0.70414
109090406 -0.97579 0.32975 0.70102
109090407 -0.97828 0.32975 0.69789
109090408 -0.98078 0.32975 0.69476
109090409 -0.98327 0.32975 0.69163
109090410 -0.98576 0.32975 0.68850
109090411 -0.98826 0.32975 0.68538
109090412 -0.99075 0.32975 0.68225
109090413 -0.99324 0.32975 0.67912
109090414 -0.99574 0.32975 0.67599
109090415 -0.99823 0.32975 0.67286
109090416 -1.00072 0.32975 0.66974
109090417 -1.00322 0.32975 0.66661
109090418 -1.00571 0.32975 0.66348
109090419 -1.00820 0.32975 0.66035
109090420 -1.01069 0.32975 0.65722
109090421 -1.01319 0.32975 0.65410
109090422 -1.01568 0.32975 0.65097
109090423 -1.01817 0.32975 0.64784
109090424 -1.02067 0.32975 0.64471
109090425 -1.02316 0.32975 0.64158
109090426 -1.02565 0.32975 0.63845
109090427 -1.02815 0.32975 0.63533
109090428 -1.03064 0.32975 0.63220
109090429 -1.03313 0.32975 0.62907
109090430 -1.03563 0.32975 0.62594
109090431 -1.03812 0.32975 0.62281
109090432 -1.04061 0.32975 0.61969
109090433 -1.04310 0.32975 0.61656
109090434 -1.04560 0.32975 0.61343
109090435 -1.04809 0.32975 0.61030
109090436 -1.05058 0.32975 0.60717
109090437 -1.05308 0.32975 0.60405
109090438 -1.05557 0.32975 0.60092
109090439 -1.05806 0.32975 0.59779
109090440 -1.06056 0.32975 0.59466
109090441 -1.06305 0.32975 0.59153
109090442 -1.06554 0.32975 0.58841
109090443 -1.06803 0.32975 0.58528
109090444 -1.07053 0.32975 0.58215
109090445 -1.07302 0.32975 0.57902
109090446 -1.07551 0.32975 0.57589
109090447 -1.07801 0.32975 0.57277
109090448 -1.08050 0.32975 0.56964
109090449 -1.08299 0.32975 0.56651
109090450 -1.08549 0.32975 0.56338
109090451 -0.71402 0.34325 1.02946
109090452 -0.71651 0.34325 1.02633
109090453 -0.71901 0.34325 1.02320
109090454 -0.72150 0.34325 1.02008
109090455 -0.72399 0.34325 1.01695
109090456 -0.72649 0.34325 1.01382
109090457 -0.72898 0.34325 1.01069
109090458 -0.73147 0.34325 1.00756
109090459 -0.73396 0.34325 1.00444
109090460 -0.73646 0.34325 1.00131
109090461 -0.73895 0.34325 0.99818
109090462 -0.74144 0.34325 0.99505
109090463 -0.74394 0.34325 0.99192
109090464 -0.74643 0.34325 0.98880
109090465 -0.74892 0.34325 0.98567
109090466 -0.75142 0.34325 0.98254
109090467 -0.75391 0.34325 0.97941
109090468 -0.75640 0.34325 0.97628
109090469 -0.75890 0.34325 0.97316
109090470 -0.76139 0.34325 0.97003
109090471 -0.76388 0.34325 0.96690
109090472 -0.76637 0.34325 0.96377
109090473 -0.76887 0.34325 0.96064
109090474 -0.77136 0.34325 0.95752
109090475 -0.77385 0.34325 0.95439
109090476 -0.77635 0.34325 0.95126
109090477 -0.77884 0.34325 0.94813
109090478 -0.78133 0.34325 0.94500
109090479 -0.78383 0.34325 0.94187
109090480 -0.78632 0.34325 0.93875
109090481 -0.78881 0.34325 0.93562
109090482 -0.79130 0.34325 0.93249
109090483 -0.79380 0.34325 0.92936
109090484 -0.79629 0.34325 0.92623
109090485 -0.79878 0.34325 0.92311
109090486 -0.80128 0.34325 0.91998
109090487 -0.80377 0.34325 0.91685
109090488 -0.80626 0.34325 0.91372
109090489 -0.80876 0.34325 0.91059
109090490 -0.81125 0.34325 0.90747
109090491 -0.81374 0.34325 0.90434
109090492 -0.81624 0.34325 0.90121
109090493 -0.81873 0.34325 0.89808
109090494 -0.82122 0.34325 0.89495
109090495 -0.82371 0.34325 0.89183
109090496 -0.82621 0.34325 0.88870
109090497 -0.82870 0.34325 0.88557
109090498 -0.83119 0.34325 0.88244
109090499 -0.83369 0.34325 0.87931
109090500 -0.83618 0.34325 0.87619
109090501 -0.83867 0.34325 0.87306
109090502 -0.84117 0.34325 0.86993
109090503 -0.84366 0.34325 0.86680
109090504 -0.84615 0.34325 0.86367
109090505 -0.84865 0.34325 0.86055
109090506 -0.85114 0.34325 0.85742
109090507 -0.85363 0.34325 0.85429
109090508 -0.85612 0.34325 0.85116
109090509 -0.85862 0.34325 0.84803
109090510 -0.86111 0.34325 0.84491
109090511 -0.86360 0.34325 0.84178
109090512 -0.86610 0.34325 0.83865
109090513 -0.86859 0.34325 0.83552
109090514 -0.87108 0.34325 0.83239
109090515 -0.87358 0.34325 0.82927
109090516 -0.87607 0.34325 0.82614
109090517 -0.87856 0.34325 0.82301
109090518 -0.88106 0.34325 0.81988
109090519 -0.88355 0.34325 0.81675
109090520 -0.88604 0.34325 0.81363
109090521 -0.88853 0.34325 0.81050
109090522 -0.89103 0.34325 0.80737
109090523 -0.89352 0.34325 0.80424
109090524 -0.89601 0.34325 0.80111
109090525 -0.89851 0.34325 0.79798
109090526 -0.90100 0.34325 0.79486
109090527 -0.90349 0.34325 0.79173
109090528 -0.90599 0.34325 0.78860
109090529 -0.90848 0.34325 0.78547
109090530 -0.91097 0.34325 0.78234
109090531 -0.91346 0.34325 0.77922
109090532 -0.91596 0.34325 0.77609
109090533 -0.91845 0.34325 0.77296
109090534 -0.92094 0.34325 0.76983
109090535 -0.92344 0.34325 0.76670
109090536 -0.92593 0.34325 0.76358
109090537 -0.92842 0.34325 0.76045
109090538 -0.93092 0.34325 0.75732
109090539 -0.93341 0.34325 0.75419
109090540 -0.93590 0.34325 0.75106
109090541 -0.93840 0.34325 0.74794
109090542 -0.94089 0.34325 0.74481
109090543 -0.94338 0.34325 0.74168
109090544 -0.94587 0.34325 0.73855
109090545 -0.94837 0.34325 0.73542
109090546 -0.95086 0.34325 0.73230
109090547 -0.95335 0.34325 0.72917
109090548 -0.95585 0.34325 0.72604
109090549 -0.95834 0.34325 0.72291
109090550 -0.96083 0.34325 0.71978
109090551 -0.96333 0.34325 0.71666
109090552 -0.96582 0.34325 0.71353
109090553 -0.96831 0.34325 0.71040
109090554 -0.97081 0.34325 0.70727
109090555 -0.97330 0.34325 0.70414
109090556 -0.97579 0.34325 0.70102
109090557 -0.97828 0.34325 0.69789
109090558 -0.98078 0.34325 0.69476
109090559 -0.98327 0.34325 0.69163
109090560 -0.98576 0.34325 0.68850
109090561 -0.98826 0.34325 0.68538
109090562 -0.99075 0.34325 0.68225
109090563 -0.99324 0.34325 0.67912
109090564 -0.99574 0.34325 0.67599
109090565 -0.99823 0.34325 0.67286
109090566 -1.00072 0.34325 0.66974
109090567 -1.00322 0.34325 0.66661
109090568 -1.00571 0.34325 0.66348
109090569 -1.00820 0.34325 0.66035
109090570 -1.01069 0.34325 0.65722
109090571 -1.01319 0.34325 0.65410
109090572 -1.01568 0.34325 0.65097
109090573 -1.01817 0.34325 0.64784
109090574 -1.02067 0.34325 0.64471
109090575 -1.02316 0.34325 0.64158
109090576 -1.02565 0.34325 0.63845
109090577 -1.02815 0.34325 0.63533
109090578 -1.03064 0.34325 0.63220
109090579 -1.03313 0.34325 0.62907
109090580 -1.03563 0.34325 0.62594
109090581 -1.03812 0.34325 0.62281
109090582 -1.04061 0.34325 0.61969
109090583 -1.04310 0.34325 0.61656
109090584 -1.04560 0.34325 0.61343
109090585 -1.04809 0.34325 0.61030
109090586 -1.05058 0.34325 0.60717
109090587 -1.05308 0.34325 0.60405
109090588 -1.05557 0.34325 0.60092
109090589 -1.05806 0.34325 0.59779
109090590 -1.06056 0.34325 0.59466
109090591 -1.06305 0.34325 0.59153
109090592 -1.06554 0.34325 0.58841
109090593 -1.06803 0.34325 0.58528
109090594 -1.07053 0.34325 0.58215
109090595 -1.07302 0.34325 0.57902
109090596 -1.07551 0.34325 0.57589
109090597 -1.07801 0.34325 0.57277
109090598 -1.08050 0.34325 0.56964
109090599 -1.08299 0.34325 0.56651
109090600 -1.08549 0.34325 0.56338
109090601 -0.71402 0.35675 1.02946
109090602 -0.71651 0.35675 1.02633
109090603 -0.71901 0.35675 1.02320
109090604 -0.72150 0.35675 1.02008
109090605 -0.72399 0.35675 1.01695
109090606 -0.72649 0.35675 1.01382
109090607 -0.72898 0.35675 1.01069
109090608 -0.73147 0.35675 1.00756
109090609 -0.73396 0.35675 1.00444
109090610 -0.73646 0.35675 1.00131
109090611 -0.73895 0.35675 0.99818
109090612 -0.74144 0.35675 0.99505
109090613 -0.74394 0.35675 0.99192
109090614 -0.74643 0.35675 0.98880
109090615 -0.74892 0.35675 0.98567
109090616 -0.75142 0.35675 0.98254
109090617 -0.75391 0.35675 0.97941
109090618 -0.75640 0.35675 0.97628
109090619 -0.75890 0.35675 0.97316
109090620 -0.76139 0.35675 0.97003
109090621 -0.76388 0.35675 0.96690
109090622 -0.76637 0.35675 0.96377
109090623 -0.76887 0.35675 0.96064
109090624 -0.77136 0.35675 0.95752
109090625 -0.77385 0.35675 0.95439
109090626 -0.77635 0.35675 0.95126
109090627 -0.77884 0.35675 0.94813
109090628 -0.78133 0.35675 0.94500
109090629 -0.78383 0.35675 0.94187
109090630 -0.78632 0.35675 0.93875
109090631 -0.78881 0.35675 0.93562
109090632 -0.79130 0.35675 0.93249
109090633 -0.79380 0.35675 0.92936
109090634 -0.79629 0.35675 0.92623
109090635 -0.79878 0.35675 0.92311
109090636 -0.80128 0.35675 0.91998
109090637 -0.80377 0.35675 0.91685
109090638 -0.80626 0.35675 0.91372
109090639 -0.80876 0.35675 0.91059
109090640 -0.81125 0.35675 0.90747
109090641 -0.81374 0.35675 0.90434
109090642 -0.81624 0.35675 0.90121
109090643 -0.81873 0.35675 0.89808
109090644 -0.82122 0.35675 0.89495
109090645 -0.82371 0.35675 0.89183
109090646 -0.82621 0.35675 0.88870
109090647 -0.82870 0.35675 0.88557
109090648 -0.83119 0.35675 0.88244
109090649 -0.83369 0.35675 0.87931
109090650 -0.83618 0.35675 0.87619
109090651 -0.83867 0.35675 0.87306
109090652 -0.84117 0.35675 0.86993
109090653 -0.84366 0.35675 0.86680
109090654 -0.84615 0.35675 0.86367
109090655 -0.84865 0.35675 0.86055
109090656 -0.85114 0.35675 0.85742
109090657 -0.85363 0.35675 0.85429
109090658 -0.85612 0.35675 0.85116
109090659 -0.85862 0.35675 0.84803
109090660 -0.86111 0.35675 0.84491
109090661 -0.86360 0.35675 0.84178
109090662 -0.86610 0.35675 0.83865
109090663 -0.86859 0.35675 0.83552
109090664 -0.87108 0.35675 0.83239
109090665 -0.87358 0.35675 0.82927
109090666 -0.87607 0.35675 0.82614
109090667 -0.87856 0.35675 0.82301
109090668 -0.88106 0.35675 0.81988
109090669 -0.88355 0.35675 0.81675
109090670 -0.88604 0.35675 0.81363
109090671 -0.88853 0.35675 0.81050
109090672 -0.89103 0.35675 0.80737
109090673 -0.89352 0.35675 0.80424
109090674 -0.89601 0.35675 0.80111
109090675 -0.89851 0.35675 0.79798
109090676 -0.90100 0.35675 0.79486
109090677 -0.90349 0.35675 0.79173
109090678 -0.90599 0.35675 0.78860
109090679 -0.90848 0.35675 0.78547
109090680 -0.91097 0.35675 0.78234
109090681 -0.91346 0.35675 0.77922
109090682 -0.91596 0.35675 0.77609
109090683 -0.91845 0.35675 0.77296
109090684 -0.92094 0.35675 0.76983
109090685 -0.92344 0.35675 0.76670
109090686 -0.92593 0.35675 0.76358
109090687 -0.92842 0.35675 0.76045
109090688 -0.93092 0.35675 0.75732
109090689 -0.93341 0.35675 0.75419
109090690 -0.93590 0.35675 0.75106
109090691 -0.93840 0.35675 0.74794
109090692 -0.94089 0.35675 0.74481
109090693 -0.94338 0.35675 0.74168
109090694 -0.94587 0.35675 0.73855
109090695 -0.94837 0.35675 0.73542
109090696 -0.95086 0.35675 0.73230
109090697 -0.95335 0.35675 0.72917
109090698 -0.95585 0.35675 0.72604
109090699 -0.95834 0.35675 0.72291
109090700 -0.96083 0.35675 0.71978
109090701 -0.96333 0.35675 0.71666
109090702 -0.96582 0.35675 0.71353
109090703 -0.96831 0.35675 0.71040
109090704 -0.97081 0.35675 0.70727
109090705 -0.97330 0.35675 0.70414
109090706 -0.97579 0.35675 0.70102
109090707 -0.97828 0.35675 0.69789
109090708 -0.98078 0.35675 0.69476
109090709 -0.98327 0.35675 0.69163
109090710 -0.98576 0.35675 0.68850
109090711 -0.98826 0.35675 0.68538
109090712 -0.99075 0.35675 0.68225
109090713 -0.99324 0.35675 0.67912
109090714 -0.99574 0.35675 0.67599
109090715 -0.99823 0.35675 0.67286
109090716 -1.00072 0.35675 0.66974
109090717 -1.00322 0.35675 0.66661
109090718 -1.00571 0.35675 0.66348
109090719 -1.00820 0.35675 0.66035
109090720 -1.01069 0.35675 0.65722
109090721 -1.01319 0.35675 0.65410
109090722 -1.01568 0.35675 0.65097
109090723 -1.01817 0.35675 0.64784
109090724 -1.02067 0.35675 0.64471
109090725 -1.02316 0.35675 0.64158
109090726 -1.02565 0.35675 0.63845
109090727 -1.02815 0.35675 0.63533
109090728 -1.03064 0.35675 0.63220
109090729 -1.03313 0.35675 0.62907
109090730 -1.03563 0.35675 0.62594
109090731 -1.03812 0.35675 0.62281
109090732 -1.04061 0.35675 0.61969
109090733 -1.04310 0.35675 0.61656
109090734 -1.04560 0.35675 0.61343
109090735 -1.04809 0.35675 0.61030
109090736 -1.05058 0.35675 0.60717
109090737 -1.05308 0.35675 0.60405
109090738 -1.05557 0.35675 0.60092
109090739 -1.05806 0.35675 0.59779
109090740 -1.06056 0.35675 0.59466
109090741 -1.06305 0.35675 0.59153
109090742 -1.06554 0.35675 0.58841
109090743 -1.06803 0.35675 0.58528
109090744 -1.07053 0.35675 0.58215
109090745 -1.07302 0.35675 0.57902
109090746 -1.07551 0.35675 0.57589
109090747 -1.07801 0.35675 0.57277
109090748 -1.08050 0.35675 0.56964
109090749 -1.08299 0.35675 0.56651
109090750 -1.08549 0.35675 0.56338
109090751 -0.71402 0.37025 1.02946
109090752 -0.71651 0.37025 1.02633
109090753 -0.71901 0.37025 1.02320
109090754 -0.72150 0.37025 1.02008
109090755 -0.72399 0.37025 1.01695
109090756 -0.72649 0.37025 1.01382
109090757 -0.72898 0.37025 1.01069
109090758 -0.73147 0.37025 1.00756
109090759 -0.73396 0.37025 1.00444
109090760 -0.73646 0.37025 1.00131
109090761 -0.73895 0.37025 0.99818
109090762 -0.74144 0.37025 0.99505
109090763 -0.74394 0.37025 0.99192
109090764 -0.74643 0.37025 0.98880
109090765 -0.74892 0.37025 0.98567
109090766 -0.75142 0.37025 0.98254
109090767 -0.75391 0.37025 0.97941
109090768 -0.75640 0.37025 0.97628
109090769 -0.75890 0.37025 0.97316
109090770 -0.76139 0.37025 0.97003
109090771 -0.76388 0.37025 0.96690
109090772 -0.76637 0.37025 0.96377
109090773 -0.76887 0.37025 0.96064
109090774 -0.77136 0.37025 0.95752
109090775 -0.77385 0.37025 0.95439
109090776 -0.77635 0.37025 0.95126
109090777 -0.77884 0.37025 0.94813
109090778 -0.78133 0.37025 0.94500
109090779 -0.78383 0.37025 0.94187
109090780 -0.78632 0.37025 0.93875
109090781 -0.78881 0.37025 0.93562
109090782 -0.79130 0.37025 0.93249
109090783 -0.79380 0.37025 0.92936
109090784 -0.79629 0.37025 0.92623
109090785 -0.79878 0.37025 0.92311
109090786 -0.80128 0.37025 0.91998
109090787 -0.80377 0.37025 0.91685
109090788 -0.80626 0.37025 0.91372
109090789 -0.80876 0.37025 0.91059
109090790 -0.81125 0.37025 0.90747
109090791 -0.81374 0.37025 0.90434
109090792 -0.81624 0.37025 0.90121
109090793 -0.81873 0.37025 0.89808
109090794 -0.82122 0.37025 0.89495
109090795 -0.82371 0.37025 0.89183
109090796 -0.82621 0.37025 0.88870
109090797 -0.82870 0.37025 0.88557
109090798 -0.83119 0.37025 0.88244
109090799 -0.83369 0.37025 0.87931
109090800 -0.83618 0.37025 0.87619
109090801 -0.83867 0.37025 0.87306
109090802 -0.84117 0.37025 0.86993
109090803 -0.84366 0.37025 0.86680
109090804 -0.84615 0.37025 0.86367
109090805 -0.84865 0.37025 0.86055
109090806 -0.85114 0.37025 0.85742
109090807 -0.85363 0.37025 0.85429
109090808 -0.85612 0.37025 0.85116
109090809 -0.85862 0.37025 0.84803
109090810 -0.86111 0.37025 0.84491
109090811 -0.86360 0.37025 0.84178
109090812 -0.86610 0.37025 0.83865
109090813 -0.86859 0.37025 0.83552
109090814 -0.87108 0.37025 0.83239
109090815 -0.87358 0.37025 0.82927
109090816 -0.87607 0.37025 0.82614
109090817 -0.87856 0.37025 0.82301
109090818 -0.88106 0.37025 0.81988
109090819 -0.88355 0.37025 0.81675
109090820 -0.88604 0.37025 0.81363
109090821 -0.88853 0.37025 0.81050
109090822 -0.89103 0.37025 0.80737
109090823 -0.89352 0.37025 0.80424
109090824 -0.89601 0.37025 0.80111
109090825 -0.89851 0.37025 0.79798
109090826 -0.90100 0.37025 0.79486
109090827 -0.90349 0.37025 0.79173
109090828 -0.90599 0.37025 0.78860
109090829 -0.90848 0.37025 0.78547
109090830 -0.91097 0.37025 0.78234
109090831 -0.91346 0.37025 0.77922
109090832 -0.91596 0.37025 0.77609
109090833 -0.91845 0.37025 0.77296
109090834 -0.92094 0.37025 0.76983
109090835 -0.92344 0.37025 0.76670
109090836 -0.92593 0.37025 0.76358
109090837 -0.92842 0.37025 0.76045
109090838 -0.93092 0.37025 0.75732
109090839 -0.93341 0.37025 0.75419
109090840 -0.93590 0.37025 0.75106
109090841 -0.93840 0.37025 0.74794
109090842 -0.94089 0.37025 0.74481
109090843 -0.94338 0.37025 0.74168
109090844 -0.94587 0.37025 0.73855
109090845 -0.94837 0.37025 0.73542
109090846 -0.95086 0.37025 0.73230
109090847 -0.95335 0.37025 0.72917
109090848 -0.95585 0.37025 0.72604
109090849 -0.95834 0.37025 0.72291
109090850 -0.96083 0.37025 0.71978
109090851 -0.96333 0.37025 0.71666
109090852 -0.96582 0.37025 0.71353
109090853 -0.96831 0.37025 0.71040
109090854 -0.97081 0.37025 0.70727
109090855 -0.97330 0.37025 0.70414
109090856 -0.97579 0.37025 0.70102
109090857 -0.97828 0.37025 0.69789
109090858 -0.98078 0.37025 0.69476
109090859 -0.98327 0.37025 0.69163
109090860 -0.98576 0.37025 0.68850
109090861 -0.98826 0.37025 0.68538
109090862 -0.99075 0.37025 0.68225
109090863 -0.99324 0.37025 0.67912
109090864 -0.99574 0.37025 0.67599
109090865 -0.99823 0.37025 0.67286
109090866 -1.00072 0.37025 0.66974
109090867 -1.00322 0.37025 0.66661
109090868 -1.00571 0.37025 0.66348
109090869 -1.00820 0.37025 0.66035
109090870 -1.01069 0.37025 0.65722
109090871 -1.01319 0.37025 0.65410
109090872 -1.01568 0.37025 0.65097
109090873 -1.01817 0.37025 0.64784
109090874 -1.02067 0.37025 0.64471
109090875 -1.02316 0.37025 0.64158
109090876 -1.02565 0.37025 0.63845
109090877 -1.02815 0.37025 0.63533
109090878 -1.03064 0.37025 0.63220
109090879 -1.03313 0.37025 0.62907
109090880 -1.03563 0.37025 0.62594
109090881 -1.03812 0.37025 0.62281
109090882 -1.04061 0.37025 0.61969
109090883 -1.04310 0.37025 0.61656
109090884 -1.04560 0.37025 0.61343
109090885 -1.04809 0.37025 0.61030
109090886 -1.05058 0.37025 0.60717
109090887 -1.05308 0.37025 0.60405
109090888 -1.05557 0.37025 0.60092
109090889 -1.05806 0.37025 0.59779
109090890 -1.06056 0.37025 0.59466
109090891 -1.06305 0.37025 0.59153
109090892 -1.06554 0.37025 0.58841
109090893 -1.06803 0.37025 0.58528
109090894 -1.07053 0.37025 0.58215
109090895 -1.07302 0.37025 0.57902
109090896 -1.07551 0.37025 0.57589
109090897 -1.07801 0.37025 0.57277
109090898 -1.08050 0.37025 0.56964
109090899 -1.08299 0.37025 0.56651
109090900 -1.08549 0.37025 0.56338
109090901 -0.71402 0.38375 1.02946
109090902 -0.71651 0.38375 1.02633
109090903 -0.71901 0.38375 1.02320
109090904 -0.72150 0.38375 1.02008
109090905 -0.72399 0.38375 1.01695
109090906 -0.72649 0.38375 1.01382
109090907 -0.72898 0.38375 1.01069
109090908 -0.73147 0.38375 1.00756
109090909 -0.73396 0.38375 1.00444
109090910 -0.73646 0.38375 1.00131
109090911 -0.73895 0.38375 0.99818
109090912 -0.74144 0.38375 0.99505
109090913 -0.74394 0.38375 0.99192
109090914 -0.74643 0.38375 0.98880
109090915 -0.74892 0.38375 0.98567
109090916 -0.75142 0.38375 0.98254
109090917 -0.75391 0.38375 0.97941
109090918 -0.75640 0.38375 0.97628
109090919 -0.75890 0.38375 0.97316
109090920 -0.76139 0.38375 0.97003
109090921 -0.76388 0.38375 0.96690
109090922 -0.76637 0.38375 0.96377
109090923 -0.76887 0.38375 0.96064
109090924 -0.77136 0.38375 0.95752
109090925 -0.77385 0.38375 0.95439
109090926 -0.77635 0.38375 0.95126
109090927 -0.77884 0.38375 0.94813
109090928 -0.78133 0.38375 0.94500
109090929 -0.78383 0.38375 0.94187
109090930 -0.78632 0.38375 0.93875
109090931 -0.78881 0.38375 0.93562
109090932 -0.79130 0.38375 0.93249
109090933 -0.79380 0.38375 0.92936
109090934 -0.79629 0.38375 0.92623
109090935 -0.79878 0.38375 0.92311
109090936 -0.80128 0.38375 0.91998
109090937 -0.80377 0.38375 0.91685
109090938 -0.80626 0.38375 0.91372
109090939 -0.80876 0.38375 0.91059
109090940 -0.81125 0.38375 0.90747
109090941 -0.81374 0.38375 0.90434
109090942 -0.81624 0.38375 0.90121
109090943 -0.81873 0.38375 0.89808
109090944 -0.82122 0.38375 0.89495
109090945 -0.82371 0.38375 0.89183
109090946 -0.82621 0.38375 0.88870
109090947 -0.82870 0.38375 0.88557
109090948 -0.83119 0.38375 0.88244
109090949 -0.83369 0.38375 0.87931
109090950 -0.83618 0.38375 0.87619
109090951 -0.83867 0.38375 0.87306
109090952 -0.84117 0.38375 0.86993
109090953 -0.84366 0.38375 0.86680
109090954 -0.84615 0.38375 0.86367
109090955 -0.84865 0.38375 0.86055
109090956 -0.85114 0.38375 0.85742
109090957 -0.85363 0.38375 0.85429
109090958 -0.85612 0.38375 0.85116
109090959 -0.85862 0.38375 0.84803
109090960 -0.86111 0.38375 0.84491
109090961 -0.86360 0.38375 0.84178
109090962 -0.86610 0.38375 0.83865
109090963 -0.86859 0.38375 0.83552
109090964 -0.87108 0.38375 0.83239
109090965 -0.87358 0.38375 0.82927
109090966 -0.87607 0.38375 0.82614
109090967 -0.87856 0.38375 0.82301
109090968 -0.88106 0.38375 0.81988
109090969 -0.88355 0.38375 0.81675
109090970 -0.88604 0.38375 0.81363
109090971 -0.88853 0.38375 0.81050
109090972 -0.89103 0.38375 0.80737
109090973 -0.89352 0.38375 0.80424
109090974 -0.89601 0.38375 0.80111
109090975 -0.89851 0.38375 0.79798
109090976 -0.90100 0.38375 0.79486
109090977 -0.90349 0.38375 0.79173
109090978 -0.90599 0.38375 0.78860
109090979 -0.90848 0.38375 0.78547
109090980 -0.91097 0.38375 0.78234
109090981 -0.91346 0.38375 0.77922
109090982 -0.91596 0.38375 0.77609
109090983 -0.91845 0.38375 0.77296
109090984 -0.92094 0.38375 0.76983
109090985 -0.92344 0.38375 0.76670
109090986 -0.92593 0.38375 0.76358
109090987 -0.92842 0.38375 0.76045
109090988 -0.93092 0.38375 0.75732
109090989 -0.93341 0.38375 0.75419
109090990 -0.93590 0.38375 0.75106
109090991 -0.93840 0.38375 0.74794
109090992 -0.94089 0.38375 0.74481
109090993 -0.94338 0.38375 0.74168
109090994 -0.94587 0.38375 0.73855
109090995 -0.94837 0.38375 0.73542
109090996 -0.95086 0.38375 0.73230
109090997 -0.95335 0.38375 0.72917
109090998 -0.95585 0.38375 0.72604
109090999 -0.95834 0.38375 0.72291
109091000 -0.96083 0.38375 0.71978
109091001 -0.96333 0.38375 0.71666
109091002 -0.96582 0.38375 0.71353
109091003 -0.96831 0.38375 0.71040
109091004 -0.97081 0.38375 0.70727
109091005 -0.97330 0.38375 0.70414
109091006 -0.97579 0.38375 0.70102
109091007 -0.97828 0.38375 0.69789
109091008 -0.98078 0.38375 0.69476
109091009 -0.98327 0.38375 0.69163
109091010 -0.98576 0.38375 0.68850
109091011 -0.98826 0.38375 0.68538
109091012 -0.99075 0.38375 0.68225
109091013 -0.99324 0.38375 0.67912
109091014 -0.99574 0.38375 0.67599
109091015 -0.99823 0.38375 0.67286
109091016 -1.00072 0.38375 0.66974
109091017 -1.00322 0.38375 0.66661
109091018 -1.00571 0.38375 0.66348
109091019 -1.00820 0.38375 0.66035
109091020 -1.01069 0.38375 0.65722
109091021 -1.01319 0.38375 0.65410
109091022 -1.01568 0.38375 0.65097
109091023 -1.01817 0.38375 0.64784
109091024 -1.02067 0.38375 0.64471
109091025 -1.02316 0.38375 0.64158
109091026 -1.02565 0.38375 0.63845
109091027 -1.02815 0.38375 0.63533
109091028 -1.03064 0.38375 0.63220
109091029 -1.03313 0.38375 0.62907
109091030 -1.03563 0.38375 0.62594
109091031 -1.03812 0.38375 0.62281
109091032 -1.04061 0.38375 0.61969
109091033 -1.04310 0.38375 0.61656
109091034 -1.04560 0.38375 0.61343
109091035 -1.04809 0.38375 0.61030
109091036 -1.05058 0.38375 0.60717
109091037 -1.05308 0.38375 0.60405
109091038 -1.05557 0.38375 0.60092
109091039 -1.05806 0.38375 0.59779
109091040 -1.06056 0.38375 0.59466
109091041 -1.06305 0.38375 0.59153
109091042 -1.06554 0.38375 0.58841
109091043 -1.06803 0.38375 0.58528
109091044 -1.07053 0.38375 0.58215
109091045 -1.07302 0.38375 0.57902
109091046 -1.07551 0.38375 0.57589
109091047 -1.07801 0.38375 0.57277
109091048 -1.08050 0.38375 0.56964
109091049 -1.08299 0.38375 0.56651
109091050 -1.08549 0.38375 0.56338
109091051 -0.71402 0.39725 1.02946
109091052 -0.71651 0.39725 1.02633
109091053 -0.71901 0.39725 1.02320
109091054 -0.72150 0.39725 1.02008
109091055 -0.72399 0.39725 1.01695
109091056 -0.72649 0.39725 1.01382
109091057 -0.72898 0.39725 1.01069
109091058 -0.73147 0.39725 1.00756
109091059 -0.73396 0.39725 1.00444
109091060 -0.73646 0.39725 1.00131
109091061 -0.73895 0.39725 0.99818
109091062 -0.74144 0.39725 0.99505
109091063 -0.74394 0.39725 0.99192
109091064 -0.74643 0.39725 0.98880
109091065 -0.74892 0.39725 0.98567
109091066 -0.75142 0.39725 0.98254
109091067 -0.75391 0.39725 0.97941
109091068 -0.75640 0.39725 0.97628
109091069 -0.75890 0.39725 0.97316
109091070 -0.76139 0.39725 0.97003
109091071 -0.76388 0.39725 0.96690
109091072 -0.76637 0.39725 0.96377
109091073 -0.76887 0.39725 0.96064
109091074 -0.77136 0.39725 0.95752
109091075 -0.77385 0.39725 0.95439
109091076 -0.77635 0.39725 0.95126
109091077 -0.77884 0.39725 0.94813
109091078 -0.78133 0.39725 0.94500
109091079 -0.78383 0.39725 0.94187
109091080 -0.78632 0.39725 0.93875
109091081 -0.78881 0.39725 0.93562
109091082 -0.79130 0.39725 0.93249
109091083 -0.79380 0.39725 0.92936
109091084 -0.79629 0.39725 0.92623
109091085 -0.79878 0.39725 0.92311
109091086 -0.80128 0.39725 0.91998
109091087 -0.80377 0.39725 0.91685
109091088 -0.80626 0.39725 0.91372
109091089 -0.80876 0.39725 0.91059
109091090 -0.81125 0.39725 0.90747
109091091 -0.81374 0.39725 0.90434
109091092 -0.81624 0.39725 0.90121
109091093 -0.81873 0.39725 0.89808
109091094 -0.82122 0.39725 0.89495
109091095 -0.82371 0.39725 0.89183
109091096 -0.82621 0.39725 0.88870
109091097 -0.82870 0.39725 0.88557
109091098 -0.83119 0.39725 0.88244
109091099 -0.83369 0.39725 0.87931
109091100 -0.83618 0.39725 0.87619
109091101 -0.83867 0.39725 0.87306
109091102 -0.84117 0.39725 0.86993
109091103 -0.84366 0.39725 0.86680
109091104 -0.84615 0.39725 0.86367
109091105 -0.84865 0.39725 0.86055
109091106 -0.85114 0.39725 0.85742
109091107 -0.85363 0.39725 0.85429
109091108 -0.85612 0.39725 0.85116
109091109 -0.85862 0.39725 0.84803
109091110 -0.86111 0.39725 0.84491
109091111 -0.86360 0.39725 0.84178
109091112 -0.86610 0.39725 0.83865
109091113 -0.86859 0.39725 0.83552
109091114 -0.87108 0.39725 0.83239
109091115 -0.87358 0.39725 0.82927
109091116 -0.87607 0.39725 0.82614
109091117 -0.87856 0.39725 0.82301
109091118 -0.88106 0.39725 0.81988
109091119 -0.88355 0.39725 0.81675
109091120 -0.88604 0.39725 0.81363
109091121 -0.88853 0.39725 0.81050
109091122 -0.89103 0.39725 0.80737
109091123 -0.89352 0.39725 0.80424
109091124 -0.89601 0.39725 0.80111
109091125 -0.89851 0.39725 0.79798
109091126 -0.90100 0.39725 0.79486
109091127 -0.90349 0.39725 0.79173
109091128 -0.90599 0.39725 0.78860
109091129 -0.90848 0.39725 0.78547
109091130 -0.91097 0.39725 0.78234
109091131 -0.91346 0.39725 0.77922
109091132 -0.91596 0.39725 0.77609
109091133 -0.91845 0.39725 0.77296
109091134 -0.92094 0.39725 0.76983
109091135 -0.92344 0.39725 0.76670
109091136 -0.92593 0.39725 0.76358
109091137 -0.92842 0.39725 0.76045
109091138 -0.93092 0.39725 0.75732
109091139 -0.93341 0.39725 0.75419
109091140 -0.93590 0.39725 0.75106
109091141 -0.93840 0.39725 0.74794
109091142 -0.94089 0.39725 0.74481
109091143 -0.94338 0.39725 0.74168
109091144 -0.94587 0.39725 0.73855
109091145 -0.94837 0.39725 0.73542
109091146 -0.95086 0.39725 0.73230
109091147 -0.95335 0.39725 0.72917
109091148 -0.95585 0.39725 0.72604
109091149 -0.95834 0.39725 0.72291
109091150 -0.96083 0.39725 0.71978
109091151 -0.96333 0.39725 0.71666
109091152 -0.96582 0.39725 0.71353
109091153 -0.96831 0.39725 0.71040
109091154 -0.97081 0.39725 0.70727
109091155 -0.97330 0.39725 0.70414
109091156 -0.97579 0.39725 0.70102
109091157 -0.97828 0.39725 0.69789
109091158 -0.98078 0.39725 0.69476
109091159 -0.98327 0.39725 0.69163
109091160 -0.98576 0.39725 0.68850
109091161 -0.98826 0.39725 0.68538
109091162 -0.99075 0.39725 0.68225
109091163 -0.99324 0.39725 0.67912
109091164 -0.99574 0.39725 0.67599
109091165 -0.99823 0.39725 0.67286
109091166 -1.00072 0.39725 0.66974
109091167 -1.00322 0.39725 0.66661
109091168 -1.00571 0.39725 0.66348
109091169 -1.00820 0.39725 0.66035
109091170 -1.01069 0.39725 0.65722
109091171 -1.01319 0.39725 0.65410
109091172 -1.01568 0.39725 0.65097
109091173 -1.01817 0.39725 0.64784
109091174 -1.02067 0.39725 0.64471
109091175 -1.02316 0.39725 0.64158
109091176 -1.02565 0.39725 0.63845
109091177 -1.02815 0.39725 0.63533
109091178 -1.03064 0.39725 0.63220
109091179 -1.03313 0.39725 0.62907
109091180 -1.03563 0.39725 0.62594
109091181 -1.03812 0.39725 0.62281
109091182 -1.04061 0.39725 0.61969
109091183 -1.04310 0.39725 0.61656
109091184 -1.04560 0.39725 0.61343
109091185 -1.04809 0.39725 0.61030
109091186 -1.05058 0.39725 0.60717
109091187 -1.05308 0.39725 0.60405
109091188 -1.05557 0.39725 0.60092
109091189 -1.05806 0.39725 0.59779
109091190 -1.06056 0.39725 0.59466
109091191 -1.06305 0.39725 0.59153
109091192 -1.06554 0.39725 0.58841
109091193 -1.06803 0.39725 0.58528
109091194 -1.07053 0.39725 0.58215
109091195 -1.07302 0.39725 0.57902
109091196 -1.07551 0.39725 0.57589
109091197 -1.07801 0.39725 0.57277
109091198 -1.08050 0.39725 0.56964
109091199 -1.08299 0.39725 0.56651
109091200 -1.08549 0.39725 0.56338
