# pixelID  x  y  z
113120001 1.20000 0.63275 -0.29800
113120002 1.20000 0.63275 -0.29400
113120003 1.20000 0.63275 -0.29000
113120004 1.20000 0.63275 -0.28600
113120005 1.20000 0.63275 -0.28200
113120006 1.20000 0.63275 -0.27800
113120007 1.20000 0.63275 -0.27400
113120008 1.20000 0.63275 -0.27000
113120009 1.20000 0.63275 -0.26600
113120010 1.20000 0.63275 -0.26200
113120011 1.20000 0.63275 -0.25800
113120012 1.20000 0.63275 -0.25400
113120013 1.20000 0.63275 -0.25000
113120014 1.20000 0.63275 -0.24600
113120015 1.20000 0.63275 -0.24200
113120016 1.20000 0.63275 -0.23800
113120017 1.20000 0.63275 -0.23400
113120018 1.20000 0.63275 -0.23000
113120019 1.20000 0.63275 -0.22600
113120020 1.20000 0.63275 -0.22200
113120021 1.20000 0.63275 -0.21800
113120022 1.20000 0.63275 -0.21400
113120023 1.20000 0.63275 -0.21000
113120024 1.20000 0.63275 -0.20600
113120025 1.20000 0.63275 -0.20200
113120026 1.20000 0.63275 -0.19800
113120027 1.20000 0.63275 -0.19400
113120028 1.20000 0.63275 -0.19000
113120029 1.20000 0.63275 -0.18600
113120030 1.20000 0.63275 -0.18200
113120031 1.20000 0.63275 -0.17800
113120032 1.20000 0.63275 -0.17400
113120033 1.20000 0.63275 -0.17000
113120034 1.20000 0.63275 -0.16600
113120035 1.20000 0.63275 -0.16200
113120036 1.20000 0.63275 -0.15800
113120037 1.20000 0.63275 -0.15400
113120038 1.20000 0.63275 -0.15000
113120039 1.20000 0.63275 -0.14600
113120040 1.20000 0.63275 -0.14200
113120041 1.20000 0.63275 -0.13800
113120042 1.20000 0.63275 -0.13400
113120043 1.20000 0.63275 -0.13000
113120044 1.20000 0.63275 -0.12600
113120045 1.20000 0.63275 -0.12200
113120046 1.20000 0.63275 -0.11800
113120047 1.20000 0.63275 -0.11400
113120048 1.20000 0.63275 -0.11000
113120049 1.20000 0.63275 -0.10600
113120050 1.20000 0.63275 -0.10200
113120051 1.20000 0.63275 -0.09800
113120052 1.20000 0.63275 -0.09400
113120053 1.20000 0.63275 -0.09000
113120054 1.20000 0.63275 -0.08600
113120055 1.20000 0.63275 -0.08200
113120056 1.20000 0.63275 -0.07800
113120057 1.20000 0.63275 -0.07400
113120058 1.20000 0.63275 -0.07000
113120059 1.20000 0.63275 -0.06600
113120060 1.20000 0.63275 -0.06200
113120061 1.20000 0.63275 -0.05800
113120062 1.20000 0.63275 -0.05400
113120063 1.20000 0.63275 -0.05000
113120064 1.20000 0.63275 -0.04600
113120065 1.20000 0.63275 -0.04200
113120066 1.20000 0.63275 -0.03800
113120067 1.20000 0.63275 -0.03400
113120068 1.20000 0.63275 -0.03000
113120069 1.20000 0.63275 -0.02600
113120070 1.20000 0.63275 -0.02200
113120071 1.20000 0.63275 -0.01800
113120072 1.20000 0.63275 -0.01400
113120073 1.20000 0.63275 -0.01000
113120074 1.20000 0.63275 -0.00600
113120075 1.20000 0.63275 -0.00200
113120076 1.20000 0.63275 0.00200
113120077 1.20000 0.63275 0.00600
113120078 1.20000 0.63275 0.01000
113120079 1.20000 0.63275 0.01400
113120080 1.20000 0.63275 0.01800
113120081 1.20000 0.63275 0.02200
113120082 1.20000 0.63275 0.02600
113120083 1.20000 0.63275 0.03000
113120084 1.20000 0.63275 0.03400
113120085 1.20000 0.63275 0.03800
113120086 1.20000 0.63275 0.04200
113120087 1.20000 0.63275 0.04600
113120088 1.20000 0.63275 0.05000
113120089 1.20000 0.63275 0.05400
113120090 1.20000 0.63275 0.05800
113120091 1.20000 0.63275 0.06200
113120092 1.20000 0.63275 0.06600
113120093 1.20000 0.63275 0.07000
113120094 1.20000 0.63275 0.07400
113120095 1.20000 0.63275 0.07800
113120096 1.20000 0.63275 0.08200
113120097 1.20000 0.63275 0.08600
113120098 1.20000 0.63275 0.09000
113120099 1.20000 0.63275 0.09400
113120100 1.20000 0.63275 0.09800
113120101 1.20000 0.63275 0.10200
113120102 1.20000 0.63275 0.10600
113120103 1.20000 0.63275 0.11000
113120104 1.20000 0.63275 0.11400
113120105 1.20000 0.63275 0.11800
113120106 1.20000 0.63275 0.12200
113120107 1.20000 0.63275 0.12600
113120108 1.20000 0.63275 0.13000
113120109 1.20000 0.63275 0.13400
113120110 1.20000 0.63275 0.13800
113120111 1.20000 0.63275 0.14200
113120112 1.20000 0.63275 0.14600
113120113 1.20000 0.63275 0.15000
113120114 1.20000 0.63275 0.15400
113120115 1.20000 0.63275 0.15800
113120116 1.20000 0.63275 0.16200
113120117 1.20000 0.63275 0.16600
113120118 1.20000 0.63275 0.17000
113120119 1.20000 0.63275 0.17400
113120120 1.20000 0.63275 0.17800
113120121 1.20000 0.63275 0.18200
113120122 1.20000 0.63275 0.18600
113120123 1.20000 0.63275 0.19000
113120124 1.20000 0.63275 0.19400
113120125 1.20000 0.63275 0.19800
113120126 1.20000 0.63275 0.20200
113120127 1.20000 0.63275 0.20600
113120128 1.20000 0.63275 0.21000
113120129 1.20000 0.63275 0.21400
113120130 1.20000 0.63275 0.21800
113120131 1.20000 0.63275 0.22200
113120132 1.20000 0.63275 0.22600
113120133 1.20000 0.63275 0.23000
113120134 1.20000 0.63275 0.23400
113120135 1.20000 0.63275 0.23800
113120136 1.20000 0.63275 0.24200
113120137 1.20000 0.63275 0.24600
113120138 1.20000 0.63275 0.25000
113120139 1.20000 0.63275 0.25400
113120140 1.20000 0.63275 0.25800
113120141 1.20000 0.63275 0.26200
113120142 1.20000 0.63275 0.26600
113120143 1.20000 0.63275 0.27000
113120144 1.20000 0.63275 0.27400
113120145 1.20000 0.63275 0.27800
113120146 1.20000 0.63275 0.28200
113120147 1.20000 0.63275 0.28600
113120148 1.20000 0.63275 0.29000
113120149 1.20000 0.63275 0.29400
113120150 1.20000 0.63275 0.29800
113120151 1.20000 0.64625 -0.29800
113120152 1.20000 0.64625 -0.29400
113120153 1.20000 0.64625 -0.29000
113120154 1.20000 0.64625 -0.28600
113120155 1.20000 0.64625 -0.28200
113120156 1.20000 0.64625 -0.27800
113120157 1.20000 0.64625 -0.27400
113120158 1.20000 0.64625 -0.27000
113120159 1.20000 0.64625 -0.26600
113120160 1.20000 0.64625 -0.26200
113120161 1.20000 0.64625 -0.25800
113120162 1.20000 0.64625 -0.25400
113120163 1.20000 0.64625 -0.25000
113120164 1.20000 0.64625 -0.24600
113120165 1.20000 0.64625 -0.24200
113120166 1.20000 0.64625 -0.23800
113120167 1.20000 0.64625 -0.23400
113120168 1.20000 0.64625 -0.23000
113120169 1.20000 0.64625 -0.22600
113120170 1.20000 0.64625 -0.22200
113120171 1.20000 0.64625 -0.21800
113120172 1.20000 0.64625 -0.21400
113120173 1.20000 0.64625 -0.21000
113120174 1.20000 0.64625 -0.20600
113120175 1.20000 0.64625 -0.20200
113120176 1.20000 0.64625 -0.19800
113120177 1.20000 0.64625 -0.19400
113120178 1.20000 0.64625 -0.19000
113120179 1.20000 0.64625 -0.18600
113120180 1.20000 0.64625 -0.18200
113120181 1.20000 0.64625 -0.17800
113120182 1.20000 0.64625 -0.17400
113120183 1.20000 0.64625 -0.17000
113120184 1.20000 0.64625 -0.16600
113120185 1.20000 0.64625 -0.16200
113120186 1.20000 0.64625 -0.15800
113120187 1.20000 0.64625 -0.15400
113120188 1.20000 0.64625 -0.15000
113120189 1.20000 0.64625 -0.14600
113120190 1.20000 0.64625 -0.14200
113120191 1.20000 0.64625 -0.13800
113120192 1.20000 0.64625 -0.13400
113120193 1.20000 0.64625 -0.13000
113120194 1.20000 0.64625 -0.12600
113120195 1.20000 0.64625 -0.12200
113120196 1.20000 0.64625 -0.11800
113120197 1.20000 0.64625 -0.11400
113120198 1.20000 0.64625 -0.11000
113120199 1.20000 0.64625 -0.10600
113120200 1.20000 0.64625 -0.10200
113120201 1.20000 0.64625 -0.09800
113120202 1.20000 0.64625 -0.09400
113120203 1.20000 0.64625 -0.09000
113120204 1.20000 0.64625 -0.08600
113120205 1.20000 0.64625 -0.08200
113120206 1.20000 0.64625 -0.07800
113120207 1.20000 0.64625 -0.07400
113120208 1.20000 0.64625 -0.07000
113120209 1.20000 0.64625 -0.06600
113120210 1.20000 0.64625 -0.06200
113120211 1.20000 0.64625 -0.05800
113120212 1.20000 0.64625 -0.05400
113120213 1.20000 0.64625 -0.05000
113120214 1.20000 0.64625 -0.04600
113120215 1.20000 0.64625 -0.04200
113120216 1.20000 0.64625 -0.03800
113120217 1.20000 0.64625 -0.03400
113120218 1.20000 0.64625 -0.03000
113120219 1.20000 0.64625 -0.02600
113120220 1.20000 0.64625 -0.02200
113120221 1.20000 0.64625 -0.01800
113120222 1.20000 0.64625 -0.01400
113120223 1.20000 0.64625 -0.01000
113120224 1.20000 0.64625 -0.00600
113120225 1.20000 0.64625 -0.00200
113120226 1.20000 0.64625 0.00200
113120227 1.20000 0.64625 0.00600
113120228 1.20000 0.64625 0.01000
113120229 1.20000 0.64625 0.01400
113120230 1.20000 0.64625 0.01800
113120231 1.20000 0.64625 0.02200
113120232 1.20000 0.64625 0.02600
113120233 1.20000 0.64625 0.03000
113120234 1.20000 0.64625 0.03400
113120235 1.20000 0.64625 0.03800
113120236 1.20000 0.64625 0.04200
113120237 1.20000 0.64625 0.04600
113120238 1.20000 0.64625 0.05000
113120239 1.20000 0.64625 0.05400
113120240 1.20000 0.64625 0.05800
113120241 1.20000 0.64625 0.06200
113120242 1.20000 0.64625 0.06600
113120243 1.20000 0.64625 0.07000
113120244 1.20000 0.64625 0.07400
113120245 1.20000 0.64625 0.07800
113120246 1.20000 0.64625 0.08200
113120247 1.20000 0.64625 0.08600
113120248 1.20000 0.64625 0.09000
113120249 1.20000 0.64625 0.09400
113120250 1.20000 0.64625 0.09800
113120251 1.20000 0.64625 0.10200
113120252 1.20000 0.64625 0.10600
113120253 1.20000 0.64625 0.11000
113120254 1.20000 0.64625 0.11400
113120255 1.20000 0.64625 0.11800
113120256 1.20000 0.64625 0.12200
113120257 1.20000 0.64625 0.12600
113120258 1.20000 0.64625 0.13000
113120259 1.20000 0.64625 0.13400
113120260 1.20000 0.64625 0.13800
113120261 1.20000 0.64625 0.14200
113120262 1.20000 0.64625 0.14600
113120263 1.20000 0.64625 0.15000
113120264 1.20000 0.64625 0.15400
113120265 1.20000 0.64625 0.15800
113120266 1.20000 0.64625 0.16200
113120267 1.20000 0.64625 0.16600
113120268 1.20000 0.64625 0.17000
113120269 1.20000 0.64625 0.17400
113120270 1.20000 0.64625 0.17800
113120271 1.20000 0.64625 0.18200
113120272 1.20000 0.64625 0.18600
113120273 1.20000 0.64625 0.19000
113120274 1.20000 0.64625 0.19400
113120275 1.20000 0.64625 0.19800
113120276 1.20000 0.64625 0.20200
113120277 1.20000 0.64625 0.20600
113120278 1.20000 0.64625 0.21000
113120279 1.20000 0.64625 0.21400
113120280 1.20000 0.64625 0.21800
113120281 1.20000 0.64625 0.22200
113120282 1.20000 0.64625 0.22600
113120283 1.20000 0.64625 0.23000
113120284 1.20000 0.64625 0.23400
113120285 1.20000 0.64625 0.23800
113120286 1.20000 0.64625 0.24200
113120287 1.20000 0.64625 0.24600
113120288 1.20000 0.64625 0.25000
113120289 1.20000 0.64625 0.25400
113120290 1.20000 0.64625 0.25800
113120291 1.20000 0.64625 0.26200
113120292 1.20000 0.64625 0.26600
113120293 1.20000 0.64625 0.27000
113120294 1.20000 0.64625 0.27400
113120295 1.20000 0.64625 0.27800
113120296 1.20000 0.64625 0.28200
113120297 1.20000 0.64625 0.28600
113120298 1.20000 0.64625 0.29000
113120299 1.20000 0.64625 0.29400
113120300 1.20000 0.64625 0.29800
113120301 1.20000 0.65975 -0.29800
113120302 1.20000 0.65975 -0.29400
113120303 1.20000 0.65975 -0.29000
113120304 1.20000 0.65975 -0.28600
113120305 1.20000 0.65975 -0.28200
113120306 1.20000 0.65975 -0.27800
113120307 1.20000 0.65975 -0.27400
113120308 1.20000 0.65975 -0.27000
113120309 1.20000 0.65975 -0.26600
113120310 1.20000 0.65975 -0.26200
113120311 1.20000 0.65975 -0.25800
113120312 1.20000 0.65975 -0.25400
113120313 1.20000 0.65975 -0.25000
113120314 1.20000 0.65975 -0.24600
113120315 1.20000 0.65975 -0.24200
113120316 1.20000 0.65975 -0.23800
113120317 1.20000 0.65975 -0.23400
113120318 1.20000 0.65975 -0.23000
113120319 1.20000 0.65975 -0.22600
113120320 1.20000 0.65975 -0.22200
113120321 1.20000 0.65975 -0.21800
113120322 1.20000 0.65975 -0.21400
113120323 1.20000 0.65975 -0.21000
113120324 1.20000 0.65975 -0.20600
113120325 1.20000 0.65975 -0.20200
113120326 1.20000 0.65975 -0.19800
113120327 1.20000 0.65975 -0.19400
113120328 1.20000 0.65975 -0.19000
113120329 1.20000 0.65975 -0.18600
113120330 1.20000 0.65975 -0.18200
113120331 1.20000 0.65975 -0.17800
113120332 1.20000 0.65975 -0.17400
113120333 1.20000 0.65975 -0.17000
113120334 1.20000 0.65975 -0.16600
113120335 1.20000 0.65975 -0.16200
113120336 1.20000 0.65975 -0.15800
113120337 1.20000 0.65975 -0.15400
113120338 1.20000 0.65975 -0.15000
113120339 1.20000 0.65975 -0.14600
113120340 1.20000 0.65975 -0.14200
113120341 1.20000 0.65975 -0.13800
113120342 1.20000 0.65975 -0.13400
113120343 1.20000 0.65975 -0.13000
113120344 1.20000 0.65975 -0.12600
113120345 1.20000 0.65975 -0.12200
113120346 1.20000 0.65975 -0.11800
113120347 1.20000 0.65975 -0.11400
113120348 1.20000 0.65975 -0.11000
113120349 1.20000 0.65975 -0.10600
113120350 1.20000 0.65975 -0.10200
113120351 1.20000 0.65975 -0.09800
113120352 1.20000 0.65975 -0.09400
113120353 1.20000 0.65975 -0.09000
113120354 1.20000 0.65975 -0.08600
113120355 1.20000 0.65975 -0.08200
113120356 1.20000 0.65975 -0.07800
113120357 1.20000 0.65975 -0.07400
113120358 1.20000 0.65975 -0.07000
113120359 1.20000 0.65975 -0.06600
113120360 1.20000 0.65975 -0.06200
113120361 1.20000 0.65975 -0.05800
113120362 1.20000 0.65975 -0.05400
113120363 1.20000 0.65975 -0.05000
113120364 1.20000 0.65975 -0.04600
113120365 1.20000 0.65975 -0.04200
113120366 1.20000 0.65975 -0.03800
113120367 1.20000 0.65975 -0.03400
113120368 1.20000 0.65975 -0.03000
113120369 1.20000 0.65975 -0.02600
113120370 1.20000 0.65975 -0.02200
113120371 1.20000 0.65975 -0.01800
113120372 1.20000 0.65975 -0.01400
113120373 1.20000 0.65975 -0.01000
113120374 1.20000 0.65975 -0.00600
113120375 1.20000 0.65975 -0.00200
113120376 1.20000 0.65975 0.00200
113120377 1.20000 0.65975 0.00600
113120378 1.20000 0.65975 0.01000
113120379 1.20000 0.65975 0.01400
113120380 1.20000 0.65975 0.01800
113120381 1.20000 0.65975 0.02200
113120382 1.20000 0.65975 0.02600
113120383 1.20000 0.65975 0.03000
113120384 1.20000 0.65975 0.03400
113120385 1.20000 0.65975 0.03800
113120386 1.20000 0.65975 0.04200
113120387 1.20000 0.65975 0.04600
113120388 1.20000 0.65975 0.05000
113120389 1.20000 0.65975 0.05400
113120390 1.20000 0.65975 0.05800
113120391 1.20000 0.65975 0.06200
113120392 1.20000 0.65975 0.06600
113120393 1.20000 0.65975 0.07000
113120394 1.20000 0.65975 0.07400
113120395 1.20000 0.65975 0.07800
113120396 1.20000 0.65975 0.08200
113120397 1.20000 0.65975 0.08600
113120398 1.20000 0.65975 0.09000
113120399 1.20000 0.65975 0.09400
113120400 1.20000 0.65975 0.09800
113120401 1.20000 0.65975 0.10200
113120402 1.20000 0.65975 0.10600
113120403 1.20000 0.65975 0.11000
113120404 1.20000 0.65975 0.11400
113120405 1.20000 0.65975 0.11800
113120406 1.20000 0.65975 0.12200
113120407 1.20000 0.65975 0.12600
113120408 1.20000 0.65975 0.13000
113120409 1.20000 0.65975 0.13400
113120410 1.20000 0.65975 0.13800
113120411 1.20000 0.65975 0.14200
113120412 1.20000 0.65975 0.14600
113120413 1.20000 0.65975 0.15000
113120414 1.20000 0.65975 0.15400
113120415 1.20000 0.65975 0.15800
113120416 1.20000 0.65975 0.16200
113120417 1.20000 0.65975 0.16600
113120418 1.20000 0.65975 0.17000
113120419 1.20000 0.65975 0.17400
113120420 1.20000 0.65975 0.17800
113120421 1.20000 0.65975 0.18200
113120422 1.20000 0.65975 0.18600
113120423 1.20000 0.65975 0.19000
113120424 1.20000 0.65975 0.19400
113120425 1.20000 0.65975 0.19800
113120426 1.20000 0.65975 0.20200
113120427 1.20000 0.65975 0.20600
113120428 1.20000 0.65975 0.21000
113120429 1.20000 0.65975 0.21400
113120430 1.20000 0.65975 0.21800
113120431 1.20000 0.65975 0.22200
113120432 1.20000 0.65975 0.22600
113120433 1.20000 0.65975 0.23000
113120434 1.20000 0.65975 0.23400
113120435 1.20000 0.65975 0.23800
113120436 1.20000 0.65975 0.24200
113120437 1.20000 0.65975 0.24600
113120438 1.20000 0.65975 0.25000
113120439 1.20000 0.65975 0.25400
113120440 1.20000 0.65975 0.25800
113120441 1.20000 0.65975 0.26200
113120442 1.20000 0.65975 0.26600
113120443 1.20000 0.65975 0.27000
113120444 1.20000 0.65975 0.27400
113120445 1.20000 0.65975 0.27800
113120446 1.20000 0.65975 0.28200
113120447 1.20000 0.65975 0.28600
113120448 1.20000 0.65975 0.29000
113120449 1.20000 0.65975 0.29400
113120450 1.20000 0.65975 0.29800
113120451 1.20000 0.67325 -0.29800
113120452 1.20000 0.67325 -0.29400
113120453 1.20000 0.67325 -0.29000
113120454 1.20000 0.67325 -0.28600
113120455 1.20000 0.67325 -0.28200
113120456 1.20000 0.67325 -0.27800
113120457 1.20000 0.67325 -0.27400
113120458 1.20000 0.67325 -0.27000
113120459 1.20000 0.67325 -0.26600
113120460 1.20000 0.67325 -0.26200
113120461 1.20000 0.67325 -0.25800
113120462 1.20000 0.67325 -0.25400
113120463 1.20000 0.67325 -0.25000
113120464 1.20000 0.67325 -0.24600
113120465 1.20000 0.67325 -0.24200
113120466 1.20000 0.67325 -0.23800
113120467 1.20000 0.67325 -0.23400
113120468 1.20000 0.67325 -0.23000
113120469 1.20000 0.67325 -0.22600
113120470 1.20000 0.67325 -0.22200
113120471 1.20000 0.67325 -0.21800
113120472 1.20000 0.67325 -0.21400
113120473 1.20000 0.67325 -0.21000
113120474 1.20000 0.67325 -0.20600
113120475 1.20000 0.67325 -0.20200
113120476 1.20000 0.67325 -0.19800
113120477 1.20000 0.67325 -0.19400
113120478 1.20000 0.67325 -0.19000
113120479 1.20000 0.67325 -0.18600
113120480 1.20000 0.67325 -0.18200
113120481 1.20000 0.67325 -0.17800
113120482 1.20000 0.67325 -0.17400
113120483 1.20000 0.67325 -0.17000
113120484 1.20000 0.67325 -0.16600
113120485 1.20000 0.67325 -0.16200
113120486 1.20000 0.67325 -0.15800
113120487 1.20000 0.67325 -0.15400
113120488 1.20000 0.67325 -0.15000
113120489 1.20000 0.67325 -0.14600
113120490 1.20000 0.67325 -0.14200
113120491 1.20000 0.67325 -0.13800
113120492 1.20000 0.67325 -0.13400
113120493 1.20000 0.67325 -0.13000
113120494 1.20000 0.67325 -0.12600
113120495 1.20000 0.67325 -0.12200
113120496 1.20000 0.67325 -0.11800
113120497 1.20000 0.67325 -0.11400
113120498 1.20000 0.67325 -0.11000
113120499 1.20000 0.67325 -0.10600
113120500 1.20000 0.67325 -0.10200
113120501 1.20000 0.67325 -0.09800
113120502 1.20000 0.67325 -0.09400
113120503 1.20000 0.67325 -0.09000
113120504 1.20000 0.67325 -0.08600
113120505 1.20000 0.67325 -0.08200
113120506 1.20000 0.67325 -0.07800
113120507 1.20000 0.67325 -0.07400
113120508 1.20000 0.67325 -0.07000
113120509 1.20000 0.67325 -0.06600
113120510 1.20000 0.67325 -0.06200
113120511 1.20000 0.67325 -0.05800
113120512 1.20000 0.67325 -0.05400
113120513 1.20000 0.67325 -0.05000
113120514 1.20000 0.67325 -0.04600
113120515 1.20000 0.67325 -0.04200
113120516 1.20000 0.67325 -0.03800
113120517 1.20000 0.67325 -0.03400
113120518 1.20000 0.67325 -0.03000
113120519 1.20000 0.67325 -0.02600
113120520 1.20000 0.67325 -0.02200
113120521 1.20000 0.67325 -0.01800
113120522 1.20000 0.67325 -0.01400
113120523 1.20000 0.67325 -0.01000
113120524 1.20000 0.67325 -0.00600
113120525 1.20000 0.67325 -0.00200
113120526 1.20000 0.67325 0.00200
113120527 1.20000 0.67325 0.00600
113120528 1.20000 0.67325 0.01000
113120529 1.20000 0.67325 0.01400
113120530 1.20000 0.67325 0.01800
113120531 1.20000 0.67325 0.02200
113120532 1.20000 0.67325 0.02600
113120533 1.20000 0.67325 0.03000
113120534 1.20000 0.67325 0.03400
113120535 1.20000 0.67325 0.03800
113120536 1.20000 0.67325 0.04200
113120537 1.20000 0.67325 0.04600
113120538 1.20000 0.67325 0.05000
113120539 1.20000 0.67325 0.05400
113120540 1.20000 0.67325 0.05800
113120541 1.20000 0.67325 0.06200
113120542 1.20000 0.67325 0.06600
113120543 1.20000 0.67325 0.07000
113120544 1.20000 0.67325 0.07400
113120545 1.20000 0.67325 0.07800
113120546 1.20000 0.67325 0.08200
113120547 1.20000 0.67325 0.08600
113120548 1.20000 0.67325 0.09000
113120549 1.20000 0.67325 0.09400
113120550 1.20000 0.67325 0.09800
113120551 1.20000 0.67325 0.10200
113120552 1.20000 0.67325 0.10600
113120553 1.20000 0.67325 0.11000
113120554 1.20000 0.67325 0.11400
113120555 1.20000 0.67325 0.11800
113120556 1.20000 0.67325 0.12200
113120557 1.20000 0.67325 0.12600
113120558 1.20000 0.67325 0.13000
113120559 1.20000 0.67325 0.13400
113120560 1.20000 0.67325 0.13800
113120561 1.20000 0.67325 0.14200
113120562 1.20000 0.67325 0.14600
113120563 1.20000 0.67325 0.15000
113120564 1.20000 0.67325 0.15400
113120565 1.20000 0.67325 0.15800
113120566 1.20000 0.67325 0.16200
113120567 1.20000 0.67325 0.16600
113120568 1.20000 0.67325 0.17000
113120569 1.20000 0.67325 0.17400
113120570 1.20000 0.67325 0.17800
113120571 1.20000 0.67325 0.18200
113120572 1.20000 0.67325 0.18600
113120573 1.20000 0.67325 0.19000
113120574 1.20000 0.67325 0.19400
113120575 1.20000 0.67325 0.19800
113120576 1.20000 0.67325 0.20200
113120577 1.20000 0.67325 0.20600
113120578 1.20000 0.67325 0.21000
113120579 1.20000 0.67325 0.21400
113120580 1.20000 0.67325 0.21800
113120581 1.20000 0.67325 0.22200
113120582 1.20000 0.67325 0.22600
113120583 1.20000 0.67325 0.23000
113120584 1.20000 0.67325 0.23400
113120585 1.20000 0.67325 0.23800
113120586 1.20000 0.67325 0.24200
113120587 1.20000 0.67325 0.24600
113120588 1.20000 0.67325 0.25000
113120589 1.20000 0.67325 0.25400
113120590 1.20000 0.67325 0.25800
113120591 1.20000 0.67325 0.26200
113120592 1.20000 0.67325 0.26600
113120593 1.20000 0.67325 0.27000
113120594 1.20000 0.67325 0.27400
113120595 1.20000 0.67325 0.27800
113120596 1.20000 0.67325 0.28200
113120597 1.20000 0.67325 0.28600
113120598 1.20000 0.67325 0.29000
113120599 1.20000 0.67325 0.29400
113120600 1.20000 0.67325 0.29800
113120601 1.20000 0.68675 -0.29800
113120602 1.20000 0.68675 -0.29400
113120603 1.20000 0.68675 -0.29000
113120604 1.20000 0.68675 -0.28600
113120605 1.20000 0.68675 -0.28200
113120606 1.20000 0.68675 -0.27800
113120607 1.20000 0.68675 -0.27400
113120608 1.20000 0.68675 -0.27000
113120609 1.20000 0.68675 -0.26600
113120610 1.20000 0.68675 -0.26200
113120611 1.20000 0.68675 -0.25800
113120612 1.20000 0.68675 -0.25400
113120613 1.20000 0.68675 -0.25000
113120614 1.20000 0.68675 -0.24600
113120615 1.20000 0.68675 -0.24200
113120616 1.20000 0.68675 -0.23800
113120617 1.20000 0.68675 -0.23400
113120618 1.20000 0.68675 -0.23000
113120619 1.20000 0.68675 -0.22600
113120620 1.20000 0.68675 -0.22200
113120621 1.20000 0.68675 -0.21800
113120622 1.20000 0.68675 -0.21400
113120623 1.20000 0.68675 -0.21000
113120624 1.20000 0.68675 -0.20600
113120625 1.20000 0.68675 -0.20200
113120626 1.20000 0.68675 -0.19800
113120627 1.20000 0.68675 -0.19400
113120628 1.20000 0.68675 -0.19000
113120629 1.20000 0.68675 -0.18600
113120630 1.20000 0.68675 -0.18200
113120631 1.20000 0.68675 -0.17800
113120632 1.20000 0.68675 -0.17400
113120633 1.20000 0.68675 -0.17000
113120634 1.20000 0.68675 -0.16600
113120635 1.20000 0.68675 -0.16200
113120636 1.20000 0.68675 -0.15800
113120637 1.20000 0.68675 -0.15400
113120638 1.20000 0.68675 -0.15000
113120639 1.20000 0.68675 -0.14600
113120640 1.20000 0.68675 -0.14200
113120641 1.20000 0.68675 -0.13800
113120642 1.20000 0.68675 -0.13400
113120643 1.20000 0.68675 -0.13000
113120644 1.20000 0.68675 -0.12600
113120645 1.20000 0.68675 -0.12200
113120646 1.20000 0.68675 -0.11800
113120647 1.20000 0.68675 -0.11400
113120648 1.20000 0.68675 -0.11000
113120649 1.20000 0.68675 -0.10600
113120650 1.20000 0.68675 -0.10200
113120651 1.20000 0.68675 -0.09800
113120652 1.20000 0.68675 -0.09400
113120653 1.20000 0.68675 -0.09000
113120654 1.20000 0.68675 -0.08600
113120655 1.20000 0.68675 -0.08200
113120656 1.20000 0.68675 -0.07800
113120657 1.20000 0.68675 -0.07400
113120658 1.20000 0.68675 -0.07000
113120659 1.20000 0.68675 -0.06600
113120660 1.20000 0.68675 -0.06200
113120661 1.20000 0.68675 -0.05800
113120662 1.20000 0.68675 -0.05400
113120663 1.20000 0.68675 -0.05000
113120664 1.20000 0.68675 -0.04600
113120665 1.20000 0.68675 -0.04200
113120666 1.20000 0.68675 -0.03800
113120667 1.20000 0.68675 -0.03400
113120668 1.20000 0.68675 -0.03000
113120669 1.20000 0.68675 -0.02600
113120670 1.20000 0.68675 -0.02200
113120671 1.20000 0.68675 -0.01800
113120672 1.20000 0.68675 -0.01400
113120673 1.20000 0.68675 -0.01000
113120674 1.20000 0.68675 -0.00600
113120675 1.20000 0.68675 -0.00200
113120676 1.20000 0.68675 0.00200
113120677 1.20000 0.68675 0.00600
113120678 1.20000 0.68675 0.01000
113120679 1.20000 0.68675 0.01400
113120680 1.20000 0.68675 0.01800
113120681 1.20000 0.68675 0.02200
113120682 1.20000 0.68675 0.02600
113120683 1.20000 0.68675 0.03000
113120684 1.20000 0.68675 0.03400
113120685 1.20000 0.68675 0.03800
113120686 1.20000 0.68675 0.04200
113120687 1.20000 0.68675 0.04600
113120688 1.20000 0.68675 0.05000
113120689 1.20000 0.68675 0.05400
113120690 1.20000 0.68675 0.05800
113120691 1.20000 0.68675 0.06200
113120692 1.20000 0.68675 0.06600
113120693 1.20000 0.68675 0.07000
113120694 1.20000 0.68675 0.07400
113120695 1.20000 0.68675 0.07800
113120696 1.20000 0.68675 0.08200
113120697 1.20000 0.68675 0.08600
113120698 1.20000 0.68675 0.09000
113120699 1.20000 0.68675 0.09400
113120700 1.20000 0.68675 0.09800
113120701 1.20000 0.68675 0.10200
113120702 1.20000 0.68675 0.10600
113120703 1.20000 0.68675 0.11000
113120704 1.20000 0.68675 0.11400
113120705 1.20000 0.68675 0.11800
113120706 1.20000 0.68675 0.12200
113120707 1.20000 0.68675 0.12600
113120708 1.20000 0.68675 0.13000
113120709 1.20000 0.68675 0.13400
113120710 1.20000 0.68675 0.13800
113120711 1.20000 0.68675 0.14200
113120712 1.20000 0.68675 0.14600
113120713 1.20000 0.68675 0.15000
113120714 1.20000 0.68675 0.15400
113120715 1.20000 0.68675 0.15800
113120716 1.20000 0.68675 0.16200
113120717 1.20000 0.68675 0.16600
113120718 1.20000 0.68675 0.17000
113120719 1.20000 0.68675 0.17400
113120720 1.20000 0.68675 0.17800
113120721 1.20000 0.68675 0.18200
113120722 1.20000 0.68675 0.18600
113120723 1.20000 0.68675 0.19000
113120724 1.20000 0.68675 0.19400
113120725 1.20000 0.68675 0.19800
113120726 1.20000 0.68675 0.20200
113120727 1.20000 0.68675 0.20600
113120728 1.20000 0.68675 0.21000
113120729 1.20000 0.68675 0.21400
113120730 1.20000 0.68675 0.21800
113120731 1.20000 0.68675 0.22200
113120732 1.20000 0.68675 0.22600
113120733 1.20000 0.68675 0.23000
113120734 1.20000 0.68675 0.23400
113120735 1.20000 0.68675 0.23800
113120736 1.20000 0.68675 0.24200
113120737 1.20000 0.68675 0.24600
113120738 1.20000 0.68675 0.25000
113120739 1.20000 0.68675 0.25400
113120740 1.20000 0.68675 0.25800
113120741 1.20000 0.68675 0.26200
113120742 1.20000 0.68675 0.26600
113120743 1.20000 0.68675 0.27000
113120744 1.20000 0.68675 0.27400
113120745 1.20000 0.68675 0.27800
113120746 1.20000 0.68675 0.28200
113120747 1.20000 0.68675 0.28600
113120748 1.20000 0.68675 0.29000
113120749 1.20000 0.68675 0.29400
113120750 1.20000 0.68675 0.29800
113120751 1.20000 0.70025 -0.29800
113120752 1.20000 0.70025 -0.29400
113120753 1.20000 0.70025 -0.29000
113120754 1.20000 0.70025 -0.28600
113120755 1.20000 0.70025 -0.28200
113120756 1.20000 0.70025 -0.27800
113120757 1.20000 0.70025 -0.27400
113120758 1.20000 0.70025 -0.27000
113120759 1.20000 0.70025 -0.26600
113120760 1.20000 0.70025 -0.26200
113120761 1.20000 0.70025 -0.25800
113120762 1.20000 0.70025 -0.25400
113120763 1.20000 0.70025 -0.25000
113120764 1.20000 0.70025 -0.24600
113120765 1.20000 0.70025 -0.24200
113120766 1.20000 0.70025 -0.23800
113120767 1.20000 0.70025 -0.23400
113120768 1.20000 0.70025 -0.23000
113120769 1.20000 0.70025 -0.22600
113120770 1.20000 0.70025 -0.22200
113120771 1.20000 0.70025 -0.21800
113120772 1.20000 0.70025 -0.21400
113120773 1.20000 0.70025 -0.21000
113120774 1.20000 0.70025 -0.20600
113120775 1.20000 0.70025 -0.20200
113120776 1.20000 0.70025 -0.19800
113120777 1.20000 0.70025 -0.19400
113120778 1.20000 0.70025 -0.19000
113120779 1.20000 0.70025 -0.18600
113120780 1.20000 0.70025 -0.18200
113120781 1.20000 0.70025 -0.17800
113120782 1.20000 0.70025 -0.17400
113120783 1.20000 0.70025 -0.17000
113120784 1.20000 0.70025 -0.16600
113120785 1.20000 0.70025 -0.16200
113120786 1.20000 0.70025 -0.15800
113120787 1.20000 0.70025 -0.15400
113120788 1.20000 0.70025 -0.15000
113120789 1.20000 0.70025 -0.14600
113120790 1.20000 0.70025 -0.14200
113120791 1.20000 0.70025 -0.13800
113120792 1.20000 0.70025 -0.13400
113120793 1.20000 0.70025 -0.13000
113120794 1.20000 0.70025 -0.12600
113120795 1.20000 0.70025 -0.12200
113120796 1.20000 0.70025 -0.11800
113120797 1.20000 0.70025 -0.11400
113120798 1.20000 0.70025 -0.11000
113120799 1.20000 0.70025 -0.10600
113120800 1.20000 0.70025 -0.10200
113120801 1.20000 0.70025 -0.09800
113120802 1.20000 0.70025 -0.09400
113120803 1.20000 0.70025 -0.09000
113120804 1.20000 0.70025 -0.08600
113120805 1.20000 0.70025 -0.08200
113120806 1.20000 0.70025 -0.07800
113120807 1.20000 0.70025 -0.07400
113120808 1.20000 0.70025 -0.07000
113120809 1.20000 0.70025 -0.06600
113120810 1.20000 0.70025 -0.06200
113120811 1.20000 0.70025 -0.05800
113120812 1.20000 0.70025 -0.05400
113120813 1.20000 0.70025 -0.05000
113120814 1.20000 0.70025 -0.04600
113120815 1.20000 0.70025 -0.04200
113120816 1.20000 0.70025 -0.03800
113120817 1.20000 0.70025 -0.03400
113120818 1.20000 0.70025 -0.03000
113120819 1.20000 0.70025 -0.02600
113120820 1.20000 0.70025 -0.02200
113120821 1.20000 0.70025 -0.01800
113120822 1.20000 0.70025 -0.01400
113120823 1.20000 0.70025 -0.01000
113120824 1.20000 0.70025 -0.00600
113120825 1.20000 0.70025 -0.00200
113120826 1.20000 0.70025 0.00200
113120827 1.20000 0.70025 0.00600
113120828 1.20000 0.70025 0.01000
113120829 1.20000 0.70025 0.01400
113120830 1.20000 0.70025 0.01800
113120831 1.20000 0.70025 0.02200
113120832 1.20000 0.70025 0.02600
113120833 1.20000 0.70025 0.03000
113120834 1.20000 0.70025 0.03400
113120835 1.20000 0.70025 0.03800
113120836 1.20000 0.70025 0.04200
113120837 1.20000 0.70025 0.04600
113120838 1.20000 0.70025 0.05000
113120839 1.20000 0.70025 0.05400
113120840 1.20000 0.70025 0.05800
113120841 1.20000 0.70025 0.06200
113120842 1.20000 0.70025 0.06600
113120843 1.20000 0.70025 0.07000
113120844 1.20000 0.70025 0.07400
113120845 1.20000 0.70025 0.07800
113120846 1.20000 0.70025 0.08200
113120847 1.20000 0.70025 0.08600
113120848 1.20000 0.70025 0.09000
113120849 1.20000 0.70025 0.09400
113120850 1.20000 0.70025 0.09800
113120851 1.20000 0.70025 0.10200
113120852 1.20000 0.70025 0.10600
113120853 1.20000 0.70025 0.11000
113120854 1.20000 0.70025 0.11400
113120855 1.20000 0.70025 0.11800
113120856 1.20000 0.70025 0.12200
113120857 1.20000 0.70025 0.12600
113120858 1.20000 0.70025 0.13000
113120859 1.20000 0.70025 0.13400
113120860 1.20000 0.70025 0.13800
113120861 1.20000 0.70025 0.14200
113120862 1.20000 0.70025 0.14600
113120863 1.20000 0.70025 0.15000
113120864 1.20000 0.70025 0.15400
113120865 1.20000 0.70025 0.15800
113120866 1.20000 0.70025 0.16200
113120867 1.20000 0.70025 0.16600
113120868 1.20000 0.70025 0.17000
113120869 1.20000 0.70025 0.17400
113120870 1.20000 0.70025 0.17800
113120871 1.20000 0.70025 0.18200
113120872 1.20000 0.70025 0.18600
113120873 1.20000 0.70025 0.19000
113120874 1.20000 0.70025 0.19400
113120875 1.20000 0.70025 0.19800
113120876 1.20000 0.70025 0.20200
113120877 1.20000 0.70025 0.20600
113120878 1.20000 0.70025 0.21000
113120879 1.20000 0.70025 0.21400
113120880 1.20000 0.70025 0.21800
113120881 1.20000 0.70025 0.22200
113120882 1.20000 0.70025 0.22600
113120883 1.20000 0.70025 0.23000
113120884 1.20000 0.70025 0.23400
113120885 1.20000 0.70025 0.23800
113120886 1.20000 0.70025 0.24200
113120887 1.20000 0.70025 0.24600
113120888 1.20000 0.70025 0.25000
113120889 1.20000 0.70025 0.25400
113120890 1.20000 0.70025 0.25800
113120891 1.20000 0.70025 0.26200
113120892 1.20000 0.70025 0.26600
113120893 1.20000 0.70025 0.27000
113120894 1.20000 0.70025 0.27400
113120895 1.20000 0.70025 0.27800
113120896 1.20000 0.70025 0.28200
113120897 1.20000 0.70025 0.28600
113120898 1.20000 0.70025 0.29000
113120899 1.20000 0.70025 0.29400
113120900 1.20000 0.70025 0.29800
113120901 1.20000 0.71375 -0.29800
113120902 1.20000 0.71375 -0.29400
113120903 1.20000 0.71375 -0.29000
113120904 1.20000 0.71375 -0.28600
113120905 1.20000 0.71375 -0.28200
113120906 1.20000 0.71375 -0.27800
113120907 1.20000 0.71375 -0.27400
113120908 1.20000 0.71375 -0.27000
113120909 1.20000 0.71375 -0.26600
113120910 1.20000 0.71375 -0.26200
113120911 1.20000 0.71375 -0.25800
113120912 1.20000 0.71375 -0.25400
113120913 1.20000 0.71375 -0.25000
113120914 1.20000 0.71375 -0.24600
113120915 1.20000 0.71375 -0.24200
113120916 1.20000 0.71375 -0.23800
113120917 1.20000 0.71375 -0.23400
113120918 1.20000 0.71375 -0.23000
113120919 1.20000 0.71375 -0.22600
113120920 1.20000 0.71375 -0.22200
113120921 1.20000 0.71375 -0.21800
113120922 1.20000 0.71375 -0.21400
113120923 1.20000 0.71375 -0.21000
113120924 1.20000 0.71375 -0.20600
113120925 1.20000 0.71375 -0.20200
113120926 1.20000 0.71375 -0.19800
113120927 1.20000 0.71375 -0.19400
113120928 1.20000 0.71375 -0.19000
113120929 1.20000 0.71375 -0.18600
113120930 1.20000 0.71375 -0.18200
113120931 1.20000 0.71375 -0.17800
113120932 1.20000 0.71375 -0.17400
113120933 1.20000 0.71375 -0.17000
113120934 1.20000 0.71375 -0.16600
113120935 1.20000 0.71375 -0.16200
113120936 1.20000 0.71375 -0.15800
113120937 1.20000 0.71375 -0.15400
113120938 1.20000 0.71375 -0.15000
113120939 1.20000 0.71375 -0.14600
113120940 1.20000 0.71375 -0.14200
113120941 1.20000 0.71375 -0.13800
113120942 1.20000 0.71375 -0.13400
113120943 1.20000 0.71375 -0.13000
113120944 1.20000 0.71375 -0.12600
113120945 1.20000 0.71375 -0.12200
113120946 1.20000 0.71375 -0.11800
113120947 1.20000 0.71375 -0.11400
113120948 1.20000 0.71375 -0.11000
113120949 1.20000 0.71375 -0.10600
113120950 1.20000 0.71375 -0.10200
113120951 1.20000 0.71375 -0.09800
113120952 1.20000 0.71375 -0.09400
113120953 1.20000 0.71375 -0.09000
113120954 1.20000 0.71375 -0.08600
113120955 1.20000 0.71375 -0.08200
113120956 1.20000 0.71375 -0.07800
113120957 1.20000 0.71375 -0.07400
113120958 1.20000 0.71375 -0.07000
113120959 1.20000 0.71375 -0.06600
113120960 1.20000 0.71375 -0.06200
113120961 1.20000 0.71375 -0.05800
113120962 1.20000 0.71375 -0.05400
113120963 1.20000 0.71375 -0.05000
113120964 1.20000 0.71375 -0.04600
113120965 1.20000 0.71375 -0.04200
113120966 1.20000 0.71375 -0.03800
113120967 1.20000 0.71375 -0.03400
113120968 1.20000 0.71375 -0.03000
113120969 1.20000 0.71375 -0.02600
113120970 1.20000 0.71375 -0.02200
113120971 1.20000 0.71375 -0.01800
113120972 1.20000 0.71375 -0.01400
113120973 1.20000 0.71375 -0.01000
113120974 1.20000 0.71375 -0.00600
113120975 1.20000 0.71375 -0.00200
113120976 1.20000 0.71375 0.00200
113120977 1.20000 0.71375 0.00600
113120978 1.20000 0.71375 0.01000
113120979 1.20000 0.71375 0.01400
113120980 1.20000 0.71375 0.01800
113120981 1.20000 0.71375 0.02200
113120982 1.20000 0.71375 0.02600
113120983 1.20000 0.71375 0.03000
113120984 1.20000 0.71375 0.03400
113120985 1.20000 0.71375 0.03800
113120986 1.20000 0.71375 0.04200
113120987 1.20000 0.71375 0.04600
113120988 1.20000 0.71375 0.05000
113120989 1.20000 0.71375 0.05400
113120990 1.20000 0.71375 0.05800
113120991 1.20000 0.71375 0.06200
113120992 1.20000 0.71375 0.06600
113120993 1.20000 0.71375 0.07000
113120994 1.20000 0.71375 0.07400
113120995 1.20000 0.71375 0.07800
113120996 1.20000 0.71375 0.08200
113120997 1.20000 0.71375 0.08600
113120998 1.20000 0.71375 0.09000
113120999 1.20000 0.71375 0.09400
113121000 1.20000 0.71375 0.09800
113121001 1.20000 0.71375 0.10200
113121002 1.20000 0.71375 0.10600
113121003 1.20000 0.71375 0.11000
113121004 1.20000 0.71375 0.11400
113121005 1.20000 0.71375 0.11800
113121006 1.20000 0.71375 0.12200
113121007 1.20000 0.71375 0.12600
113121008 1.20000 0.71375 0.13000
113121009 1.20000 0.71375 0.13400
113121010 1.20000 0.71375 0.13800
113121011 1.20000 0.71375 0.14200
113121012 1.20000 0.71375 0.14600
113121013 1.20000 0.71375 0.15000
113121014 1.20000 0.71375 0.15400
113121015 1.20000 0.71375 0.15800
113121016 1.20000 0.71375 0.16200
113121017 1.20000 0.71375 0.16600
113121018 1.20000 0.71375 0.17000
113121019 1.20000 0.71375 0.17400
113121020 1.20000 0.71375 0.17800
113121021 1.20000 0.71375 0.18200
113121022 1.20000 0.71375 0.18600
113121023 1.20000 0.71375 0.19000
113121024 1.20000 0.71375 0.19400
113121025 1.20000 0.71375 0.19800
113121026 1.20000 0.71375 0.20200
113121027 1.20000 0.71375 0.20600
113121028 1.20000 0.71375 0.21000
113121029 1.20000 0.71375 0.21400
113121030 1.20000 0.71375 0.21800
113121031 1.20000 0.71375 0.22200
113121032 1.20000 0.71375 0.22600
113121033 1.20000 0.71375 0.23000
113121034 1.20000 0.71375 0.23400
113121035 1.20000 0.71375 0.23800
113121036 1.20000 0.71375 0.24200
113121037 1.20000 0.71375 0.24600
113121038 1.20000 0.71375 0.25000
113121039 1.20000 0.71375 0.25400
113121040 1.20000 0.71375 0.25800
113121041 1.20000 0.71375 0.26200
113121042 1.20000 0.71375 0.26600
113121043 1.20000 0.71375 0.27000
113121044 1.20000 0.71375 0.27400
113121045 1.20000 0.71375 0.27800
113121046 1.20000 0.71375 0.28200
113121047 1.20000 0.71375 0.28600
113121048 1.20000 0.71375 0.29000
113121049 1.20000 0.71375 0.29400
113121050 1.20000 0.71375 0.29800
113121051 1.20000 0.72725 -0.29800
113121052 1.20000 0.72725 -0.29400
113121053 1.20000 0.72725 -0.29000
113121054 1.20000 0.72725 -0.28600
113121055 1.20000 0.72725 -0.28200
113121056 1.20000 0.72725 -0.27800
113121057 1.20000 0.72725 -0.27400
113121058 1.20000 0.72725 -0.27000
113121059 1.20000 0.72725 -0.26600
113121060 1.20000 0.72725 -0.26200
113121061 1.20000 0.72725 -0.25800
113121062 1.20000 0.72725 -0.25400
113121063 1.20000 0.72725 -0.25000
113121064 1.20000 0.72725 -0.24600
113121065 1.20000 0.72725 -0.24200
113121066 1.20000 0.72725 -0.23800
113121067 1.20000 0.72725 -0.23400
113121068 1.20000 0.72725 -0.23000
113121069 1.20000 0.72725 -0.22600
113121070 1.20000 0.72725 -0.22200
113121071 1.20000 0.72725 -0.21800
113121072 1.20000 0.72725 -0.21400
113121073 1.20000 0.72725 -0.21000
113121074 1.20000 0.72725 -0.20600
113121075 1.20000 0.72725 -0.20200
113121076 1.20000 0.72725 -0.19800
113121077 1.20000 0.72725 -0.19400
113121078 1.20000 0.72725 -0.19000
113121079 1.20000 0.72725 -0.18600
113121080 1.20000 0.72725 -0.18200
113121081 1.20000 0.72725 -0.17800
113121082 1.20000 0.72725 -0.17400
113121083 1.20000 0.72725 -0.17000
113121084 1.20000 0.72725 -0.16600
113121085 1.20000 0.72725 -0.16200
113121086 1.20000 0.72725 -0.15800
113121087 1.20000 0.72725 -0.15400
113121088 1.20000 0.72725 -0.15000
113121089 1.20000 0.72725 -0.14600
113121090 1.20000 0.72725 -0.14200
113121091 1.20000 0.72725 -0.13800
113121092 1.20000 0.72725 -0.13400
113121093 1.20000 0.72725 -0.13000
113121094 1.20000 0.72725 -0.12600
113121095 1.20000 0.72725 -0.12200
113121096 1.20000 0.72725 -0.11800
113121097 1.20000 0.72725 -0.11400
113121098 1.20000 0.72725 -0.11000
113121099 1.20000 0.72725 -0.10600
113121100 1.20000 0.72725 -0.10200
113121101 1.20000 0.72725 -0.09800
113121102 1.20000 0.72725 -0.09400
113121103 1.20000 0.72725 -0.09000
113121104 1.20000 0.72725 -0.08600
113121105 1.20000 0.72725 -0.08200
113121106 1.20000 0.72725 -0.07800
113121107 1.20000 0.72725 -0.07400
113121108 1.20000 0.72725 -0.07000
113121109 1.20000 0.72725 -0.06600
113121110 1.20000 0.72725 -0.06200
113121111 1.20000 0.72725 -0.05800
113121112 1.20000 0.72725 -0.05400
113121113 1.20000 0.72725 -0.05000
113121114 1.20000 0.72725 -0.04600
113121115 1.20000 0.72725 -0.04200
113121116 1.20000 0.72725 -0.03800
113121117 1.20000 0.72725 -0.03400
113121118 1.20000 0.72725 -0.03000
113121119 1.20000 0.72725 -0.02600
113121120 1.20000 0.72725 -0.02200
113121121 1.20000 0.72725 -0.01800
113121122 1.20000 0.72725 -0.01400
113121123 1.20000 0.72725 -0.01000
113121124 1.20000 0.72725 -0.00600
113121125 1.20000 0.72725 -0.00200
113121126 1.20000 0.72725 0.00200
113121127 1.20000 0.72725 0.00600
113121128 1.20000 0.72725 0.01000
113121129 1.20000 0.72725 0.01400
113121130 1.20000 0.72725 0.01800
113121131 1.20000 0.72725 0.02200
113121132 1.20000 0.72725 0.02600
113121133 1.20000 0.72725 0.03000
113121134 1.20000 0.72725 0.03400
113121135 1.20000 0.72725 0.03800
113121136 1.20000 0.72725 0.04200
113121137 1.20000 0.72725 0.04600
113121138 1.20000 0.72725 0.05000
113121139 1.20000 0.72725 0.05400
113121140 1.20000 0.72725 0.05800
113121141 1.20000 0.72725 0.06200
113121142 1.20000 0.72725 0.06600
113121143 1.20000 0.72725 0.07000
113121144 1.20000 0.72725 0.07400
113121145 1.20000 0.72725 0.07800
113121146 1.20000 0.72725 0.08200
113121147 1.20000 0.72725 0.08600
113121148 1.20000 0.72725 0.09000
113121149 1.20000 0.72725 0.09400
113121150 1.20000 0.72725 0.09800
113121151 1.20000 0.72725 0.10200
113121152 1.20000 0.72725 0.10600
113121153 1.20000 0.72725 0.11000
113121154 1.20000 0.72725 0.11400
113121155 1.20000 0.72725 0.11800
113121156 1.20000 0.72725 0.12200
113121157 1.20000 0.72725 0.12600
113121158 1.20000 0.72725 0.13000
113121159 1.20000 0.72725 0.13400
113121160 1.20000 0.72725 0.13800
113121161 1.20000 0.72725 0.14200
113121162 1.20000 0.72725 0.14600
113121163 1.20000 0.72725 0.15000
113121164 1.20000 0.72725 0.15400
113121165 1.20000 0.72725 0.15800
113121166 1.20000 0.72725 0.16200
113121167 1.20000 0.72725 0.16600
113121168 1.20000 0.72725 0.17000
113121169 1.20000 0.72725 0.17400
113121170 1.20000 0.72725 0.17800
113121171 1.20000 0.72725 0.18200
113121172 1.20000 0.72725 0.18600
113121173 1.20000 0.72725 0.19000
113121174 1.20000 0.72725 0.19400
113121175 1.20000 0.72725 0.19800
113121176 1.20000 0.72725 0.20200
113121177 1.20000 0.72725 0.20600
113121178 1.20000 0.72725 0.21000
113121179 1.20000 0.72725 0.21400
113121180 1.20000 0.72725 0.21800
113121181 1.20000 0.72725 0.22200
113121182 1.20000 0.72725 0.22600
113121183 1.20000 0.72725 0.23000
113121184 1.20000 0.72725 0.23400
113121185 1.20000 0.72725 0.23800
113121186 1.20000 0.72725 0.24200
113121187 1.20000 0.72725 0.24600
113121188 1.20000 0.72725 0.25000
113121189 1.20000 0.72725 0.25400
113121190 1.20000 0.72725 0.25800
113121191 1.20000 0.72725 0.26200
113121192 1.20000 0.72725 0.26600
113121193 1.20000 0.72725 0.27000
113121194 1.20000 0.72725 0.27400
113121195 1.20000 0.72725 0.27800
113121196 1.20000 0.72725 0.28200
113121197 1.20000 0.72725 0.28600
113121198 1.20000 0.72725 0.29000
113121199 1.20000 0.72725 0.29400
113121200 1.20000 0.72725 0.29800
