# pixelID  x  y  z
101070001 0.43081 0.50200 -2.00000
101070002 0.43081 0.50600 -2.00000
101070003 0.43081 0.51000 -2.00000
101070004 0.43081 0.51400 -2.00000
101070005 0.43081 0.51800 -2.00000
101070006 0.43081 0.52200 -2.00000
101070007 0.43081 0.52600 -2.00000
101070008 0.43081 0.53000 -2.00000
101070009 0.43081 0.53400 -2.00000
101070010 0.43081 0.53800 -2.00000
101070011 0.43081 0.54200 -2.00000
101070012 0.43081 0.54600 -2.00000
101070013 0.43081 0.55000 -2.00000
101070014 0.43081 0.55400 -2.00000
101070015 0.43081 0.55800 -2.00000
101070016 0.43081 0.56200 -2.00000
101070017 0.43081 0.56600 -2.00000
101070018 0.43081 0.57000 -2.00000
101070019 0.43081 0.57400 -2.00000
101070020 0.43081 0.57800 -2.00000
101070021 0.43081 0.58200 -2.00000
101070022 0.43081 0.58600 -2.00000
101070023 0.43081 0.59000 -2.00000
101070024 0.43081 0.59400 -2.00000
101070025 0.43081 0.59800 -2.00000
101070026 0.43081 0.60200 -2.00000
101070027 0.43081 0.60600 -2.00000
101070028 0.43081 0.61000 -2.00000
101070029 0.43081 0.61400 -2.00000
101070030 0.43081 0.61800 -2.00000
101070031 0.43081 0.62200 -2.00000
101070032 0.43081 0.62600 -2.00000
101070033 0.43081 0.63000 -2.00000
101070034 0.43081 0.63400 -2.00000
101070035 0.43081 0.63800 -2.00000
101070036 0.43081 0.64200 -2.00000
101070037 0.43081 0.64600 -2.00000
101070038 0.43081 0.65000 -2.00000
101070039 0.43081 0.65400 -2.00000
101070040 0.43081 0.65800 -2.00000
101070041 0.43081 0.66200 -2.00000
101070042 0.43081 0.66600 -2.00000
101070043 0.43081 0.67000 -2.00000
101070044 0.43081 0.67400 -2.00000
101070045 0.43081 0.67800 -2.00000
101070046 0.43081 0.68200 -2.00000
101070047 0.43081 0.68600 -2.00000
101070048 0.43081 0.69000 -2.00000
101070049 0.43081 0.69400 -2.00000
101070050 0.43081 0.69800 -2.00000
101070051 0.43081 0.70200 -2.00000
101070052 0.43081 0.70600 -2.00000
101070053 0.43081 0.71000 -2.00000
101070054 0.43081 0.71400 -2.00000
101070055 0.43081 0.71800 -2.00000
101070056 0.43081 0.72200 -2.00000
101070057 0.43081 0.72600 -2.00000
101070058 0.43081 0.73000 -2.00000
101070059 0.43081 0.73400 -2.00000
101070060 0.43081 0.73800 -2.00000
101070061 0.43081 0.74200 -2.00000
101070062 0.43081 0.74600 -2.00000
101070063 0.43081 0.75000 -2.00000
101070064 0.43081 0.75400 -2.00000
101070065 0.43081 0.75800 -2.00000
101070066 0.43081 0.76200 -2.00000
101070067 0.43081 0.76600 -2.00000
101070068 0.43081 0.77000 -2.00000
101070069 0.43081 0.77400 -2.00000
101070070 0.43081 0.77800 -2.00000
101070071 0.43081 0.78200 -2.00000
101070072 0.43081 0.78600 -2.00000
101070073 0.43081 0.79000 -2.00000
101070074 0.43081 0.79400 -2.00000
101070075 0.43081 0.79800 -2.00000
101070076 0.43081 0.80200 -2.00000
101070077 0.43081 0.80600 -2.00000
101070078 0.43081 0.81000 -2.00000
101070079 0.43081 0.81400 -2.00000
101070080 0.43081 0.81800 -2.00000
101070081 0.43081 0.82200 -2.00000
101070082 0.43081 0.82600 -2.00000
101070083 0.43081 0.83000 -2.00000
101070084 0.43081 0.83400 -2.00000
101070085 0.43081 0.83800 -2.00000
101070086 0.43081 0.84200 -2.00000
101070087 0.43081 0.84600 -2.00000
101070088 0.43081 0.85000 -2.00000
101070089 0.43081 0.85400 -2.00000
101070090 0.43081 0.85800 -2.00000
101070091 0.43081 0.86200 -2.00000
101070092 0.43081 0.86600 -2.00000
101070093 0.43081 0.87000 -2.00000
101070094 0.43081 0.87400 -2.00000
101070095 0.43081 0.87800 -2.00000
101070096 0.43081 0.88200 -2.00000
101070097 0.43081 0.88600 -2.00000
101070098 0.43081 0.89000 -2.00000
101070099 0.43081 0.89400 -2.00000
101070100 0.43081 0.89800 -2.00000
101070101 0.43081 0.90200 -2.00000
101070102 0.43081 0.90600 -2.00000
101070103 0.43081 0.91000 -2.00000
101070104 0.43081 0.91400 -2.00000
101070105 0.43081 0.91800 -2.00000
101070106 0.43081 0.92200 -2.00000
101070107 0.43081 0.92600 -2.00000
101070108 0.43081 0.93000 -2.00000
101070109 0.43081 0.93400 -2.00000
101070110 0.43081 0.93800 -2.00000
101070111 0.43081 0.94200 -2.00000
101070112 0.43081 0.94600 -2.00000
101070113 0.43081 0.95000 -2.00000
101070114 0.43081 0.95400 -2.00000
101070115 0.43081 0.95800 -2.00000
101070116 0.43081 0.96200 -2.00000
101070117 0.43081 0.96600 -2.00000
101070118 0.43081 0.97000 -2.00000
101070119 0.43081 0.97400 -2.00000
101070120 0.43081 0.97800 -2.00000
101070121 0.43081 0.98200 -2.00000
101070122 0.43081 0.98600 -2.00000
101070123 0.43081 0.99000 -2.00000
101070124 0.43081 0.99400 -2.00000
101070125 0.43081 0.99800 -2.00000
101070126 0.43081 1.00200 -2.00000
101070127 0.43081 1.00600 -2.00000
101070128 0.43081 1.01000 -2.00000
101070129 0.43081 1.01400 -2.00000
101070130 0.43081 1.01800 -2.00000
101070131 0.43081 1.02200 -2.00000
101070132 0.43081 1.02600 -2.00000
101070133 0.43081 1.03000 -2.00000
101070134 0.43081 1.03400 -2.00000
101070135 0.43081 1.03800 -2.00000
101070136 0.43081 1.04200 -2.00000
101070137 0.43081 1.04600 -2.00000
101070138 0.43081 1.05000 -2.00000
101070139 0.43081 1.05400 -2.00000
101070140 0.43081 1.05800 -2.00000
101070141 0.43081 1.06200 -2.00000
101070142 0.43081 1.06600 -2.00000
101070143 0.43081 1.07000 -2.00000
101070144 0.43081 1.07400 -2.00000
101070145 0.43081 1.07800 -2.00000
101070146 0.43081 1.08200 -2.00000
101070147 0.43081 1.08600 -2.00000
101070148 0.43081 1.09000 -2.00000
101070149 0.43081 1.09400 -2.00000
101070150 0.43081 1.09800 -2.00000
101070151 0.43931 0.50200 -2.00000
101070152 0.43931 0.50600 -2.00000
101070153 0.43931 0.51000 -2.00000
101070154 0.43931 0.51400 -2.00000
101070155 0.43931 0.51800 -2.00000
101070156 0.43931 0.52200 -2.00000
101070157 0.43931 0.52600 -2.00000
101070158 0.43931 0.53000 -2.00000
101070159 0.43931 0.53400 -2.00000
101070160 0.43931 0.53800 -2.00000
101070161 0.43931 0.54200 -2.00000
101070162 0.43931 0.54600 -2.00000
101070163 0.43931 0.55000 -2.00000
101070164 0.43931 0.55400 -2.00000
101070165 0.43931 0.55800 -2.00000
101070166 0.43931 0.56200 -2.00000
101070167 0.43931 0.56600 -2.00000
101070168 0.43931 0.57000 -2.00000
101070169 0.43931 0.57400 -2.00000
101070170 0.43931 0.57800 -2.00000
101070171 0.43931 0.58200 -2.00000
101070172 0.43931 0.58600 -2.00000
101070173 0.43931 0.59000 -2.00000
101070174 0.43931 0.59400 -2.00000
101070175 0.43931 0.59800 -2.00000
101070176 0.43931 0.60200 -2.00000
101070177 0.43931 0.60600 -2.00000
101070178 0.43931 0.61000 -2.00000
101070179 0.43931 0.61400 -2.00000
101070180 0.43931 0.61800 -2.00000
101070181 0.43931 0.62200 -2.00000
101070182 0.43931 0.62600 -2.00000
101070183 0.43931 0.63000 -2.00000
101070184 0.43931 0.63400 -2.00000
101070185 0.43931 0.63800 -2.00000
101070186 0.43931 0.64200 -2.00000
101070187 0.43931 0.64600 -2.00000
101070188 0.43931 0.65000 -2.00000
101070189 0.43931 0.65400 -2.00000
101070190 0.43931 0.65800 -2.00000
101070191 0.43931 0.66200 -2.00000
101070192 0.43931 0.66600 -2.00000
101070193 0.43931 0.67000 -2.00000
101070194 0.43931 0.67400 -2.00000
101070195 0.43931 0.67800 -2.00000
101070196 0.43931 0.68200 -2.00000
101070197 0.43931 0.68600 -2.00000
101070198 0.43931 0.69000 -2.00000
101070199 0.43931 0.69400 -2.00000
101070200 0.43931 0.69800 -2.00000
101070201 0.43931 0.70200 -2.00000
101070202 0.43931 0.70600 -2.00000
101070203 0.43931 0.71000 -2.00000
101070204 0.43931 0.71400 -2.00000
101070205 0.43931 0.71800 -2.00000
101070206 0.43931 0.72200 -2.00000
101070207 0.43931 0.72600 -2.00000
101070208 0.43931 0.73000 -2.00000
101070209 0.43931 0.73400 -2.00000
101070210 0.43931 0.73800 -2.00000
101070211 0.43931 0.74200 -2.00000
101070212 0.43931 0.74600 -2.00000
101070213 0.43931 0.75000 -2.00000
101070214 0.43931 0.75400 -2.00000
101070215 0.43931 0.75800 -2.00000
101070216 0.43931 0.76200 -2.00000
101070217 0.43931 0.76600 -2.00000
101070218 0.43931 0.77000 -2.00000
101070219 0.43931 0.77400 -2.00000
101070220 0.43931 0.77800 -2.00000
101070221 0.43931 0.78200 -2.00000
101070222 0.43931 0.78600 -2.00000
101070223 0.43931 0.79000 -2.00000
101070224 0.43931 0.79400 -2.00000
101070225 0.43931 0.79800 -2.00000
101070226 0.43931 0.80200 -2.00000
101070227 0.43931 0.80600 -2.00000
101070228 0.43931 0.81000 -2.00000
101070229 0.43931 0.81400 -2.00000
101070230 0.43931 0.81800 -2.00000
101070231 0.43931 0.82200 -2.00000
101070232 0.43931 0.82600 -2.00000
101070233 0.43931 0.83000 -2.00000
101070234 0.43931 0.83400 -2.00000
101070235 0.43931 0.83800 -2.00000
101070236 0.43931 0.84200 -2.00000
101070237 0.43931 0.84600 -2.00000
101070238 0.43931 0.85000 -2.00000
101070239 0.43931 0.85400 -2.00000
101070240 0.43931 0.85800 -2.00000
101070241 0.43931 0.86200 -2.00000
101070242 0.43931 0.86600 -2.00000
101070243 0.43931 0.87000 -2.00000
101070244 0.43931 0.87400 -2.00000
101070245 0.43931 0.87800 -2.00000
101070246 0.43931 0.88200 -2.00000
101070247 0.43931 0.88600 -2.00000
101070248 0.43931 0.89000 -2.00000
101070249 0.43931 0.89400 -2.00000
101070250 0.43931 0.89800 -2.00000
101070251 0.43931 0.90200 -2.00000
101070252 0.43931 0.90600 -2.00000
101070253 0.43931 0.91000 -2.00000
101070254 0.43931 0.91400 -2.00000
101070255 0.43931 0.91800 -2.00000
101070256 0.43931 0.92200 -2.00000
101070257 0.43931 0.92600 -2.00000
101070258 0.43931 0.93000 -2.00000
101070259 0.43931 0.93400 -2.00000
101070260 0.43931 0.93800 -2.00000
101070261 0.43931 0.94200 -2.00000
101070262 0.43931 0.94600 -2.00000
101070263 0.43931 0.95000 -2.00000
101070264 0.43931 0.95400 -2.00000
101070265 0.43931 0.95800 -2.00000
101070266 0.43931 0.96200 -2.00000
101070267 0.43931 0.96600 -2.00000
101070268 0.43931 0.97000 -2.00000
101070269 0.43931 0.97400 -2.00000
101070270 0.43931 0.97800 -2.00000
101070271 0.43931 0.98200 -2.00000
101070272 0.43931 0.98600 -2.00000
101070273 0.43931 0.99000 -2.00000
101070274 0.43931 0.99400 -2.00000
101070275 0.43931 0.99800 -2.00000
101070276 0.43931 1.00200 -2.00000
101070277 0.43931 1.00600 -2.00000
101070278 0.43931 1.01000 -2.00000
101070279 0.43931 1.01400 -2.00000
101070280 0.43931 1.01800 -2.00000
101070281 0.43931 1.02200 -2.00000
101070282 0.43931 1.02600 -2.00000
101070283 0.43931 1.03000 -2.00000
101070284 0.43931 1.03400 -2.00000
101070285 0.43931 1.03800 -2.00000
101070286 0.43931 1.04200 -2.00000
101070287 0.43931 1.04600 -2.00000
101070288 0.43931 1.05000 -2.00000
101070289 0.43931 1.05400 -2.00000
101070290 0.43931 1.05800 -2.00000
101070291 0.43931 1.06200 -2.00000
101070292 0.43931 1.06600 -2.00000
101070293 0.43931 1.07000 -2.00000
101070294 0.43931 1.07400 -2.00000
101070295 0.43931 1.07800 -2.00000
101070296 0.43931 1.08200 -2.00000
101070297 0.43931 1.08600 -2.00000
101070298 0.43931 1.09000 -2.00000
101070299 0.43931 1.09400 -2.00000
101070300 0.43931 1.09800 -2.00000
101070301 0.44781 0.50200 -2.00000
101070302 0.44781 0.50600 -2.00000
101070303 0.44781 0.51000 -2.00000
101070304 0.44781 0.51400 -2.00000
101070305 0.44781 0.51800 -2.00000
101070306 0.44781 0.52200 -2.00000
101070307 0.44781 0.52600 -2.00000
101070308 0.44781 0.53000 -2.00000
101070309 0.44781 0.53400 -2.00000
101070310 0.44781 0.53800 -2.00000
101070311 0.44781 0.54200 -2.00000
101070312 0.44781 0.54600 -2.00000
101070313 0.44781 0.55000 -2.00000
101070314 0.44781 0.55400 -2.00000
101070315 0.44781 0.55800 -2.00000
101070316 0.44781 0.56200 -2.00000
101070317 0.44781 0.56600 -2.00000
101070318 0.44781 0.57000 -2.00000
101070319 0.44781 0.57400 -2.00000
101070320 0.44781 0.57800 -2.00000
101070321 0.44781 0.58200 -2.00000
101070322 0.44781 0.58600 -2.00000
101070323 0.44781 0.59000 -2.00000
101070324 0.44781 0.59400 -2.00000
101070325 0.44781 0.59800 -2.00000
101070326 0.44781 0.60200 -2.00000
101070327 0.44781 0.60600 -2.00000
101070328 0.44781 0.61000 -2.00000
101070329 0.44781 0.61400 -2.00000
101070330 0.44781 0.61800 -2.00000
101070331 0.44781 0.62200 -2.00000
101070332 0.44781 0.62600 -2.00000
101070333 0.44781 0.63000 -2.00000
101070334 0.44781 0.63400 -2.00000
101070335 0.44781 0.63800 -2.00000
101070336 0.44781 0.64200 -2.00000
101070337 0.44781 0.64600 -2.00000
101070338 0.44781 0.65000 -2.00000
101070339 0.44781 0.65400 -2.00000
101070340 0.44781 0.65800 -2.00000
101070341 0.44781 0.66200 -2.00000
101070342 0.44781 0.66600 -2.00000
101070343 0.44781 0.67000 -2.00000
101070344 0.44781 0.67400 -2.00000
101070345 0.44781 0.67800 -2.00000
101070346 0.44781 0.68200 -2.00000
101070347 0.44781 0.68600 -2.00000
101070348 0.44781 0.69000 -2.00000
101070349 0.44781 0.69400 -2.00000
101070350 0.44781 0.69800 -2.00000
101070351 0.44781 0.70200 -2.00000
101070352 0.44781 0.70600 -2.00000
101070353 0.44781 0.71000 -2.00000
101070354 0.44781 0.71400 -2.00000
101070355 0.44781 0.71800 -2.00000
101070356 0.44781 0.72200 -2.00000
101070357 0.44781 0.72600 -2.00000
101070358 0.44781 0.73000 -2.00000
101070359 0.44781 0.73400 -2.00000
101070360 0.44781 0.73800 -2.00000
101070361 0.44781 0.74200 -2.00000
101070362 0.44781 0.74600 -2.00000
101070363 0.44781 0.75000 -2.00000
101070364 0.44781 0.75400 -2.00000
101070365 0.44781 0.75800 -2.00000
101070366 0.44781 0.76200 -2.00000
101070367 0.44781 0.76600 -2.00000
101070368 0.44781 0.77000 -2.00000
101070369 0.44781 0.77400 -2.00000
101070370 0.44781 0.77800 -2.00000
101070371 0.44781 0.78200 -2.00000
101070372 0.44781 0.78600 -2.00000
101070373 0.44781 0.79000 -2.00000
101070374 0.44781 0.79400 -2.00000
101070375 0.44781 0.79800 -2.00000
101070376 0.44781 0.80200 -2.00000
101070377 0.44781 0.80600 -2.00000
101070378 0.44781 0.81000 -2.00000
101070379 0.44781 0.81400 -2.00000
101070380 0.44781 0.81800 -2.00000
101070381 0.44781 0.82200 -2.00000
101070382 0.44781 0.82600 -2.00000
101070383 0.44781 0.83000 -2.00000
101070384 0.44781 0.83400 -2.00000
101070385 0.44781 0.83800 -2.00000
101070386 0.44781 0.84200 -2.00000
101070387 0.44781 0.84600 -2.00000
101070388 0.44781 0.85000 -2.00000
101070389 0.44781 0.85400 -2.00000
101070390 0.44781 0.85800 -2.00000
101070391 0.44781 0.86200 -2.00000
101070392 0.44781 0.86600 -2.00000
101070393 0.44781 0.87000 -2.00000
101070394 0.44781 0.87400 -2.00000
101070395 0.44781 0.87800 -2.00000
101070396 0.44781 0.88200 -2.00000
101070397 0.44781 0.88600 -2.00000
101070398 0.44781 0.89000 -2.00000
101070399 0.44781 0.89400 -2.00000
101070400 0.44781 0.89800 -2.00000
101070401 0.44781 0.90200 -2.00000
101070402 0.44781 0.90600 -2.00000
101070403 0.44781 0.91000 -2.00000
101070404 0.44781 0.91400 -2.00000
101070405 0.44781 0.91800 -2.00000
101070406 0.44781 0.92200 -2.00000
101070407 0.44781 0.92600 -2.00000
101070408 0.44781 0.93000 -2.00000
101070409 0.44781 0.93400 -2.00000
101070410 0.44781 0.93800 -2.00000
101070411 0.44781 0.94200 -2.00000
101070412 0.44781 0.94600 -2.00000
101070413 0.44781 0.95000 -2.00000
101070414 0.44781 0.95400 -2.00000
101070415 0.44781 0.95800 -2.00000
101070416 0.44781 0.96200 -2.00000
101070417 0.44781 0.96600 -2.00000
101070418 0.44781 0.97000 -2.00000
101070419 0.44781 0.97400 -2.00000
101070420 0.44781 0.97800 -2.00000
101070421 0.44781 0.98200 -2.00000
101070422 0.44781 0.98600 -2.00000
101070423 0.44781 0.99000 -2.00000
101070424 0.44781 0.99400 -2.00000
101070425 0.44781 0.99800 -2.00000
101070426 0.44781 1.00200 -2.00000
101070427 0.44781 1.00600 -2.00000
101070428 0.44781 1.01000 -2.00000
101070429 0.44781 1.01400 -2.00000
101070430 0.44781 1.01800 -2.00000
101070431 0.44781 1.02200 -2.00000
101070432 0.44781 1.02600 -2.00000
101070433 0.44781 1.03000 -2.00000
101070434 0.44781 1.03400 -2.00000
101070435 0.44781 1.03800 -2.00000
101070436 0.44781 1.04200 -2.00000
101070437 0.44781 1.04600 -2.00000
101070438 0.44781 1.05000 -2.00000
101070439 0.44781 1.05400 -2.00000
101070440 0.44781 1.05800 -2.00000
101070441 0.44781 1.06200 -2.00000
101070442 0.44781 1.06600 -2.00000
101070443 0.44781 1.07000 -2.00000
101070444 0.44781 1.07400 -2.00000
101070445 0.44781 1.07800 -2.00000
101070446 0.44781 1.08200 -2.00000
101070447 0.44781 1.08600 -2.00000
101070448 0.44781 1.09000 -2.00000
101070449 0.44781 1.09400 -2.00000
101070450 0.44781 1.09800 -2.00000
101070451 0.45631 0.50200 -2.00000
101070452 0.45631 0.50600 -2.00000
101070453 0.45631 0.51000 -2.00000
101070454 0.45631 0.51400 -2.00000
101070455 0.45631 0.51800 -2.00000
101070456 0.45631 0.52200 -2.00000
101070457 0.45631 0.52600 -2.00000
101070458 0.45631 0.53000 -2.00000
101070459 0.45631 0.53400 -2.00000
101070460 0.45631 0.53800 -2.00000
101070461 0.45631 0.54200 -2.00000
101070462 0.45631 0.54600 -2.00000
101070463 0.45631 0.55000 -2.00000
101070464 0.45631 0.55400 -2.00000
101070465 0.45631 0.55800 -2.00000
101070466 0.45631 0.56200 -2.00000
101070467 0.45631 0.56600 -2.00000
101070468 0.45631 0.57000 -2.00000
101070469 0.45631 0.57400 -2.00000
101070470 0.45631 0.57800 -2.00000
101070471 0.45631 0.58200 -2.00000
101070472 0.45631 0.58600 -2.00000
101070473 0.45631 0.59000 -2.00000
101070474 0.45631 0.59400 -2.00000
101070475 0.45631 0.59800 -2.00000
101070476 0.45631 0.60200 -2.00000
101070477 0.45631 0.60600 -2.00000
101070478 0.45631 0.61000 -2.00000
101070479 0.45631 0.61400 -2.00000
101070480 0.45631 0.61800 -2.00000
101070481 0.45631 0.62200 -2.00000
101070482 0.45631 0.62600 -2.00000
101070483 0.45631 0.63000 -2.00000
101070484 0.45631 0.63400 -2.00000
101070485 0.45631 0.63800 -2.00000
101070486 0.45631 0.64200 -2.00000
101070487 0.45631 0.64600 -2.00000
101070488 0.45631 0.65000 -2.00000
101070489 0.45631 0.65400 -2.00000
101070490 0.45631 0.65800 -2.00000
101070491 0.45631 0.66200 -2.00000
101070492 0.45631 0.66600 -2.00000
101070493 0.45631 0.67000 -2.00000
101070494 0.45631 0.67400 -2.00000
101070495 0.45631 0.67800 -2.00000
101070496 0.45631 0.68200 -2.00000
101070497 0.45631 0.68600 -2.00000
101070498 0.45631 0.69000 -2.00000
101070499 0.45631 0.69400 -2.00000
101070500 0.45631 0.69800 -2.00000
101070501 0.45631 0.70200 -2.00000
101070502 0.45631 0.70600 -2.00000
101070503 0.45631 0.71000 -2.00000
101070504 0.45631 0.71400 -2.00000
101070505 0.45631 0.71800 -2.00000
101070506 0.45631 0.72200 -2.00000
101070507 0.45631 0.72600 -2.00000
101070508 0.45631 0.73000 -2.00000
101070509 0.45631 0.73400 -2.00000
101070510 0.45631 0.73800 -2.00000
101070511 0.45631 0.74200 -2.00000
101070512 0.45631 0.74600 -2.00000
101070513 0.45631 0.75000 -2.00000
101070514 0.45631 0.75400 -2.00000
101070515 0.45631 0.75800 -2.00000
101070516 0.45631 0.76200 -2.00000
101070517 0.45631 0.76600 -2.00000
101070518 0.45631 0.77000 -2.00000
101070519 0.45631 0.77400 -2.00000
101070520 0.45631 0.77800 -2.00000
101070521 0.45631 0.78200 -2.00000
101070522 0.45631 0.78600 -2.00000
101070523 0.45631 0.79000 -2.00000
101070524 0.45631 0.79400 -2.00000
101070525 0.45631 0.79800 -2.00000
101070526 0.45631 0.80200 -2.00000
101070527 0.45631 0.80600 -2.00000
101070528 0.45631 0.81000 -2.00000
101070529 0.45631 0.81400 -2.00000
101070530 0.45631 0.81800 -2.00000
101070531 0.45631 0.82200 -2.00000
101070532 0.45631 0.82600 -2.00000
101070533 0.45631 0.83000 -2.00000
101070534 0.45631 0.83400 -2.00000
101070535 0.45631 0.83800 -2.00000
101070536 0.45631 0.84200 -2.00000
101070537 0.45631 0.84600 -2.00000
101070538 0.45631 0.85000 -2.00000
101070539 0.45631 0.85400 -2.00000
101070540 0.45631 0.85800 -2.00000
101070541 0.45631 0.86200 -2.00000
101070542 0.45631 0.86600 -2.00000
101070543 0.45631 0.87000 -2.00000
101070544 0.45631 0.87400 -2.00000
101070545 0.45631 0.87800 -2.00000
101070546 0.45631 0.88200 -2.00000
101070547 0.45631 0.88600 -2.00000
101070548 0.45631 0.89000 -2.00000
101070549 0.45631 0.89400 -2.00000
101070550 0.45631 0.89800 -2.00000
101070551 0.45631 0.90200 -2.00000
101070552 0.45631 0.90600 -2.00000
101070553 0.45631 0.91000 -2.00000
101070554 0.45631 0.91400 -2.00000
101070555 0.45631 0.91800 -2.00000
101070556 0.45631 0.92200 -2.00000
101070557 0.45631 0.92600 -2.00000
101070558 0.45631 0.93000 -2.00000
101070559 0.45631 0.93400 -2.00000
101070560 0.45631 0.93800 -2.00000
101070561 0.45631 0.94200 -2.00000
101070562 0.45631 0.94600 -2.00000
101070563 0.45631 0.95000 -2.00000
101070564 0.45631 0.95400 -2.00000
101070565 0.45631 0.95800 -2.00000
101070566 0.45631 0.96200 -2.00000
101070567 0.45631 0.96600 -2.00000
101070568 0.45631 0.97000 -2.00000
101070569 0.45631 0.97400 -2.00000
101070570 0.45631 0.97800 -2.00000
101070571 0.45631 0.98200 -2.00000
101070572 0.45631 0.98600 -2.00000
101070573 0.45631 0.99000 -2.00000
101070574 0.45631 0.99400 -2.00000
101070575 0.45631 0.99800 -2.00000
101070576 0.45631 1.00200 -2.00000
101070577 0.45631 1.00600 -2.00000
101070578 0.45631 1.01000 -2.00000
101070579 0.45631 1.01400 -2.00000
101070580 0.45631 1.01800 -2.00000
101070581 0.45631 1.02200 -2.00000
101070582 0.45631 1.02600 -2.00000
101070583 0.45631 1.03000 -2.00000
101070584 0.45631 1.03400 -2.00000
101070585 0.45631 1.03800 -2.00000
101070586 0.45631 1.04200 -2.00000
101070587 0.45631 1.04600 -2.00000
101070588 0.45631 1.05000 -2.00000
101070589 0.45631 1.05400 -2.00000
101070590 0.45631 1.05800 -2.00000
101070591 0.45631 1.06200 -2.00000
101070592 0.45631 1.06600 -2.00000
101070593 0.45631 1.07000 -2.00000
101070594 0.45631 1.07400 -2.00000
101070595 0.45631 1.07800 -2.00000
101070596 0.45631 1.08200 -2.00000
101070597 0.45631 1.08600 -2.00000
101070598 0.45631 1.09000 -2.00000
101070599 0.45631 1.09400 -2.00000
101070600 0.45631 1.09800 -2.00000
101070601 0.46481 0.50200 -2.00000
101070602 0.46481 0.50600 -2.00000
101070603 0.46481 0.51000 -2.00000
101070604 0.46481 0.51400 -2.00000
101070605 0.46481 0.51800 -2.00000
101070606 0.46481 0.52200 -2.00000
101070607 0.46481 0.52600 -2.00000
101070608 0.46481 0.53000 -2.00000
101070609 0.46481 0.53400 -2.00000
101070610 0.46481 0.53800 -2.00000
101070611 0.46481 0.54200 -2.00000
101070612 0.46481 0.54600 -2.00000
101070613 0.46481 0.55000 -2.00000
101070614 0.46481 0.55400 -2.00000
101070615 0.46481 0.55800 -2.00000
101070616 0.46481 0.56200 -2.00000
101070617 0.46481 0.56600 -2.00000
101070618 0.46481 0.57000 -2.00000
101070619 0.46481 0.57400 -2.00000
101070620 0.46481 0.57800 -2.00000
101070621 0.46481 0.58200 -2.00000
101070622 0.46481 0.58600 -2.00000
101070623 0.46481 0.59000 -2.00000
101070624 0.46481 0.59400 -2.00000
101070625 0.46481 0.59800 -2.00000
101070626 0.46481 0.60200 -2.00000
101070627 0.46481 0.60600 -2.00000
101070628 0.46481 0.61000 -2.00000
101070629 0.46481 0.61400 -2.00000
101070630 0.46481 0.61800 -2.00000
101070631 0.46481 0.62200 -2.00000
101070632 0.46481 0.62600 -2.00000
101070633 0.46481 0.63000 -2.00000
101070634 0.46481 0.63400 -2.00000
101070635 0.46481 0.63800 -2.00000
101070636 0.46481 0.64200 -2.00000
101070637 0.46481 0.64600 -2.00000
101070638 0.46481 0.65000 -2.00000
101070639 0.46481 0.65400 -2.00000
101070640 0.46481 0.65800 -2.00000
101070641 0.46481 0.66200 -2.00000
101070642 0.46481 0.66600 -2.00000
101070643 0.46481 0.67000 -2.00000
101070644 0.46481 0.67400 -2.00000
101070645 0.46481 0.67800 -2.00000
101070646 0.46481 0.68200 -2.00000
101070647 0.46481 0.68600 -2.00000
101070648 0.46481 0.69000 -2.00000
101070649 0.46481 0.69400 -2.00000
101070650 0.46481 0.69800 -2.00000
101070651 0.46481 0.70200 -2.00000
101070652 0.46481 0.70600 -2.00000
101070653 0.46481 0.71000 -2.00000
101070654 0.46481 0.71400 -2.00000
101070655 0.46481 0.71800 -2.00000
101070656 0.46481 0.72200 -2.00000
101070657 0.46481 0.72600 -2.00000
101070658 0.46481 0.73000 -2.00000
101070659 0.46481 0.73400 -2.00000
101070660 0.46481 0.73800 -2.00000
101070661 0.46481 0.74200 -2.00000
101070662 0.46481 0.74600 -2.00000
101070663 0.46481 0.75000 -2.00000
101070664 0.46481 0.75400 -2.00000
101070665 0.46481 0.75800 -2.00000
101070666 0.46481 0.76200 -2.00000
101070667 0.46481 0.76600 -2.00000
101070668 0.46481 0.77000 -2.00000
101070669 0.46481 0.77400 -2.00000
101070670 0.46481 0.77800 -2.00000
101070671 0.46481 0.78200 -2.00000
101070672 0.46481 0.78600 -2.00000
101070673 0.46481 0.79000 -2.00000
101070674 0.46481 0.79400 -2.00000
101070675 0.46481 0.79800 -2.00000
101070676 0.46481 0.80200 -2.00000
101070677 0.46481 0.80600 -2.00000
101070678 0.46481 0.81000 -2.00000
101070679 0.46481 0.81400 -2.00000
101070680 0.46481 0.81800 -2.00000
101070681 0.46481 0.82200 -2.00000
101070682 0.46481 0.82600 -2.00000
101070683 0.46481 0.83000 -2.00000
101070684 0.46481 0.83400 -2.00000
101070685 0.46481 0.83800 -2.00000
101070686 0.46481 0.84200 -2.00000
101070687 0.46481 0.84600 -2.00000
101070688 0.46481 0.85000 -2.00000
101070689 0.46481 0.85400 -2.00000
101070690 0.46481 0.85800 -2.00000
101070691 0.46481 0.86200 -2.00000
101070692 0.46481 0.86600 -2.00000
101070693 0.46481 0.87000 -2.00000
101070694 0.46481 0.87400 -2.00000
101070695 0.46481 0.87800 -2.00000
101070696 0.46481 0.88200 -2.00000
101070697 0.46481 0.88600 -2.00000
101070698 0.46481 0.89000 -2.00000
101070699 0.46481 0.89400 -2.00000
101070700 0.46481 0.89800 -2.00000
101070701 0.46481 0.90200 -2.00000
101070702 0.46481 0.90600 -2.00000
101070703 0.46481 0.91000 -2.00000
101070704 0.46481 0.91400 -2.00000
101070705 0.46481 0.91800 -2.00000
101070706 0.46481 0.92200 -2.00000
101070707 0.46481 0.92600 -2.00000
101070708 0.46481 0.93000 -2.00000
101070709 0.46481 0.93400 -2.00000
101070710 0.46481 0.93800 -2.00000
101070711 0.46481 0.94200 -2.00000
101070712 0.46481 0.94600 -2.00000
101070713 0.46481 0.95000 -2.00000
101070714 0.46481 0.95400 -2.00000
101070715 0.46481 0.95800 -2.00000
101070716 0.46481 0.96200 -2.00000
101070717 0.46481 0.96600 -2.00000
101070718 0.46481 0.97000 -2.00000
101070719 0.46481 0.97400 -2.00000
101070720 0.46481 0.97800 -2.00000
101070721 0.46481 0.98200 -2.00000
101070722 0.46481 0.98600 -2.00000
101070723 0.46481 0.99000 -2.00000
101070724 0.46481 0.99400 -2.00000
101070725 0.46481 0.99800 -2.00000
101070726 0.46481 1.00200 -2.00000
101070727 0.46481 1.00600 -2.00000
101070728 0.46481 1.01000 -2.00000
101070729 0.46481 1.01400 -2.00000
101070730 0.46481 1.01800 -2.00000
101070731 0.46481 1.02200 -2.00000
101070732 0.46481 1.02600 -2.00000
101070733 0.46481 1.03000 -2.00000
101070734 0.46481 1.03400 -2.00000
101070735 0.46481 1.03800 -2.00000
101070736 0.46481 1.04200 -2.00000
101070737 0.46481 1.04600 -2.00000
101070738 0.46481 1.05000 -2.00000
101070739 0.46481 1.05400 -2.00000
101070740 0.46481 1.05800 -2.00000
101070741 0.46481 1.06200 -2.00000
101070742 0.46481 1.06600 -2.00000
101070743 0.46481 1.07000 -2.00000
101070744 0.46481 1.07400 -2.00000
101070745 0.46481 1.07800 -2.00000
101070746 0.46481 1.08200 -2.00000
101070747 0.46481 1.08600 -2.00000
101070748 0.46481 1.09000 -2.00000
101070749 0.46481 1.09400 -2.00000
101070750 0.46481 1.09800 -2.00000
101070751 0.47331 0.50200 -2.00000
101070752 0.47331 0.50600 -2.00000
101070753 0.47331 0.51000 -2.00000
101070754 0.47331 0.51400 -2.00000
101070755 0.47331 0.51800 -2.00000
101070756 0.47331 0.52200 -2.00000
101070757 0.47331 0.52600 -2.00000
101070758 0.47331 0.53000 -2.00000
101070759 0.47331 0.53400 -2.00000
101070760 0.47331 0.53800 -2.00000
101070761 0.47331 0.54200 -2.00000
101070762 0.47331 0.54600 -2.00000
101070763 0.47331 0.55000 -2.00000
101070764 0.47331 0.55400 -2.00000
101070765 0.47331 0.55800 -2.00000
101070766 0.47331 0.56200 -2.00000
101070767 0.47331 0.56600 -2.00000
101070768 0.47331 0.57000 -2.00000
101070769 0.47331 0.57400 -2.00000
101070770 0.47331 0.57800 -2.00000
101070771 0.47331 0.58200 -2.00000
101070772 0.47331 0.58600 -2.00000
101070773 0.47331 0.59000 -2.00000
101070774 0.47331 0.59400 -2.00000
101070775 0.47331 0.59800 -2.00000
101070776 0.47331 0.60200 -2.00000
101070777 0.47331 0.60600 -2.00000
101070778 0.47331 0.61000 -2.00000
101070779 0.47331 0.61400 -2.00000
101070780 0.47331 0.61800 -2.00000
101070781 0.47331 0.62200 -2.00000
101070782 0.47331 0.62600 -2.00000
101070783 0.47331 0.63000 -2.00000
101070784 0.47331 0.63400 -2.00000
101070785 0.47331 0.63800 -2.00000
101070786 0.47331 0.64200 -2.00000
101070787 0.47331 0.64600 -2.00000
101070788 0.47331 0.65000 -2.00000
101070789 0.47331 0.65400 -2.00000
101070790 0.47331 0.65800 -2.00000
101070791 0.47331 0.66200 -2.00000
101070792 0.47331 0.66600 -2.00000
101070793 0.47331 0.67000 -2.00000
101070794 0.47331 0.67400 -2.00000
101070795 0.47331 0.67800 -2.00000
101070796 0.47331 0.68200 -2.00000
101070797 0.47331 0.68600 -2.00000
101070798 0.47331 0.69000 -2.00000
101070799 0.47331 0.69400 -2.00000
101070800 0.47331 0.69800 -2.00000
101070801 0.47331 0.70200 -2.00000
101070802 0.47331 0.70600 -2.00000
101070803 0.47331 0.71000 -2.00000
101070804 0.47331 0.71400 -2.00000
101070805 0.47331 0.71800 -2.00000
101070806 0.47331 0.72200 -2.00000
101070807 0.47331 0.72600 -2.00000
101070808 0.47331 0.73000 -2.00000
101070809 0.47331 0.73400 -2.00000
101070810 0.47331 0.73800 -2.00000
101070811 0.47331 0.74200 -2.00000
101070812 0.47331 0.74600 -2.00000
101070813 0.47331 0.75000 -2.00000
101070814 0.47331 0.75400 -2.00000
101070815 0.47331 0.75800 -2.00000
101070816 0.47331 0.76200 -2.00000
101070817 0.47331 0.76600 -2.00000
101070818 0.47331 0.77000 -2.00000
101070819 0.47331 0.77400 -2.00000
101070820 0.47331 0.77800 -2.00000
101070821 0.47331 0.78200 -2.00000
101070822 0.47331 0.78600 -2.00000
101070823 0.47331 0.79000 -2.00000
101070824 0.47331 0.79400 -2.00000
101070825 0.47331 0.79800 -2.00000
101070826 0.47331 0.80200 -2.00000
101070827 0.47331 0.80600 -2.00000
101070828 0.47331 0.81000 -2.00000
101070829 0.47331 0.81400 -2.00000
101070830 0.47331 0.81800 -2.00000
101070831 0.47331 0.82200 -2.00000
101070832 0.47331 0.82600 -2.00000
101070833 0.47331 0.83000 -2.00000
101070834 0.47331 0.83400 -2.00000
101070835 0.47331 0.83800 -2.00000
101070836 0.47331 0.84200 -2.00000
101070837 0.47331 0.84600 -2.00000
101070838 0.47331 0.85000 -2.00000
101070839 0.47331 0.85400 -2.00000
101070840 0.47331 0.85800 -2.00000
101070841 0.47331 0.86200 -2.00000
101070842 0.47331 0.86600 -2.00000
101070843 0.47331 0.87000 -2.00000
101070844 0.47331 0.87400 -2.00000
101070845 0.47331 0.87800 -2.00000
101070846 0.47331 0.88200 -2.00000
101070847 0.47331 0.88600 -2.00000
101070848 0.47331 0.89000 -2.00000
101070849 0.47331 0.89400 -2.00000
101070850 0.47331 0.89800 -2.00000
101070851 0.47331 0.90200 -2.00000
101070852 0.47331 0.90600 -2.00000
101070853 0.47331 0.91000 -2.00000
101070854 0.47331 0.91400 -2.00000
101070855 0.47331 0.91800 -2.00000
101070856 0.47331 0.92200 -2.00000
101070857 0.47331 0.92600 -2.00000
101070858 0.47331 0.93000 -2.00000
101070859 0.47331 0.93400 -2.00000
101070860 0.47331 0.93800 -2.00000
101070861 0.47331 0.94200 -2.00000
101070862 0.47331 0.94600 -2.00000
101070863 0.47331 0.95000 -2.00000
101070864 0.47331 0.95400 -2.00000
101070865 0.47331 0.95800 -2.00000
101070866 0.47331 0.96200 -2.00000
101070867 0.47331 0.96600 -2.00000
101070868 0.47331 0.97000 -2.00000
101070869 0.47331 0.97400 -2.00000
101070870 0.47331 0.97800 -2.00000
101070871 0.47331 0.98200 -2.00000
101070872 0.47331 0.98600 -2.00000
101070873 0.47331 0.99000 -2.00000
101070874 0.47331 0.99400 -2.00000
101070875 0.47331 0.99800 -2.00000
101070876 0.47331 1.00200 -2.00000
101070877 0.47331 1.00600 -2.00000
101070878 0.47331 1.01000 -2.00000
101070879 0.47331 1.01400 -2.00000
101070880 0.47331 1.01800 -2.00000
101070881 0.47331 1.02200 -2.00000
101070882 0.47331 1.02600 -2.00000
101070883 0.47331 1.03000 -2.00000
101070884 0.47331 1.03400 -2.00000
101070885 0.47331 1.03800 -2.00000
101070886 0.47331 1.04200 -2.00000
101070887 0.47331 1.04600 -2.00000
101070888 0.47331 1.05000 -2.00000
101070889 0.47331 1.05400 -2.00000
101070890 0.47331 1.05800 -2.00000
101070891 0.47331 1.06200 -2.00000
101070892 0.47331 1.06600 -2.00000
101070893 0.47331 1.07000 -2.00000
101070894 0.47331 1.07400 -2.00000
101070895 0.47331 1.07800 -2.00000
101070896 0.47331 1.08200 -2.00000
101070897 0.47331 1.08600 -2.00000
101070898 0.47331 1.09000 -2.00000
101070899 0.47331 1.09400 -2.00000
101070900 0.47331 1.09800 -2.00000
101070901 0.48181 0.50200 -2.00000
101070902 0.48181 0.50600 -2.00000
101070903 0.48181 0.51000 -2.00000
101070904 0.48181 0.51400 -2.00000
101070905 0.48181 0.51800 -2.00000
101070906 0.48181 0.52200 -2.00000
101070907 0.48181 0.52600 -2.00000
101070908 0.48181 0.53000 -2.00000
101070909 0.48181 0.53400 -2.00000
101070910 0.48181 0.53800 -2.00000
101070911 0.48181 0.54200 -2.00000
101070912 0.48181 0.54600 -2.00000
101070913 0.48181 0.55000 -2.00000
101070914 0.48181 0.55400 -2.00000
101070915 0.48181 0.55800 -2.00000
101070916 0.48181 0.56200 -2.00000
101070917 0.48181 0.56600 -2.00000
101070918 0.48181 0.57000 -2.00000
101070919 0.48181 0.57400 -2.00000
101070920 0.48181 0.57800 -2.00000
101070921 0.48181 0.58200 -2.00000
101070922 0.48181 0.58600 -2.00000
101070923 0.48181 0.59000 -2.00000
101070924 0.48181 0.59400 -2.00000
101070925 0.48181 0.59800 -2.00000
101070926 0.48181 0.60200 -2.00000
101070927 0.48181 0.60600 -2.00000
101070928 0.48181 0.61000 -2.00000
101070929 0.48181 0.61400 -2.00000
101070930 0.48181 0.61800 -2.00000
101070931 0.48181 0.62200 -2.00000
101070932 0.48181 0.62600 -2.00000
101070933 0.48181 0.63000 -2.00000
101070934 0.48181 0.63400 -2.00000
101070935 0.48181 0.63800 -2.00000
101070936 0.48181 0.64200 -2.00000
101070937 0.48181 0.64600 -2.00000
101070938 0.48181 0.65000 -2.00000
101070939 0.48181 0.65400 -2.00000
101070940 0.48181 0.65800 -2.00000
101070941 0.48181 0.66200 -2.00000
101070942 0.48181 0.66600 -2.00000
101070943 0.48181 0.67000 -2.00000
101070944 0.48181 0.67400 -2.00000
101070945 0.48181 0.67800 -2.00000
101070946 0.48181 0.68200 -2.00000
101070947 0.48181 0.68600 -2.00000
101070948 0.48181 0.69000 -2.00000
101070949 0.48181 0.69400 -2.00000
101070950 0.48181 0.69800 -2.00000
101070951 0.48181 0.70200 -2.00000
101070952 0.48181 0.70600 -2.00000
101070953 0.48181 0.71000 -2.00000
101070954 0.48181 0.71400 -2.00000
101070955 0.48181 0.71800 -2.00000
101070956 0.48181 0.72200 -2.00000
101070957 0.48181 0.72600 -2.00000
101070958 0.48181 0.73000 -2.00000
101070959 0.48181 0.73400 -2.00000
101070960 0.48181 0.73800 -2.00000
101070961 0.48181 0.74200 -2.00000
101070962 0.48181 0.74600 -2.00000
101070963 0.48181 0.75000 -2.00000
101070964 0.48181 0.75400 -2.00000
101070965 0.48181 0.75800 -2.00000
101070966 0.48181 0.76200 -2.00000
101070967 0.48181 0.76600 -2.00000
101070968 0.48181 0.77000 -2.00000
101070969 0.48181 0.77400 -2.00000
101070970 0.48181 0.77800 -2.00000
101070971 0.48181 0.78200 -2.00000
101070972 0.48181 0.78600 -2.00000
101070973 0.48181 0.79000 -2.00000
101070974 0.48181 0.79400 -2.00000
101070975 0.48181 0.79800 -2.00000
101070976 0.48181 0.80200 -2.00000
101070977 0.48181 0.80600 -2.00000
101070978 0.48181 0.81000 -2.00000
101070979 0.48181 0.81400 -2.00000
101070980 0.48181 0.81800 -2.00000
101070981 0.48181 0.82200 -2.00000
101070982 0.48181 0.82600 -2.00000
101070983 0.48181 0.83000 -2.00000
101070984 0.48181 0.83400 -2.00000
101070985 0.48181 0.83800 -2.00000
101070986 0.48181 0.84200 -2.00000
101070987 0.48181 0.84600 -2.00000
101070988 0.48181 0.85000 -2.00000
101070989 0.48181 0.85400 -2.00000
101070990 0.48181 0.85800 -2.00000
101070991 0.48181 0.86200 -2.00000
101070992 0.48181 0.86600 -2.00000
101070993 0.48181 0.87000 -2.00000
101070994 0.48181 0.87400 -2.00000
101070995 0.48181 0.87800 -2.00000
101070996 0.48181 0.88200 -2.00000
101070997 0.48181 0.88600 -2.00000
101070998 0.48181 0.89000 -2.00000
101070999 0.48181 0.89400 -2.00000
101071000 0.48181 0.89800 -2.00000
101071001 0.48181 0.90200 -2.00000
101071002 0.48181 0.90600 -2.00000
101071003 0.48181 0.91000 -2.00000
101071004 0.48181 0.91400 -2.00000
101071005 0.48181 0.91800 -2.00000
101071006 0.48181 0.92200 -2.00000
101071007 0.48181 0.92600 -2.00000
101071008 0.48181 0.93000 -2.00000
101071009 0.48181 0.93400 -2.00000
101071010 0.48181 0.93800 -2.00000
101071011 0.48181 0.94200 -2.00000
101071012 0.48181 0.94600 -2.00000
101071013 0.48181 0.95000 -2.00000
101071014 0.48181 0.95400 -2.00000
101071015 0.48181 0.95800 -2.00000
101071016 0.48181 0.96200 -2.00000
101071017 0.48181 0.96600 -2.00000
101071018 0.48181 0.97000 -2.00000
101071019 0.48181 0.97400 -2.00000
101071020 0.48181 0.97800 -2.00000
101071021 0.48181 0.98200 -2.00000
101071022 0.48181 0.98600 -2.00000
101071023 0.48181 0.99000 -2.00000
101071024 0.48181 0.99400 -2.00000
101071025 0.48181 0.99800 -2.00000
101071026 0.48181 1.00200 -2.00000
101071027 0.48181 1.00600 -2.00000
101071028 0.48181 1.01000 -2.00000
101071029 0.48181 1.01400 -2.00000
101071030 0.48181 1.01800 -2.00000
101071031 0.48181 1.02200 -2.00000
101071032 0.48181 1.02600 -2.00000
101071033 0.48181 1.03000 -2.00000
101071034 0.48181 1.03400 -2.00000
101071035 0.48181 1.03800 -2.00000
101071036 0.48181 1.04200 -2.00000
101071037 0.48181 1.04600 -2.00000
101071038 0.48181 1.05000 -2.00000
101071039 0.48181 1.05400 -2.00000
101071040 0.48181 1.05800 -2.00000
101071041 0.48181 1.06200 -2.00000
101071042 0.48181 1.06600 -2.00000
101071043 0.48181 1.07000 -2.00000
101071044 0.48181 1.07400 -2.00000
101071045 0.48181 1.07800 -2.00000
101071046 0.48181 1.08200 -2.00000
101071047 0.48181 1.08600 -2.00000
101071048 0.48181 1.09000 -2.00000
101071049 0.48181 1.09400 -2.00000
101071050 0.48181 1.09800 -2.00000
101071051 0.49031 0.50200 -2.00000
101071052 0.49031 0.50600 -2.00000
101071053 0.49031 0.51000 -2.00000
101071054 0.49031 0.51400 -2.00000
101071055 0.49031 0.51800 -2.00000
101071056 0.49031 0.52200 -2.00000
101071057 0.49031 0.52600 -2.00000
101071058 0.49031 0.53000 -2.00000
101071059 0.49031 0.53400 -2.00000
101071060 0.49031 0.53800 -2.00000
101071061 0.49031 0.54200 -2.00000
101071062 0.49031 0.54600 -2.00000
101071063 0.49031 0.55000 -2.00000
101071064 0.49031 0.55400 -2.00000
101071065 0.49031 0.55800 -2.00000
101071066 0.49031 0.56200 -2.00000
101071067 0.49031 0.56600 -2.00000
101071068 0.49031 0.57000 -2.00000
101071069 0.49031 0.57400 -2.00000
101071070 0.49031 0.57800 -2.00000
101071071 0.49031 0.58200 -2.00000
101071072 0.49031 0.58600 -2.00000
101071073 0.49031 0.59000 -2.00000
101071074 0.49031 0.59400 -2.00000
101071075 0.49031 0.59800 -2.00000
101071076 0.49031 0.60200 -2.00000
101071077 0.49031 0.60600 -2.00000
101071078 0.49031 0.61000 -2.00000
101071079 0.49031 0.61400 -2.00000
101071080 0.49031 0.61800 -2.00000
101071081 0.49031 0.62200 -2.00000
101071082 0.49031 0.62600 -2.00000
101071083 0.49031 0.63000 -2.00000
101071084 0.49031 0.63400 -2.00000
101071085 0.49031 0.63800 -2.00000
101071086 0.49031 0.64200 -2.00000
101071087 0.49031 0.64600 -2.00000
101071088 0.49031 0.65000 -2.00000
101071089 0.49031 0.65400 -2.00000
101071090 0.49031 0.65800 -2.00000
101071091 0.49031 0.66200 -2.00000
101071092 0.49031 0.66600 -2.00000
101071093 0.49031 0.67000 -2.00000
101071094 0.49031 0.67400 -2.00000
101071095 0.49031 0.67800 -2.00000
101071096 0.49031 0.68200 -2.00000
101071097 0.49031 0.68600 -2.00000
101071098 0.49031 0.69000 -2.00000
101071099 0.49031 0.69400 -2.00000
101071100 0.49031 0.69800 -2.00000
101071101 0.49031 0.70200 -2.00000
101071102 0.49031 0.70600 -2.00000
101071103 0.49031 0.71000 -2.00000
101071104 0.49031 0.71400 -2.00000
101071105 0.49031 0.71800 -2.00000
101071106 0.49031 0.72200 -2.00000
101071107 0.49031 0.72600 -2.00000
101071108 0.49031 0.73000 -2.00000
101071109 0.49031 0.73400 -2.00000
101071110 0.49031 0.73800 -2.00000
101071111 0.49031 0.74200 -2.00000
101071112 0.49031 0.74600 -2.00000
101071113 0.49031 0.75000 -2.00000
101071114 0.49031 0.75400 -2.00000
101071115 0.49031 0.75800 -2.00000
101071116 0.49031 0.76200 -2.00000
101071117 0.49031 0.76600 -2.00000
101071118 0.49031 0.77000 -2.00000
101071119 0.49031 0.77400 -2.00000
101071120 0.49031 0.77800 -2.00000
101071121 0.49031 0.78200 -2.00000
101071122 0.49031 0.78600 -2.00000
101071123 0.49031 0.79000 -2.00000
101071124 0.49031 0.79400 -2.00000
101071125 0.49031 0.79800 -2.00000
101071126 0.49031 0.80200 -2.00000
101071127 0.49031 0.80600 -2.00000
101071128 0.49031 0.81000 -2.00000
101071129 0.49031 0.81400 -2.00000
101071130 0.49031 0.81800 -2.00000
101071131 0.49031 0.82200 -2.00000
101071132 0.49031 0.82600 -2.00000
101071133 0.49031 0.83000 -2.00000
101071134 0.49031 0.83400 -2.00000
101071135 0.49031 0.83800 -2.00000
101071136 0.49031 0.84200 -2.00000
101071137 0.49031 0.84600 -2.00000
101071138 0.49031 0.85000 -2.00000
101071139 0.49031 0.85400 -2.00000
101071140 0.49031 0.85800 -2.00000
101071141 0.49031 0.86200 -2.00000
101071142 0.49031 0.86600 -2.00000
101071143 0.49031 0.87000 -2.00000
101071144 0.49031 0.87400 -2.00000
101071145 0.49031 0.87800 -2.00000
101071146 0.49031 0.88200 -2.00000
101071147 0.49031 0.88600 -2.00000
101071148 0.49031 0.89000 -2.00000
101071149 0.49031 0.89400 -2.00000
101071150 0.49031 0.89800 -2.00000
101071151 0.49031 0.90200 -2.00000
101071152 0.49031 0.90600 -2.00000
101071153 0.49031 0.91000 -2.00000
101071154 0.49031 0.91400 -2.00000
101071155 0.49031 0.91800 -2.00000
101071156 0.49031 0.92200 -2.00000
101071157 0.49031 0.92600 -2.00000
101071158 0.49031 0.93000 -2.00000
101071159 0.49031 0.93400 -2.00000
101071160 0.49031 0.93800 -2.00000
101071161 0.49031 0.94200 -2.00000
101071162 0.49031 0.94600 -2.00000
101071163 0.49031 0.95000 -2.00000
101071164 0.49031 0.95400 -2.00000
101071165 0.49031 0.95800 -2.00000
101071166 0.49031 0.96200 -2.00000
101071167 0.49031 0.96600 -2.00000
101071168 0.49031 0.97000 -2.00000
101071169 0.49031 0.97400 -2.00000
101071170 0.49031 0.97800 -2.00000
101071171 0.49031 0.98200 -2.00000
101071172 0.49031 0.98600 -2.00000
101071173 0.49031 0.99000 -2.00000
101071174 0.49031 0.99400 -2.00000
101071175 0.49031 0.99800 -2.00000
101071176 0.49031 1.00200 -2.00000
101071177 0.49031 1.00600 -2.00000
101071178 0.49031 1.01000 -2.00000
101071179 0.49031 1.01400 -2.00000
101071180 0.49031 1.01800 -2.00000
101071181 0.49031 1.02200 -2.00000
101071182 0.49031 1.02600 -2.00000
101071183 0.49031 1.03000 -2.00000
101071184 0.49031 1.03400 -2.00000
101071185 0.49031 1.03800 -2.00000
101071186 0.49031 1.04200 -2.00000
101071187 0.49031 1.04600 -2.00000
101071188 0.49031 1.05000 -2.00000
101071189 0.49031 1.05400 -2.00000
101071190 0.49031 1.05800 -2.00000
101071191 0.49031 1.06200 -2.00000
101071192 0.49031 1.06600 -2.00000
101071193 0.49031 1.07000 -2.00000
101071194 0.49031 1.07400 -2.00000
101071195 0.49031 1.07800 -2.00000
101071196 0.49031 1.08200 -2.00000
101071197 0.49031 1.08600 -2.00000
101071198 0.49031 1.09000 -2.00000
101071199 0.49031 1.09400 -2.00000
101071200 0.49031 1.09800 -2.00000
