# pixelID  x  y  z
110090001 -0.14625 0.30275 1.74185
110090002 -0.14874 0.30275 1.73872
110090003 -0.15124 0.30275 1.73559
110090004 -0.15373 0.30275 1.73247
110090005 -0.15622 0.30275 1.72934
110090006 -0.15872 0.30275 1.72621
110090007 -0.16121 0.30275 1.72308
110090008 -0.16370 0.30275 1.71995
110090009 -0.16619 0.30275 1.71683
110090010 -0.16869 0.30275 1.71370
110090011 -0.17118 0.30275 1.71057
110090012 -0.17367 0.30275 1.70744
110090013 -0.17617 0.30275 1.70431
110090014 -0.17866 0.30275 1.70119
110090015 -0.18115 0.30275 1.69806
110090016 -0.18365 0.30275 1.69493
110090017 -0.18614 0.30275 1.69180
110090018 -0.18863 0.30275 1.68867
110090019 -0.19113 0.30275 1.68555
110090020 -0.19362 0.30275 1.68242
110090021 -0.19611 0.30275 1.67929
110090022 -0.19860 0.30275 1.67616
110090023 -0.20110 0.30275 1.67303
110090024 -0.20359 0.30275 1.66991
110090025 -0.20608 0.30275 1.66678
110090026 -0.20858 0.30275 1.66365
110090027 -0.21107 0.30275 1.66052
110090028 -0.21356 0.30275 1.65739
110090029 -0.21606 0.30275 1.65426
110090030 -0.21855 0.30275 1.65114
110090031 -0.22104 0.30275 1.64801
110090032 -0.22353 0.30275 1.64488
110090033 -0.22603 0.30275 1.64175
110090034 -0.22852 0.30275 1.63862
110090035 -0.23101 0.30275 1.63550
110090036 -0.23351 0.30275 1.63237
110090037 -0.23600 0.30275 1.62924
110090038 -0.23849 0.30275 1.62611
110090039 -0.24099 0.30275 1.62298
110090040 -0.24348 0.30275 1.61986
110090041 -0.24597 0.30275 1.61673
110090042 -0.24847 0.30275 1.61360
110090043 -0.25096 0.30275 1.61047
110090044 -0.25345 0.30275 1.60734
110090045 -0.25594 0.30275 1.60422
110090046 -0.25844 0.30275 1.60109
110090047 -0.26093 0.30275 1.59796
110090048 -0.26342 0.30275 1.59483
110090049 -0.26592 0.30275 1.59170
110090050 -0.26841 0.30275 1.58858
110090051 -0.27090 0.30275 1.58545
110090052 -0.27340 0.30275 1.58232
110090053 -0.27589 0.30275 1.57919
110090054 -0.27838 0.30275 1.57606
110090055 -0.28088 0.30275 1.57294
110090056 -0.28337 0.30275 1.56981
110090057 -0.28586 0.30275 1.56668
110090058 -0.28835 0.30275 1.56355
110090059 -0.29085 0.30275 1.56042
110090060 -0.29334 0.30275 1.55730
110090061 -0.29583 0.30275 1.55417
110090062 -0.29833 0.30275 1.55104
110090063 -0.30082 0.30275 1.54791
110090064 -0.30331 0.30275 1.54478
110090065 -0.30581 0.30275 1.54166
110090066 -0.30830 0.30275 1.53853
110090067 -0.31079 0.30275 1.53540
110090068 -0.31329 0.30275 1.53227
110090069 -0.31578 0.30275 1.52914
110090070 -0.31827 0.30275 1.52602
110090071 -0.32076 0.30275 1.52289
110090072 -0.32326 0.30275 1.51976
110090073 -0.32575 0.30275 1.51663
110090074 -0.32824 0.30275 1.51350
110090075 -0.33074 0.30275 1.51037
110090076 -0.33323 0.30275 1.50725
110090077 -0.33572 0.30275 1.50412
110090078 -0.33822 0.30275 1.50099
110090079 -0.34071 0.30275 1.49786
110090080 -0.34320 0.30275 1.49473
110090081 -0.34569 0.30275 1.49161
110090082 -0.34819 0.30275 1.48848
110090083 -0.35068 0.30275 1.48535
110090084 -0.35317 0.30275 1.48222
110090085 -0.35567 0.30275 1.47909
110090086 -0.35816 0.30275 1.47597
110090087 -0.36065 0.30275 1.47284
110090088 -0.36315 0.30275 1.46971
110090089 -0.36564 0.30275 1.46658
110090090 -0.36813 0.30275 1.46345
110090091 -0.37063 0.30275 1.46033
110090092 -0.37312 0.30275 1.45720
110090093 -0.37561 0.30275 1.45407
110090094 -0.37810 0.30275 1.45094
110090095 -0.38060 0.30275 1.44781
110090096 -0.38309 0.30275 1.44469
110090097 -0.38558 0.30275 1.44156
110090098 -0.38808 0.30275 1.43843
110090099 -0.39057 0.30275 1.43530
110090100 -0.39306 0.30275 1.43217
110090101 -0.39556 0.30275 1.42905
110090102 -0.39805 0.30275 1.42592
110090103 -0.40054 0.30275 1.42279
110090104 -0.40304 0.30275 1.41966
110090105 -0.40553 0.30275 1.41653
110090106 -0.40802 0.30275 1.41341
110090107 -0.41051 0.30275 1.41028
110090108 -0.41301 0.30275 1.40715
110090109 -0.41550 0.30275 1.40402
110090110 -0.41799 0.30275 1.40089
110090111 -0.42049 0.30275 1.39777
110090112 -0.42298 0.30275 1.39464
110090113 -0.42547 0.30275 1.39151
110090114 -0.42797 0.30275 1.38838
110090115 -0.43046 0.30275 1.38525
110090116 -0.43295 0.30275 1.38213
110090117 -0.43545 0.30275 1.37900
110090118 -0.43794 0.30275 1.37587
110090119 -0.44043 0.30275 1.37274
110090120 -0.44292 0.30275 1.36961
110090121 -0.44542 0.30275 1.36649
110090122 -0.44791 0.30275 1.36336
110090123 -0.45040 0.30275 1.36023
110090124 -0.45290 0.30275 1.35710
110090125 -0.45539 0.30275 1.35397
110090126 -0.45788 0.30275 1.35084
110090127 -0.46038 0.30275 1.34772
110090128 -0.46287 0.30275 1.34459
110090129 -0.46536 0.30275 1.34146
110090130 -0.46786 0.30275 1.33833
110090131 -0.47035 0.30275 1.33520
110090132 -0.47284 0.30275 1.33208
110090133 -0.47533 0.30275 1.32895
110090134 -0.47783 0.30275 1.32582
110090135 -0.48032 0.30275 1.32269
110090136 -0.48281 0.30275 1.31956
110090137 -0.48531 0.30275 1.31644
110090138 -0.48780 0.30275 1.31331
110090139 -0.49029 0.30275 1.31018
110090140 -0.49279 0.30275 1.30705
110090141 -0.49528 0.30275 1.30392
110090142 -0.49777 0.30275 1.30080
110090143 -0.50026 0.30275 1.29767
110090144 -0.50276 0.30275 1.29454
110090145 -0.50525 0.30275 1.29141
110090146 -0.50774 0.30275 1.28828
110090147 -0.51024 0.30275 1.28516
110090148 -0.51273 0.30275 1.28203
110090149 -0.51522 0.30275 1.27890
110090150 -0.51772 0.30275 1.27577
110090151 -0.14625 0.31625 1.74185
110090152 -0.14874 0.31625 1.73872
110090153 -0.15124 0.31625 1.73559
110090154 -0.15373 0.31625 1.73247
110090155 -0.15622 0.31625 1.72934
110090156 -0.15872 0.31625 1.72621
110090157 -0.16121 0.31625 1.72308
110090158 -0.16370 0.31625 1.71995
110090159 -0.16619 0.31625 1.71683
110090160 -0.16869 0.31625 1.71370
110090161 -0.17118 0.31625 1.71057
110090162 -0.17367 0.31625 1.70744
110090163 -0.17617 0.31625 1.70431
110090164 -0.17866 0.31625 1.70119
110090165 -0.18115 0.31625 1.69806
110090166 -0.18365 0.31625 1.69493
110090167 -0.18614 0.31625 1.69180
110090168 -0.18863 0.31625 1.68867
110090169 -0.19113 0.31625 1.68555
110090170 -0.19362 0.31625 1.68242
110090171 -0.19611 0.31625 1.67929
110090172 -0.19860 0.31625 1.67616
110090173 -0.20110 0.31625 1.67303
110090174 -0.20359 0.31625 1.66991
110090175 -0.20608 0.31625 1.66678
110090176 -0.20858 0.31625 1.66365
110090177 -0.21107 0.31625 1.66052
110090178 -0.21356 0.31625 1.65739
110090179 -0.21606 0.31625 1.65426
110090180 -0.21855 0.31625 1.65114
110090181 -0.22104 0.31625 1.64801
110090182 -0.22353 0.31625 1.64488
110090183 -0.22603 0.31625 1.64175
110090184 -0.22852 0.31625 1.63862
110090185 -0.23101 0.31625 1.63550
110090186 -0.23351 0.31625 1.63237
110090187 -0.23600 0.31625 1.62924
110090188 -0.23849 0.31625 1.62611
110090189 -0.24099 0.31625 1.62298
110090190 -0.24348 0.31625 1.61986
110090191 -0.24597 0.31625 1.61673
110090192 -0.24847 0.31625 1.61360
110090193 -0.25096 0.31625 1.61047
110090194 -0.25345 0.31625 1.60734
110090195 -0.25594 0.31625 1.60422
110090196 -0.25844 0.31625 1.60109
110090197 -0.26093 0.31625 1.59796
110090198 -0.26342 0.31625 1.59483
110090199 -0.26592 0.31625 1.59170
110090200 -0.26841 0.31625 1.58858
110090201 -0.27090 0.31625 1.58545
110090202 -0.27340 0.31625 1.58232
110090203 -0.27589 0.31625 1.57919
110090204 -0.27838 0.31625 1.57606
110090205 -0.28088 0.31625 1.57294
110090206 -0.28337 0.31625 1.56981
110090207 -0.28586 0.31625 1.56668
110090208 -0.28835 0.31625 1.56355
110090209 -0.29085 0.31625 1.56042
110090210 -0.29334 0.31625 1.55730
110090211 -0.29583 0.31625 1.55417
110090212 -0.29833 0.31625 1.55104
110090213 -0.30082 0.31625 1.54791
110090214 -0.30331 0.31625 1.54478
110090215 -0.30581 0.31625 1.54166
110090216 -0.30830 0.31625 1.53853
110090217 -0.31079 0.31625 1.53540
110090218 -0.31329 0.31625 1.53227
110090219 -0.31578 0.31625 1.52914
110090220 -0.31827 0.31625 1.52602
110090221 -0.32076 0.31625 1.52289
110090222 -0.32326 0.31625 1.51976
110090223 -0.32575 0.31625 1.51663
110090224 -0.32824 0.31625 1.51350
110090225 -0.33074 0.31625 1.51037
110090226 -0.33323 0.31625 1.50725
110090227 -0.33572 0.31625 1.50412
110090228 -0.33822 0.31625 1.50099
110090229 -0.34071 0.31625 1.49786
110090230 -0.34320 0.31625 1.49473
110090231 -0.34569 0.31625 1.49161
110090232 -0.34819 0.31625 1.48848
110090233 -0.35068 0.31625 1.48535
110090234 -0.35317 0.31625 1.48222
110090235 -0.35567 0.31625 1.47909
110090236 -0.35816 0.31625 1.47597
110090237 -0.36065 0.31625 1.47284
110090238 -0.36315 0.31625 1.46971
110090239 -0.36564 0.31625 1.46658
110090240 -0.36813 0.31625 1.46345
110090241 -0.37063 0.31625 1.46033
110090242 -0.37312 0.31625 1.45720
110090243 -0.37561 0.31625 1.45407
110090244 -0.37810 0.31625 1.45094
110090245 -0.38060 0.31625 1.44781
110090246 -0.38309 0.31625 1.44469
110090247 -0.38558 0.31625 1.44156
110090248 -0.38808 0.31625 1.43843
110090249 -0.39057 0.31625 1.43530
110090250 -0.39306 0.31625 1.43217
110090251 -0.39556 0.31625 1.42905
110090252 -0.39805 0.31625 1.42592
110090253 -0.40054 0.31625 1.42279
110090254 -0.40304 0.31625 1.41966
110090255 -0.40553 0.31625 1.41653
110090256 -0.40802 0.31625 1.41341
110090257 -0.41051 0.31625 1.41028
110090258 -0.41301 0.31625 1.40715
110090259 -0.41550 0.31625 1.40402
110090260 -0.41799 0.31625 1.40089
110090261 -0.42049 0.31625 1.39777
110090262 -0.42298 0.31625 1.39464
110090263 -0.42547 0.31625 1.39151
110090264 -0.42797 0.31625 1.38838
110090265 -0.43046 0.31625 1.38525
110090266 -0.43295 0.31625 1.38213
110090267 -0.43545 0.31625 1.37900
110090268 -0.43794 0.31625 1.37587
110090269 -0.44043 0.31625 1.37274
110090270 -0.44292 0.31625 1.36961
110090271 -0.44542 0.31625 1.36649
110090272 -0.44791 0.31625 1.36336
110090273 -0.45040 0.31625 1.36023
110090274 -0.45290 0.31625 1.35710
110090275 -0.45539 0.31625 1.35397
110090276 -0.45788 0.31625 1.35084
110090277 -0.46038 0.31625 1.34772
110090278 -0.46287 0.31625 1.34459
110090279 -0.46536 0.31625 1.34146
110090280 -0.46786 0.31625 1.33833
110090281 -0.47035 0.31625 1.33520
110090282 -0.47284 0.31625 1.33208
110090283 -0.47533 0.31625 1.32895
110090284 -0.47783 0.31625 1.32582
110090285 -0.48032 0.31625 1.32269
110090286 -0.48281 0.31625 1.31956
110090287 -0.48531 0.31625 1.31644
110090288 -0.48780 0.31625 1.31331
110090289 -0.49029 0.31625 1.31018
110090290 -0.49279 0.31625 1.30705
110090291 -0.49528 0.31625 1.30392
110090292 -0.49777 0.31625 1.30080
110090293 -0.50026 0.31625 1.29767
110090294 -0.50276 0.31625 1.29454
110090295 -0.50525 0.31625 1.29141
110090296 -0.50774 0.31625 1.28828
110090297 -0.51024 0.31625 1.28516
110090298 -0.51273 0.31625 1.28203
110090299 -0.51522 0.31625 1.27890
110090300 -0.51772 0.31625 1.27577
110090301 -0.14625 0.32975 1.74185
110090302 -0.14874 0.32975 1.73872
110090303 -0.15124 0.32975 1.73559
110090304 -0.15373 0.32975 1.73247
110090305 -0.15622 0.32975 1.72934
110090306 -0.15872 0.32975 1.72621
110090307 -0.16121 0.32975 1.72308
110090308 -0.16370 0.32975 1.71995
110090309 -0.16619 0.32975 1.71683
110090310 -0.16869 0.32975 1.71370
110090311 -0.17118 0.32975 1.71057
110090312 -0.17367 0.32975 1.70744
110090313 -0.17617 0.32975 1.70431
110090314 -0.17866 0.32975 1.70119
110090315 -0.18115 0.32975 1.69806
110090316 -0.18365 0.32975 1.69493
110090317 -0.18614 0.32975 1.69180
110090318 -0.18863 0.32975 1.68867
110090319 -0.19113 0.32975 1.68555
110090320 -0.19362 0.32975 1.68242
110090321 -0.19611 0.32975 1.67929
110090322 -0.19860 0.32975 1.67616
110090323 -0.20110 0.32975 1.67303
110090324 -0.20359 0.32975 1.66991
110090325 -0.20608 0.32975 1.66678
110090326 -0.20858 0.32975 1.66365
110090327 -0.21107 0.32975 1.66052
110090328 -0.21356 0.32975 1.65739
110090329 -0.21606 0.32975 1.65426
110090330 -0.21855 0.32975 1.65114
110090331 -0.22104 0.32975 1.64801
110090332 -0.22353 0.32975 1.64488
110090333 -0.22603 0.32975 1.64175
110090334 -0.22852 0.32975 1.63862
110090335 -0.23101 0.32975 1.63550
110090336 -0.23351 0.32975 1.63237
110090337 -0.23600 0.32975 1.62924
110090338 -0.23849 0.32975 1.62611
110090339 -0.24099 0.32975 1.62298
110090340 -0.24348 0.32975 1.61986
110090341 -0.24597 0.32975 1.61673
110090342 -0.24847 0.32975 1.61360
110090343 -0.25096 0.32975 1.61047
110090344 -0.25345 0.32975 1.60734
110090345 -0.25594 0.32975 1.60422
110090346 -0.25844 0.32975 1.60109
110090347 -0.26093 0.32975 1.59796
110090348 -0.26342 0.32975 1.59483
110090349 -0.26592 0.32975 1.59170
110090350 -0.26841 0.32975 1.58858
110090351 -0.27090 0.32975 1.58545
110090352 -0.27340 0.32975 1.58232
110090353 -0.27589 0.32975 1.57919
110090354 -0.27838 0.32975 1.57606
110090355 -0.28088 0.32975 1.57294
110090356 -0.28337 0.32975 1.56981
110090357 -0.28586 0.32975 1.56668
110090358 -0.28835 0.32975 1.56355
110090359 -0.29085 0.32975 1.56042
110090360 -0.29334 0.32975 1.55730
110090361 -0.29583 0.32975 1.55417
110090362 -0.29833 0.32975 1.55104
110090363 -0.30082 0.32975 1.54791
110090364 -0.30331 0.32975 1.54478
110090365 -0.30581 0.32975 1.54166
110090366 -0.30830 0.32975 1.53853
110090367 -0.31079 0.32975 1.53540
110090368 -0.31329 0.32975 1.53227
110090369 -0.31578 0.32975 1.52914
110090370 -0.31827 0.32975 1.52602
110090371 -0.32076 0.32975 1.52289
110090372 -0.32326 0.32975 1.51976
110090373 -0.32575 0.32975 1.51663
110090374 -0.32824 0.32975 1.51350
110090375 -0.33074 0.32975 1.51037
110090376 -0.33323 0.32975 1.50725
110090377 -0.33572 0.32975 1.50412
110090378 -0.33822 0.32975 1.50099
110090379 -0.34071 0.32975 1.49786
110090380 -0.34320 0.32975 1.49473
110090381 -0.34569 0.32975 1.49161
110090382 -0.34819 0.32975 1.48848
110090383 -0.35068 0.32975 1.48535
110090384 -0.35317 0.32975 1.48222
110090385 -0.35567 0.32975 1.47909
110090386 -0.35816 0.32975 1.47597
110090387 -0.36065 0.32975 1.47284
110090388 -0.36315 0.32975 1.46971
110090389 -0.36564 0.32975 1.46658
110090390 -0.36813 0.32975 1.46345
110090391 -0.37063 0.32975 1.46033
110090392 -0.37312 0.32975 1.45720
110090393 -0.37561 0.32975 1.45407
110090394 -0.37810 0.32975 1.45094
110090395 -0.38060 0.32975 1.44781
110090396 -0.38309 0.32975 1.44469
110090397 -0.38558 0.32975 1.44156
110090398 -0.38808 0.32975 1.43843
110090399 -0.39057 0.32975 1.43530
110090400 -0.39306 0.32975 1.43217
110090401 -0.39556 0.32975 1.42905
110090402 -0.39805 0.32975 1.42592
110090403 -0.40054 0.32975 1.42279
110090404 -0.40304 0.32975 1.41966
110090405 -0.40553 0.32975 1.41653
110090406 -0.40802 0.32975 1.41341
110090407 -0.41051 0.32975 1.41028
110090408 -0.41301 0.32975 1.40715
110090409 -0.41550 0.32975 1.40402
110090410 -0.41799 0.32975 1.40089
110090411 -0.42049 0.32975 1.39777
110090412 -0.42298 0.32975 1.39464
110090413 -0.42547 0.32975 1.39151
110090414 -0.42797 0.32975 1.38838
110090415 -0.43046 0.32975 1.38525
110090416 -0.43295 0.32975 1.38213
110090417 -0.43545 0.32975 1.37900
110090418 -0.43794 0.32975 1.37587
110090419 -0.44043 0.32975 1.37274
110090420 -0.44292 0.32975 1.36961
110090421 -0.44542 0.32975 1.36649
110090422 -0.44791 0.32975 1.36336
110090423 -0.45040 0.32975 1.36023
110090424 -0.45290 0.32975 1.35710
110090425 -0.45539 0.32975 1.35397
110090426 -0.45788 0.32975 1.35084
110090427 -0.46038 0.32975 1.34772
110090428 -0.46287 0.32975 1.34459
110090429 -0.46536 0.32975 1.34146
110090430 -0.46786 0.32975 1.33833
110090431 -0.47035 0.32975 1.33520
110090432 -0.47284 0.32975 1.33208
110090433 -0.47533 0.32975 1.32895
110090434 -0.47783 0.32975 1.32582
110090435 -0.48032 0.32975 1.32269
110090436 -0.48281 0.32975 1.31956
110090437 -0.48531 0.32975 1.31644
110090438 -0.48780 0.32975 1.31331
110090439 -0.49029 0.32975 1.31018
110090440 -0.49279 0.32975 1.30705
110090441 -0.49528 0.32975 1.30392
110090442 -0.49777 0.32975 1.30080
110090443 -0.50026 0.32975 1.29767
110090444 -0.50276 0.32975 1.29454
110090445 -0.50525 0.32975 1.29141
110090446 -0.50774 0.32975 1.28828
110090447 -0.51024 0.32975 1.28516
110090448 -0.51273 0.32975 1.28203
110090449 -0.51522 0.32975 1.27890
110090450 -0.51772 0.32975 1.27577
110090451 -0.14625 0.34325 1.74185
110090452 -0.14874 0.34325 1.73872
110090453 -0.15124 0.34325 1.73559
110090454 -0.15373 0.34325 1.73247
110090455 -0.15622 0.34325 1.72934
110090456 -0.15872 0.34325 1.72621
110090457 -0.16121 0.34325 1.72308
110090458 -0.16370 0.34325 1.71995
110090459 -0.16619 0.34325 1.71683
110090460 -0.16869 0.34325 1.71370
110090461 -0.17118 0.34325 1.71057
110090462 -0.17367 0.34325 1.70744
110090463 -0.17617 0.34325 1.70431
110090464 -0.17866 0.34325 1.70119
110090465 -0.18115 0.34325 1.69806
110090466 -0.18365 0.34325 1.69493
110090467 -0.18614 0.34325 1.69180
110090468 -0.18863 0.34325 1.68867
110090469 -0.19113 0.34325 1.68555
110090470 -0.19362 0.34325 1.68242
110090471 -0.19611 0.34325 1.67929
110090472 -0.19860 0.34325 1.67616
110090473 -0.20110 0.34325 1.67303
110090474 -0.20359 0.34325 1.66991
110090475 -0.20608 0.34325 1.66678
110090476 -0.20858 0.34325 1.66365
110090477 -0.21107 0.34325 1.66052
110090478 -0.21356 0.34325 1.65739
110090479 -0.21606 0.34325 1.65426
110090480 -0.21855 0.34325 1.65114
110090481 -0.22104 0.34325 1.64801
110090482 -0.22353 0.34325 1.64488
110090483 -0.22603 0.34325 1.64175
110090484 -0.22852 0.34325 1.63862
110090485 -0.23101 0.34325 1.63550
110090486 -0.23351 0.34325 1.63237
110090487 -0.23600 0.34325 1.62924
110090488 -0.23849 0.34325 1.62611
110090489 -0.24099 0.34325 1.62298
110090490 -0.24348 0.34325 1.61986
110090491 -0.24597 0.34325 1.61673
110090492 -0.24847 0.34325 1.61360
110090493 -0.25096 0.34325 1.61047
110090494 -0.25345 0.34325 1.60734
110090495 -0.25594 0.34325 1.60422
110090496 -0.25844 0.34325 1.60109
110090497 -0.26093 0.34325 1.59796
110090498 -0.26342 0.34325 1.59483
110090499 -0.26592 0.34325 1.59170
110090500 -0.26841 0.34325 1.58858
110090501 -0.27090 0.34325 1.58545
110090502 -0.27340 0.34325 1.58232
110090503 -0.27589 0.34325 1.57919
110090504 -0.27838 0.34325 1.57606
110090505 -0.28088 0.34325 1.57294
110090506 -0.28337 0.34325 1.56981
110090507 -0.28586 0.34325 1.56668
110090508 -0.28835 0.34325 1.56355
110090509 -0.29085 0.34325 1.56042
110090510 -0.29334 0.34325 1.55730
110090511 -0.29583 0.34325 1.55417
110090512 -0.29833 0.34325 1.55104
110090513 -0.30082 0.34325 1.54791
110090514 -0.30331 0.34325 1.54478
110090515 -0.30581 0.34325 1.54166
110090516 -0.30830 0.34325 1.53853
110090517 -0.31079 0.34325 1.53540
110090518 -0.31329 0.34325 1.53227
110090519 -0.31578 0.34325 1.52914
110090520 -0.31827 0.34325 1.52602
110090521 -0.32076 0.34325 1.52289
110090522 -0.32326 0.34325 1.51976
110090523 -0.32575 0.34325 1.51663
110090524 -0.32824 0.34325 1.51350
110090525 -0.33074 0.34325 1.51037
110090526 -0.33323 0.34325 1.50725
110090527 -0.33572 0.34325 1.50412
110090528 -0.33822 0.34325 1.50099
110090529 -0.34071 0.34325 1.49786
110090530 -0.34320 0.34325 1.49473
110090531 -0.34569 0.34325 1.49161
110090532 -0.34819 0.34325 1.48848
110090533 -0.35068 0.34325 1.48535
110090534 -0.35317 0.34325 1.48222
110090535 -0.35567 0.34325 1.47909
110090536 -0.35816 0.34325 1.47597
110090537 -0.36065 0.34325 1.47284
110090538 -0.36315 0.34325 1.46971
110090539 -0.36564 0.34325 1.46658
110090540 -0.36813 0.34325 1.46345
110090541 -0.37063 0.34325 1.46033
110090542 -0.37312 0.34325 1.45720
110090543 -0.37561 0.34325 1.45407
110090544 -0.37810 0.34325 1.45094
110090545 -0.38060 0.34325 1.44781
110090546 -0.38309 0.34325 1.44469
110090547 -0.38558 0.34325 1.44156
110090548 -0.38808 0.34325 1.43843
110090549 -0.39057 0.34325 1.43530
110090550 -0.39306 0.34325 1.43217
110090551 -0.39556 0.34325 1.42905
110090552 -0.39805 0.34325 1.42592
110090553 -0.40054 0.34325 1.42279
110090554 -0.40304 0.34325 1.41966
110090555 -0.40553 0.34325 1.41653
110090556 -0.40802 0.34325 1.41341
110090557 -0.41051 0.34325 1.41028
110090558 -0.41301 0.34325 1.40715
110090559 -0.41550 0.34325 1.40402
110090560 -0.41799 0.34325 1.40089
110090561 -0.42049 0.34325 1.39777
110090562 -0.42298 0.34325 1.39464
110090563 -0.42547 0.34325 1.39151
110090564 -0.42797 0.34325 1.38838
110090565 -0.43046 0.34325 1.38525
110090566 -0.43295 0.34325 1.38213
110090567 -0.43545 0.34325 1.37900
110090568 -0.43794 0.34325 1.37587
110090569 -0.44043 0.34325 1.37274
110090570 -0.44292 0.34325 1.36961
110090571 -0.44542 0.34325 1.36649
110090572 -0.44791 0.34325 1.36336
110090573 -0.45040 0.34325 1.36023
110090574 -0.45290 0.34325 1.35710
110090575 -0.45539 0.34325 1.35397
110090576 -0.45788 0.34325 1.35084
110090577 -0.46038 0.34325 1.34772
110090578 -0.46287 0.34325 1.34459
110090579 -0.46536 0.34325 1.34146
110090580 -0.46786 0.34325 1.33833
110090581 -0.47035 0.34325 1.33520
110090582 -0.47284 0.34325 1.33208
110090583 -0.47533 0.34325 1.32895
110090584 -0.47783 0.34325 1.32582
110090585 -0.48032 0.34325 1.32269
110090586 -0.48281 0.34325 1.31956
110090587 -0.48531 0.34325 1.31644
110090588 -0.48780 0.34325 1.31331
110090589 -0.49029 0.34325 1.31018
110090590 -0.49279 0.34325 1.30705
110090591 -0.49528 0.34325 1.30392
110090592 -0.49777 0.34325 1.30080
110090593 -0.50026 0.34325 1.29767
110090594 -0.50276 0.34325 1.29454
110090595 -0.50525 0.34325 1.29141
110090596 -0.50774 0.34325 1.28828
110090597 -0.51024 0.34325 1.28516
110090598 -0.51273 0.34325 1.28203
110090599 -0.51522 0.34325 1.27890
110090600 -0.51772 0.34325 1.27577
110090601 -0.14625 0.35675 1.74185
110090602 -0.14874 0.35675 1.73872
110090603 -0.15124 0.35675 1.73559
110090604 -0.15373 0.35675 1.73247
110090605 -0.15622 0.35675 1.72934
110090606 -0.15872 0.35675 1.72621
110090607 -0.16121 0.35675 1.72308
110090608 -0.16370 0.35675 1.71995
110090609 -0.16619 0.35675 1.71683
110090610 -0.16869 0.35675 1.71370
110090611 -0.17118 0.35675 1.71057
110090612 -0.17367 0.35675 1.70744
110090613 -0.17617 0.35675 1.70431
110090614 -0.17866 0.35675 1.70119
110090615 -0.18115 0.35675 1.69806
110090616 -0.18365 0.35675 1.69493
110090617 -0.18614 0.35675 1.69180
110090618 -0.18863 0.35675 1.68867
110090619 -0.19113 0.35675 1.68555
110090620 -0.19362 0.35675 1.68242
110090621 -0.19611 0.35675 1.67929
110090622 -0.19860 0.35675 1.67616
110090623 -0.20110 0.35675 1.67303
110090624 -0.20359 0.35675 1.66991
110090625 -0.20608 0.35675 1.66678
110090626 -0.20858 0.35675 1.66365
110090627 -0.21107 0.35675 1.66052
110090628 -0.21356 0.35675 1.65739
110090629 -0.21606 0.35675 1.65426
110090630 -0.21855 0.35675 1.65114
110090631 -0.22104 0.35675 1.64801
110090632 -0.22353 0.35675 1.64488
110090633 -0.22603 0.35675 1.64175
110090634 -0.22852 0.35675 1.63862
110090635 -0.23101 0.35675 1.63550
110090636 -0.23351 0.35675 1.63237
110090637 -0.23600 0.35675 1.62924
110090638 -0.23849 0.35675 1.62611
110090639 -0.24099 0.35675 1.62298
110090640 -0.24348 0.35675 1.61986
110090641 -0.24597 0.35675 1.61673
110090642 -0.24847 0.35675 1.61360
110090643 -0.25096 0.35675 1.61047
110090644 -0.25345 0.35675 1.60734
110090645 -0.25594 0.35675 1.60422
110090646 -0.25844 0.35675 1.60109
110090647 -0.26093 0.35675 1.59796
110090648 -0.26342 0.35675 1.59483
110090649 -0.26592 0.35675 1.59170
110090650 -0.26841 0.35675 1.58858
110090651 -0.27090 0.35675 1.58545
110090652 -0.27340 0.35675 1.58232
110090653 -0.27589 0.35675 1.57919
110090654 -0.27838 0.35675 1.57606
110090655 -0.28088 0.35675 1.57294
110090656 -0.28337 0.35675 1.56981
110090657 -0.28586 0.35675 1.56668
110090658 -0.28835 0.35675 1.56355
110090659 -0.29085 0.35675 1.56042
110090660 -0.29334 0.35675 1.55730
110090661 -0.29583 0.35675 1.55417
110090662 -0.29833 0.35675 1.55104
110090663 -0.30082 0.35675 1.54791
110090664 -0.30331 0.35675 1.54478
110090665 -0.30581 0.35675 1.54166
110090666 -0.30830 0.35675 1.53853
110090667 -0.31079 0.35675 1.53540
110090668 -0.31329 0.35675 1.53227
110090669 -0.31578 0.35675 1.52914
110090670 -0.31827 0.35675 1.52602
110090671 -0.32076 0.35675 1.52289
110090672 -0.32326 0.35675 1.51976
110090673 -0.32575 0.35675 1.51663
110090674 -0.32824 0.35675 1.51350
110090675 -0.33074 0.35675 1.51037
110090676 -0.33323 0.35675 1.50725
110090677 -0.33572 0.35675 1.50412
110090678 -0.33822 0.35675 1.50099
110090679 -0.34071 0.35675 1.49786
110090680 -0.34320 0.35675 1.49473
110090681 -0.34569 0.35675 1.49161
110090682 -0.34819 0.35675 1.48848
110090683 -0.35068 0.35675 1.48535
110090684 -0.35317 0.35675 1.48222
110090685 -0.35567 0.35675 1.47909
110090686 -0.35816 0.35675 1.47597
110090687 -0.36065 0.35675 1.47284
110090688 -0.36315 0.35675 1.46971
110090689 -0.36564 0.35675 1.46658
110090690 -0.36813 0.35675 1.46345
110090691 -0.37063 0.35675 1.46033
110090692 -0.37312 0.35675 1.45720
110090693 -0.37561 0.35675 1.45407
110090694 -0.37810 0.35675 1.45094
110090695 -0.38060 0.35675 1.44781
110090696 -0.38309 0.35675 1.44469
110090697 -0.38558 0.35675 1.44156
110090698 -0.38808 0.35675 1.43843
110090699 -0.39057 0.35675 1.43530
110090700 -0.39306 0.35675 1.43217
110090701 -0.39556 0.35675 1.42905
110090702 -0.39805 0.35675 1.42592
110090703 -0.40054 0.35675 1.42279
110090704 -0.40304 0.35675 1.41966
110090705 -0.40553 0.35675 1.41653
110090706 -0.40802 0.35675 1.41341
110090707 -0.41051 0.35675 1.41028
110090708 -0.41301 0.35675 1.40715
110090709 -0.41550 0.35675 1.40402
110090710 -0.41799 0.35675 1.40089
110090711 -0.42049 0.35675 1.39777
110090712 -0.42298 0.35675 1.39464
110090713 -0.42547 0.35675 1.39151
110090714 -0.42797 0.35675 1.38838
110090715 -0.43046 0.35675 1.38525
110090716 -0.43295 0.35675 1.38213
110090717 -0.43545 0.35675 1.37900
110090718 -0.43794 0.35675 1.37587
110090719 -0.44043 0.35675 1.37274
110090720 -0.44292 0.35675 1.36961
110090721 -0.44542 0.35675 1.36649
110090722 -0.44791 0.35675 1.36336
110090723 -0.45040 0.35675 1.36023
110090724 -0.45290 0.35675 1.35710
110090725 -0.45539 0.35675 1.35397
110090726 -0.45788 0.35675 1.35084
110090727 -0.46038 0.35675 1.34772
110090728 -0.46287 0.35675 1.34459
110090729 -0.46536 0.35675 1.34146
110090730 -0.46786 0.35675 1.33833
110090731 -0.47035 0.35675 1.33520
110090732 -0.47284 0.35675 1.33208
110090733 -0.47533 0.35675 1.32895
110090734 -0.47783 0.35675 1.32582
110090735 -0.48032 0.35675 1.32269
110090736 -0.48281 0.35675 1.31956
110090737 -0.48531 0.35675 1.31644
110090738 -0.48780 0.35675 1.31331
110090739 -0.49029 0.35675 1.31018
110090740 -0.49279 0.35675 1.30705
110090741 -0.49528 0.35675 1.30392
110090742 -0.49777 0.35675 1.30080
110090743 -0.50026 0.35675 1.29767
110090744 -0.50276 0.35675 1.29454
110090745 -0.50525 0.35675 1.29141
110090746 -0.50774 0.35675 1.28828
110090747 -0.51024 0.35675 1.28516
110090748 -0.51273 0.35675 1.28203
110090749 -0.51522 0.35675 1.27890
110090750 -0.51772 0.35675 1.27577
110090751 -0.14625 0.37025 1.74185
110090752 -0.14874 0.37025 1.73872
110090753 -0.15124 0.37025 1.73559
110090754 -0.15373 0.37025 1.73247
110090755 -0.15622 0.37025 1.72934
110090756 -0.15872 0.37025 1.72621
110090757 -0.16121 0.37025 1.72308
110090758 -0.16370 0.37025 1.71995
110090759 -0.16619 0.37025 1.71683
110090760 -0.16869 0.37025 1.71370
110090761 -0.17118 0.37025 1.71057
110090762 -0.17367 0.37025 1.70744
110090763 -0.17617 0.37025 1.70431
110090764 -0.17866 0.37025 1.70119
110090765 -0.18115 0.37025 1.69806
110090766 -0.18365 0.37025 1.69493
110090767 -0.18614 0.37025 1.69180
110090768 -0.18863 0.37025 1.68867
110090769 -0.19113 0.37025 1.68555
110090770 -0.19362 0.37025 1.68242
110090771 -0.19611 0.37025 1.67929
110090772 -0.19860 0.37025 1.67616
110090773 -0.20110 0.37025 1.67303
110090774 -0.20359 0.37025 1.66991
110090775 -0.20608 0.37025 1.66678
110090776 -0.20858 0.37025 1.66365
110090777 -0.21107 0.37025 1.66052
110090778 -0.21356 0.37025 1.65739
110090779 -0.21606 0.37025 1.65426
110090780 -0.21855 0.37025 1.65114
110090781 -0.22104 0.37025 1.64801
110090782 -0.22353 0.37025 1.64488
110090783 -0.22603 0.37025 1.64175
110090784 -0.22852 0.37025 1.63862
110090785 -0.23101 0.37025 1.63550
110090786 -0.23351 0.37025 1.63237
110090787 -0.23600 0.37025 1.62924
110090788 -0.23849 0.37025 1.62611
110090789 -0.24099 0.37025 1.62298
110090790 -0.24348 0.37025 1.61986
110090791 -0.24597 0.37025 1.61673
110090792 -0.24847 0.37025 1.61360
110090793 -0.25096 0.37025 1.61047
110090794 -0.25345 0.37025 1.60734
110090795 -0.25594 0.37025 1.60422
110090796 -0.25844 0.37025 1.60109
110090797 -0.26093 0.37025 1.59796
110090798 -0.26342 0.37025 1.59483
110090799 -0.26592 0.37025 1.59170
110090800 -0.26841 0.37025 1.58858
110090801 -0.27090 0.37025 1.58545
110090802 -0.27340 0.37025 1.58232
110090803 -0.27589 0.37025 1.57919
110090804 -0.27838 0.37025 1.57606
110090805 -0.28088 0.37025 1.57294
110090806 -0.28337 0.37025 1.56981
110090807 -0.28586 0.37025 1.56668
110090808 -0.28835 0.37025 1.56355
110090809 -0.29085 0.37025 1.56042
110090810 -0.29334 0.37025 1.55730
110090811 -0.29583 0.37025 1.55417
110090812 -0.29833 0.37025 1.55104
110090813 -0.30082 0.37025 1.54791
110090814 -0.30331 0.37025 1.54478
110090815 -0.30581 0.37025 1.54166
110090816 -0.30830 0.37025 1.53853
110090817 -0.31079 0.37025 1.53540
110090818 -0.31329 0.37025 1.53227
110090819 -0.31578 0.37025 1.52914
110090820 -0.31827 0.37025 1.52602
110090821 -0.32076 0.37025 1.52289
110090822 -0.32326 0.37025 1.51976
110090823 -0.32575 0.37025 1.51663
110090824 -0.32824 0.37025 1.51350
110090825 -0.33074 0.37025 1.51037
110090826 -0.33323 0.37025 1.50725
110090827 -0.33572 0.37025 1.50412
110090828 -0.33822 0.37025 1.50099
110090829 -0.34071 0.37025 1.49786
110090830 -0.34320 0.37025 1.49473
110090831 -0.34569 0.37025 1.49161
110090832 -0.34819 0.37025 1.48848
110090833 -0.35068 0.37025 1.48535
110090834 -0.35317 0.37025 1.48222
110090835 -0.35567 0.37025 1.47909
110090836 -0.35816 0.37025 1.47597
110090837 -0.36065 0.37025 1.47284
110090838 -0.36315 0.37025 1.46971
110090839 -0.36564 0.37025 1.46658
110090840 -0.36813 0.37025 1.46345
110090841 -0.37063 0.37025 1.46033
110090842 -0.37312 0.37025 1.45720
110090843 -0.37561 0.37025 1.45407
110090844 -0.37810 0.37025 1.45094
110090845 -0.38060 0.37025 1.44781
110090846 -0.38309 0.37025 1.44469
110090847 -0.38558 0.37025 1.44156
110090848 -0.38808 0.37025 1.43843
110090849 -0.39057 0.37025 1.43530
110090850 -0.39306 0.37025 1.43217
110090851 -0.39556 0.37025 1.42905
110090852 -0.39805 0.37025 1.42592
110090853 -0.40054 0.37025 1.42279
110090854 -0.40304 0.37025 1.41966
110090855 -0.40553 0.37025 1.41653
110090856 -0.40802 0.37025 1.41341
110090857 -0.41051 0.37025 1.41028
110090858 -0.41301 0.37025 1.40715
110090859 -0.41550 0.37025 1.40402
110090860 -0.41799 0.37025 1.40089
110090861 -0.42049 0.37025 1.39777
110090862 -0.42298 0.37025 1.39464
110090863 -0.42547 0.37025 1.39151
110090864 -0.42797 0.37025 1.38838
110090865 -0.43046 0.37025 1.38525
110090866 -0.43295 0.37025 1.38213
110090867 -0.43545 0.37025 1.37900
110090868 -0.43794 0.37025 1.37587
110090869 -0.44043 0.37025 1.37274
110090870 -0.44292 0.37025 1.36961
110090871 -0.44542 0.37025 1.36649
110090872 -0.44791 0.37025 1.36336
110090873 -0.45040 0.37025 1.36023
110090874 -0.45290 0.37025 1.35710
110090875 -0.45539 0.37025 1.35397
110090876 -0.45788 0.37025 1.35084
110090877 -0.46038 0.37025 1.34772
110090878 -0.46287 0.37025 1.34459
110090879 -0.46536 0.37025 1.34146
110090880 -0.46786 0.37025 1.33833
110090881 -0.47035 0.37025 1.33520
110090882 -0.47284 0.37025 1.33208
110090883 -0.47533 0.37025 1.32895
110090884 -0.47783 0.37025 1.32582
110090885 -0.48032 0.37025 1.32269
110090886 -0.48281 0.37025 1.31956
110090887 -0.48531 0.37025 1.31644
110090888 -0.48780 0.37025 1.31331
110090889 -0.49029 0.37025 1.31018
110090890 -0.49279 0.37025 1.30705
110090891 -0.49528 0.37025 1.30392
110090892 -0.49777 0.37025 1.30080
110090893 -0.50026 0.37025 1.29767
110090894 -0.50276 0.37025 1.29454
110090895 -0.50525 0.37025 1.29141
110090896 -0.50774 0.37025 1.28828
110090897 -0.51024 0.37025 1.28516
110090898 -0.51273 0.37025 1.28203
110090899 -0.51522 0.37025 1.27890
110090900 -0.51772 0.37025 1.27577
110090901 -0.14625 0.38375 1.74185
110090902 -0.14874 0.38375 1.73872
110090903 -0.15124 0.38375 1.73559
110090904 -0.15373 0.38375 1.73247
110090905 -0.15622 0.38375 1.72934
110090906 -0.15872 0.38375 1.72621
110090907 -0.16121 0.38375 1.72308
110090908 -0.16370 0.38375 1.71995
110090909 -0.16619 0.38375 1.71683
110090910 -0.16869 0.38375 1.71370
110090911 -0.17118 0.38375 1.71057
110090912 -0.17367 0.38375 1.70744
110090913 -0.17617 0.38375 1.70431
110090914 -0.17866 0.38375 1.70119
110090915 -0.18115 0.38375 1.69806
110090916 -0.18365 0.38375 1.69493
110090917 -0.18614 0.38375 1.69180
110090918 -0.18863 0.38375 1.68867
110090919 -0.19113 0.38375 1.68555
110090920 -0.19362 0.38375 1.68242
110090921 -0.19611 0.38375 1.67929
110090922 -0.19860 0.38375 1.67616
110090923 -0.20110 0.38375 1.67303
110090924 -0.20359 0.38375 1.66991
110090925 -0.20608 0.38375 1.66678
110090926 -0.20858 0.38375 1.66365
110090927 -0.21107 0.38375 1.66052
110090928 -0.21356 0.38375 1.65739
110090929 -0.21606 0.38375 1.65426
110090930 -0.21855 0.38375 1.65114
110090931 -0.22104 0.38375 1.64801
110090932 -0.22353 0.38375 1.64488
110090933 -0.22603 0.38375 1.64175
110090934 -0.22852 0.38375 1.63862
110090935 -0.23101 0.38375 1.63550
110090936 -0.23351 0.38375 1.63237
110090937 -0.23600 0.38375 1.62924
110090938 -0.23849 0.38375 1.62611
110090939 -0.24099 0.38375 1.62298
110090940 -0.24348 0.38375 1.61986
110090941 -0.24597 0.38375 1.61673
110090942 -0.24847 0.38375 1.61360
110090943 -0.25096 0.38375 1.61047
110090944 -0.25345 0.38375 1.60734
110090945 -0.25594 0.38375 1.60422
110090946 -0.25844 0.38375 1.60109
110090947 -0.26093 0.38375 1.59796
110090948 -0.26342 0.38375 1.59483
110090949 -0.26592 0.38375 1.59170
110090950 -0.26841 0.38375 1.58858
110090951 -0.27090 0.38375 1.58545
110090952 -0.27340 0.38375 1.58232
110090953 -0.27589 0.38375 1.57919
110090954 -0.27838 0.38375 1.57606
110090955 -0.28088 0.38375 1.57294
110090956 -0.28337 0.38375 1.56981
110090957 -0.28586 0.38375 1.56668
110090958 -0.28835 0.38375 1.56355
110090959 -0.29085 0.38375 1.56042
110090960 -0.29334 0.38375 1.55730
110090961 -0.29583 0.38375 1.55417
110090962 -0.29833 0.38375 1.55104
110090963 -0.30082 0.38375 1.54791
110090964 -0.30331 0.38375 1.54478
110090965 -0.30581 0.38375 1.54166
110090966 -0.30830 0.38375 1.53853
110090967 -0.31079 0.38375 1.53540
110090968 -0.31329 0.38375 1.53227
110090969 -0.31578 0.38375 1.52914
110090970 -0.31827 0.38375 1.52602
110090971 -0.32076 0.38375 1.52289
110090972 -0.32326 0.38375 1.51976
110090973 -0.32575 0.38375 1.51663
110090974 -0.32824 0.38375 1.51350
110090975 -0.33074 0.38375 1.51037
110090976 -0.33323 0.38375 1.50725
110090977 -0.33572 0.38375 1.50412
110090978 -0.33822 0.38375 1.50099
110090979 -0.34071 0.38375 1.49786
110090980 -0.34320 0.38375 1.49473
110090981 -0.34569 0.38375 1.49161
110090982 -0.34819 0.38375 1.48848
110090983 -0.35068 0.38375 1.48535
110090984 -0.35317 0.38375 1.48222
110090985 -0.35567 0.38375 1.47909
110090986 -0.35816 0.38375 1.47597
110090987 -0.36065 0.38375 1.47284
110090988 -0.36315 0.38375 1.46971
110090989 -0.36564 0.38375 1.46658
110090990 -0.36813 0.38375 1.46345
110090991 -0.37063 0.38375 1.46033
110090992 -0.37312 0.38375 1.45720
110090993 -0.37561 0.38375 1.45407
110090994 -0.37810 0.38375 1.45094
110090995 -0.38060 0.38375 1.44781
110090996 -0.38309 0.38375 1.44469
110090997 -0.38558 0.38375 1.44156
110090998 -0.38808 0.38375 1.43843
110090999 -0.39057 0.38375 1.43530
110091000 -0.39306 0.38375 1.43217
110091001 -0.39556 0.38375 1.42905
110091002 -0.39805 0.38375 1.42592
110091003 -0.40054 0.38375 1.42279
110091004 -0.40304 0.38375 1.41966
110091005 -0.40553 0.38375 1.41653
110091006 -0.40802 0.38375 1.41341
110091007 -0.41051 0.38375 1.41028
110091008 -0.41301 0.38375 1.40715
110091009 -0.41550 0.38375 1.40402
110091010 -0.41799 0.38375 1.40089
110091011 -0.42049 0.38375 1.39777
110091012 -0.42298 0.38375 1.39464
110091013 -0.42547 0.38375 1.39151
110091014 -0.42797 0.38375 1.38838
110091015 -0.43046 0.38375 1.38525
110091016 -0.43295 0.38375 1.38213
110091017 -0.43545 0.38375 1.37900
110091018 -0.43794 0.38375 1.37587
110091019 -0.44043 0.38375 1.37274
110091020 -0.44292 0.38375 1.36961
110091021 -0.44542 0.38375 1.36649
110091022 -0.44791 0.38375 1.36336
110091023 -0.45040 0.38375 1.36023
110091024 -0.45290 0.38375 1.35710
110091025 -0.45539 0.38375 1.35397
110091026 -0.45788 0.38375 1.35084
110091027 -0.46038 0.38375 1.34772
110091028 -0.46287 0.38375 1.34459
110091029 -0.46536 0.38375 1.34146
110091030 -0.46786 0.38375 1.33833
110091031 -0.47035 0.38375 1.33520
110091032 -0.47284 0.38375 1.33208
110091033 -0.47533 0.38375 1.32895
110091034 -0.47783 0.38375 1.32582
110091035 -0.48032 0.38375 1.32269
110091036 -0.48281 0.38375 1.31956
110091037 -0.48531 0.38375 1.31644
110091038 -0.48780 0.38375 1.31331
110091039 -0.49029 0.38375 1.31018
110091040 -0.49279 0.38375 1.30705
110091041 -0.49528 0.38375 1.30392
110091042 -0.49777 0.38375 1.30080
110091043 -0.50026 0.38375 1.29767
110091044 -0.50276 0.38375 1.29454
110091045 -0.50525 0.38375 1.29141
110091046 -0.50774 0.38375 1.28828
110091047 -0.51024 0.38375 1.28516
110091048 -0.51273 0.38375 1.28203
110091049 -0.51522 0.38375 1.27890
110091050 -0.51772 0.38375 1.27577
110091051 -0.14625 0.39725 1.74185
110091052 -0.14874 0.39725 1.73872
110091053 -0.15124 0.39725 1.73559
110091054 -0.15373 0.39725 1.73247
110091055 -0.15622 0.39725 1.72934
110091056 -0.15872 0.39725 1.72621
110091057 -0.16121 0.39725 1.72308
110091058 -0.16370 0.39725 1.71995
110091059 -0.16619 0.39725 1.71683
110091060 -0.16869 0.39725 1.71370
110091061 -0.17118 0.39725 1.71057
110091062 -0.17367 0.39725 1.70744
110091063 -0.17617 0.39725 1.70431
110091064 -0.17866 0.39725 1.70119
110091065 -0.18115 0.39725 1.69806
110091066 -0.18365 0.39725 1.69493
110091067 -0.18614 0.39725 1.69180
110091068 -0.18863 0.39725 1.68867
110091069 -0.19113 0.39725 1.68555
110091070 -0.19362 0.39725 1.68242
110091071 -0.19611 0.39725 1.67929
110091072 -0.19860 0.39725 1.67616
110091073 -0.20110 0.39725 1.67303
110091074 -0.20359 0.39725 1.66991
110091075 -0.20608 0.39725 1.66678
110091076 -0.20858 0.39725 1.66365
110091077 -0.21107 0.39725 1.66052
110091078 -0.21356 0.39725 1.65739
110091079 -0.21606 0.39725 1.65426
110091080 -0.21855 0.39725 1.65114
110091081 -0.22104 0.39725 1.64801
110091082 -0.22353 0.39725 1.64488
110091083 -0.22603 0.39725 1.64175
110091084 -0.22852 0.39725 1.63862
110091085 -0.23101 0.39725 1.63550
110091086 -0.23351 0.39725 1.63237
110091087 -0.23600 0.39725 1.62924
110091088 -0.23849 0.39725 1.62611
110091089 -0.24099 0.39725 1.62298
110091090 -0.24348 0.39725 1.61986
110091091 -0.24597 0.39725 1.61673
110091092 -0.24847 0.39725 1.61360
110091093 -0.25096 0.39725 1.61047
110091094 -0.25345 0.39725 1.60734
110091095 -0.25594 0.39725 1.60422
110091096 -0.25844 0.39725 1.60109
110091097 -0.26093 0.39725 1.59796
110091098 -0.26342 0.39725 1.59483
110091099 -0.26592 0.39725 1.59170
110091100 -0.26841 0.39725 1.58858
110091101 -0.27090 0.39725 1.58545
110091102 -0.27340 0.39725 1.58232
110091103 -0.27589 0.39725 1.57919
110091104 -0.27838 0.39725 1.57606
110091105 -0.28088 0.39725 1.57294
110091106 -0.28337 0.39725 1.56981
110091107 -0.28586 0.39725 1.56668
110091108 -0.28835 0.39725 1.56355
110091109 -0.29085 0.39725 1.56042
110091110 -0.29334 0.39725 1.55730
110091111 -0.29583 0.39725 1.55417
110091112 -0.29833 0.39725 1.55104
110091113 -0.30082 0.39725 1.54791
110091114 -0.30331 0.39725 1.54478
110091115 -0.30581 0.39725 1.54166
110091116 -0.30830 0.39725 1.53853
110091117 -0.31079 0.39725 1.53540
110091118 -0.31329 0.39725 1.53227
110091119 -0.31578 0.39725 1.52914
110091120 -0.31827 0.39725 1.52602
110091121 -0.32076 0.39725 1.52289
110091122 -0.32326 0.39725 1.51976
110091123 -0.32575 0.39725 1.51663
110091124 -0.32824 0.39725 1.51350
110091125 -0.33074 0.39725 1.51037
110091126 -0.33323 0.39725 1.50725
110091127 -0.33572 0.39725 1.50412
110091128 -0.33822 0.39725 1.50099
110091129 -0.34071 0.39725 1.49786
110091130 -0.34320 0.39725 1.49473
110091131 -0.34569 0.39725 1.49161
110091132 -0.34819 0.39725 1.48848
110091133 -0.35068 0.39725 1.48535
110091134 -0.35317 0.39725 1.48222
110091135 -0.35567 0.39725 1.47909
110091136 -0.35816 0.39725 1.47597
110091137 -0.36065 0.39725 1.47284
110091138 -0.36315 0.39725 1.46971
110091139 -0.36564 0.39725 1.46658
110091140 -0.36813 0.39725 1.46345
110091141 -0.37063 0.39725 1.46033
110091142 -0.37312 0.39725 1.45720
110091143 -0.37561 0.39725 1.45407
110091144 -0.37810 0.39725 1.45094
110091145 -0.38060 0.39725 1.44781
110091146 -0.38309 0.39725 1.44469
110091147 -0.38558 0.39725 1.44156
110091148 -0.38808 0.39725 1.43843
110091149 -0.39057 0.39725 1.43530
110091150 -0.39306 0.39725 1.43217
110091151 -0.39556 0.39725 1.42905
110091152 -0.39805 0.39725 1.42592
110091153 -0.40054 0.39725 1.42279
110091154 -0.40304 0.39725 1.41966
110091155 -0.40553 0.39725 1.41653
110091156 -0.40802 0.39725 1.41341
110091157 -0.41051 0.39725 1.41028
110091158 -0.41301 0.39725 1.40715
110091159 -0.41550 0.39725 1.40402
110091160 -0.41799 0.39725 1.40089
110091161 -0.42049 0.39725 1.39777
110091162 -0.42298 0.39725 1.39464
110091163 -0.42547 0.39725 1.39151
110091164 -0.42797 0.39725 1.38838
110091165 -0.43046 0.39725 1.38525
110091166 -0.43295 0.39725 1.38213
110091167 -0.43545 0.39725 1.37900
110091168 -0.43794 0.39725 1.37587
110091169 -0.44043 0.39725 1.37274
110091170 -0.44292 0.39725 1.36961
110091171 -0.44542 0.39725 1.36649
110091172 -0.44791 0.39725 1.36336
110091173 -0.45040 0.39725 1.36023
110091174 -0.45290 0.39725 1.35710
110091175 -0.45539 0.39725 1.35397
110091176 -0.45788 0.39725 1.35084
110091177 -0.46038 0.39725 1.34772
110091178 -0.46287 0.39725 1.34459
110091179 -0.46536 0.39725 1.34146
110091180 -0.46786 0.39725 1.33833
110091181 -0.47035 0.39725 1.33520
110091182 -0.47284 0.39725 1.33208
110091183 -0.47533 0.39725 1.32895
110091184 -0.47783 0.39725 1.32582
110091185 -0.48032 0.39725 1.32269
110091186 -0.48281 0.39725 1.31956
110091187 -0.48531 0.39725 1.31644
110091188 -0.48780 0.39725 1.31331
110091189 -0.49029 0.39725 1.31018
110091190 -0.49279 0.39725 1.30705
110091191 -0.49528 0.39725 1.30392
110091192 -0.49777 0.39725 1.30080
110091193 -0.50026 0.39725 1.29767
110091194 -0.50276 0.39725 1.29454
110091195 -0.50525 0.39725 1.29141
110091196 -0.50774 0.39725 1.28828
110091197 -0.51024 0.39725 1.28516
110091198 -0.51273 0.39725 1.28203
110091199 -0.51522 0.39725 1.27890
110091200 -0.51772 0.39725 1.27577
