# pixelID  x  y  z
101110001 0.15481 0.50200 -2.00000
101110002 0.15481 0.50600 -2.00000
101110003 0.15481 0.51000 -2.00000
101110004 0.15481 0.51400 -2.00000
101110005 0.15481 0.51800 -2.00000
101110006 0.15481 0.52200 -2.00000
101110007 0.15481 0.52600 -2.00000
101110008 0.15481 0.53000 -2.00000
101110009 0.15481 0.53400 -2.00000
101110010 0.15481 0.53800 -2.00000
101110011 0.15481 0.54200 -2.00000
101110012 0.15481 0.54600 -2.00000
101110013 0.15481 0.55000 -2.00000
101110014 0.15481 0.55400 -2.00000
101110015 0.15481 0.55800 -2.00000
101110016 0.15481 0.56200 -2.00000
101110017 0.15481 0.56600 -2.00000
101110018 0.15481 0.57000 -2.00000
101110019 0.15481 0.57400 -2.00000
101110020 0.15481 0.57800 -2.00000
101110021 0.15481 0.58200 -2.00000
101110022 0.15481 0.58600 -2.00000
101110023 0.15481 0.59000 -2.00000
101110024 0.15481 0.59400 -2.00000
101110025 0.15481 0.59800 -2.00000
101110026 0.15481 0.60200 -2.00000
101110027 0.15481 0.60600 -2.00000
101110028 0.15481 0.61000 -2.00000
101110029 0.15481 0.61400 -2.00000
101110030 0.15481 0.61800 -2.00000
101110031 0.15481 0.62200 -2.00000
101110032 0.15481 0.62600 -2.00000
101110033 0.15481 0.63000 -2.00000
101110034 0.15481 0.63400 -2.00000
101110035 0.15481 0.63800 -2.00000
101110036 0.15481 0.64200 -2.00000
101110037 0.15481 0.64600 -2.00000
101110038 0.15481 0.65000 -2.00000
101110039 0.15481 0.65400 -2.00000
101110040 0.15481 0.65800 -2.00000
101110041 0.15481 0.66200 -2.00000
101110042 0.15481 0.66600 -2.00000
101110043 0.15481 0.67000 -2.00000
101110044 0.15481 0.67400 -2.00000
101110045 0.15481 0.67800 -2.00000
101110046 0.15481 0.68200 -2.00000
101110047 0.15481 0.68600 -2.00000
101110048 0.15481 0.69000 -2.00000
101110049 0.15481 0.69400 -2.00000
101110050 0.15481 0.69800 -2.00000
101110051 0.15481 0.70200 -2.00000
101110052 0.15481 0.70600 -2.00000
101110053 0.15481 0.71000 -2.00000
101110054 0.15481 0.71400 -2.00000
101110055 0.15481 0.71800 -2.00000
101110056 0.15481 0.72200 -2.00000
101110057 0.15481 0.72600 -2.00000
101110058 0.15481 0.73000 -2.00000
101110059 0.15481 0.73400 -2.00000
101110060 0.15481 0.73800 -2.00000
101110061 0.15481 0.74200 -2.00000
101110062 0.15481 0.74600 -2.00000
101110063 0.15481 0.75000 -2.00000
101110064 0.15481 0.75400 -2.00000
101110065 0.15481 0.75800 -2.00000
101110066 0.15481 0.76200 -2.00000
101110067 0.15481 0.76600 -2.00000
101110068 0.15481 0.77000 -2.00000
101110069 0.15481 0.77400 -2.00000
101110070 0.15481 0.77800 -2.00000
101110071 0.15481 0.78200 -2.00000
101110072 0.15481 0.78600 -2.00000
101110073 0.15481 0.79000 -2.00000
101110074 0.15481 0.79400 -2.00000
101110075 0.15481 0.79800 -2.00000
101110076 0.15481 0.80200 -2.00000
101110077 0.15481 0.80600 -2.00000
101110078 0.15481 0.81000 -2.00000
101110079 0.15481 0.81400 -2.00000
101110080 0.15481 0.81800 -2.00000
101110081 0.15481 0.82200 -2.00000
101110082 0.15481 0.82600 -2.00000
101110083 0.15481 0.83000 -2.00000
101110084 0.15481 0.83400 -2.00000
101110085 0.15481 0.83800 -2.00000
101110086 0.15481 0.84200 -2.00000
101110087 0.15481 0.84600 -2.00000
101110088 0.15481 0.85000 -2.00000
101110089 0.15481 0.85400 -2.00000
101110090 0.15481 0.85800 -2.00000
101110091 0.15481 0.86200 -2.00000
101110092 0.15481 0.86600 -2.00000
101110093 0.15481 0.87000 -2.00000
101110094 0.15481 0.87400 -2.00000
101110095 0.15481 0.87800 -2.00000
101110096 0.15481 0.88200 -2.00000
101110097 0.15481 0.88600 -2.00000
101110098 0.15481 0.89000 -2.00000
101110099 0.15481 0.89400 -2.00000
101110100 0.15481 0.89800 -2.00000
101110101 0.15481 0.90200 -2.00000
101110102 0.15481 0.90600 -2.00000
101110103 0.15481 0.91000 -2.00000
101110104 0.15481 0.91400 -2.00000
101110105 0.15481 0.91800 -2.00000
101110106 0.15481 0.92200 -2.00000
101110107 0.15481 0.92600 -2.00000
101110108 0.15481 0.93000 -2.00000
101110109 0.15481 0.93400 -2.00000
101110110 0.15481 0.93800 -2.00000
101110111 0.15481 0.94200 -2.00000
101110112 0.15481 0.94600 -2.00000
101110113 0.15481 0.95000 -2.00000
101110114 0.15481 0.95400 -2.00000
101110115 0.15481 0.95800 -2.00000
101110116 0.15481 0.96200 -2.00000
101110117 0.15481 0.96600 -2.00000
101110118 0.15481 0.97000 -2.00000
101110119 0.15481 0.97400 -2.00000
101110120 0.15481 0.97800 -2.00000
101110121 0.15481 0.98200 -2.00000
101110122 0.15481 0.98600 -2.00000
101110123 0.15481 0.99000 -2.00000
101110124 0.15481 0.99400 -2.00000
101110125 0.15481 0.99800 -2.00000
101110126 0.15481 1.00200 -2.00000
101110127 0.15481 1.00600 -2.00000
101110128 0.15481 1.01000 -2.00000
101110129 0.15481 1.01400 -2.00000
101110130 0.15481 1.01800 -2.00000
101110131 0.15481 1.02200 -2.00000
101110132 0.15481 1.02600 -2.00000
101110133 0.15481 1.03000 -2.00000
101110134 0.15481 1.03400 -2.00000
101110135 0.15481 1.03800 -2.00000
101110136 0.15481 1.04200 -2.00000
101110137 0.15481 1.04600 -2.00000
101110138 0.15481 1.05000 -2.00000
101110139 0.15481 1.05400 -2.00000
101110140 0.15481 1.05800 -2.00000
101110141 0.15481 1.06200 -2.00000
101110142 0.15481 1.06600 -2.00000
101110143 0.15481 1.07000 -2.00000
101110144 0.15481 1.07400 -2.00000
101110145 0.15481 1.07800 -2.00000
101110146 0.15481 1.08200 -2.00000
101110147 0.15481 1.08600 -2.00000
101110148 0.15481 1.09000 -2.00000
101110149 0.15481 1.09400 -2.00000
101110150 0.15481 1.09800 -2.00000
101110151 0.16331 0.50200 -2.00000
101110152 0.16331 0.50600 -2.00000
101110153 0.16331 0.51000 -2.00000
101110154 0.16331 0.51400 -2.00000
101110155 0.16331 0.51800 -2.00000
101110156 0.16331 0.52200 -2.00000
101110157 0.16331 0.52600 -2.00000
101110158 0.16331 0.53000 -2.00000
101110159 0.16331 0.53400 -2.00000
101110160 0.16331 0.53800 -2.00000
101110161 0.16331 0.54200 -2.00000
101110162 0.16331 0.54600 -2.00000
101110163 0.16331 0.55000 -2.00000
101110164 0.16331 0.55400 -2.00000
101110165 0.16331 0.55800 -2.00000
101110166 0.16331 0.56200 -2.00000
101110167 0.16331 0.56600 -2.00000
101110168 0.16331 0.57000 -2.00000
101110169 0.16331 0.57400 -2.00000
101110170 0.16331 0.57800 -2.00000
101110171 0.16331 0.58200 -2.00000
101110172 0.16331 0.58600 -2.00000
101110173 0.16331 0.59000 -2.00000
101110174 0.16331 0.59400 -2.00000
101110175 0.16331 0.59800 -2.00000
101110176 0.16331 0.60200 -2.00000
101110177 0.16331 0.60600 -2.00000
101110178 0.16331 0.61000 -2.00000
101110179 0.16331 0.61400 -2.00000
101110180 0.16331 0.61800 -2.00000
101110181 0.16331 0.62200 -2.00000
101110182 0.16331 0.62600 -2.00000
101110183 0.16331 0.63000 -2.00000
101110184 0.16331 0.63400 -2.00000
101110185 0.16331 0.63800 -2.00000
101110186 0.16331 0.64200 -2.00000
101110187 0.16331 0.64600 -2.00000
101110188 0.16331 0.65000 -2.00000
101110189 0.16331 0.65400 -2.00000
101110190 0.16331 0.65800 -2.00000
101110191 0.16331 0.66200 -2.00000
101110192 0.16331 0.66600 -2.00000
101110193 0.16331 0.67000 -2.00000
101110194 0.16331 0.67400 -2.00000
101110195 0.16331 0.67800 -2.00000
101110196 0.16331 0.68200 -2.00000
101110197 0.16331 0.68600 -2.00000
101110198 0.16331 0.69000 -2.00000
101110199 0.16331 0.69400 -2.00000
101110200 0.16331 0.69800 -2.00000
101110201 0.16331 0.70200 -2.00000
101110202 0.16331 0.70600 -2.00000
101110203 0.16331 0.71000 -2.00000
101110204 0.16331 0.71400 -2.00000
101110205 0.16331 0.71800 -2.00000
101110206 0.16331 0.72200 -2.00000
101110207 0.16331 0.72600 -2.00000
101110208 0.16331 0.73000 -2.00000
101110209 0.16331 0.73400 -2.00000
101110210 0.16331 0.73800 -2.00000
101110211 0.16331 0.74200 -2.00000
101110212 0.16331 0.74600 -2.00000
101110213 0.16331 0.75000 -2.00000
101110214 0.16331 0.75400 -2.00000
101110215 0.16331 0.75800 -2.00000
101110216 0.16331 0.76200 -2.00000
101110217 0.16331 0.76600 -2.00000
101110218 0.16331 0.77000 -2.00000
101110219 0.16331 0.77400 -2.00000
101110220 0.16331 0.77800 -2.00000
101110221 0.16331 0.78200 -2.00000
101110222 0.16331 0.78600 -2.00000
101110223 0.16331 0.79000 -2.00000
101110224 0.16331 0.79400 -2.00000
101110225 0.16331 0.79800 -2.00000
101110226 0.16331 0.80200 -2.00000
101110227 0.16331 0.80600 -2.00000
101110228 0.16331 0.81000 -2.00000
101110229 0.16331 0.81400 -2.00000
101110230 0.16331 0.81800 -2.00000
101110231 0.16331 0.82200 -2.00000
101110232 0.16331 0.82600 -2.00000
101110233 0.16331 0.83000 -2.00000
101110234 0.16331 0.83400 -2.00000
101110235 0.16331 0.83800 -2.00000
101110236 0.16331 0.84200 -2.00000
101110237 0.16331 0.84600 -2.00000
101110238 0.16331 0.85000 -2.00000
101110239 0.16331 0.85400 -2.00000
101110240 0.16331 0.85800 -2.00000
101110241 0.16331 0.86200 -2.00000
101110242 0.16331 0.86600 -2.00000
101110243 0.16331 0.87000 -2.00000
101110244 0.16331 0.87400 -2.00000
101110245 0.16331 0.87800 -2.00000
101110246 0.16331 0.88200 -2.00000
101110247 0.16331 0.88600 -2.00000
101110248 0.16331 0.89000 -2.00000
101110249 0.16331 0.89400 -2.00000
101110250 0.16331 0.89800 -2.00000
101110251 0.16331 0.90200 -2.00000
101110252 0.16331 0.90600 -2.00000
101110253 0.16331 0.91000 -2.00000
101110254 0.16331 0.91400 -2.00000
101110255 0.16331 0.91800 -2.00000
101110256 0.16331 0.92200 -2.00000
101110257 0.16331 0.92600 -2.00000
101110258 0.16331 0.93000 -2.00000
101110259 0.16331 0.93400 -2.00000
101110260 0.16331 0.93800 -2.00000
101110261 0.16331 0.94200 -2.00000
101110262 0.16331 0.94600 -2.00000
101110263 0.16331 0.95000 -2.00000
101110264 0.16331 0.95400 -2.00000
101110265 0.16331 0.95800 -2.00000
101110266 0.16331 0.96200 -2.00000
101110267 0.16331 0.96600 -2.00000
101110268 0.16331 0.97000 -2.00000
101110269 0.16331 0.97400 -2.00000
101110270 0.16331 0.97800 -2.00000
101110271 0.16331 0.98200 -2.00000
101110272 0.16331 0.98600 -2.00000
101110273 0.16331 0.99000 -2.00000
101110274 0.16331 0.99400 -2.00000
101110275 0.16331 0.99800 -2.00000
101110276 0.16331 1.00200 -2.00000
101110277 0.16331 1.00600 -2.00000
101110278 0.16331 1.01000 -2.00000
101110279 0.16331 1.01400 -2.00000
101110280 0.16331 1.01800 -2.00000
101110281 0.16331 1.02200 -2.00000
101110282 0.16331 1.02600 -2.00000
101110283 0.16331 1.03000 -2.00000
101110284 0.16331 1.03400 -2.00000
101110285 0.16331 1.03800 -2.00000
101110286 0.16331 1.04200 -2.00000
101110287 0.16331 1.04600 -2.00000
101110288 0.16331 1.05000 -2.00000
101110289 0.16331 1.05400 -2.00000
101110290 0.16331 1.05800 -2.00000
101110291 0.16331 1.06200 -2.00000
101110292 0.16331 1.06600 -2.00000
101110293 0.16331 1.07000 -2.00000
101110294 0.16331 1.07400 -2.00000
101110295 0.16331 1.07800 -2.00000
101110296 0.16331 1.08200 -2.00000
101110297 0.16331 1.08600 -2.00000
101110298 0.16331 1.09000 -2.00000
101110299 0.16331 1.09400 -2.00000
101110300 0.16331 1.09800 -2.00000
101110301 0.17181 0.50200 -2.00000
101110302 0.17181 0.50600 -2.00000
101110303 0.17181 0.51000 -2.00000
101110304 0.17181 0.51400 -2.00000
101110305 0.17181 0.51800 -2.00000
101110306 0.17181 0.52200 -2.00000
101110307 0.17181 0.52600 -2.00000
101110308 0.17181 0.53000 -2.00000
101110309 0.17181 0.53400 -2.00000
101110310 0.17181 0.53800 -2.00000
101110311 0.17181 0.54200 -2.00000
101110312 0.17181 0.54600 -2.00000
101110313 0.17181 0.55000 -2.00000
101110314 0.17181 0.55400 -2.00000
101110315 0.17181 0.55800 -2.00000
101110316 0.17181 0.56200 -2.00000
101110317 0.17181 0.56600 -2.00000
101110318 0.17181 0.57000 -2.00000
101110319 0.17181 0.57400 -2.00000
101110320 0.17181 0.57800 -2.00000
101110321 0.17181 0.58200 -2.00000
101110322 0.17181 0.58600 -2.00000
101110323 0.17181 0.59000 -2.00000
101110324 0.17181 0.59400 -2.00000
101110325 0.17181 0.59800 -2.00000
101110326 0.17181 0.60200 -2.00000
101110327 0.17181 0.60600 -2.00000
101110328 0.17181 0.61000 -2.00000
101110329 0.17181 0.61400 -2.00000
101110330 0.17181 0.61800 -2.00000
101110331 0.17181 0.62200 -2.00000
101110332 0.17181 0.62600 -2.00000
101110333 0.17181 0.63000 -2.00000
101110334 0.17181 0.63400 -2.00000
101110335 0.17181 0.63800 -2.00000
101110336 0.17181 0.64200 -2.00000
101110337 0.17181 0.64600 -2.00000
101110338 0.17181 0.65000 -2.00000
101110339 0.17181 0.65400 -2.00000
101110340 0.17181 0.65800 -2.00000
101110341 0.17181 0.66200 -2.00000
101110342 0.17181 0.66600 -2.00000
101110343 0.17181 0.67000 -2.00000
101110344 0.17181 0.67400 -2.00000
101110345 0.17181 0.67800 -2.00000
101110346 0.17181 0.68200 -2.00000
101110347 0.17181 0.68600 -2.00000
101110348 0.17181 0.69000 -2.00000
101110349 0.17181 0.69400 -2.00000
101110350 0.17181 0.69800 -2.00000
101110351 0.17181 0.70200 -2.00000
101110352 0.17181 0.70600 -2.00000
101110353 0.17181 0.71000 -2.00000
101110354 0.17181 0.71400 -2.00000
101110355 0.17181 0.71800 -2.00000
101110356 0.17181 0.72200 -2.00000
101110357 0.17181 0.72600 -2.00000
101110358 0.17181 0.73000 -2.00000
101110359 0.17181 0.73400 -2.00000
101110360 0.17181 0.73800 -2.00000
101110361 0.17181 0.74200 -2.00000
101110362 0.17181 0.74600 -2.00000
101110363 0.17181 0.75000 -2.00000
101110364 0.17181 0.75400 -2.00000
101110365 0.17181 0.75800 -2.00000
101110366 0.17181 0.76200 -2.00000
101110367 0.17181 0.76600 -2.00000
101110368 0.17181 0.77000 -2.00000
101110369 0.17181 0.77400 -2.00000
101110370 0.17181 0.77800 -2.00000
101110371 0.17181 0.78200 -2.00000
101110372 0.17181 0.78600 -2.00000
101110373 0.17181 0.79000 -2.00000
101110374 0.17181 0.79400 -2.00000
101110375 0.17181 0.79800 -2.00000
101110376 0.17181 0.80200 -2.00000
101110377 0.17181 0.80600 -2.00000
101110378 0.17181 0.81000 -2.00000
101110379 0.17181 0.81400 -2.00000
101110380 0.17181 0.81800 -2.00000
101110381 0.17181 0.82200 -2.00000
101110382 0.17181 0.82600 -2.00000
101110383 0.17181 0.83000 -2.00000
101110384 0.17181 0.83400 -2.00000
101110385 0.17181 0.83800 -2.00000
101110386 0.17181 0.84200 -2.00000
101110387 0.17181 0.84600 -2.00000
101110388 0.17181 0.85000 -2.00000
101110389 0.17181 0.85400 -2.00000
101110390 0.17181 0.85800 -2.00000
101110391 0.17181 0.86200 -2.00000
101110392 0.17181 0.86600 -2.00000
101110393 0.17181 0.87000 -2.00000
101110394 0.17181 0.87400 -2.00000
101110395 0.17181 0.87800 -2.00000
101110396 0.17181 0.88200 -2.00000
101110397 0.17181 0.88600 -2.00000
101110398 0.17181 0.89000 -2.00000
101110399 0.17181 0.89400 -2.00000
101110400 0.17181 0.89800 -2.00000
101110401 0.17181 0.90200 -2.00000
101110402 0.17181 0.90600 -2.00000
101110403 0.17181 0.91000 -2.00000
101110404 0.17181 0.91400 -2.00000
101110405 0.17181 0.91800 -2.00000
101110406 0.17181 0.92200 -2.00000
101110407 0.17181 0.92600 -2.00000
101110408 0.17181 0.93000 -2.00000
101110409 0.17181 0.93400 -2.00000
101110410 0.17181 0.93800 -2.00000
101110411 0.17181 0.94200 -2.00000
101110412 0.17181 0.94600 -2.00000
101110413 0.17181 0.95000 -2.00000
101110414 0.17181 0.95400 -2.00000
101110415 0.17181 0.95800 -2.00000
101110416 0.17181 0.96200 -2.00000
101110417 0.17181 0.96600 -2.00000
101110418 0.17181 0.97000 -2.00000
101110419 0.17181 0.97400 -2.00000
101110420 0.17181 0.97800 -2.00000
101110421 0.17181 0.98200 -2.00000
101110422 0.17181 0.98600 -2.00000
101110423 0.17181 0.99000 -2.00000
101110424 0.17181 0.99400 -2.00000
101110425 0.17181 0.99800 -2.00000
101110426 0.17181 1.00200 -2.00000
101110427 0.17181 1.00600 -2.00000
101110428 0.17181 1.01000 -2.00000
101110429 0.17181 1.01400 -2.00000
101110430 0.17181 1.01800 -2.00000
101110431 0.17181 1.02200 -2.00000
101110432 0.17181 1.02600 -2.00000
101110433 0.17181 1.03000 -2.00000
101110434 0.17181 1.03400 -2.00000
101110435 0.17181 1.03800 -2.00000
101110436 0.17181 1.04200 -2.00000
101110437 0.17181 1.04600 -2.00000
101110438 0.17181 1.05000 -2.00000
101110439 0.17181 1.05400 -2.00000
101110440 0.17181 1.05800 -2.00000
101110441 0.17181 1.06200 -2.00000
101110442 0.17181 1.06600 -2.00000
101110443 0.17181 1.07000 -2.00000
101110444 0.17181 1.07400 -2.00000
101110445 0.17181 1.07800 -2.00000
101110446 0.17181 1.08200 -2.00000
101110447 0.17181 1.08600 -2.00000
101110448 0.17181 1.09000 -2.00000
101110449 0.17181 1.09400 -2.00000
101110450 0.17181 1.09800 -2.00000
101110451 0.18031 0.50200 -2.00000
101110452 0.18031 0.50600 -2.00000
101110453 0.18031 0.51000 -2.00000
101110454 0.18031 0.51400 -2.00000
101110455 0.18031 0.51800 -2.00000
101110456 0.18031 0.52200 -2.00000
101110457 0.18031 0.52600 -2.00000
101110458 0.18031 0.53000 -2.00000
101110459 0.18031 0.53400 -2.00000
101110460 0.18031 0.53800 -2.00000
101110461 0.18031 0.54200 -2.00000
101110462 0.18031 0.54600 -2.00000
101110463 0.18031 0.55000 -2.00000
101110464 0.18031 0.55400 -2.00000
101110465 0.18031 0.55800 -2.00000
101110466 0.18031 0.56200 -2.00000
101110467 0.18031 0.56600 -2.00000
101110468 0.18031 0.57000 -2.00000
101110469 0.18031 0.57400 -2.00000
101110470 0.18031 0.57800 -2.00000
101110471 0.18031 0.58200 -2.00000
101110472 0.18031 0.58600 -2.00000
101110473 0.18031 0.59000 -2.00000
101110474 0.18031 0.59400 -2.00000
101110475 0.18031 0.59800 -2.00000
101110476 0.18031 0.60200 -2.00000
101110477 0.18031 0.60600 -2.00000
101110478 0.18031 0.61000 -2.00000
101110479 0.18031 0.61400 -2.00000
101110480 0.18031 0.61800 -2.00000
101110481 0.18031 0.62200 -2.00000
101110482 0.18031 0.62600 -2.00000
101110483 0.18031 0.63000 -2.00000
101110484 0.18031 0.63400 -2.00000
101110485 0.18031 0.63800 -2.00000
101110486 0.18031 0.64200 -2.00000
101110487 0.18031 0.64600 -2.00000
101110488 0.18031 0.65000 -2.00000
101110489 0.18031 0.65400 -2.00000
101110490 0.18031 0.65800 -2.00000
101110491 0.18031 0.66200 -2.00000
101110492 0.18031 0.66600 -2.00000
101110493 0.18031 0.67000 -2.00000
101110494 0.18031 0.67400 -2.00000
101110495 0.18031 0.67800 -2.00000
101110496 0.18031 0.68200 -2.00000
101110497 0.18031 0.68600 -2.00000
101110498 0.18031 0.69000 -2.00000
101110499 0.18031 0.69400 -2.00000
101110500 0.18031 0.69800 -2.00000
101110501 0.18031 0.70200 -2.00000
101110502 0.18031 0.70600 -2.00000
101110503 0.18031 0.71000 -2.00000
101110504 0.18031 0.71400 -2.00000
101110505 0.18031 0.71800 -2.00000
101110506 0.18031 0.72200 -2.00000
101110507 0.18031 0.72600 -2.00000
101110508 0.18031 0.73000 -2.00000
101110509 0.18031 0.73400 -2.00000
101110510 0.18031 0.73800 -2.00000
101110511 0.18031 0.74200 -2.00000
101110512 0.18031 0.74600 -2.00000
101110513 0.18031 0.75000 -2.00000
101110514 0.18031 0.75400 -2.00000
101110515 0.18031 0.75800 -2.00000
101110516 0.18031 0.76200 -2.00000
101110517 0.18031 0.76600 -2.00000
101110518 0.18031 0.77000 -2.00000
101110519 0.18031 0.77400 -2.00000
101110520 0.18031 0.77800 -2.00000
101110521 0.18031 0.78200 -2.00000
101110522 0.18031 0.78600 -2.00000
101110523 0.18031 0.79000 -2.00000
101110524 0.18031 0.79400 -2.00000
101110525 0.18031 0.79800 -2.00000
101110526 0.18031 0.80200 -2.00000
101110527 0.18031 0.80600 -2.00000
101110528 0.18031 0.81000 -2.00000
101110529 0.18031 0.81400 -2.00000
101110530 0.18031 0.81800 -2.00000
101110531 0.18031 0.82200 -2.00000
101110532 0.18031 0.82600 -2.00000
101110533 0.18031 0.83000 -2.00000
101110534 0.18031 0.83400 -2.00000
101110535 0.18031 0.83800 -2.00000
101110536 0.18031 0.84200 -2.00000
101110537 0.18031 0.84600 -2.00000
101110538 0.18031 0.85000 -2.00000
101110539 0.18031 0.85400 -2.00000
101110540 0.18031 0.85800 -2.00000
101110541 0.18031 0.86200 -2.00000
101110542 0.18031 0.86600 -2.00000
101110543 0.18031 0.87000 -2.00000
101110544 0.18031 0.87400 -2.00000
101110545 0.18031 0.87800 -2.00000
101110546 0.18031 0.88200 -2.00000
101110547 0.18031 0.88600 -2.00000
101110548 0.18031 0.89000 -2.00000
101110549 0.18031 0.89400 -2.00000
101110550 0.18031 0.89800 -2.00000
101110551 0.18031 0.90200 -2.00000
101110552 0.18031 0.90600 -2.00000
101110553 0.18031 0.91000 -2.00000
101110554 0.18031 0.91400 -2.00000
101110555 0.18031 0.91800 -2.00000
101110556 0.18031 0.92200 -2.00000
101110557 0.18031 0.92600 -2.00000
101110558 0.18031 0.93000 -2.00000
101110559 0.18031 0.93400 -2.00000
101110560 0.18031 0.93800 -2.00000
101110561 0.18031 0.94200 -2.00000
101110562 0.18031 0.94600 -2.00000
101110563 0.18031 0.95000 -2.00000
101110564 0.18031 0.95400 -2.00000
101110565 0.18031 0.95800 -2.00000
101110566 0.18031 0.96200 -2.00000
101110567 0.18031 0.96600 -2.00000
101110568 0.18031 0.97000 -2.00000
101110569 0.18031 0.97400 -2.00000
101110570 0.18031 0.97800 -2.00000
101110571 0.18031 0.98200 -2.00000
101110572 0.18031 0.98600 -2.00000
101110573 0.18031 0.99000 -2.00000
101110574 0.18031 0.99400 -2.00000
101110575 0.18031 0.99800 -2.00000
101110576 0.18031 1.00200 -2.00000
101110577 0.18031 1.00600 -2.00000
101110578 0.18031 1.01000 -2.00000
101110579 0.18031 1.01400 -2.00000
101110580 0.18031 1.01800 -2.00000
101110581 0.18031 1.02200 -2.00000
101110582 0.18031 1.02600 -2.00000
101110583 0.18031 1.03000 -2.00000
101110584 0.18031 1.03400 -2.00000
101110585 0.18031 1.03800 -2.00000
101110586 0.18031 1.04200 -2.00000
101110587 0.18031 1.04600 -2.00000
101110588 0.18031 1.05000 -2.00000
101110589 0.18031 1.05400 -2.00000
101110590 0.18031 1.05800 -2.00000
101110591 0.18031 1.06200 -2.00000
101110592 0.18031 1.06600 -2.00000
101110593 0.18031 1.07000 -2.00000
101110594 0.18031 1.07400 -2.00000
101110595 0.18031 1.07800 -2.00000
101110596 0.18031 1.08200 -2.00000
101110597 0.18031 1.08600 -2.00000
101110598 0.18031 1.09000 -2.00000
101110599 0.18031 1.09400 -2.00000
101110600 0.18031 1.09800 -2.00000
101110601 0.18881 0.50200 -2.00000
101110602 0.18881 0.50600 -2.00000
101110603 0.18881 0.51000 -2.00000
101110604 0.18881 0.51400 -2.00000
101110605 0.18881 0.51800 -2.00000
101110606 0.18881 0.52200 -2.00000
101110607 0.18881 0.52600 -2.00000
101110608 0.18881 0.53000 -2.00000
101110609 0.18881 0.53400 -2.00000
101110610 0.18881 0.53800 -2.00000
101110611 0.18881 0.54200 -2.00000
101110612 0.18881 0.54600 -2.00000
101110613 0.18881 0.55000 -2.00000
101110614 0.18881 0.55400 -2.00000
101110615 0.18881 0.55800 -2.00000
101110616 0.18881 0.56200 -2.00000
101110617 0.18881 0.56600 -2.00000
101110618 0.18881 0.57000 -2.00000
101110619 0.18881 0.57400 -2.00000
101110620 0.18881 0.57800 -2.00000
101110621 0.18881 0.58200 -2.00000
101110622 0.18881 0.58600 -2.00000
101110623 0.18881 0.59000 -2.00000
101110624 0.18881 0.59400 -2.00000
101110625 0.18881 0.59800 -2.00000
101110626 0.18881 0.60200 -2.00000
101110627 0.18881 0.60600 -2.00000
101110628 0.18881 0.61000 -2.00000
101110629 0.18881 0.61400 -2.00000
101110630 0.18881 0.61800 -2.00000
101110631 0.18881 0.62200 -2.00000
101110632 0.18881 0.62600 -2.00000
101110633 0.18881 0.63000 -2.00000
101110634 0.18881 0.63400 -2.00000
101110635 0.18881 0.63800 -2.00000
101110636 0.18881 0.64200 -2.00000
101110637 0.18881 0.64600 -2.00000
101110638 0.18881 0.65000 -2.00000
101110639 0.18881 0.65400 -2.00000
101110640 0.18881 0.65800 -2.00000
101110641 0.18881 0.66200 -2.00000
101110642 0.18881 0.66600 -2.00000
101110643 0.18881 0.67000 -2.00000
101110644 0.18881 0.67400 -2.00000
101110645 0.18881 0.67800 -2.00000
101110646 0.18881 0.68200 -2.00000
101110647 0.18881 0.68600 -2.00000
101110648 0.18881 0.69000 -2.00000
101110649 0.18881 0.69400 -2.00000
101110650 0.18881 0.69800 -2.00000
101110651 0.18881 0.70200 -2.00000
101110652 0.18881 0.70600 -2.00000
101110653 0.18881 0.71000 -2.00000
101110654 0.18881 0.71400 -2.00000
101110655 0.18881 0.71800 -2.00000
101110656 0.18881 0.72200 -2.00000
101110657 0.18881 0.72600 -2.00000
101110658 0.18881 0.73000 -2.00000
101110659 0.18881 0.73400 -2.00000
101110660 0.18881 0.73800 -2.00000
101110661 0.18881 0.74200 -2.00000
101110662 0.18881 0.74600 -2.00000
101110663 0.18881 0.75000 -2.00000
101110664 0.18881 0.75400 -2.00000
101110665 0.18881 0.75800 -2.00000
101110666 0.18881 0.76200 -2.00000
101110667 0.18881 0.76600 -2.00000
101110668 0.18881 0.77000 -2.00000
101110669 0.18881 0.77400 -2.00000
101110670 0.18881 0.77800 -2.00000
101110671 0.18881 0.78200 -2.00000
101110672 0.18881 0.78600 -2.00000
101110673 0.18881 0.79000 -2.00000
101110674 0.18881 0.79400 -2.00000
101110675 0.18881 0.79800 -2.00000
101110676 0.18881 0.80200 -2.00000
101110677 0.18881 0.80600 -2.00000
101110678 0.18881 0.81000 -2.00000
101110679 0.18881 0.81400 -2.00000
101110680 0.18881 0.81800 -2.00000
101110681 0.18881 0.82200 -2.00000
101110682 0.18881 0.82600 -2.00000
101110683 0.18881 0.83000 -2.00000
101110684 0.18881 0.83400 -2.00000
101110685 0.18881 0.83800 -2.00000
101110686 0.18881 0.84200 -2.00000
101110687 0.18881 0.84600 -2.00000
101110688 0.18881 0.85000 -2.00000
101110689 0.18881 0.85400 -2.00000
101110690 0.18881 0.85800 -2.00000
101110691 0.18881 0.86200 -2.00000
101110692 0.18881 0.86600 -2.00000
101110693 0.18881 0.87000 -2.00000
101110694 0.18881 0.87400 -2.00000
101110695 0.18881 0.87800 -2.00000
101110696 0.18881 0.88200 -2.00000
101110697 0.18881 0.88600 -2.00000
101110698 0.18881 0.89000 -2.00000
101110699 0.18881 0.89400 -2.00000
101110700 0.18881 0.89800 -2.00000
101110701 0.18881 0.90200 -2.00000
101110702 0.18881 0.90600 -2.00000
101110703 0.18881 0.91000 -2.00000
101110704 0.18881 0.91400 -2.00000
101110705 0.18881 0.91800 -2.00000
101110706 0.18881 0.92200 -2.00000
101110707 0.18881 0.92600 -2.00000
101110708 0.18881 0.93000 -2.00000
101110709 0.18881 0.93400 -2.00000
101110710 0.18881 0.93800 -2.00000
101110711 0.18881 0.94200 -2.00000
101110712 0.18881 0.94600 -2.00000
101110713 0.18881 0.95000 -2.00000
101110714 0.18881 0.95400 -2.00000
101110715 0.18881 0.95800 -2.00000
101110716 0.18881 0.96200 -2.00000
101110717 0.18881 0.96600 -2.00000
101110718 0.18881 0.97000 -2.00000
101110719 0.18881 0.97400 -2.00000
101110720 0.18881 0.97800 -2.00000
101110721 0.18881 0.98200 -2.00000
101110722 0.18881 0.98600 -2.00000
101110723 0.18881 0.99000 -2.00000
101110724 0.18881 0.99400 -2.00000
101110725 0.18881 0.99800 -2.00000
101110726 0.18881 1.00200 -2.00000
101110727 0.18881 1.00600 -2.00000
101110728 0.18881 1.01000 -2.00000
101110729 0.18881 1.01400 -2.00000
101110730 0.18881 1.01800 -2.00000
101110731 0.18881 1.02200 -2.00000
101110732 0.18881 1.02600 -2.00000
101110733 0.18881 1.03000 -2.00000
101110734 0.18881 1.03400 -2.00000
101110735 0.18881 1.03800 -2.00000
101110736 0.18881 1.04200 -2.00000
101110737 0.18881 1.04600 -2.00000
101110738 0.18881 1.05000 -2.00000
101110739 0.18881 1.05400 -2.00000
101110740 0.18881 1.05800 -2.00000
101110741 0.18881 1.06200 -2.00000
101110742 0.18881 1.06600 -2.00000
101110743 0.18881 1.07000 -2.00000
101110744 0.18881 1.07400 -2.00000
101110745 0.18881 1.07800 -2.00000
101110746 0.18881 1.08200 -2.00000
101110747 0.18881 1.08600 -2.00000
101110748 0.18881 1.09000 -2.00000
101110749 0.18881 1.09400 -2.00000
101110750 0.18881 1.09800 -2.00000
101110751 0.19731 0.50200 -2.00000
101110752 0.19731 0.50600 -2.00000
101110753 0.19731 0.51000 -2.00000
101110754 0.19731 0.51400 -2.00000
101110755 0.19731 0.51800 -2.00000
101110756 0.19731 0.52200 -2.00000
101110757 0.19731 0.52600 -2.00000
101110758 0.19731 0.53000 -2.00000
101110759 0.19731 0.53400 -2.00000
101110760 0.19731 0.53800 -2.00000
101110761 0.19731 0.54200 -2.00000
101110762 0.19731 0.54600 -2.00000
101110763 0.19731 0.55000 -2.00000
101110764 0.19731 0.55400 -2.00000
101110765 0.19731 0.55800 -2.00000
101110766 0.19731 0.56200 -2.00000
101110767 0.19731 0.56600 -2.00000
101110768 0.19731 0.57000 -2.00000
101110769 0.19731 0.57400 -2.00000
101110770 0.19731 0.57800 -2.00000
101110771 0.19731 0.58200 -2.00000
101110772 0.19731 0.58600 -2.00000
101110773 0.19731 0.59000 -2.00000
101110774 0.19731 0.59400 -2.00000
101110775 0.19731 0.59800 -2.00000
101110776 0.19731 0.60200 -2.00000
101110777 0.19731 0.60600 -2.00000
101110778 0.19731 0.61000 -2.00000
101110779 0.19731 0.61400 -2.00000
101110780 0.19731 0.61800 -2.00000
101110781 0.19731 0.62200 -2.00000
101110782 0.19731 0.62600 -2.00000
101110783 0.19731 0.63000 -2.00000
101110784 0.19731 0.63400 -2.00000
101110785 0.19731 0.63800 -2.00000
101110786 0.19731 0.64200 -2.00000
101110787 0.19731 0.64600 -2.00000
101110788 0.19731 0.65000 -2.00000
101110789 0.19731 0.65400 -2.00000
101110790 0.19731 0.65800 -2.00000
101110791 0.19731 0.66200 -2.00000
101110792 0.19731 0.66600 -2.00000
101110793 0.19731 0.67000 -2.00000
101110794 0.19731 0.67400 -2.00000
101110795 0.19731 0.67800 -2.00000
101110796 0.19731 0.68200 -2.00000
101110797 0.19731 0.68600 -2.00000
101110798 0.19731 0.69000 -2.00000
101110799 0.19731 0.69400 -2.00000
101110800 0.19731 0.69800 -2.00000
101110801 0.19731 0.70200 -2.00000
101110802 0.19731 0.70600 -2.00000
101110803 0.19731 0.71000 -2.00000
101110804 0.19731 0.71400 -2.00000
101110805 0.19731 0.71800 -2.00000
101110806 0.19731 0.72200 -2.00000
101110807 0.19731 0.72600 -2.00000
101110808 0.19731 0.73000 -2.00000
101110809 0.19731 0.73400 -2.00000
101110810 0.19731 0.73800 -2.00000
101110811 0.19731 0.74200 -2.00000
101110812 0.19731 0.74600 -2.00000
101110813 0.19731 0.75000 -2.00000
101110814 0.19731 0.75400 -2.00000
101110815 0.19731 0.75800 -2.00000
101110816 0.19731 0.76200 -2.00000
101110817 0.19731 0.76600 -2.00000
101110818 0.19731 0.77000 -2.00000
101110819 0.19731 0.77400 -2.00000
101110820 0.19731 0.77800 -2.00000
101110821 0.19731 0.78200 -2.00000
101110822 0.19731 0.78600 -2.00000
101110823 0.19731 0.79000 -2.00000
101110824 0.19731 0.79400 -2.00000
101110825 0.19731 0.79800 -2.00000
101110826 0.19731 0.80200 -2.00000
101110827 0.19731 0.80600 -2.00000
101110828 0.19731 0.81000 -2.00000
101110829 0.19731 0.81400 -2.00000
101110830 0.19731 0.81800 -2.00000
101110831 0.19731 0.82200 -2.00000
101110832 0.19731 0.82600 -2.00000
101110833 0.19731 0.83000 -2.00000
101110834 0.19731 0.83400 -2.00000
101110835 0.19731 0.83800 -2.00000
101110836 0.19731 0.84200 -2.00000
101110837 0.19731 0.84600 -2.00000
101110838 0.19731 0.85000 -2.00000
101110839 0.19731 0.85400 -2.00000
101110840 0.19731 0.85800 -2.00000
101110841 0.19731 0.86200 -2.00000
101110842 0.19731 0.86600 -2.00000
101110843 0.19731 0.87000 -2.00000
101110844 0.19731 0.87400 -2.00000
101110845 0.19731 0.87800 -2.00000
101110846 0.19731 0.88200 -2.00000
101110847 0.19731 0.88600 -2.00000
101110848 0.19731 0.89000 -2.00000
101110849 0.19731 0.89400 -2.00000
101110850 0.19731 0.89800 -2.00000
101110851 0.19731 0.90200 -2.00000
101110852 0.19731 0.90600 -2.00000
101110853 0.19731 0.91000 -2.00000
101110854 0.19731 0.91400 -2.00000
101110855 0.19731 0.91800 -2.00000
101110856 0.19731 0.92200 -2.00000
101110857 0.19731 0.92600 -2.00000
101110858 0.19731 0.93000 -2.00000
101110859 0.19731 0.93400 -2.00000
101110860 0.19731 0.93800 -2.00000
101110861 0.19731 0.94200 -2.00000
101110862 0.19731 0.94600 -2.00000
101110863 0.19731 0.95000 -2.00000
101110864 0.19731 0.95400 -2.00000
101110865 0.19731 0.95800 -2.00000
101110866 0.19731 0.96200 -2.00000
101110867 0.19731 0.96600 -2.00000
101110868 0.19731 0.97000 -2.00000
101110869 0.19731 0.97400 -2.00000
101110870 0.19731 0.97800 -2.00000
101110871 0.19731 0.98200 -2.00000
101110872 0.19731 0.98600 -2.00000
101110873 0.19731 0.99000 -2.00000
101110874 0.19731 0.99400 -2.00000
101110875 0.19731 0.99800 -2.00000
101110876 0.19731 1.00200 -2.00000
101110877 0.19731 1.00600 -2.00000
101110878 0.19731 1.01000 -2.00000
101110879 0.19731 1.01400 -2.00000
101110880 0.19731 1.01800 -2.00000
101110881 0.19731 1.02200 -2.00000
101110882 0.19731 1.02600 -2.00000
101110883 0.19731 1.03000 -2.00000
101110884 0.19731 1.03400 -2.00000
101110885 0.19731 1.03800 -2.00000
101110886 0.19731 1.04200 -2.00000
101110887 0.19731 1.04600 -2.00000
101110888 0.19731 1.05000 -2.00000
101110889 0.19731 1.05400 -2.00000
101110890 0.19731 1.05800 -2.00000
101110891 0.19731 1.06200 -2.00000
101110892 0.19731 1.06600 -2.00000
101110893 0.19731 1.07000 -2.00000
101110894 0.19731 1.07400 -2.00000
101110895 0.19731 1.07800 -2.00000
101110896 0.19731 1.08200 -2.00000
101110897 0.19731 1.08600 -2.00000
101110898 0.19731 1.09000 -2.00000
101110899 0.19731 1.09400 -2.00000
101110900 0.19731 1.09800 -2.00000
101110901 0.20581 0.50200 -2.00000
101110902 0.20581 0.50600 -2.00000
101110903 0.20581 0.51000 -2.00000
101110904 0.20581 0.51400 -2.00000
101110905 0.20581 0.51800 -2.00000
101110906 0.20581 0.52200 -2.00000
101110907 0.20581 0.52600 -2.00000
101110908 0.20581 0.53000 -2.00000
101110909 0.20581 0.53400 -2.00000
101110910 0.20581 0.53800 -2.00000
101110911 0.20581 0.54200 -2.00000
101110912 0.20581 0.54600 -2.00000
101110913 0.20581 0.55000 -2.00000
101110914 0.20581 0.55400 -2.00000
101110915 0.20581 0.55800 -2.00000
101110916 0.20581 0.56200 -2.00000
101110917 0.20581 0.56600 -2.00000
101110918 0.20581 0.57000 -2.00000
101110919 0.20581 0.57400 -2.00000
101110920 0.20581 0.57800 -2.00000
101110921 0.20581 0.58200 -2.00000
101110922 0.20581 0.58600 -2.00000
101110923 0.20581 0.59000 -2.00000
101110924 0.20581 0.59400 -2.00000
101110925 0.20581 0.59800 -2.00000
101110926 0.20581 0.60200 -2.00000
101110927 0.20581 0.60600 -2.00000
101110928 0.20581 0.61000 -2.00000
101110929 0.20581 0.61400 -2.00000
101110930 0.20581 0.61800 -2.00000
101110931 0.20581 0.62200 -2.00000
101110932 0.20581 0.62600 -2.00000
101110933 0.20581 0.63000 -2.00000
101110934 0.20581 0.63400 -2.00000
101110935 0.20581 0.63800 -2.00000
101110936 0.20581 0.64200 -2.00000
101110937 0.20581 0.64600 -2.00000
101110938 0.20581 0.65000 -2.00000
101110939 0.20581 0.65400 -2.00000
101110940 0.20581 0.65800 -2.00000
101110941 0.20581 0.66200 -2.00000
101110942 0.20581 0.66600 -2.00000
101110943 0.20581 0.67000 -2.00000
101110944 0.20581 0.67400 -2.00000
101110945 0.20581 0.67800 -2.00000
101110946 0.20581 0.68200 -2.00000
101110947 0.20581 0.68600 -2.00000
101110948 0.20581 0.69000 -2.00000
101110949 0.20581 0.69400 -2.00000
101110950 0.20581 0.69800 -2.00000
101110951 0.20581 0.70200 -2.00000
101110952 0.20581 0.70600 -2.00000
101110953 0.20581 0.71000 -2.00000
101110954 0.20581 0.71400 -2.00000
101110955 0.20581 0.71800 -2.00000
101110956 0.20581 0.72200 -2.00000
101110957 0.20581 0.72600 -2.00000
101110958 0.20581 0.73000 -2.00000
101110959 0.20581 0.73400 -2.00000
101110960 0.20581 0.73800 -2.00000
101110961 0.20581 0.74200 -2.00000
101110962 0.20581 0.74600 -2.00000
101110963 0.20581 0.75000 -2.00000
101110964 0.20581 0.75400 -2.00000
101110965 0.20581 0.75800 -2.00000
101110966 0.20581 0.76200 -2.00000
101110967 0.20581 0.76600 -2.00000
101110968 0.20581 0.77000 -2.00000
101110969 0.20581 0.77400 -2.00000
101110970 0.20581 0.77800 -2.00000
101110971 0.20581 0.78200 -2.00000
101110972 0.20581 0.78600 -2.00000
101110973 0.20581 0.79000 -2.00000
101110974 0.20581 0.79400 -2.00000
101110975 0.20581 0.79800 -2.00000
101110976 0.20581 0.80200 -2.00000
101110977 0.20581 0.80600 -2.00000
101110978 0.20581 0.81000 -2.00000
101110979 0.20581 0.81400 -2.00000
101110980 0.20581 0.81800 -2.00000
101110981 0.20581 0.82200 -2.00000
101110982 0.20581 0.82600 -2.00000
101110983 0.20581 0.83000 -2.00000
101110984 0.20581 0.83400 -2.00000
101110985 0.20581 0.83800 -2.00000
101110986 0.20581 0.84200 -2.00000
101110987 0.20581 0.84600 -2.00000
101110988 0.20581 0.85000 -2.00000
101110989 0.20581 0.85400 -2.00000
101110990 0.20581 0.85800 -2.00000
101110991 0.20581 0.86200 -2.00000
101110992 0.20581 0.86600 -2.00000
101110993 0.20581 0.87000 -2.00000
101110994 0.20581 0.87400 -2.00000
101110995 0.20581 0.87800 -2.00000
101110996 0.20581 0.88200 -2.00000
101110997 0.20581 0.88600 -2.00000
101110998 0.20581 0.89000 -2.00000
101110999 0.20581 0.89400 -2.00000
101111000 0.20581 0.89800 -2.00000
101111001 0.20581 0.90200 -2.00000
101111002 0.20581 0.90600 -2.00000
101111003 0.20581 0.91000 -2.00000
101111004 0.20581 0.91400 -2.00000
101111005 0.20581 0.91800 -2.00000
101111006 0.20581 0.92200 -2.00000
101111007 0.20581 0.92600 -2.00000
101111008 0.20581 0.93000 -2.00000
101111009 0.20581 0.93400 -2.00000
101111010 0.20581 0.93800 -2.00000
101111011 0.20581 0.94200 -2.00000
101111012 0.20581 0.94600 -2.00000
101111013 0.20581 0.95000 -2.00000
101111014 0.20581 0.95400 -2.00000
101111015 0.20581 0.95800 -2.00000
101111016 0.20581 0.96200 -2.00000
101111017 0.20581 0.96600 -2.00000
101111018 0.20581 0.97000 -2.00000
101111019 0.20581 0.97400 -2.00000
101111020 0.20581 0.97800 -2.00000
101111021 0.20581 0.98200 -2.00000
101111022 0.20581 0.98600 -2.00000
101111023 0.20581 0.99000 -2.00000
101111024 0.20581 0.99400 -2.00000
101111025 0.20581 0.99800 -2.00000
101111026 0.20581 1.00200 -2.00000
101111027 0.20581 1.00600 -2.00000
101111028 0.20581 1.01000 -2.00000
101111029 0.20581 1.01400 -2.00000
101111030 0.20581 1.01800 -2.00000
101111031 0.20581 1.02200 -2.00000
101111032 0.20581 1.02600 -2.00000
101111033 0.20581 1.03000 -2.00000
101111034 0.20581 1.03400 -2.00000
101111035 0.20581 1.03800 -2.00000
101111036 0.20581 1.04200 -2.00000
101111037 0.20581 1.04600 -2.00000
101111038 0.20581 1.05000 -2.00000
101111039 0.20581 1.05400 -2.00000
101111040 0.20581 1.05800 -2.00000
101111041 0.20581 1.06200 -2.00000
101111042 0.20581 1.06600 -2.00000
101111043 0.20581 1.07000 -2.00000
101111044 0.20581 1.07400 -2.00000
101111045 0.20581 1.07800 -2.00000
101111046 0.20581 1.08200 -2.00000
101111047 0.20581 1.08600 -2.00000
101111048 0.20581 1.09000 -2.00000
101111049 0.20581 1.09400 -2.00000
101111050 0.20581 1.09800 -2.00000
101111051 0.21431 0.50200 -2.00000
101111052 0.21431 0.50600 -2.00000
101111053 0.21431 0.51000 -2.00000
101111054 0.21431 0.51400 -2.00000
101111055 0.21431 0.51800 -2.00000
101111056 0.21431 0.52200 -2.00000
101111057 0.21431 0.52600 -2.00000
101111058 0.21431 0.53000 -2.00000
101111059 0.21431 0.53400 -2.00000
101111060 0.21431 0.53800 -2.00000
101111061 0.21431 0.54200 -2.00000
101111062 0.21431 0.54600 -2.00000
101111063 0.21431 0.55000 -2.00000
101111064 0.21431 0.55400 -2.00000
101111065 0.21431 0.55800 -2.00000
101111066 0.21431 0.56200 -2.00000
101111067 0.21431 0.56600 -2.00000
101111068 0.21431 0.57000 -2.00000
101111069 0.21431 0.57400 -2.00000
101111070 0.21431 0.57800 -2.00000
101111071 0.21431 0.58200 -2.00000
101111072 0.21431 0.58600 -2.00000
101111073 0.21431 0.59000 -2.00000
101111074 0.21431 0.59400 -2.00000
101111075 0.21431 0.59800 -2.00000
101111076 0.21431 0.60200 -2.00000
101111077 0.21431 0.60600 -2.00000
101111078 0.21431 0.61000 -2.00000
101111079 0.21431 0.61400 -2.00000
101111080 0.21431 0.61800 -2.00000
101111081 0.21431 0.62200 -2.00000
101111082 0.21431 0.62600 -2.00000
101111083 0.21431 0.63000 -2.00000
101111084 0.21431 0.63400 -2.00000
101111085 0.21431 0.63800 -2.00000
101111086 0.21431 0.64200 -2.00000
101111087 0.21431 0.64600 -2.00000
101111088 0.21431 0.65000 -2.00000
101111089 0.21431 0.65400 -2.00000
101111090 0.21431 0.65800 -2.00000
101111091 0.21431 0.66200 -2.00000
101111092 0.21431 0.66600 -2.00000
101111093 0.21431 0.67000 -2.00000
101111094 0.21431 0.67400 -2.00000
101111095 0.21431 0.67800 -2.00000
101111096 0.21431 0.68200 -2.00000
101111097 0.21431 0.68600 -2.00000
101111098 0.21431 0.69000 -2.00000
101111099 0.21431 0.69400 -2.00000
101111100 0.21431 0.69800 -2.00000
101111101 0.21431 0.70200 -2.00000
101111102 0.21431 0.70600 -2.00000
101111103 0.21431 0.71000 -2.00000
101111104 0.21431 0.71400 -2.00000
101111105 0.21431 0.71800 -2.00000
101111106 0.21431 0.72200 -2.00000
101111107 0.21431 0.72600 -2.00000
101111108 0.21431 0.73000 -2.00000
101111109 0.21431 0.73400 -2.00000
101111110 0.21431 0.73800 -2.00000
101111111 0.21431 0.74200 -2.00000
101111112 0.21431 0.74600 -2.00000
101111113 0.21431 0.75000 -2.00000
101111114 0.21431 0.75400 -2.00000
101111115 0.21431 0.75800 -2.00000
101111116 0.21431 0.76200 -2.00000
101111117 0.21431 0.76600 -2.00000
101111118 0.21431 0.77000 -2.00000
101111119 0.21431 0.77400 -2.00000
101111120 0.21431 0.77800 -2.00000
101111121 0.21431 0.78200 -2.00000
101111122 0.21431 0.78600 -2.00000
101111123 0.21431 0.79000 -2.00000
101111124 0.21431 0.79400 -2.00000
101111125 0.21431 0.79800 -2.00000
101111126 0.21431 0.80200 -2.00000
101111127 0.21431 0.80600 -2.00000
101111128 0.21431 0.81000 -2.00000
101111129 0.21431 0.81400 -2.00000
101111130 0.21431 0.81800 -2.00000
101111131 0.21431 0.82200 -2.00000
101111132 0.21431 0.82600 -2.00000
101111133 0.21431 0.83000 -2.00000
101111134 0.21431 0.83400 -2.00000
101111135 0.21431 0.83800 -2.00000
101111136 0.21431 0.84200 -2.00000
101111137 0.21431 0.84600 -2.00000
101111138 0.21431 0.85000 -2.00000
101111139 0.21431 0.85400 -2.00000
101111140 0.21431 0.85800 -2.00000
101111141 0.21431 0.86200 -2.00000
101111142 0.21431 0.86600 -2.00000
101111143 0.21431 0.87000 -2.00000
101111144 0.21431 0.87400 -2.00000
101111145 0.21431 0.87800 -2.00000
101111146 0.21431 0.88200 -2.00000
101111147 0.21431 0.88600 -2.00000
101111148 0.21431 0.89000 -2.00000
101111149 0.21431 0.89400 -2.00000
101111150 0.21431 0.89800 -2.00000
101111151 0.21431 0.90200 -2.00000
101111152 0.21431 0.90600 -2.00000
101111153 0.21431 0.91000 -2.00000
101111154 0.21431 0.91400 -2.00000
101111155 0.21431 0.91800 -2.00000
101111156 0.21431 0.92200 -2.00000
101111157 0.21431 0.92600 -2.00000
101111158 0.21431 0.93000 -2.00000
101111159 0.21431 0.93400 -2.00000
101111160 0.21431 0.93800 -2.00000
101111161 0.21431 0.94200 -2.00000
101111162 0.21431 0.94600 -2.00000
101111163 0.21431 0.95000 -2.00000
101111164 0.21431 0.95400 -2.00000
101111165 0.21431 0.95800 -2.00000
101111166 0.21431 0.96200 -2.00000
101111167 0.21431 0.96600 -2.00000
101111168 0.21431 0.97000 -2.00000
101111169 0.21431 0.97400 -2.00000
101111170 0.21431 0.97800 -2.00000
101111171 0.21431 0.98200 -2.00000
101111172 0.21431 0.98600 -2.00000
101111173 0.21431 0.99000 -2.00000
101111174 0.21431 0.99400 -2.00000
101111175 0.21431 0.99800 -2.00000
101111176 0.21431 1.00200 -2.00000
101111177 0.21431 1.00600 -2.00000
101111178 0.21431 1.01000 -2.00000
101111179 0.21431 1.01400 -2.00000
101111180 0.21431 1.01800 -2.00000
101111181 0.21431 1.02200 -2.00000
101111182 0.21431 1.02600 -2.00000
101111183 0.21431 1.03000 -2.00000
101111184 0.21431 1.03400 -2.00000
101111185 0.21431 1.03800 -2.00000
101111186 0.21431 1.04200 -2.00000
101111187 0.21431 1.04600 -2.00000
101111188 0.21431 1.05000 -2.00000
101111189 0.21431 1.05400 -2.00000
101111190 0.21431 1.05800 -2.00000
101111191 0.21431 1.06200 -2.00000
101111192 0.21431 1.06600 -2.00000
101111193 0.21431 1.07000 -2.00000
101111194 0.21431 1.07400 -2.00000
101111195 0.21431 1.07800 -2.00000
101111196 0.21431 1.08200 -2.00000
101111197 0.21431 1.08600 -2.00000
101111198 0.21431 1.09000 -2.00000
101111199 0.21431 1.09400 -2.00000
101111200 0.21431 1.09800 -2.00000
