# pixelID  x  y  z
113060001 1.20000 -0.10225 -0.29800
113060002 1.20000 -0.10225 -0.29400
113060003 1.20000 -0.10225 -0.29000
113060004 1.20000 -0.10225 -0.28600
113060005 1.20000 -0.10225 -0.28200
113060006 1.20000 -0.10225 -0.27800
113060007 1.20000 -0.10225 -0.27400
113060008 1.20000 -0.10225 -0.27000
113060009 1.20000 -0.10225 -0.26600
113060010 1.20000 -0.10225 -0.26200
113060011 1.20000 -0.10225 -0.25800
113060012 1.20000 -0.10225 -0.25400
113060013 1.20000 -0.10225 -0.25000
113060014 1.20000 -0.10225 -0.24600
113060015 1.20000 -0.10225 -0.24200
113060016 1.20000 -0.10225 -0.23800
113060017 1.20000 -0.10225 -0.23400
113060018 1.20000 -0.10225 -0.23000
113060019 1.20000 -0.10225 -0.22600
113060020 1.20000 -0.10225 -0.22200
113060021 1.20000 -0.10225 -0.21800
113060022 1.20000 -0.10225 -0.21400
113060023 1.20000 -0.10225 -0.21000
113060024 1.20000 -0.10225 -0.20600
113060025 1.20000 -0.10225 -0.20200
113060026 1.20000 -0.10225 -0.19800
113060027 1.20000 -0.10225 -0.19400
113060028 1.20000 -0.10225 -0.19000
113060029 1.20000 -0.10225 -0.18600
113060030 1.20000 -0.10225 -0.18200
113060031 1.20000 -0.10225 -0.17800
113060032 1.20000 -0.10225 -0.17400
113060033 1.20000 -0.10225 -0.17000
113060034 1.20000 -0.10225 -0.16600
113060035 1.20000 -0.10225 -0.16200
113060036 1.20000 -0.10225 -0.15800
113060037 1.20000 -0.10225 -0.15400
113060038 1.20000 -0.10225 -0.15000
113060039 1.20000 -0.10225 -0.14600
113060040 1.20000 -0.10225 -0.14200
113060041 1.20000 -0.10225 -0.13800
113060042 1.20000 -0.10225 -0.13400
113060043 1.20000 -0.10225 -0.13000
113060044 1.20000 -0.10225 -0.12600
113060045 1.20000 -0.10225 -0.12200
113060046 1.20000 -0.10225 -0.11800
113060047 1.20000 -0.10225 -0.11400
113060048 1.20000 -0.10225 -0.11000
113060049 1.20000 -0.10225 -0.10600
113060050 1.20000 -0.10225 -0.10200
113060051 1.20000 -0.10225 -0.09800
113060052 1.20000 -0.10225 -0.09400
113060053 1.20000 -0.10225 -0.09000
113060054 1.20000 -0.10225 -0.08600
113060055 1.20000 -0.10225 -0.08200
113060056 1.20000 -0.10225 -0.07800
113060057 1.20000 -0.10225 -0.07400
113060058 1.20000 -0.10225 -0.07000
113060059 1.20000 -0.10225 -0.06600
113060060 1.20000 -0.10225 -0.06200
113060061 1.20000 -0.10225 -0.05800
113060062 1.20000 -0.10225 -0.05400
113060063 1.20000 -0.10225 -0.05000
113060064 1.20000 -0.10225 -0.04600
113060065 1.20000 -0.10225 -0.04200
113060066 1.20000 -0.10225 -0.03800
113060067 1.20000 -0.10225 -0.03400
113060068 1.20000 -0.10225 -0.03000
113060069 1.20000 -0.10225 -0.02600
113060070 1.20000 -0.10225 -0.02200
113060071 1.20000 -0.10225 -0.01800
113060072 1.20000 -0.10225 -0.01400
113060073 1.20000 -0.10225 -0.01000
113060074 1.20000 -0.10225 -0.00600
113060075 1.20000 -0.10225 -0.00200
113060076 1.20000 -0.10225 0.00200
113060077 1.20000 -0.10225 0.00600
113060078 1.20000 -0.10225 0.01000
113060079 1.20000 -0.10225 0.01400
113060080 1.20000 -0.10225 0.01800
113060081 1.20000 -0.10225 0.02200
113060082 1.20000 -0.10225 0.02600
113060083 1.20000 -0.10225 0.03000
113060084 1.20000 -0.10225 0.03400
113060085 1.20000 -0.10225 0.03800
113060086 1.20000 -0.10225 0.04200
113060087 1.20000 -0.10225 0.04600
113060088 1.20000 -0.10225 0.05000
113060089 1.20000 -0.10225 0.05400
113060090 1.20000 -0.10225 0.05800
113060091 1.20000 -0.10225 0.06200
113060092 1.20000 -0.10225 0.06600
113060093 1.20000 -0.10225 0.07000
113060094 1.20000 -0.10225 0.07400
113060095 1.20000 -0.10225 0.07800
113060096 1.20000 -0.10225 0.08200
113060097 1.20000 -0.10225 0.08600
113060098 1.20000 -0.10225 0.09000
113060099 1.20000 -0.10225 0.09400
113060100 1.20000 -0.10225 0.09800
113060101 1.20000 -0.10225 0.10200
113060102 1.20000 -0.10225 0.10600
113060103 1.20000 -0.10225 0.11000
113060104 1.20000 -0.10225 0.11400
113060105 1.20000 -0.10225 0.11800
113060106 1.20000 -0.10225 0.12200
113060107 1.20000 -0.10225 0.12600
113060108 1.20000 -0.10225 0.13000
113060109 1.20000 -0.10225 0.13400
113060110 1.20000 -0.10225 0.13800
113060111 1.20000 -0.10225 0.14200
113060112 1.20000 -0.10225 0.14600
113060113 1.20000 -0.10225 0.15000
113060114 1.20000 -0.10225 0.15400
113060115 1.20000 -0.10225 0.15800
113060116 1.20000 -0.10225 0.16200
113060117 1.20000 -0.10225 0.16600
113060118 1.20000 -0.10225 0.17000
113060119 1.20000 -0.10225 0.17400
113060120 1.20000 -0.10225 0.17800
113060121 1.20000 -0.10225 0.18200
113060122 1.20000 -0.10225 0.18600
113060123 1.20000 -0.10225 0.19000
113060124 1.20000 -0.10225 0.19400
113060125 1.20000 -0.10225 0.19800
113060126 1.20000 -0.10225 0.20200
113060127 1.20000 -0.10225 0.20600
113060128 1.20000 -0.10225 0.21000
113060129 1.20000 -0.10225 0.21400
113060130 1.20000 -0.10225 0.21800
113060131 1.20000 -0.10225 0.22200
113060132 1.20000 -0.10225 0.22600
113060133 1.20000 -0.10225 0.23000
113060134 1.20000 -0.10225 0.23400
113060135 1.20000 -0.10225 0.23800
113060136 1.20000 -0.10225 0.24200
113060137 1.20000 -0.10225 0.24600
113060138 1.20000 -0.10225 0.25000
113060139 1.20000 -0.10225 0.25400
113060140 1.20000 -0.10225 0.25800
113060141 1.20000 -0.10225 0.26200
113060142 1.20000 -0.10225 0.26600
113060143 1.20000 -0.10225 0.27000
113060144 1.20000 -0.10225 0.27400
113060145 1.20000 -0.10225 0.27800
113060146 1.20000 -0.10225 0.28200
113060147 1.20000 -0.10225 0.28600
113060148 1.20000 -0.10225 0.29000
113060149 1.20000 -0.10225 0.29400
113060150 1.20000 -0.10225 0.29800
113060151 1.20000 -0.08875 -0.29800
113060152 1.20000 -0.08875 -0.29400
113060153 1.20000 -0.08875 -0.29000
113060154 1.20000 -0.08875 -0.28600
113060155 1.20000 -0.08875 -0.28200
113060156 1.20000 -0.08875 -0.27800
113060157 1.20000 -0.08875 -0.27400
113060158 1.20000 -0.08875 -0.27000
113060159 1.20000 -0.08875 -0.26600
113060160 1.20000 -0.08875 -0.26200
113060161 1.20000 -0.08875 -0.25800
113060162 1.20000 -0.08875 -0.25400
113060163 1.20000 -0.08875 -0.25000
113060164 1.20000 -0.08875 -0.24600
113060165 1.20000 -0.08875 -0.24200
113060166 1.20000 -0.08875 -0.23800
113060167 1.20000 -0.08875 -0.23400
113060168 1.20000 -0.08875 -0.23000
113060169 1.20000 -0.08875 -0.22600
113060170 1.20000 -0.08875 -0.22200
113060171 1.20000 -0.08875 -0.21800
113060172 1.20000 -0.08875 -0.21400
113060173 1.20000 -0.08875 -0.21000
113060174 1.20000 -0.08875 -0.20600
113060175 1.20000 -0.08875 -0.20200
113060176 1.20000 -0.08875 -0.19800
113060177 1.20000 -0.08875 -0.19400
113060178 1.20000 -0.08875 -0.19000
113060179 1.20000 -0.08875 -0.18600
113060180 1.20000 -0.08875 -0.18200
113060181 1.20000 -0.08875 -0.17800
113060182 1.20000 -0.08875 -0.17400
113060183 1.20000 -0.08875 -0.17000
113060184 1.20000 -0.08875 -0.16600
113060185 1.20000 -0.08875 -0.16200
113060186 1.20000 -0.08875 -0.15800
113060187 1.20000 -0.08875 -0.15400
113060188 1.20000 -0.08875 -0.15000
113060189 1.20000 -0.08875 -0.14600
113060190 1.20000 -0.08875 -0.14200
113060191 1.20000 -0.08875 -0.13800
113060192 1.20000 -0.08875 -0.13400
113060193 1.20000 -0.08875 -0.13000
113060194 1.20000 -0.08875 -0.12600
113060195 1.20000 -0.08875 -0.12200
113060196 1.20000 -0.08875 -0.11800
113060197 1.20000 -0.08875 -0.11400
113060198 1.20000 -0.08875 -0.11000
113060199 1.20000 -0.08875 -0.10600
113060200 1.20000 -0.08875 -0.10200
113060201 1.20000 -0.08875 -0.09800
113060202 1.20000 -0.08875 -0.09400
113060203 1.20000 -0.08875 -0.09000
113060204 1.20000 -0.08875 -0.08600
113060205 1.20000 -0.08875 -0.08200
113060206 1.20000 -0.08875 -0.07800
113060207 1.20000 -0.08875 -0.07400
113060208 1.20000 -0.08875 -0.07000
113060209 1.20000 -0.08875 -0.06600
113060210 1.20000 -0.08875 -0.06200
113060211 1.20000 -0.08875 -0.05800
113060212 1.20000 -0.08875 -0.05400
113060213 1.20000 -0.08875 -0.05000
113060214 1.20000 -0.08875 -0.04600
113060215 1.20000 -0.08875 -0.04200
113060216 1.20000 -0.08875 -0.03800
113060217 1.20000 -0.08875 -0.03400
113060218 1.20000 -0.08875 -0.03000
113060219 1.20000 -0.08875 -0.02600
113060220 1.20000 -0.08875 -0.02200
113060221 1.20000 -0.08875 -0.01800
113060222 1.20000 -0.08875 -0.01400
113060223 1.20000 -0.08875 -0.01000
113060224 1.20000 -0.08875 -0.00600
113060225 1.20000 -0.08875 -0.00200
113060226 1.20000 -0.08875 0.00200
113060227 1.20000 -0.08875 0.00600
113060228 1.20000 -0.08875 0.01000
113060229 1.20000 -0.08875 0.01400
113060230 1.20000 -0.08875 0.01800
113060231 1.20000 -0.08875 0.02200
113060232 1.20000 -0.08875 0.02600
113060233 1.20000 -0.08875 0.03000
113060234 1.20000 -0.08875 0.03400
113060235 1.20000 -0.08875 0.03800
113060236 1.20000 -0.08875 0.04200
113060237 1.20000 -0.08875 0.04600
113060238 1.20000 -0.08875 0.05000
113060239 1.20000 -0.08875 0.05400
113060240 1.20000 -0.08875 0.05800
113060241 1.20000 -0.08875 0.06200
113060242 1.20000 -0.08875 0.06600
113060243 1.20000 -0.08875 0.07000
113060244 1.20000 -0.08875 0.07400
113060245 1.20000 -0.08875 0.07800
113060246 1.20000 -0.08875 0.08200
113060247 1.20000 -0.08875 0.08600
113060248 1.20000 -0.08875 0.09000
113060249 1.20000 -0.08875 0.09400
113060250 1.20000 -0.08875 0.09800
113060251 1.20000 -0.08875 0.10200
113060252 1.20000 -0.08875 0.10600
113060253 1.20000 -0.08875 0.11000
113060254 1.20000 -0.08875 0.11400
113060255 1.20000 -0.08875 0.11800
113060256 1.20000 -0.08875 0.12200
113060257 1.20000 -0.08875 0.12600
113060258 1.20000 -0.08875 0.13000
113060259 1.20000 -0.08875 0.13400
113060260 1.20000 -0.08875 0.13800
113060261 1.20000 -0.08875 0.14200
113060262 1.20000 -0.08875 0.14600
113060263 1.20000 -0.08875 0.15000
113060264 1.20000 -0.08875 0.15400
113060265 1.20000 -0.08875 0.15800
113060266 1.20000 -0.08875 0.16200
113060267 1.20000 -0.08875 0.16600
113060268 1.20000 -0.08875 0.17000
113060269 1.20000 -0.08875 0.17400
113060270 1.20000 -0.08875 0.17800
113060271 1.20000 -0.08875 0.18200
113060272 1.20000 -0.08875 0.18600
113060273 1.20000 -0.08875 0.19000
113060274 1.20000 -0.08875 0.19400
113060275 1.20000 -0.08875 0.19800
113060276 1.20000 -0.08875 0.20200
113060277 1.20000 -0.08875 0.20600
113060278 1.20000 -0.08875 0.21000
113060279 1.20000 -0.08875 0.21400
113060280 1.20000 -0.08875 0.21800
113060281 1.20000 -0.08875 0.22200
113060282 1.20000 -0.08875 0.22600
113060283 1.20000 -0.08875 0.23000
113060284 1.20000 -0.08875 0.23400
113060285 1.20000 -0.08875 0.23800
113060286 1.20000 -0.08875 0.24200
113060287 1.20000 -0.08875 0.24600
113060288 1.20000 -0.08875 0.25000
113060289 1.20000 -0.08875 0.25400
113060290 1.20000 -0.08875 0.25800
113060291 1.20000 -0.08875 0.26200
113060292 1.20000 -0.08875 0.26600
113060293 1.20000 -0.08875 0.27000
113060294 1.20000 -0.08875 0.27400
113060295 1.20000 -0.08875 0.27800
113060296 1.20000 -0.08875 0.28200
113060297 1.20000 -0.08875 0.28600
113060298 1.20000 -0.08875 0.29000
113060299 1.20000 -0.08875 0.29400
113060300 1.20000 -0.08875 0.29800
113060301 1.20000 -0.07525 -0.29800
113060302 1.20000 -0.07525 -0.29400
113060303 1.20000 -0.07525 -0.29000
113060304 1.20000 -0.07525 -0.28600
113060305 1.20000 -0.07525 -0.28200
113060306 1.20000 -0.07525 -0.27800
113060307 1.20000 -0.07525 -0.27400
113060308 1.20000 -0.07525 -0.27000
113060309 1.20000 -0.07525 -0.26600
113060310 1.20000 -0.07525 -0.26200
113060311 1.20000 -0.07525 -0.25800
113060312 1.20000 -0.07525 -0.25400
113060313 1.20000 -0.07525 -0.25000
113060314 1.20000 -0.07525 -0.24600
113060315 1.20000 -0.07525 -0.24200
113060316 1.20000 -0.07525 -0.23800
113060317 1.20000 -0.07525 -0.23400
113060318 1.20000 -0.07525 -0.23000
113060319 1.20000 -0.07525 -0.22600
113060320 1.20000 -0.07525 -0.22200
113060321 1.20000 -0.07525 -0.21800
113060322 1.20000 -0.07525 -0.21400
113060323 1.20000 -0.07525 -0.21000
113060324 1.20000 -0.07525 -0.20600
113060325 1.20000 -0.07525 -0.20200
113060326 1.20000 -0.07525 -0.19800
113060327 1.20000 -0.07525 -0.19400
113060328 1.20000 -0.07525 -0.19000
113060329 1.20000 -0.07525 -0.18600
113060330 1.20000 -0.07525 -0.18200
113060331 1.20000 -0.07525 -0.17800
113060332 1.20000 -0.07525 -0.17400
113060333 1.20000 -0.07525 -0.17000
113060334 1.20000 -0.07525 -0.16600
113060335 1.20000 -0.07525 -0.16200
113060336 1.20000 -0.07525 -0.15800
113060337 1.20000 -0.07525 -0.15400
113060338 1.20000 -0.07525 -0.15000
113060339 1.20000 -0.07525 -0.14600
113060340 1.20000 -0.07525 -0.14200
113060341 1.20000 -0.07525 -0.13800
113060342 1.20000 -0.07525 -0.13400
113060343 1.20000 -0.07525 -0.13000
113060344 1.20000 -0.07525 -0.12600
113060345 1.20000 -0.07525 -0.12200
113060346 1.20000 -0.07525 -0.11800
113060347 1.20000 -0.07525 -0.11400
113060348 1.20000 -0.07525 -0.11000
113060349 1.20000 -0.07525 -0.10600
113060350 1.20000 -0.07525 -0.10200
113060351 1.20000 -0.07525 -0.09800
113060352 1.20000 -0.07525 -0.09400
113060353 1.20000 -0.07525 -0.09000
113060354 1.20000 -0.07525 -0.08600
113060355 1.20000 -0.07525 -0.08200
113060356 1.20000 -0.07525 -0.07800
113060357 1.20000 -0.07525 -0.07400
113060358 1.20000 -0.07525 -0.07000
113060359 1.20000 -0.07525 -0.06600
113060360 1.20000 -0.07525 -0.06200
113060361 1.20000 -0.07525 -0.05800
113060362 1.20000 -0.07525 -0.05400
113060363 1.20000 -0.07525 -0.05000
113060364 1.20000 -0.07525 -0.04600
113060365 1.20000 -0.07525 -0.04200
113060366 1.20000 -0.07525 -0.03800
113060367 1.20000 -0.07525 -0.03400
113060368 1.20000 -0.07525 -0.03000
113060369 1.20000 -0.07525 -0.02600
113060370 1.20000 -0.07525 -0.02200
113060371 1.20000 -0.07525 -0.01800
113060372 1.20000 -0.07525 -0.01400
113060373 1.20000 -0.07525 -0.01000
113060374 1.20000 -0.07525 -0.00600
113060375 1.20000 -0.07525 -0.00200
113060376 1.20000 -0.07525 0.00200
113060377 1.20000 -0.07525 0.00600
113060378 1.20000 -0.07525 0.01000
113060379 1.20000 -0.07525 0.01400
113060380 1.20000 -0.07525 0.01800
113060381 1.20000 -0.07525 0.02200
113060382 1.20000 -0.07525 0.02600
113060383 1.20000 -0.07525 0.03000
113060384 1.20000 -0.07525 0.03400
113060385 1.20000 -0.07525 0.03800
113060386 1.20000 -0.07525 0.04200
113060387 1.20000 -0.07525 0.04600
113060388 1.20000 -0.07525 0.05000
113060389 1.20000 -0.07525 0.05400
113060390 1.20000 -0.07525 0.05800
113060391 1.20000 -0.07525 0.06200
113060392 1.20000 -0.07525 0.06600
113060393 1.20000 -0.07525 0.07000
113060394 1.20000 -0.07525 0.07400
113060395 1.20000 -0.07525 0.07800
113060396 1.20000 -0.07525 0.08200
113060397 1.20000 -0.07525 0.08600
113060398 1.20000 -0.07525 0.09000
113060399 1.20000 -0.07525 0.09400
113060400 1.20000 -0.07525 0.09800
113060401 1.20000 -0.07525 0.10200
113060402 1.20000 -0.07525 0.10600
113060403 1.20000 -0.07525 0.11000
113060404 1.20000 -0.07525 0.11400
113060405 1.20000 -0.07525 0.11800
113060406 1.20000 -0.07525 0.12200
113060407 1.20000 -0.07525 0.12600
113060408 1.20000 -0.07525 0.13000
113060409 1.20000 -0.07525 0.13400
113060410 1.20000 -0.07525 0.13800
113060411 1.20000 -0.07525 0.14200
113060412 1.20000 -0.07525 0.14600
113060413 1.20000 -0.07525 0.15000
113060414 1.20000 -0.07525 0.15400
113060415 1.20000 -0.07525 0.15800
113060416 1.20000 -0.07525 0.16200
113060417 1.20000 -0.07525 0.16600
113060418 1.20000 -0.07525 0.17000
113060419 1.20000 -0.07525 0.17400
113060420 1.20000 -0.07525 0.17800
113060421 1.20000 -0.07525 0.18200
113060422 1.20000 -0.07525 0.18600
113060423 1.20000 -0.07525 0.19000
113060424 1.20000 -0.07525 0.19400
113060425 1.20000 -0.07525 0.19800
113060426 1.20000 -0.07525 0.20200
113060427 1.20000 -0.07525 0.20600
113060428 1.20000 -0.07525 0.21000
113060429 1.20000 -0.07525 0.21400
113060430 1.20000 -0.07525 0.21800
113060431 1.20000 -0.07525 0.22200
113060432 1.20000 -0.07525 0.22600
113060433 1.20000 -0.07525 0.23000
113060434 1.20000 -0.07525 0.23400
113060435 1.20000 -0.07525 0.23800
113060436 1.20000 -0.07525 0.24200
113060437 1.20000 -0.07525 0.24600
113060438 1.20000 -0.07525 0.25000
113060439 1.20000 -0.07525 0.25400
113060440 1.20000 -0.07525 0.25800
113060441 1.20000 -0.07525 0.26200
113060442 1.20000 -0.07525 0.26600
113060443 1.20000 -0.07525 0.27000
113060444 1.20000 -0.07525 0.27400
113060445 1.20000 -0.07525 0.27800
113060446 1.20000 -0.07525 0.28200
113060447 1.20000 -0.07525 0.28600
113060448 1.20000 -0.07525 0.29000
113060449 1.20000 -0.07525 0.29400
113060450 1.20000 -0.07525 0.29800
113060451 1.20000 -0.06175 -0.29800
113060452 1.20000 -0.06175 -0.29400
113060453 1.20000 -0.06175 -0.29000
113060454 1.20000 -0.06175 -0.28600
113060455 1.20000 -0.06175 -0.28200
113060456 1.20000 -0.06175 -0.27800
113060457 1.20000 -0.06175 -0.27400
113060458 1.20000 -0.06175 -0.27000
113060459 1.20000 -0.06175 -0.26600
113060460 1.20000 -0.06175 -0.26200
113060461 1.20000 -0.06175 -0.25800
113060462 1.20000 -0.06175 -0.25400
113060463 1.20000 -0.06175 -0.25000
113060464 1.20000 -0.06175 -0.24600
113060465 1.20000 -0.06175 -0.24200
113060466 1.20000 -0.06175 -0.23800
113060467 1.20000 -0.06175 -0.23400
113060468 1.20000 -0.06175 -0.23000
113060469 1.20000 -0.06175 -0.22600
113060470 1.20000 -0.06175 -0.22200
113060471 1.20000 -0.06175 -0.21800
113060472 1.20000 -0.06175 -0.21400
113060473 1.20000 -0.06175 -0.21000
113060474 1.20000 -0.06175 -0.20600
113060475 1.20000 -0.06175 -0.20200
113060476 1.20000 -0.06175 -0.19800
113060477 1.20000 -0.06175 -0.19400
113060478 1.20000 -0.06175 -0.19000
113060479 1.20000 -0.06175 -0.18600
113060480 1.20000 -0.06175 -0.18200
113060481 1.20000 -0.06175 -0.17800
113060482 1.20000 -0.06175 -0.17400
113060483 1.20000 -0.06175 -0.17000
113060484 1.20000 -0.06175 -0.16600
113060485 1.20000 -0.06175 -0.16200
113060486 1.20000 -0.06175 -0.15800
113060487 1.20000 -0.06175 -0.15400
113060488 1.20000 -0.06175 -0.15000
113060489 1.20000 -0.06175 -0.14600
113060490 1.20000 -0.06175 -0.14200
113060491 1.20000 -0.06175 -0.13800
113060492 1.20000 -0.06175 -0.13400
113060493 1.20000 -0.06175 -0.13000
113060494 1.20000 -0.06175 -0.12600
113060495 1.20000 -0.06175 -0.12200
113060496 1.20000 -0.06175 -0.11800
113060497 1.20000 -0.06175 -0.11400
113060498 1.20000 -0.06175 -0.11000
113060499 1.20000 -0.06175 -0.10600
113060500 1.20000 -0.06175 -0.10200
113060501 1.20000 -0.06175 -0.09800
113060502 1.20000 -0.06175 -0.09400
113060503 1.20000 -0.06175 -0.09000
113060504 1.20000 -0.06175 -0.08600
113060505 1.20000 -0.06175 -0.08200
113060506 1.20000 -0.06175 -0.07800
113060507 1.20000 -0.06175 -0.07400
113060508 1.20000 -0.06175 -0.07000
113060509 1.20000 -0.06175 -0.06600
113060510 1.20000 -0.06175 -0.06200
113060511 1.20000 -0.06175 -0.05800
113060512 1.20000 -0.06175 -0.05400
113060513 1.20000 -0.06175 -0.05000
113060514 1.20000 -0.06175 -0.04600
113060515 1.20000 -0.06175 -0.04200
113060516 1.20000 -0.06175 -0.03800
113060517 1.20000 -0.06175 -0.03400
113060518 1.20000 -0.06175 -0.03000
113060519 1.20000 -0.06175 -0.02600
113060520 1.20000 -0.06175 -0.02200
113060521 1.20000 -0.06175 -0.01800
113060522 1.20000 -0.06175 -0.01400
113060523 1.20000 -0.06175 -0.01000
113060524 1.20000 -0.06175 -0.00600
113060525 1.20000 -0.06175 -0.00200
113060526 1.20000 -0.06175 0.00200
113060527 1.20000 -0.06175 0.00600
113060528 1.20000 -0.06175 0.01000
113060529 1.20000 -0.06175 0.01400
113060530 1.20000 -0.06175 0.01800
113060531 1.20000 -0.06175 0.02200
113060532 1.20000 -0.06175 0.02600
113060533 1.20000 -0.06175 0.03000
113060534 1.20000 -0.06175 0.03400
113060535 1.20000 -0.06175 0.03800
113060536 1.20000 -0.06175 0.04200
113060537 1.20000 -0.06175 0.04600
113060538 1.20000 -0.06175 0.05000
113060539 1.20000 -0.06175 0.05400
113060540 1.20000 -0.06175 0.05800
113060541 1.20000 -0.06175 0.06200
113060542 1.20000 -0.06175 0.06600
113060543 1.20000 -0.06175 0.07000
113060544 1.20000 -0.06175 0.07400
113060545 1.20000 -0.06175 0.07800
113060546 1.20000 -0.06175 0.08200
113060547 1.20000 -0.06175 0.08600
113060548 1.20000 -0.06175 0.09000
113060549 1.20000 -0.06175 0.09400
113060550 1.20000 -0.06175 0.09800
113060551 1.20000 -0.06175 0.10200
113060552 1.20000 -0.06175 0.10600
113060553 1.20000 -0.06175 0.11000
113060554 1.20000 -0.06175 0.11400
113060555 1.20000 -0.06175 0.11800
113060556 1.20000 -0.06175 0.12200
113060557 1.20000 -0.06175 0.12600
113060558 1.20000 -0.06175 0.13000
113060559 1.20000 -0.06175 0.13400
113060560 1.20000 -0.06175 0.13800
113060561 1.20000 -0.06175 0.14200
113060562 1.20000 -0.06175 0.14600
113060563 1.20000 -0.06175 0.15000
113060564 1.20000 -0.06175 0.15400
113060565 1.20000 -0.06175 0.15800
113060566 1.20000 -0.06175 0.16200
113060567 1.20000 -0.06175 0.16600
113060568 1.20000 -0.06175 0.17000
113060569 1.20000 -0.06175 0.17400
113060570 1.20000 -0.06175 0.17800
113060571 1.20000 -0.06175 0.18200
113060572 1.20000 -0.06175 0.18600
113060573 1.20000 -0.06175 0.19000
113060574 1.20000 -0.06175 0.19400
113060575 1.20000 -0.06175 0.19800
113060576 1.20000 -0.06175 0.20200
113060577 1.20000 -0.06175 0.20600
113060578 1.20000 -0.06175 0.21000
113060579 1.20000 -0.06175 0.21400
113060580 1.20000 -0.06175 0.21800
113060581 1.20000 -0.06175 0.22200
113060582 1.20000 -0.06175 0.22600
113060583 1.20000 -0.06175 0.23000
113060584 1.20000 -0.06175 0.23400
113060585 1.20000 -0.06175 0.23800
113060586 1.20000 -0.06175 0.24200
113060587 1.20000 -0.06175 0.24600
113060588 1.20000 -0.06175 0.25000
113060589 1.20000 -0.06175 0.25400
113060590 1.20000 -0.06175 0.25800
113060591 1.20000 -0.06175 0.26200
113060592 1.20000 -0.06175 0.26600
113060593 1.20000 -0.06175 0.27000
113060594 1.20000 -0.06175 0.27400
113060595 1.20000 -0.06175 0.27800
113060596 1.20000 -0.06175 0.28200
113060597 1.20000 -0.06175 0.28600
113060598 1.20000 -0.06175 0.29000
113060599 1.20000 -0.06175 0.29400
113060600 1.20000 -0.06175 0.29800
113060601 1.20000 -0.04825 -0.29800
113060602 1.20000 -0.04825 -0.29400
113060603 1.20000 -0.04825 -0.29000
113060604 1.20000 -0.04825 -0.28600
113060605 1.20000 -0.04825 -0.28200
113060606 1.20000 -0.04825 -0.27800
113060607 1.20000 -0.04825 -0.27400
113060608 1.20000 -0.04825 -0.27000
113060609 1.20000 -0.04825 -0.26600
113060610 1.20000 -0.04825 -0.26200
113060611 1.20000 -0.04825 -0.25800
113060612 1.20000 -0.04825 -0.25400
113060613 1.20000 -0.04825 -0.25000
113060614 1.20000 -0.04825 -0.24600
113060615 1.20000 -0.04825 -0.24200
113060616 1.20000 -0.04825 -0.23800
113060617 1.20000 -0.04825 -0.23400
113060618 1.20000 -0.04825 -0.23000
113060619 1.20000 -0.04825 -0.22600
113060620 1.20000 -0.04825 -0.22200
113060621 1.20000 -0.04825 -0.21800
113060622 1.20000 -0.04825 -0.21400
113060623 1.20000 -0.04825 -0.21000
113060624 1.20000 -0.04825 -0.20600
113060625 1.20000 -0.04825 -0.20200
113060626 1.20000 -0.04825 -0.19800
113060627 1.20000 -0.04825 -0.19400
113060628 1.20000 -0.04825 -0.19000
113060629 1.20000 -0.04825 -0.18600
113060630 1.20000 -0.04825 -0.18200
113060631 1.20000 -0.04825 -0.17800
113060632 1.20000 -0.04825 -0.17400
113060633 1.20000 -0.04825 -0.17000
113060634 1.20000 -0.04825 -0.16600
113060635 1.20000 -0.04825 -0.16200
113060636 1.20000 -0.04825 -0.15800
113060637 1.20000 -0.04825 -0.15400
113060638 1.20000 -0.04825 -0.15000
113060639 1.20000 -0.04825 -0.14600
113060640 1.20000 -0.04825 -0.14200
113060641 1.20000 -0.04825 -0.13800
113060642 1.20000 -0.04825 -0.13400
113060643 1.20000 -0.04825 -0.13000
113060644 1.20000 -0.04825 -0.12600
113060645 1.20000 -0.04825 -0.12200
113060646 1.20000 -0.04825 -0.11800
113060647 1.20000 -0.04825 -0.11400
113060648 1.20000 -0.04825 -0.11000
113060649 1.20000 -0.04825 -0.10600
113060650 1.20000 -0.04825 -0.10200
113060651 1.20000 -0.04825 -0.09800
113060652 1.20000 -0.04825 -0.09400
113060653 1.20000 -0.04825 -0.09000
113060654 1.20000 -0.04825 -0.08600
113060655 1.20000 -0.04825 -0.08200
113060656 1.20000 -0.04825 -0.07800
113060657 1.20000 -0.04825 -0.07400
113060658 1.20000 -0.04825 -0.07000
113060659 1.20000 -0.04825 -0.06600
113060660 1.20000 -0.04825 -0.06200
113060661 1.20000 -0.04825 -0.05800
113060662 1.20000 -0.04825 -0.05400
113060663 1.20000 -0.04825 -0.05000
113060664 1.20000 -0.04825 -0.04600
113060665 1.20000 -0.04825 -0.04200
113060666 1.20000 -0.04825 -0.03800
113060667 1.20000 -0.04825 -0.03400
113060668 1.20000 -0.04825 -0.03000
113060669 1.20000 -0.04825 -0.02600
113060670 1.20000 -0.04825 -0.02200
113060671 1.20000 -0.04825 -0.01800
113060672 1.20000 -0.04825 -0.01400
113060673 1.20000 -0.04825 -0.01000
113060674 1.20000 -0.04825 -0.00600
113060675 1.20000 -0.04825 -0.00200
113060676 1.20000 -0.04825 0.00200
113060677 1.20000 -0.04825 0.00600
113060678 1.20000 -0.04825 0.01000
113060679 1.20000 -0.04825 0.01400
113060680 1.20000 -0.04825 0.01800
113060681 1.20000 -0.04825 0.02200
113060682 1.20000 -0.04825 0.02600
113060683 1.20000 -0.04825 0.03000
113060684 1.20000 -0.04825 0.03400
113060685 1.20000 -0.04825 0.03800
113060686 1.20000 -0.04825 0.04200
113060687 1.20000 -0.04825 0.04600
113060688 1.20000 -0.04825 0.05000
113060689 1.20000 -0.04825 0.05400
113060690 1.20000 -0.04825 0.05800
113060691 1.20000 -0.04825 0.06200
113060692 1.20000 -0.04825 0.06600
113060693 1.20000 -0.04825 0.07000
113060694 1.20000 -0.04825 0.07400
113060695 1.20000 -0.04825 0.07800
113060696 1.20000 -0.04825 0.08200
113060697 1.20000 -0.04825 0.08600
113060698 1.20000 -0.04825 0.09000
113060699 1.20000 -0.04825 0.09400
113060700 1.20000 -0.04825 0.09800
113060701 1.20000 -0.04825 0.10200
113060702 1.20000 -0.04825 0.10600
113060703 1.20000 -0.04825 0.11000
113060704 1.20000 -0.04825 0.11400
113060705 1.20000 -0.04825 0.11800
113060706 1.20000 -0.04825 0.12200
113060707 1.20000 -0.04825 0.12600
113060708 1.20000 -0.04825 0.13000
113060709 1.20000 -0.04825 0.13400
113060710 1.20000 -0.04825 0.13800
113060711 1.20000 -0.04825 0.14200
113060712 1.20000 -0.04825 0.14600
113060713 1.20000 -0.04825 0.15000
113060714 1.20000 -0.04825 0.15400
113060715 1.20000 -0.04825 0.15800
113060716 1.20000 -0.04825 0.16200
113060717 1.20000 -0.04825 0.16600
113060718 1.20000 -0.04825 0.17000
113060719 1.20000 -0.04825 0.17400
113060720 1.20000 -0.04825 0.17800
113060721 1.20000 -0.04825 0.18200
113060722 1.20000 -0.04825 0.18600
113060723 1.20000 -0.04825 0.19000
113060724 1.20000 -0.04825 0.19400
113060725 1.20000 -0.04825 0.19800
113060726 1.20000 -0.04825 0.20200
113060727 1.20000 -0.04825 0.20600
113060728 1.20000 -0.04825 0.21000
113060729 1.20000 -0.04825 0.21400
113060730 1.20000 -0.04825 0.21800
113060731 1.20000 -0.04825 0.22200
113060732 1.20000 -0.04825 0.22600
113060733 1.20000 -0.04825 0.23000
113060734 1.20000 -0.04825 0.23400
113060735 1.20000 -0.04825 0.23800
113060736 1.20000 -0.04825 0.24200
113060737 1.20000 -0.04825 0.24600
113060738 1.20000 -0.04825 0.25000
113060739 1.20000 -0.04825 0.25400
113060740 1.20000 -0.04825 0.25800
113060741 1.20000 -0.04825 0.26200
113060742 1.20000 -0.04825 0.26600
113060743 1.20000 -0.04825 0.27000
113060744 1.20000 -0.04825 0.27400
113060745 1.20000 -0.04825 0.27800
113060746 1.20000 -0.04825 0.28200
113060747 1.20000 -0.04825 0.28600
113060748 1.20000 -0.04825 0.29000
113060749 1.20000 -0.04825 0.29400
113060750 1.20000 -0.04825 0.29800
113060751 1.20000 -0.03475 -0.29800
113060752 1.20000 -0.03475 -0.29400
113060753 1.20000 -0.03475 -0.29000
113060754 1.20000 -0.03475 -0.28600
113060755 1.20000 -0.03475 -0.28200
113060756 1.20000 -0.03475 -0.27800
113060757 1.20000 -0.03475 -0.27400
113060758 1.20000 -0.03475 -0.27000
113060759 1.20000 -0.03475 -0.26600
113060760 1.20000 -0.03475 -0.26200
113060761 1.20000 -0.03475 -0.25800
113060762 1.20000 -0.03475 -0.25400
113060763 1.20000 -0.03475 -0.25000
113060764 1.20000 -0.03475 -0.24600
113060765 1.20000 -0.03475 -0.24200
113060766 1.20000 -0.03475 -0.23800
113060767 1.20000 -0.03475 -0.23400
113060768 1.20000 -0.03475 -0.23000
113060769 1.20000 -0.03475 -0.22600
113060770 1.20000 -0.03475 -0.22200
113060771 1.20000 -0.03475 -0.21800
113060772 1.20000 -0.03475 -0.21400
113060773 1.20000 -0.03475 -0.21000
113060774 1.20000 -0.03475 -0.20600
113060775 1.20000 -0.03475 -0.20200
113060776 1.20000 -0.03475 -0.19800
113060777 1.20000 -0.03475 -0.19400
113060778 1.20000 -0.03475 -0.19000
113060779 1.20000 -0.03475 -0.18600
113060780 1.20000 -0.03475 -0.18200
113060781 1.20000 -0.03475 -0.17800
113060782 1.20000 -0.03475 -0.17400
113060783 1.20000 -0.03475 -0.17000
113060784 1.20000 -0.03475 -0.16600
113060785 1.20000 -0.03475 -0.16200
113060786 1.20000 -0.03475 -0.15800
113060787 1.20000 -0.03475 -0.15400
113060788 1.20000 -0.03475 -0.15000
113060789 1.20000 -0.03475 -0.14600
113060790 1.20000 -0.03475 -0.14200
113060791 1.20000 -0.03475 -0.13800
113060792 1.20000 -0.03475 -0.13400
113060793 1.20000 -0.03475 -0.13000
113060794 1.20000 -0.03475 -0.12600
113060795 1.20000 -0.03475 -0.12200
113060796 1.20000 -0.03475 -0.11800
113060797 1.20000 -0.03475 -0.11400
113060798 1.20000 -0.03475 -0.11000
113060799 1.20000 -0.03475 -0.10600
113060800 1.20000 -0.03475 -0.10200
113060801 1.20000 -0.03475 -0.09800
113060802 1.20000 -0.03475 -0.09400
113060803 1.20000 -0.03475 -0.09000
113060804 1.20000 -0.03475 -0.08600
113060805 1.20000 -0.03475 -0.08200
113060806 1.20000 -0.03475 -0.07800
113060807 1.20000 -0.03475 -0.07400
113060808 1.20000 -0.03475 -0.07000
113060809 1.20000 -0.03475 -0.06600
113060810 1.20000 -0.03475 -0.06200
113060811 1.20000 -0.03475 -0.05800
113060812 1.20000 -0.03475 -0.05400
113060813 1.20000 -0.03475 -0.05000
113060814 1.20000 -0.03475 -0.04600
113060815 1.20000 -0.03475 -0.04200
113060816 1.20000 -0.03475 -0.03800
113060817 1.20000 -0.03475 -0.03400
113060818 1.20000 -0.03475 -0.03000
113060819 1.20000 -0.03475 -0.02600
113060820 1.20000 -0.03475 -0.02200
113060821 1.20000 -0.03475 -0.01800
113060822 1.20000 -0.03475 -0.01400
113060823 1.20000 -0.03475 -0.01000
113060824 1.20000 -0.03475 -0.00600
113060825 1.20000 -0.03475 -0.00200
113060826 1.20000 -0.03475 0.00200
113060827 1.20000 -0.03475 0.00600
113060828 1.20000 -0.03475 0.01000
113060829 1.20000 -0.03475 0.01400
113060830 1.20000 -0.03475 0.01800
113060831 1.20000 -0.03475 0.02200
113060832 1.20000 -0.03475 0.02600
113060833 1.20000 -0.03475 0.03000
113060834 1.20000 -0.03475 0.03400
113060835 1.20000 -0.03475 0.03800
113060836 1.20000 -0.03475 0.04200
113060837 1.20000 -0.03475 0.04600
113060838 1.20000 -0.03475 0.05000
113060839 1.20000 -0.03475 0.05400
113060840 1.20000 -0.03475 0.05800
113060841 1.20000 -0.03475 0.06200
113060842 1.20000 -0.03475 0.06600
113060843 1.20000 -0.03475 0.07000
113060844 1.20000 -0.03475 0.07400
113060845 1.20000 -0.03475 0.07800
113060846 1.20000 -0.03475 0.08200
113060847 1.20000 -0.03475 0.08600
113060848 1.20000 -0.03475 0.09000
113060849 1.20000 -0.03475 0.09400
113060850 1.20000 -0.03475 0.09800
113060851 1.20000 -0.03475 0.10200
113060852 1.20000 -0.03475 0.10600
113060853 1.20000 -0.03475 0.11000
113060854 1.20000 -0.03475 0.11400
113060855 1.20000 -0.03475 0.11800
113060856 1.20000 -0.03475 0.12200
113060857 1.20000 -0.03475 0.12600
113060858 1.20000 -0.03475 0.13000
113060859 1.20000 -0.03475 0.13400
113060860 1.20000 -0.03475 0.13800
113060861 1.20000 -0.03475 0.14200
113060862 1.20000 -0.03475 0.14600
113060863 1.20000 -0.03475 0.15000
113060864 1.20000 -0.03475 0.15400
113060865 1.20000 -0.03475 0.15800
113060866 1.20000 -0.03475 0.16200
113060867 1.20000 -0.03475 0.16600
113060868 1.20000 -0.03475 0.17000
113060869 1.20000 -0.03475 0.17400
113060870 1.20000 -0.03475 0.17800
113060871 1.20000 -0.03475 0.18200
113060872 1.20000 -0.03475 0.18600
113060873 1.20000 -0.03475 0.19000
113060874 1.20000 -0.03475 0.19400
113060875 1.20000 -0.03475 0.19800
113060876 1.20000 -0.03475 0.20200
113060877 1.20000 -0.03475 0.20600
113060878 1.20000 -0.03475 0.21000
113060879 1.20000 -0.03475 0.21400
113060880 1.20000 -0.03475 0.21800
113060881 1.20000 -0.03475 0.22200
113060882 1.20000 -0.03475 0.22600
113060883 1.20000 -0.03475 0.23000
113060884 1.20000 -0.03475 0.23400
113060885 1.20000 -0.03475 0.23800
113060886 1.20000 -0.03475 0.24200
113060887 1.20000 -0.03475 0.24600
113060888 1.20000 -0.03475 0.25000
113060889 1.20000 -0.03475 0.25400
113060890 1.20000 -0.03475 0.25800
113060891 1.20000 -0.03475 0.26200
113060892 1.20000 -0.03475 0.26600
113060893 1.20000 -0.03475 0.27000
113060894 1.20000 -0.03475 0.27400
113060895 1.20000 -0.03475 0.27800
113060896 1.20000 -0.03475 0.28200
113060897 1.20000 -0.03475 0.28600
113060898 1.20000 -0.03475 0.29000
113060899 1.20000 -0.03475 0.29400
113060900 1.20000 -0.03475 0.29800
113060901 1.20000 -0.02125 -0.29800
113060902 1.20000 -0.02125 -0.29400
113060903 1.20000 -0.02125 -0.29000
113060904 1.20000 -0.02125 -0.28600
113060905 1.20000 -0.02125 -0.28200
113060906 1.20000 -0.02125 -0.27800
113060907 1.20000 -0.02125 -0.27400
113060908 1.20000 -0.02125 -0.27000
113060909 1.20000 -0.02125 -0.26600
113060910 1.20000 -0.02125 -0.26200
113060911 1.20000 -0.02125 -0.25800
113060912 1.20000 -0.02125 -0.25400
113060913 1.20000 -0.02125 -0.25000
113060914 1.20000 -0.02125 -0.24600
113060915 1.20000 -0.02125 -0.24200
113060916 1.20000 -0.02125 -0.23800
113060917 1.20000 -0.02125 -0.23400
113060918 1.20000 -0.02125 -0.23000
113060919 1.20000 -0.02125 -0.22600
113060920 1.20000 -0.02125 -0.22200
113060921 1.20000 -0.02125 -0.21800
113060922 1.20000 -0.02125 -0.21400
113060923 1.20000 -0.02125 -0.21000
113060924 1.20000 -0.02125 -0.20600
113060925 1.20000 -0.02125 -0.20200
113060926 1.20000 -0.02125 -0.19800
113060927 1.20000 -0.02125 -0.19400
113060928 1.20000 -0.02125 -0.19000
113060929 1.20000 -0.02125 -0.18600
113060930 1.20000 -0.02125 -0.18200
113060931 1.20000 -0.02125 -0.17800
113060932 1.20000 -0.02125 -0.17400
113060933 1.20000 -0.02125 -0.17000
113060934 1.20000 -0.02125 -0.16600
113060935 1.20000 -0.02125 -0.16200
113060936 1.20000 -0.02125 -0.15800
113060937 1.20000 -0.02125 -0.15400
113060938 1.20000 -0.02125 -0.15000
113060939 1.20000 -0.02125 -0.14600
113060940 1.20000 -0.02125 -0.14200
113060941 1.20000 -0.02125 -0.13800
113060942 1.20000 -0.02125 -0.13400
113060943 1.20000 -0.02125 -0.13000
113060944 1.20000 -0.02125 -0.12600
113060945 1.20000 -0.02125 -0.12200
113060946 1.20000 -0.02125 -0.11800
113060947 1.20000 -0.02125 -0.11400
113060948 1.20000 -0.02125 -0.11000
113060949 1.20000 -0.02125 -0.10600
113060950 1.20000 -0.02125 -0.10200
113060951 1.20000 -0.02125 -0.09800
113060952 1.20000 -0.02125 -0.09400
113060953 1.20000 -0.02125 -0.09000
113060954 1.20000 -0.02125 -0.08600
113060955 1.20000 -0.02125 -0.08200
113060956 1.20000 -0.02125 -0.07800
113060957 1.20000 -0.02125 -0.07400
113060958 1.20000 -0.02125 -0.07000
113060959 1.20000 -0.02125 -0.06600
113060960 1.20000 -0.02125 -0.06200
113060961 1.20000 -0.02125 -0.05800
113060962 1.20000 -0.02125 -0.05400
113060963 1.20000 -0.02125 -0.05000
113060964 1.20000 -0.02125 -0.04600
113060965 1.20000 -0.02125 -0.04200
113060966 1.20000 -0.02125 -0.03800
113060967 1.20000 -0.02125 -0.03400
113060968 1.20000 -0.02125 -0.03000
113060969 1.20000 -0.02125 -0.02600
113060970 1.20000 -0.02125 -0.02200
113060971 1.20000 -0.02125 -0.01800
113060972 1.20000 -0.02125 -0.01400
113060973 1.20000 -0.02125 -0.01000
113060974 1.20000 -0.02125 -0.00600
113060975 1.20000 -0.02125 -0.00200
113060976 1.20000 -0.02125 0.00200
113060977 1.20000 -0.02125 0.00600
113060978 1.20000 -0.02125 0.01000
113060979 1.20000 -0.02125 0.01400
113060980 1.20000 -0.02125 0.01800
113060981 1.20000 -0.02125 0.02200
113060982 1.20000 -0.02125 0.02600
113060983 1.20000 -0.02125 0.03000
113060984 1.20000 -0.02125 0.03400
113060985 1.20000 -0.02125 0.03800
113060986 1.20000 -0.02125 0.04200
113060987 1.20000 -0.02125 0.04600
113060988 1.20000 -0.02125 0.05000
113060989 1.20000 -0.02125 0.05400
113060990 1.20000 -0.02125 0.05800
113060991 1.20000 -0.02125 0.06200
113060992 1.20000 -0.02125 0.06600
113060993 1.20000 -0.02125 0.07000
113060994 1.20000 -0.02125 0.07400
113060995 1.20000 -0.02125 0.07800
113060996 1.20000 -0.02125 0.08200
113060997 1.20000 -0.02125 0.08600
113060998 1.20000 -0.02125 0.09000
113060999 1.20000 -0.02125 0.09400
113061000 1.20000 -0.02125 0.09800
113061001 1.20000 -0.02125 0.10200
113061002 1.20000 -0.02125 0.10600
113061003 1.20000 -0.02125 0.11000
113061004 1.20000 -0.02125 0.11400
113061005 1.20000 -0.02125 0.11800
113061006 1.20000 -0.02125 0.12200
113061007 1.20000 -0.02125 0.12600
113061008 1.20000 -0.02125 0.13000
113061009 1.20000 -0.02125 0.13400
113061010 1.20000 -0.02125 0.13800
113061011 1.20000 -0.02125 0.14200
113061012 1.20000 -0.02125 0.14600
113061013 1.20000 -0.02125 0.15000
113061014 1.20000 -0.02125 0.15400
113061015 1.20000 -0.02125 0.15800
113061016 1.20000 -0.02125 0.16200
113061017 1.20000 -0.02125 0.16600
113061018 1.20000 -0.02125 0.17000
113061019 1.20000 -0.02125 0.17400
113061020 1.20000 -0.02125 0.17800
113061021 1.20000 -0.02125 0.18200
113061022 1.20000 -0.02125 0.18600
113061023 1.20000 -0.02125 0.19000
113061024 1.20000 -0.02125 0.19400
113061025 1.20000 -0.02125 0.19800
113061026 1.20000 -0.02125 0.20200
113061027 1.20000 -0.02125 0.20600
113061028 1.20000 -0.02125 0.21000
113061029 1.20000 -0.02125 0.21400
113061030 1.20000 -0.02125 0.21800
113061031 1.20000 -0.02125 0.22200
113061032 1.20000 -0.02125 0.22600
113061033 1.20000 -0.02125 0.23000
113061034 1.20000 -0.02125 0.23400
113061035 1.20000 -0.02125 0.23800
113061036 1.20000 -0.02125 0.24200
113061037 1.20000 -0.02125 0.24600
113061038 1.20000 -0.02125 0.25000
113061039 1.20000 -0.02125 0.25400
113061040 1.20000 -0.02125 0.25800
113061041 1.20000 -0.02125 0.26200
113061042 1.20000 -0.02125 0.26600
113061043 1.20000 -0.02125 0.27000
113061044 1.20000 -0.02125 0.27400
113061045 1.20000 -0.02125 0.27800
113061046 1.20000 -0.02125 0.28200
113061047 1.20000 -0.02125 0.28600
113061048 1.20000 -0.02125 0.29000
113061049 1.20000 -0.02125 0.29400
113061050 1.20000 -0.02125 0.29800
113061051 1.20000 -0.00775 -0.29800
113061052 1.20000 -0.00775 -0.29400
113061053 1.20000 -0.00775 -0.29000
113061054 1.20000 -0.00775 -0.28600
113061055 1.20000 -0.00775 -0.28200
113061056 1.20000 -0.00775 -0.27800
113061057 1.20000 -0.00775 -0.27400
113061058 1.20000 -0.00775 -0.27000
113061059 1.20000 -0.00775 -0.26600
113061060 1.20000 -0.00775 -0.26200
113061061 1.20000 -0.00775 -0.25800
113061062 1.20000 -0.00775 -0.25400
113061063 1.20000 -0.00775 -0.25000
113061064 1.20000 -0.00775 -0.24600
113061065 1.20000 -0.00775 -0.24200
113061066 1.20000 -0.00775 -0.23800
113061067 1.20000 -0.00775 -0.23400
113061068 1.20000 -0.00775 -0.23000
113061069 1.20000 -0.00775 -0.22600
113061070 1.20000 -0.00775 -0.22200
113061071 1.20000 -0.00775 -0.21800
113061072 1.20000 -0.00775 -0.21400
113061073 1.20000 -0.00775 -0.21000
113061074 1.20000 -0.00775 -0.20600
113061075 1.20000 -0.00775 -0.20200
113061076 1.20000 -0.00775 -0.19800
113061077 1.20000 -0.00775 -0.19400
113061078 1.20000 -0.00775 -0.19000
113061079 1.20000 -0.00775 -0.18600
113061080 1.20000 -0.00775 -0.18200
113061081 1.20000 -0.00775 -0.17800
113061082 1.20000 -0.00775 -0.17400
113061083 1.20000 -0.00775 -0.17000
113061084 1.20000 -0.00775 -0.16600
113061085 1.20000 -0.00775 -0.16200
113061086 1.20000 -0.00775 -0.15800
113061087 1.20000 -0.00775 -0.15400
113061088 1.20000 -0.00775 -0.15000
113061089 1.20000 -0.00775 -0.14600
113061090 1.20000 -0.00775 -0.14200
113061091 1.20000 -0.00775 -0.13800
113061092 1.20000 -0.00775 -0.13400
113061093 1.20000 -0.00775 -0.13000
113061094 1.20000 -0.00775 -0.12600
113061095 1.20000 -0.00775 -0.12200
113061096 1.20000 -0.00775 -0.11800
113061097 1.20000 -0.00775 -0.11400
113061098 1.20000 -0.00775 -0.11000
113061099 1.20000 -0.00775 -0.10600
113061100 1.20000 -0.00775 -0.10200
113061101 1.20000 -0.00775 -0.09800
113061102 1.20000 -0.00775 -0.09400
113061103 1.20000 -0.00775 -0.09000
113061104 1.20000 -0.00775 -0.08600
113061105 1.20000 -0.00775 -0.08200
113061106 1.20000 -0.00775 -0.07800
113061107 1.20000 -0.00775 -0.07400
113061108 1.20000 -0.00775 -0.07000
113061109 1.20000 -0.00775 -0.06600
113061110 1.20000 -0.00775 -0.06200
113061111 1.20000 -0.00775 -0.05800
113061112 1.20000 -0.00775 -0.05400
113061113 1.20000 -0.00775 -0.05000
113061114 1.20000 -0.00775 -0.04600
113061115 1.20000 -0.00775 -0.04200
113061116 1.20000 -0.00775 -0.03800
113061117 1.20000 -0.00775 -0.03400
113061118 1.20000 -0.00775 -0.03000
113061119 1.20000 -0.00775 -0.02600
113061120 1.20000 -0.00775 -0.02200
113061121 1.20000 -0.00775 -0.01800
113061122 1.20000 -0.00775 -0.01400
113061123 1.20000 -0.00775 -0.01000
113061124 1.20000 -0.00775 -0.00600
113061125 1.20000 -0.00775 -0.00200
113061126 1.20000 -0.00775 0.00200
113061127 1.20000 -0.00775 0.00600
113061128 1.20000 -0.00775 0.01000
113061129 1.20000 -0.00775 0.01400
113061130 1.20000 -0.00775 0.01800
113061131 1.20000 -0.00775 0.02200
113061132 1.20000 -0.00775 0.02600
113061133 1.20000 -0.00775 0.03000
113061134 1.20000 -0.00775 0.03400
113061135 1.20000 -0.00775 0.03800
113061136 1.20000 -0.00775 0.04200
113061137 1.20000 -0.00775 0.04600
113061138 1.20000 -0.00775 0.05000
113061139 1.20000 -0.00775 0.05400
113061140 1.20000 -0.00775 0.05800
113061141 1.20000 -0.00775 0.06200
113061142 1.20000 -0.00775 0.06600
113061143 1.20000 -0.00775 0.07000
113061144 1.20000 -0.00775 0.07400
113061145 1.20000 -0.00775 0.07800
113061146 1.20000 -0.00775 0.08200
113061147 1.20000 -0.00775 0.08600
113061148 1.20000 -0.00775 0.09000
113061149 1.20000 -0.00775 0.09400
113061150 1.20000 -0.00775 0.09800
113061151 1.20000 -0.00775 0.10200
113061152 1.20000 -0.00775 0.10600
113061153 1.20000 -0.00775 0.11000
113061154 1.20000 -0.00775 0.11400
113061155 1.20000 -0.00775 0.11800
113061156 1.20000 -0.00775 0.12200
113061157 1.20000 -0.00775 0.12600
113061158 1.20000 -0.00775 0.13000
113061159 1.20000 -0.00775 0.13400
113061160 1.20000 -0.00775 0.13800
113061161 1.20000 -0.00775 0.14200
113061162 1.20000 -0.00775 0.14600
113061163 1.20000 -0.00775 0.15000
113061164 1.20000 -0.00775 0.15400
113061165 1.20000 -0.00775 0.15800
113061166 1.20000 -0.00775 0.16200
113061167 1.20000 -0.00775 0.16600
113061168 1.20000 -0.00775 0.17000
113061169 1.20000 -0.00775 0.17400
113061170 1.20000 -0.00775 0.17800
113061171 1.20000 -0.00775 0.18200
113061172 1.20000 -0.00775 0.18600
113061173 1.20000 -0.00775 0.19000
113061174 1.20000 -0.00775 0.19400
113061175 1.20000 -0.00775 0.19800
113061176 1.20000 -0.00775 0.20200
113061177 1.20000 -0.00775 0.20600
113061178 1.20000 -0.00775 0.21000
113061179 1.20000 -0.00775 0.21400
113061180 1.20000 -0.00775 0.21800
113061181 1.20000 -0.00775 0.22200
113061182 1.20000 -0.00775 0.22600
113061183 1.20000 -0.00775 0.23000
113061184 1.20000 -0.00775 0.23400
113061185 1.20000 -0.00775 0.23800
113061186 1.20000 -0.00775 0.24200
113061187 1.20000 -0.00775 0.24600
113061188 1.20000 -0.00775 0.25000
113061189 1.20000 -0.00775 0.25400
113061190 1.20000 -0.00775 0.25800
113061191 1.20000 -0.00775 0.26200
113061192 1.20000 -0.00775 0.26600
113061193 1.20000 -0.00775 0.27000
113061194 1.20000 -0.00775 0.27400
113061195 1.20000 -0.00775 0.27800
113061196 1.20000 -0.00775 0.28200
113061197 1.20000 -0.00775 0.28600
113061198 1.20000 -0.00775 0.29000
113061199 1.20000 -0.00775 0.29400
113061200 1.20000 -0.00775 0.29800
