# pixelID  x  y  z
109080001 -0.71402 0.11775 1.02946
109080002 -0.71651 0.11775 1.02633
109080003 -0.71901 0.11775 1.02320
109080004 -0.72150 0.11775 1.02008
109080005 -0.72399 0.11775 1.01695
109080006 -0.72649 0.11775 1.01382
109080007 -0.72898 0.11775 1.01069
109080008 -0.73147 0.11775 1.00756
109080009 -0.73396 0.11775 1.00444
109080010 -0.73646 0.11775 1.00131
109080011 -0.73895 0.11775 0.99818
109080012 -0.74144 0.11775 0.99505
109080013 -0.74394 0.11775 0.99192
109080014 -0.74643 0.11775 0.98880
109080015 -0.74892 0.11775 0.98567
109080016 -0.75142 0.11775 0.98254
109080017 -0.75391 0.11775 0.97941
109080018 -0.75640 0.11775 0.97628
109080019 -0.75890 0.11775 0.97316
109080020 -0.76139 0.11775 0.97003
109080021 -0.76388 0.11775 0.96690
109080022 -0.76637 0.11775 0.96377
109080023 -0.76887 0.11775 0.96064
109080024 -0.77136 0.11775 0.95752
109080025 -0.77385 0.11775 0.95439
109080026 -0.77635 0.11775 0.95126
109080027 -0.77884 0.11775 0.94813
109080028 -0.78133 0.11775 0.94500
109080029 -0.78383 0.11775 0.94187
109080030 -0.78632 0.11775 0.93875
109080031 -0.78881 0.11775 0.93562
109080032 -0.79130 0.11775 0.93249
109080033 -0.79380 0.11775 0.92936
109080034 -0.79629 0.11775 0.92623
109080035 -0.79878 0.11775 0.92311
109080036 -0.80128 0.11775 0.91998
109080037 -0.80377 0.11775 0.91685
109080038 -0.80626 0.11775 0.91372
109080039 -0.80876 0.11775 0.91059
109080040 -0.81125 0.11775 0.90747
109080041 -0.81374 0.11775 0.90434
109080042 -0.81624 0.11775 0.90121
109080043 -0.81873 0.11775 0.89808
109080044 -0.82122 0.11775 0.89495
109080045 -0.82371 0.11775 0.89183
109080046 -0.82621 0.11775 0.88870
109080047 -0.82870 0.11775 0.88557
109080048 -0.83119 0.11775 0.88244
109080049 -0.83369 0.11775 0.87931
109080050 -0.83618 0.11775 0.87619
109080051 -0.83867 0.11775 0.87306
109080052 -0.84117 0.11775 0.86993
109080053 -0.84366 0.11775 0.86680
109080054 -0.84615 0.11775 0.86367
109080055 -0.84865 0.11775 0.86055
109080056 -0.85114 0.11775 0.85742
109080057 -0.85363 0.11775 0.85429
109080058 -0.85612 0.11775 0.85116
109080059 -0.85862 0.11775 0.84803
109080060 -0.86111 0.11775 0.84491
109080061 -0.86360 0.11775 0.84178
109080062 -0.86610 0.11775 0.83865
109080063 -0.86859 0.11775 0.83552
109080064 -0.87108 0.11775 0.83239
109080065 -0.87358 0.11775 0.82927
109080066 -0.87607 0.11775 0.82614
109080067 -0.87856 0.11775 0.82301
109080068 -0.88106 0.11775 0.81988
109080069 -0.88355 0.11775 0.81675
109080070 -0.88604 0.11775 0.81363
109080071 -0.88853 0.11775 0.81050
109080072 -0.89103 0.11775 0.80737
109080073 -0.89352 0.11775 0.80424
109080074 -0.89601 0.11775 0.80111
109080075 -0.89851 0.11775 0.79798
109080076 -0.90100 0.11775 0.79486
109080077 -0.90349 0.11775 0.79173
109080078 -0.90599 0.11775 0.78860
109080079 -0.90848 0.11775 0.78547
109080080 -0.91097 0.11775 0.78234
109080081 -0.91346 0.11775 0.77922
109080082 -0.91596 0.11775 0.77609
109080083 -0.91845 0.11775 0.77296
109080084 -0.92094 0.11775 0.76983
109080085 -0.92344 0.11775 0.76670
109080086 -0.92593 0.11775 0.76358
109080087 -0.92842 0.11775 0.76045
109080088 -0.93092 0.11775 0.75732
109080089 -0.93341 0.11775 0.75419
109080090 -0.93590 0.11775 0.75106
109080091 -0.93840 0.11775 0.74794
109080092 -0.94089 0.11775 0.74481
109080093 -0.94338 0.11775 0.74168
109080094 -0.94587 0.11775 0.73855
109080095 -0.94837 0.11775 0.73542
109080096 -0.95086 0.11775 0.73230
109080097 -0.95335 0.11775 0.72917
109080098 -0.95585 0.11775 0.72604
109080099 -0.95834 0.11775 0.72291
109080100 -0.96083 0.11775 0.71978
109080101 -0.96333 0.11775 0.71666
109080102 -0.96582 0.11775 0.71353
109080103 -0.96831 0.11775 0.71040
109080104 -0.97081 0.11775 0.70727
109080105 -0.97330 0.11775 0.70414
109080106 -0.97579 0.11775 0.70102
109080107 -0.97828 0.11775 0.69789
109080108 -0.98078 0.11775 0.69476
109080109 -0.98327 0.11775 0.69163
109080110 -0.98576 0.11775 0.68850
109080111 -0.98826 0.11775 0.68538
109080112 -0.99075 0.11775 0.68225
109080113 -0.99324 0.11775 0.67912
109080114 -0.99574 0.11775 0.67599
109080115 -0.99823 0.11775 0.67286
109080116 -1.00072 0.11775 0.66974
109080117 -1.00322 0.11775 0.66661
109080118 -1.00571 0.11775 0.66348
109080119 -1.00820 0.11775 0.66035
109080120 -1.01069 0.11775 0.65722
109080121 -1.01319 0.11775 0.65410
109080122 -1.01568 0.11775 0.65097
109080123 -1.01817 0.11775 0.64784
109080124 -1.02067 0.11775 0.64471
109080125 -1.02316 0.11775 0.64158
109080126 -1.02565 0.11775 0.63845
109080127 -1.02815 0.11775 0.63533
109080128 -1.03064 0.11775 0.63220
109080129 -1.03313 0.11775 0.62907
109080130 -1.03563 0.11775 0.62594
109080131 -1.03812 0.11775 0.62281
109080132 -1.04061 0.11775 0.61969
109080133 -1.04310 0.11775 0.61656
109080134 -1.04560 0.11775 0.61343
109080135 -1.04809 0.11775 0.61030
109080136 -1.05058 0.11775 0.60717
109080137 -1.05308 0.11775 0.60405
109080138 -1.05557 0.11775 0.60092
109080139 -1.05806 0.11775 0.59779
109080140 -1.06056 0.11775 0.59466
109080141 -1.06305 0.11775 0.59153
109080142 -1.06554 0.11775 0.58841
109080143 -1.06803 0.11775 0.58528
109080144 -1.07053 0.11775 0.58215
109080145 -1.07302 0.11775 0.57902
109080146 -1.07551 0.11775 0.57589
109080147 -1.07801 0.11775 0.57277
109080148 -1.08050 0.11775 0.56964
109080149 -1.08299 0.11775 0.56651
109080150 -1.08549 0.11775 0.56338
109080151 -0.71402 0.13125 1.02946
109080152 -0.71651 0.13125 1.02633
109080153 -0.71901 0.13125 1.02320
109080154 -0.72150 0.13125 1.02008
109080155 -0.72399 0.13125 1.01695
109080156 -0.72649 0.13125 1.01382
109080157 -0.72898 0.13125 1.01069
109080158 -0.73147 0.13125 1.00756
109080159 -0.73396 0.13125 1.00444
109080160 -0.73646 0.13125 1.00131
109080161 -0.73895 0.13125 0.99818
109080162 -0.74144 0.13125 0.99505
109080163 -0.74394 0.13125 0.99192
109080164 -0.74643 0.13125 0.98880
109080165 -0.74892 0.13125 0.98567
109080166 -0.75142 0.13125 0.98254
109080167 -0.75391 0.13125 0.97941
109080168 -0.75640 0.13125 0.97628
109080169 -0.75890 0.13125 0.97316
109080170 -0.76139 0.13125 0.97003
109080171 -0.76388 0.13125 0.96690
109080172 -0.76637 0.13125 0.96377
109080173 -0.76887 0.13125 0.96064
109080174 -0.77136 0.13125 0.95752
109080175 -0.77385 0.13125 0.95439
109080176 -0.77635 0.13125 0.95126
109080177 -0.77884 0.13125 0.94813
109080178 -0.78133 0.13125 0.94500
109080179 -0.78383 0.13125 0.94187
109080180 -0.78632 0.13125 0.93875
109080181 -0.78881 0.13125 0.93562
109080182 -0.79130 0.13125 0.93249
109080183 -0.79380 0.13125 0.92936
109080184 -0.79629 0.13125 0.92623
109080185 -0.79878 0.13125 0.92311
109080186 -0.80128 0.13125 0.91998
109080187 -0.80377 0.13125 0.91685
109080188 -0.80626 0.13125 0.91372
109080189 -0.80876 0.13125 0.91059
109080190 -0.81125 0.13125 0.90747
109080191 -0.81374 0.13125 0.90434
109080192 -0.81624 0.13125 0.90121
109080193 -0.81873 0.13125 0.89808
109080194 -0.82122 0.13125 0.89495
109080195 -0.82371 0.13125 0.89183
109080196 -0.82621 0.13125 0.88870
109080197 -0.82870 0.13125 0.88557
109080198 -0.83119 0.13125 0.88244
109080199 -0.83369 0.13125 0.87931
109080200 -0.83618 0.13125 0.87619
109080201 -0.83867 0.13125 0.87306
109080202 -0.84117 0.13125 0.86993
109080203 -0.84366 0.13125 0.86680
109080204 -0.84615 0.13125 0.86367
109080205 -0.84865 0.13125 0.86055
109080206 -0.85114 0.13125 0.85742
109080207 -0.85363 0.13125 0.85429
109080208 -0.85612 0.13125 0.85116
109080209 -0.85862 0.13125 0.84803
109080210 -0.86111 0.13125 0.84491
109080211 -0.86360 0.13125 0.84178
109080212 -0.86610 0.13125 0.83865
109080213 -0.86859 0.13125 0.83552
109080214 -0.87108 0.13125 0.83239
109080215 -0.87358 0.13125 0.82927
109080216 -0.87607 0.13125 0.82614
109080217 -0.87856 0.13125 0.82301
109080218 -0.88106 0.13125 0.81988
109080219 -0.88355 0.13125 0.81675
109080220 -0.88604 0.13125 0.81363
109080221 -0.88853 0.13125 0.81050
109080222 -0.89103 0.13125 0.80737
109080223 -0.89352 0.13125 0.80424
109080224 -0.89601 0.13125 0.80111
109080225 -0.89851 0.13125 0.79798
109080226 -0.90100 0.13125 0.79486
109080227 -0.90349 0.13125 0.79173
109080228 -0.90599 0.13125 0.78860
109080229 -0.90848 0.13125 0.78547
109080230 -0.91097 0.13125 0.78234
109080231 -0.91346 0.13125 0.77922
109080232 -0.91596 0.13125 0.77609
109080233 -0.91845 0.13125 0.77296
109080234 -0.92094 0.13125 0.76983
109080235 -0.92344 0.13125 0.76670
109080236 -0.92593 0.13125 0.76358
109080237 -0.92842 0.13125 0.76045
109080238 -0.93092 0.13125 0.75732
109080239 -0.93341 0.13125 0.75419
109080240 -0.93590 0.13125 0.75106
109080241 -0.93840 0.13125 0.74794
109080242 -0.94089 0.13125 0.74481
109080243 -0.94338 0.13125 0.74168
109080244 -0.94587 0.13125 0.73855
109080245 -0.94837 0.13125 0.73542
109080246 -0.95086 0.13125 0.73230
109080247 -0.95335 0.13125 0.72917
109080248 -0.95585 0.13125 0.72604
109080249 -0.95834 0.13125 0.72291
109080250 -0.96083 0.13125 0.71978
109080251 -0.96333 0.13125 0.71666
109080252 -0.96582 0.13125 0.71353
109080253 -0.96831 0.13125 0.71040
109080254 -0.97081 0.13125 0.70727
109080255 -0.97330 0.13125 0.70414
109080256 -0.97579 0.13125 0.70102
109080257 -0.97828 0.13125 0.69789
109080258 -0.98078 0.13125 0.69476
109080259 -0.98327 0.13125 0.69163
109080260 -0.98576 0.13125 0.68850
109080261 -0.98826 0.13125 0.68538
109080262 -0.99075 0.13125 0.68225
109080263 -0.99324 0.13125 0.67912
109080264 -0.99574 0.13125 0.67599
109080265 -0.99823 0.13125 0.67286
109080266 -1.00072 0.13125 0.66974
109080267 -1.00322 0.13125 0.66661
109080268 -1.00571 0.13125 0.66348
109080269 -1.00820 0.13125 0.66035
109080270 -1.01069 0.13125 0.65722
109080271 -1.01319 0.13125 0.65410
109080272 -1.01568 0.13125 0.65097
109080273 -1.01817 0.13125 0.64784
109080274 -1.02067 0.13125 0.64471
109080275 -1.02316 0.13125 0.64158
109080276 -1.02565 0.13125 0.63845
109080277 -1.02815 0.13125 0.63533
109080278 -1.03064 0.13125 0.63220
109080279 -1.03313 0.13125 0.62907
109080280 -1.03563 0.13125 0.62594
109080281 -1.03812 0.13125 0.62281
109080282 -1.04061 0.13125 0.61969
109080283 -1.04310 0.13125 0.61656
109080284 -1.04560 0.13125 0.61343
109080285 -1.04809 0.13125 0.61030
109080286 -1.05058 0.13125 0.60717
109080287 -1.05308 0.13125 0.60405
109080288 -1.05557 0.13125 0.60092
109080289 -1.05806 0.13125 0.59779
109080290 -1.06056 0.13125 0.59466
109080291 -1.06305 0.13125 0.59153
109080292 -1.06554 0.13125 0.58841
109080293 -1.06803 0.13125 0.58528
109080294 -1.07053 0.13125 0.58215
109080295 -1.07302 0.13125 0.57902
109080296 -1.07551 0.13125 0.57589
109080297 -1.07801 0.13125 0.57277
109080298 -1.08050 0.13125 0.56964
109080299 -1.08299 0.13125 0.56651
109080300 -1.08549 0.13125 0.56338
109080301 -0.71402 0.14475 1.02946
109080302 -0.71651 0.14475 1.02633
109080303 -0.71901 0.14475 1.02320
109080304 -0.72150 0.14475 1.02008
109080305 -0.72399 0.14475 1.01695
109080306 -0.72649 0.14475 1.01382
109080307 -0.72898 0.14475 1.01069
109080308 -0.73147 0.14475 1.00756
109080309 -0.73396 0.14475 1.00444
109080310 -0.73646 0.14475 1.00131
109080311 -0.73895 0.14475 0.99818
109080312 -0.74144 0.14475 0.99505
109080313 -0.74394 0.14475 0.99192
109080314 -0.74643 0.14475 0.98880
109080315 -0.74892 0.14475 0.98567
109080316 -0.75142 0.14475 0.98254
109080317 -0.75391 0.14475 0.97941
109080318 -0.75640 0.14475 0.97628
109080319 -0.75890 0.14475 0.97316
109080320 -0.76139 0.14475 0.97003
109080321 -0.76388 0.14475 0.96690
109080322 -0.76637 0.14475 0.96377
109080323 -0.76887 0.14475 0.96064
109080324 -0.77136 0.14475 0.95752
109080325 -0.77385 0.14475 0.95439
109080326 -0.77635 0.14475 0.95126
109080327 -0.77884 0.14475 0.94813
109080328 -0.78133 0.14475 0.94500
109080329 -0.78383 0.14475 0.94187
109080330 -0.78632 0.14475 0.93875
109080331 -0.78881 0.14475 0.93562
109080332 -0.79130 0.14475 0.93249
109080333 -0.79380 0.14475 0.92936
109080334 -0.79629 0.14475 0.92623
109080335 -0.79878 0.14475 0.92311
109080336 -0.80128 0.14475 0.91998
109080337 -0.80377 0.14475 0.91685
109080338 -0.80626 0.14475 0.91372
109080339 -0.80876 0.14475 0.91059
109080340 -0.81125 0.14475 0.90747
109080341 -0.81374 0.14475 0.90434
109080342 -0.81624 0.14475 0.90121
109080343 -0.81873 0.14475 0.89808
109080344 -0.82122 0.14475 0.89495
109080345 -0.82371 0.14475 0.89183
109080346 -0.82621 0.14475 0.88870
109080347 -0.82870 0.14475 0.88557
109080348 -0.83119 0.14475 0.88244
109080349 -0.83369 0.14475 0.87931
109080350 -0.83618 0.14475 0.87619
109080351 -0.83867 0.14475 0.87306
109080352 -0.84117 0.14475 0.86993
109080353 -0.84366 0.14475 0.86680
109080354 -0.84615 0.14475 0.86367
109080355 -0.84865 0.14475 0.86055
109080356 -0.85114 0.14475 0.85742
109080357 -0.85363 0.14475 0.85429
109080358 -0.85612 0.14475 0.85116
109080359 -0.85862 0.14475 0.84803
109080360 -0.86111 0.14475 0.84491
109080361 -0.86360 0.14475 0.84178
109080362 -0.86610 0.14475 0.83865
109080363 -0.86859 0.14475 0.83552
109080364 -0.87108 0.14475 0.83239
109080365 -0.87358 0.14475 0.82927
109080366 -0.87607 0.14475 0.82614
109080367 -0.87856 0.14475 0.82301
109080368 -0.88106 0.14475 0.81988
109080369 -0.88355 0.14475 0.81675
109080370 -0.88604 0.14475 0.81363
109080371 -0.88853 0.14475 0.81050
109080372 -0.89103 0.14475 0.80737
109080373 -0.89352 0.14475 0.80424
109080374 -0.89601 0.14475 0.80111
109080375 -0.89851 0.14475 0.79798
109080376 -0.90100 0.14475 0.79486
109080377 -0.90349 0.14475 0.79173
109080378 -0.90599 0.14475 0.78860
109080379 -0.90848 0.14475 0.78547
109080380 -0.91097 0.14475 0.78234
109080381 -0.91346 0.14475 0.77922
109080382 -0.91596 0.14475 0.77609
109080383 -0.91845 0.14475 0.77296
109080384 -0.92094 0.14475 0.76983
109080385 -0.92344 0.14475 0.76670
109080386 -0.92593 0.14475 0.76358
109080387 -0.92842 0.14475 0.76045
109080388 -0.93092 0.14475 0.75732
109080389 -0.93341 0.14475 0.75419
109080390 -0.93590 0.14475 0.75106
109080391 -0.93840 0.14475 0.74794
109080392 -0.94089 0.14475 0.74481
109080393 -0.94338 0.14475 0.74168
109080394 -0.94587 0.14475 0.73855
109080395 -0.94837 0.14475 0.73542
109080396 -0.95086 0.14475 0.73230
109080397 -0.95335 0.14475 0.72917
109080398 -0.95585 0.14475 0.72604
109080399 -0.95834 0.14475 0.72291
109080400 -0.96083 0.14475 0.71978
109080401 -0.96333 0.14475 0.71666
109080402 -0.96582 0.14475 0.71353
109080403 -0.96831 0.14475 0.71040
109080404 -0.97081 0.14475 0.70727
109080405 -0.97330 0.14475 0.70414
109080406 -0.97579 0.14475 0.70102
109080407 -0.97828 0.14475 0.69789
109080408 -0.98078 0.14475 0.69476
109080409 -0.98327 0.14475 0.69163
109080410 -0.98576 0.14475 0.68850
109080411 -0.98826 0.14475 0.68538
109080412 -0.99075 0.14475 0.68225
109080413 -0.99324 0.14475 0.67912
109080414 -0.99574 0.14475 0.67599
109080415 -0.99823 0.14475 0.67286
109080416 -1.00072 0.14475 0.66974
109080417 -1.00322 0.14475 0.66661
109080418 -1.00571 0.14475 0.66348
109080419 -1.00820 0.14475 0.66035
109080420 -1.01069 0.14475 0.65722
109080421 -1.01319 0.14475 0.65410
109080422 -1.01568 0.14475 0.65097
109080423 -1.01817 0.14475 0.64784
109080424 -1.02067 0.14475 0.64471
109080425 -1.02316 0.14475 0.64158
109080426 -1.02565 0.14475 0.63845
109080427 -1.02815 0.14475 0.63533
109080428 -1.03064 0.14475 0.63220
109080429 -1.03313 0.14475 0.62907
109080430 -1.03563 0.14475 0.62594
109080431 -1.03812 0.14475 0.62281
109080432 -1.04061 0.14475 0.61969
109080433 -1.04310 0.14475 0.61656
109080434 -1.04560 0.14475 0.61343
109080435 -1.04809 0.14475 0.61030
109080436 -1.05058 0.14475 0.60717
109080437 -1.05308 0.14475 0.60405
109080438 -1.05557 0.14475 0.60092
109080439 -1.05806 0.14475 0.59779
109080440 -1.06056 0.14475 0.59466
109080441 -1.06305 0.14475 0.59153
109080442 -1.06554 0.14475 0.58841
109080443 -1.06803 0.14475 0.58528
109080444 -1.07053 0.14475 0.58215
109080445 -1.07302 0.14475 0.57902
109080446 -1.07551 0.14475 0.57589
109080447 -1.07801 0.14475 0.57277
109080448 -1.08050 0.14475 0.56964
109080449 -1.08299 0.14475 0.56651
109080450 -1.08549 0.14475 0.56338
109080451 -0.71402 0.15825 1.02946
109080452 -0.71651 0.15825 1.02633
109080453 -0.71901 0.15825 1.02320
109080454 -0.72150 0.15825 1.02008
109080455 -0.72399 0.15825 1.01695
109080456 -0.72649 0.15825 1.01382
109080457 -0.72898 0.15825 1.01069
109080458 -0.73147 0.15825 1.00756
109080459 -0.73396 0.15825 1.00444
109080460 -0.73646 0.15825 1.00131
109080461 -0.73895 0.15825 0.99818
109080462 -0.74144 0.15825 0.99505
109080463 -0.74394 0.15825 0.99192
109080464 -0.74643 0.15825 0.98880
109080465 -0.74892 0.15825 0.98567
109080466 -0.75142 0.15825 0.98254
109080467 -0.75391 0.15825 0.97941
109080468 -0.75640 0.15825 0.97628
109080469 -0.75890 0.15825 0.97316
109080470 -0.76139 0.15825 0.97003
109080471 -0.76388 0.15825 0.96690
109080472 -0.76637 0.15825 0.96377
109080473 -0.76887 0.15825 0.96064
109080474 -0.77136 0.15825 0.95752
109080475 -0.77385 0.15825 0.95439
109080476 -0.77635 0.15825 0.95126
109080477 -0.77884 0.15825 0.94813
109080478 -0.78133 0.15825 0.94500
109080479 -0.78383 0.15825 0.94187
109080480 -0.78632 0.15825 0.93875
109080481 -0.78881 0.15825 0.93562
109080482 -0.79130 0.15825 0.93249
109080483 -0.79380 0.15825 0.92936
109080484 -0.79629 0.15825 0.92623
109080485 -0.79878 0.15825 0.92311
109080486 -0.80128 0.15825 0.91998
109080487 -0.80377 0.15825 0.91685
109080488 -0.80626 0.15825 0.91372
109080489 -0.80876 0.15825 0.91059
109080490 -0.81125 0.15825 0.90747
109080491 -0.81374 0.15825 0.90434
109080492 -0.81624 0.15825 0.90121
109080493 -0.81873 0.15825 0.89808
109080494 -0.82122 0.15825 0.89495
109080495 -0.82371 0.15825 0.89183
109080496 -0.82621 0.15825 0.88870
109080497 -0.82870 0.15825 0.88557
109080498 -0.83119 0.15825 0.88244
109080499 -0.83369 0.15825 0.87931
109080500 -0.83618 0.15825 0.87619
109080501 -0.83867 0.15825 0.87306
109080502 -0.84117 0.15825 0.86993
109080503 -0.84366 0.15825 0.86680
109080504 -0.84615 0.15825 0.86367
109080505 -0.84865 0.15825 0.86055
109080506 -0.85114 0.15825 0.85742
109080507 -0.85363 0.15825 0.85429
109080508 -0.85612 0.15825 0.85116
109080509 -0.85862 0.15825 0.84803
109080510 -0.86111 0.15825 0.84491
109080511 -0.86360 0.15825 0.84178
109080512 -0.86610 0.15825 0.83865
109080513 -0.86859 0.15825 0.83552
109080514 -0.87108 0.15825 0.83239
109080515 -0.87358 0.15825 0.82927
109080516 -0.87607 0.15825 0.82614
109080517 -0.87856 0.15825 0.82301
109080518 -0.88106 0.15825 0.81988
109080519 -0.88355 0.15825 0.81675
109080520 -0.88604 0.15825 0.81363
109080521 -0.88853 0.15825 0.81050
109080522 -0.89103 0.15825 0.80737
109080523 -0.89352 0.15825 0.80424
109080524 -0.89601 0.15825 0.80111
109080525 -0.89851 0.15825 0.79798
109080526 -0.90100 0.15825 0.79486
109080527 -0.90349 0.15825 0.79173
109080528 -0.90599 0.15825 0.78860
109080529 -0.90848 0.15825 0.78547
109080530 -0.91097 0.15825 0.78234
109080531 -0.91346 0.15825 0.77922
109080532 -0.91596 0.15825 0.77609
109080533 -0.91845 0.15825 0.77296
109080534 -0.92094 0.15825 0.76983
109080535 -0.92344 0.15825 0.76670
109080536 -0.92593 0.15825 0.76358
109080537 -0.92842 0.15825 0.76045
109080538 -0.93092 0.15825 0.75732
109080539 -0.93341 0.15825 0.75419
109080540 -0.93590 0.15825 0.75106
109080541 -0.93840 0.15825 0.74794
109080542 -0.94089 0.15825 0.74481
109080543 -0.94338 0.15825 0.74168
109080544 -0.94587 0.15825 0.73855
109080545 -0.94837 0.15825 0.73542
109080546 -0.95086 0.15825 0.73230
109080547 -0.95335 0.15825 0.72917
109080548 -0.95585 0.15825 0.72604
109080549 -0.95834 0.15825 0.72291
109080550 -0.96083 0.15825 0.71978
109080551 -0.96333 0.15825 0.71666
109080552 -0.96582 0.15825 0.71353
109080553 -0.96831 0.15825 0.71040
109080554 -0.97081 0.15825 0.70727
109080555 -0.97330 0.15825 0.70414
109080556 -0.97579 0.15825 0.70102
109080557 -0.97828 0.15825 0.69789
109080558 -0.98078 0.15825 0.69476
109080559 -0.98327 0.15825 0.69163
109080560 -0.98576 0.15825 0.68850
109080561 -0.98826 0.15825 0.68538
109080562 -0.99075 0.15825 0.68225
109080563 -0.99324 0.15825 0.67912
109080564 -0.99574 0.15825 0.67599
109080565 -0.99823 0.15825 0.67286
109080566 -1.00072 0.15825 0.66974
109080567 -1.00322 0.15825 0.66661
109080568 -1.00571 0.15825 0.66348
109080569 -1.00820 0.15825 0.66035
109080570 -1.01069 0.15825 0.65722
109080571 -1.01319 0.15825 0.65410
109080572 -1.01568 0.15825 0.65097
109080573 -1.01817 0.15825 0.64784
109080574 -1.02067 0.15825 0.64471
109080575 -1.02316 0.15825 0.64158
109080576 -1.02565 0.15825 0.63845
109080577 -1.02815 0.15825 0.63533
109080578 -1.03064 0.15825 0.63220
109080579 -1.03313 0.15825 0.62907
109080580 -1.03563 0.15825 0.62594
109080581 -1.03812 0.15825 0.62281
109080582 -1.04061 0.15825 0.61969
109080583 -1.04310 0.15825 0.61656
109080584 -1.04560 0.15825 0.61343
109080585 -1.04809 0.15825 0.61030
109080586 -1.05058 0.15825 0.60717
109080587 -1.05308 0.15825 0.60405
109080588 -1.05557 0.15825 0.60092
109080589 -1.05806 0.15825 0.59779
109080590 -1.06056 0.15825 0.59466
109080591 -1.06305 0.15825 0.59153
109080592 -1.06554 0.15825 0.58841
109080593 -1.06803 0.15825 0.58528
109080594 -1.07053 0.15825 0.58215
109080595 -1.07302 0.15825 0.57902
109080596 -1.07551 0.15825 0.57589
109080597 -1.07801 0.15825 0.57277
109080598 -1.08050 0.15825 0.56964
109080599 -1.08299 0.15825 0.56651
109080600 -1.08549 0.15825 0.56338
109080601 -0.71402 0.17175 1.02946
109080602 -0.71651 0.17175 1.02633
109080603 -0.71901 0.17175 1.02320
109080604 -0.72150 0.17175 1.02008
109080605 -0.72399 0.17175 1.01695
109080606 -0.72649 0.17175 1.01382
109080607 -0.72898 0.17175 1.01069
109080608 -0.73147 0.17175 1.00756
109080609 -0.73396 0.17175 1.00444
109080610 -0.73646 0.17175 1.00131
109080611 -0.73895 0.17175 0.99818
109080612 -0.74144 0.17175 0.99505
109080613 -0.74394 0.17175 0.99192
109080614 -0.74643 0.17175 0.98880
109080615 -0.74892 0.17175 0.98567
109080616 -0.75142 0.17175 0.98254
109080617 -0.75391 0.17175 0.97941
109080618 -0.75640 0.17175 0.97628
109080619 -0.75890 0.17175 0.97316
109080620 -0.76139 0.17175 0.97003
109080621 -0.76388 0.17175 0.96690
109080622 -0.76637 0.17175 0.96377
109080623 -0.76887 0.17175 0.96064
109080624 -0.77136 0.17175 0.95752
109080625 -0.77385 0.17175 0.95439
109080626 -0.77635 0.17175 0.95126
109080627 -0.77884 0.17175 0.94813
109080628 -0.78133 0.17175 0.94500
109080629 -0.78383 0.17175 0.94187
109080630 -0.78632 0.17175 0.93875
109080631 -0.78881 0.17175 0.93562
109080632 -0.79130 0.17175 0.93249
109080633 -0.79380 0.17175 0.92936
109080634 -0.79629 0.17175 0.92623
109080635 -0.79878 0.17175 0.92311
109080636 -0.80128 0.17175 0.91998
109080637 -0.80377 0.17175 0.91685
109080638 -0.80626 0.17175 0.91372
109080639 -0.80876 0.17175 0.91059
109080640 -0.81125 0.17175 0.90747
109080641 -0.81374 0.17175 0.90434
109080642 -0.81624 0.17175 0.90121
109080643 -0.81873 0.17175 0.89808
109080644 -0.82122 0.17175 0.89495
109080645 -0.82371 0.17175 0.89183
109080646 -0.82621 0.17175 0.88870
109080647 -0.82870 0.17175 0.88557
109080648 -0.83119 0.17175 0.88244
109080649 -0.83369 0.17175 0.87931
109080650 -0.83618 0.17175 0.87619
109080651 -0.83867 0.17175 0.87306
109080652 -0.84117 0.17175 0.86993
109080653 -0.84366 0.17175 0.86680
109080654 -0.84615 0.17175 0.86367
109080655 -0.84865 0.17175 0.86055
109080656 -0.85114 0.17175 0.85742
109080657 -0.85363 0.17175 0.85429
109080658 -0.85612 0.17175 0.85116
109080659 -0.85862 0.17175 0.84803
109080660 -0.86111 0.17175 0.84491
109080661 -0.86360 0.17175 0.84178
109080662 -0.86610 0.17175 0.83865
109080663 -0.86859 0.17175 0.83552
109080664 -0.87108 0.17175 0.83239
109080665 -0.87358 0.17175 0.82927
109080666 -0.87607 0.17175 0.82614
109080667 -0.87856 0.17175 0.82301
109080668 -0.88106 0.17175 0.81988
109080669 -0.88355 0.17175 0.81675
109080670 -0.88604 0.17175 0.81363
109080671 -0.88853 0.17175 0.81050
109080672 -0.89103 0.17175 0.80737
109080673 -0.89352 0.17175 0.80424
109080674 -0.89601 0.17175 0.80111
109080675 -0.89851 0.17175 0.79798
109080676 -0.90100 0.17175 0.79486
109080677 -0.90349 0.17175 0.79173
109080678 -0.90599 0.17175 0.78860
109080679 -0.90848 0.17175 0.78547
109080680 -0.91097 0.17175 0.78234
109080681 -0.91346 0.17175 0.77922
109080682 -0.91596 0.17175 0.77609
109080683 -0.91845 0.17175 0.77296
109080684 -0.92094 0.17175 0.76983
109080685 -0.92344 0.17175 0.76670
109080686 -0.92593 0.17175 0.76358
109080687 -0.92842 0.17175 0.76045
109080688 -0.93092 0.17175 0.75732
109080689 -0.93341 0.17175 0.75419
109080690 -0.93590 0.17175 0.75106
109080691 -0.93840 0.17175 0.74794
109080692 -0.94089 0.17175 0.74481
109080693 -0.94338 0.17175 0.74168
109080694 -0.94587 0.17175 0.73855
109080695 -0.94837 0.17175 0.73542
109080696 -0.95086 0.17175 0.73230
109080697 -0.95335 0.17175 0.72917
109080698 -0.95585 0.17175 0.72604
109080699 -0.95834 0.17175 0.72291
109080700 -0.96083 0.17175 0.71978
109080701 -0.96333 0.17175 0.71666
109080702 -0.96582 0.17175 0.71353
109080703 -0.96831 0.17175 0.71040
109080704 -0.97081 0.17175 0.70727
109080705 -0.97330 0.17175 0.70414
109080706 -0.97579 0.17175 0.70102
109080707 -0.97828 0.17175 0.69789
109080708 -0.98078 0.17175 0.69476
109080709 -0.98327 0.17175 0.69163
109080710 -0.98576 0.17175 0.68850
109080711 -0.98826 0.17175 0.68538
109080712 -0.99075 0.17175 0.68225
109080713 -0.99324 0.17175 0.67912
109080714 -0.99574 0.17175 0.67599
109080715 -0.99823 0.17175 0.67286
109080716 -1.00072 0.17175 0.66974
109080717 -1.00322 0.17175 0.66661
109080718 -1.00571 0.17175 0.66348
109080719 -1.00820 0.17175 0.66035
109080720 -1.01069 0.17175 0.65722
109080721 -1.01319 0.17175 0.65410
109080722 -1.01568 0.17175 0.65097
109080723 -1.01817 0.17175 0.64784
109080724 -1.02067 0.17175 0.64471
109080725 -1.02316 0.17175 0.64158
109080726 -1.02565 0.17175 0.63845
109080727 -1.02815 0.17175 0.63533
109080728 -1.03064 0.17175 0.63220
109080729 -1.03313 0.17175 0.62907
109080730 -1.03563 0.17175 0.62594
109080731 -1.03812 0.17175 0.62281
109080732 -1.04061 0.17175 0.61969
109080733 -1.04310 0.17175 0.61656
109080734 -1.04560 0.17175 0.61343
109080735 -1.04809 0.17175 0.61030
109080736 -1.05058 0.17175 0.60717
109080737 -1.05308 0.17175 0.60405
109080738 -1.05557 0.17175 0.60092
109080739 -1.05806 0.17175 0.59779
109080740 -1.06056 0.17175 0.59466
109080741 -1.06305 0.17175 0.59153
109080742 -1.06554 0.17175 0.58841
109080743 -1.06803 0.17175 0.58528
109080744 -1.07053 0.17175 0.58215
109080745 -1.07302 0.17175 0.57902
109080746 -1.07551 0.17175 0.57589
109080747 -1.07801 0.17175 0.57277
109080748 -1.08050 0.17175 0.56964
109080749 -1.08299 0.17175 0.56651
109080750 -1.08549 0.17175 0.56338
109080751 -0.71402 0.18525 1.02946
109080752 -0.71651 0.18525 1.02633
109080753 -0.71901 0.18525 1.02320
109080754 -0.72150 0.18525 1.02008
109080755 -0.72399 0.18525 1.01695
109080756 -0.72649 0.18525 1.01382
109080757 -0.72898 0.18525 1.01069
109080758 -0.73147 0.18525 1.00756
109080759 -0.73396 0.18525 1.00444
109080760 -0.73646 0.18525 1.00131
109080761 -0.73895 0.18525 0.99818
109080762 -0.74144 0.18525 0.99505
109080763 -0.74394 0.18525 0.99192
109080764 -0.74643 0.18525 0.98880
109080765 -0.74892 0.18525 0.98567
109080766 -0.75142 0.18525 0.98254
109080767 -0.75391 0.18525 0.97941
109080768 -0.75640 0.18525 0.97628
109080769 -0.75890 0.18525 0.97316
109080770 -0.76139 0.18525 0.97003
109080771 -0.76388 0.18525 0.96690
109080772 -0.76637 0.18525 0.96377
109080773 -0.76887 0.18525 0.96064
109080774 -0.77136 0.18525 0.95752
109080775 -0.77385 0.18525 0.95439
109080776 -0.77635 0.18525 0.95126
109080777 -0.77884 0.18525 0.94813
109080778 -0.78133 0.18525 0.94500
109080779 -0.78383 0.18525 0.94187
109080780 -0.78632 0.18525 0.93875
109080781 -0.78881 0.18525 0.93562
109080782 -0.79130 0.18525 0.93249
109080783 -0.79380 0.18525 0.92936
109080784 -0.79629 0.18525 0.92623
109080785 -0.79878 0.18525 0.92311
109080786 -0.80128 0.18525 0.91998
109080787 -0.80377 0.18525 0.91685
109080788 -0.80626 0.18525 0.91372
109080789 -0.80876 0.18525 0.91059
109080790 -0.81125 0.18525 0.90747
109080791 -0.81374 0.18525 0.90434
109080792 -0.81624 0.18525 0.90121
109080793 -0.81873 0.18525 0.89808
109080794 -0.82122 0.18525 0.89495
109080795 -0.82371 0.18525 0.89183
109080796 -0.82621 0.18525 0.88870
109080797 -0.82870 0.18525 0.88557
109080798 -0.83119 0.18525 0.88244
109080799 -0.83369 0.18525 0.87931
109080800 -0.83618 0.18525 0.87619
109080801 -0.83867 0.18525 0.87306
109080802 -0.84117 0.18525 0.86993
109080803 -0.84366 0.18525 0.86680
109080804 -0.84615 0.18525 0.86367
109080805 -0.84865 0.18525 0.86055
109080806 -0.85114 0.18525 0.85742
109080807 -0.85363 0.18525 0.85429
109080808 -0.85612 0.18525 0.85116
109080809 -0.85862 0.18525 0.84803
109080810 -0.86111 0.18525 0.84491
109080811 -0.86360 0.18525 0.84178
109080812 -0.86610 0.18525 0.83865
109080813 -0.86859 0.18525 0.83552
109080814 -0.87108 0.18525 0.83239
109080815 -0.87358 0.18525 0.82927
109080816 -0.87607 0.18525 0.82614
109080817 -0.87856 0.18525 0.82301
109080818 -0.88106 0.18525 0.81988
109080819 -0.88355 0.18525 0.81675
109080820 -0.88604 0.18525 0.81363
109080821 -0.88853 0.18525 0.81050
109080822 -0.89103 0.18525 0.80737
109080823 -0.89352 0.18525 0.80424
109080824 -0.89601 0.18525 0.80111
109080825 -0.89851 0.18525 0.79798
109080826 -0.90100 0.18525 0.79486
109080827 -0.90349 0.18525 0.79173
109080828 -0.90599 0.18525 0.78860
109080829 -0.90848 0.18525 0.78547
109080830 -0.91097 0.18525 0.78234
109080831 -0.91346 0.18525 0.77922
109080832 -0.91596 0.18525 0.77609
109080833 -0.91845 0.18525 0.77296
109080834 -0.92094 0.18525 0.76983
109080835 -0.92344 0.18525 0.76670
109080836 -0.92593 0.18525 0.76358
109080837 -0.92842 0.18525 0.76045
109080838 -0.93092 0.18525 0.75732
109080839 -0.93341 0.18525 0.75419
109080840 -0.93590 0.18525 0.75106
109080841 -0.93840 0.18525 0.74794
109080842 -0.94089 0.18525 0.74481
109080843 -0.94338 0.18525 0.74168
109080844 -0.94587 0.18525 0.73855
109080845 -0.94837 0.18525 0.73542
109080846 -0.95086 0.18525 0.73230
109080847 -0.95335 0.18525 0.72917
109080848 -0.95585 0.18525 0.72604
109080849 -0.95834 0.18525 0.72291
109080850 -0.96083 0.18525 0.71978
109080851 -0.96333 0.18525 0.71666
109080852 -0.96582 0.18525 0.71353
109080853 -0.96831 0.18525 0.71040
109080854 -0.97081 0.18525 0.70727
109080855 -0.97330 0.18525 0.70414
109080856 -0.97579 0.18525 0.70102
109080857 -0.97828 0.18525 0.69789
109080858 -0.98078 0.18525 0.69476
109080859 -0.98327 0.18525 0.69163
109080860 -0.98576 0.18525 0.68850
109080861 -0.98826 0.18525 0.68538
109080862 -0.99075 0.18525 0.68225
109080863 -0.99324 0.18525 0.67912
109080864 -0.99574 0.18525 0.67599
109080865 -0.99823 0.18525 0.67286
109080866 -1.00072 0.18525 0.66974
109080867 -1.00322 0.18525 0.66661
109080868 -1.00571 0.18525 0.66348
109080869 -1.00820 0.18525 0.66035
109080870 -1.01069 0.18525 0.65722
109080871 -1.01319 0.18525 0.65410
109080872 -1.01568 0.18525 0.65097
109080873 -1.01817 0.18525 0.64784
109080874 -1.02067 0.18525 0.64471
109080875 -1.02316 0.18525 0.64158
109080876 -1.02565 0.18525 0.63845
109080877 -1.02815 0.18525 0.63533
109080878 -1.03064 0.18525 0.63220
109080879 -1.03313 0.18525 0.62907
109080880 -1.03563 0.18525 0.62594
109080881 -1.03812 0.18525 0.62281
109080882 -1.04061 0.18525 0.61969
109080883 -1.04310 0.18525 0.61656
109080884 -1.04560 0.18525 0.61343
109080885 -1.04809 0.18525 0.61030
109080886 -1.05058 0.18525 0.60717
109080887 -1.05308 0.18525 0.60405
109080888 -1.05557 0.18525 0.60092
109080889 -1.05806 0.18525 0.59779
109080890 -1.06056 0.18525 0.59466
109080891 -1.06305 0.18525 0.59153
109080892 -1.06554 0.18525 0.58841
109080893 -1.06803 0.18525 0.58528
109080894 -1.07053 0.18525 0.58215
109080895 -1.07302 0.18525 0.57902
109080896 -1.07551 0.18525 0.57589
109080897 -1.07801 0.18525 0.57277
109080898 -1.08050 0.18525 0.56964
109080899 -1.08299 0.18525 0.56651
109080900 -1.08549 0.18525 0.56338
109080901 -0.71402 0.19875 1.02946
109080902 -0.71651 0.19875 1.02633
109080903 -0.71901 0.19875 1.02320
109080904 -0.72150 0.19875 1.02008
109080905 -0.72399 0.19875 1.01695
109080906 -0.72649 0.19875 1.01382
109080907 -0.72898 0.19875 1.01069
109080908 -0.73147 0.19875 1.00756
109080909 -0.73396 0.19875 1.00444
109080910 -0.73646 0.19875 1.00131
109080911 -0.73895 0.19875 0.99818
109080912 -0.74144 0.19875 0.99505
109080913 -0.74394 0.19875 0.99192
109080914 -0.74643 0.19875 0.98880
109080915 -0.74892 0.19875 0.98567
109080916 -0.75142 0.19875 0.98254
109080917 -0.75391 0.19875 0.97941
109080918 -0.75640 0.19875 0.97628
109080919 -0.75890 0.19875 0.97316
109080920 -0.76139 0.19875 0.97003
109080921 -0.76388 0.19875 0.96690
109080922 -0.76637 0.19875 0.96377
109080923 -0.76887 0.19875 0.96064
109080924 -0.77136 0.19875 0.95752
109080925 -0.77385 0.19875 0.95439
109080926 -0.77635 0.19875 0.95126
109080927 -0.77884 0.19875 0.94813
109080928 -0.78133 0.19875 0.94500
109080929 -0.78383 0.19875 0.94187
109080930 -0.78632 0.19875 0.93875
109080931 -0.78881 0.19875 0.93562
109080932 -0.79130 0.19875 0.93249
109080933 -0.79380 0.19875 0.92936
109080934 -0.79629 0.19875 0.92623
109080935 -0.79878 0.19875 0.92311
109080936 -0.80128 0.19875 0.91998
109080937 -0.80377 0.19875 0.91685
109080938 -0.80626 0.19875 0.91372
109080939 -0.80876 0.19875 0.91059
109080940 -0.81125 0.19875 0.90747
109080941 -0.81374 0.19875 0.90434
109080942 -0.81624 0.19875 0.90121
109080943 -0.81873 0.19875 0.89808
109080944 -0.82122 0.19875 0.89495
109080945 -0.82371 0.19875 0.89183
109080946 -0.82621 0.19875 0.88870
109080947 -0.82870 0.19875 0.88557
109080948 -0.83119 0.19875 0.88244
109080949 -0.83369 0.19875 0.87931
109080950 -0.83618 0.19875 0.87619
109080951 -0.83867 0.19875 0.87306
109080952 -0.84117 0.19875 0.86993
109080953 -0.84366 0.19875 0.86680
109080954 -0.84615 0.19875 0.86367
109080955 -0.84865 0.19875 0.86055
109080956 -0.85114 0.19875 0.85742
109080957 -0.85363 0.19875 0.85429
109080958 -0.85612 0.19875 0.85116
109080959 -0.85862 0.19875 0.84803
109080960 -0.86111 0.19875 0.84491
109080961 -0.86360 0.19875 0.84178
109080962 -0.86610 0.19875 0.83865
109080963 -0.86859 0.19875 0.83552
109080964 -0.87108 0.19875 0.83239
109080965 -0.87358 0.19875 0.82927
109080966 -0.87607 0.19875 0.82614
109080967 -0.87856 0.19875 0.82301
109080968 -0.88106 0.19875 0.81988
109080969 -0.88355 0.19875 0.81675
109080970 -0.88604 0.19875 0.81363
109080971 -0.88853 0.19875 0.81050
109080972 -0.89103 0.19875 0.80737
109080973 -0.89352 0.19875 0.80424
109080974 -0.89601 0.19875 0.80111
109080975 -0.89851 0.19875 0.79798
109080976 -0.90100 0.19875 0.79486
109080977 -0.90349 0.19875 0.79173
109080978 -0.90599 0.19875 0.78860
109080979 -0.90848 0.19875 0.78547
109080980 -0.91097 0.19875 0.78234
109080981 -0.91346 0.19875 0.77922
109080982 -0.91596 0.19875 0.77609
109080983 -0.91845 0.19875 0.77296
109080984 -0.92094 0.19875 0.76983
109080985 -0.92344 0.19875 0.76670
109080986 -0.92593 0.19875 0.76358
109080987 -0.92842 0.19875 0.76045
109080988 -0.93092 0.19875 0.75732
109080989 -0.93341 0.19875 0.75419
109080990 -0.93590 0.19875 0.75106
109080991 -0.93840 0.19875 0.74794
109080992 -0.94089 0.19875 0.74481
109080993 -0.94338 0.19875 0.74168
109080994 -0.94587 0.19875 0.73855
109080995 -0.94837 0.19875 0.73542
109080996 -0.95086 0.19875 0.73230
109080997 -0.95335 0.19875 0.72917
109080998 -0.95585 0.19875 0.72604
109080999 -0.95834 0.19875 0.72291
109081000 -0.96083 0.19875 0.71978
109081001 -0.96333 0.19875 0.71666
109081002 -0.96582 0.19875 0.71353
109081003 -0.96831 0.19875 0.71040
109081004 -0.97081 0.19875 0.70727
109081005 -0.97330 0.19875 0.70414
109081006 -0.97579 0.19875 0.70102
109081007 -0.97828 0.19875 0.69789
109081008 -0.98078 0.19875 0.69476
109081009 -0.98327 0.19875 0.69163
109081010 -0.98576 0.19875 0.68850
109081011 -0.98826 0.19875 0.68538
109081012 -0.99075 0.19875 0.68225
109081013 -0.99324 0.19875 0.67912
109081014 -0.99574 0.19875 0.67599
109081015 -0.99823 0.19875 0.67286
109081016 -1.00072 0.19875 0.66974
109081017 -1.00322 0.19875 0.66661
109081018 -1.00571 0.19875 0.66348
109081019 -1.00820 0.19875 0.66035
109081020 -1.01069 0.19875 0.65722
109081021 -1.01319 0.19875 0.65410
109081022 -1.01568 0.19875 0.65097
109081023 -1.01817 0.19875 0.64784
109081024 -1.02067 0.19875 0.64471
109081025 -1.02316 0.19875 0.64158
109081026 -1.02565 0.19875 0.63845
109081027 -1.02815 0.19875 0.63533
109081028 -1.03064 0.19875 0.63220
109081029 -1.03313 0.19875 0.62907
109081030 -1.03563 0.19875 0.62594
109081031 -1.03812 0.19875 0.62281
109081032 -1.04061 0.19875 0.61969
109081033 -1.04310 0.19875 0.61656
109081034 -1.04560 0.19875 0.61343
109081035 -1.04809 0.19875 0.61030
109081036 -1.05058 0.19875 0.60717
109081037 -1.05308 0.19875 0.60405
109081038 -1.05557 0.19875 0.60092
109081039 -1.05806 0.19875 0.59779
109081040 -1.06056 0.19875 0.59466
109081041 -1.06305 0.19875 0.59153
109081042 -1.06554 0.19875 0.58841
109081043 -1.06803 0.19875 0.58528
109081044 -1.07053 0.19875 0.58215
109081045 -1.07302 0.19875 0.57902
109081046 -1.07551 0.19875 0.57589
109081047 -1.07801 0.19875 0.57277
109081048 -1.08050 0.19875 0.56964
109081049 -1.08299 0.19875 0.56651
109081050 -1.08549 0.19875 0.56338
109081051 -0.71402 0.21225 1.02946
109081052 -0.71651 0.21225 1.02633
109081053 -0.71901 0.21225 1.02320
109081054 -0.72150 0.21225 1.02008
109081055 -0.72399 0.21225 1.01695
109081056 -0.72649 0.21225 1.01382
109081057 -0.72898 0.21225 1.01069
109081058 -0.73147 0.21225 1.00756
109081059 -0.73396 0.21225 1.00444
109081060 -0.73646 0.21225 1.00131
109081061 -0.73895 0.21225 0.99818
109081062 -0.74144 0.21225 0.99505
109081063 -0.74394 0.21225 0.99192
109081064 -0.74643 0.21225 0.98880
109081065 -0.74892 0.21225 0.98567
109081066 -0.75142 0.21225 0.98254
109081067 -0.75391 0.21225 0.97941
109081068 -0.75640 0.21225 0.97628
109081069 -0.75890 0.21225 0.97316
109081070 -0.76139 0.21225 0.97003
109081071 -0.76388 0.21225 0.96690
109081072 -0.76637 0.21225 0.96377
109081073 -0.76887 0.21225 0.96064
109081074 -0.77136 0.21225 0.95752
109081075 -0.77385 0.21225 0.95439
109081076 -0.77635 0.21225 0.95126
109081077 -0.77884 0.21225 0.94813
109081078 -0.78133 0.21225 0.94500
109081079 -0.78383 0.21225 0.94187
109081080 -0.78632 0.21225 0.93875
109081081 -0.78881 0.21225 0.93562
109081082 -0.79130 0.21225 0.93249
109081083 -0.79380 0.21225 0.92936
109081084 -0.79629 0.21225 0.92623
109081085 -0.79878 0.21225 0.92311
109081086 -0.80128 0.21225 0.91998
109081087 -0.80377 0.21225 0.91685
109081088 -0.80626 0.21225 0.91372
109081089 -0.80876 0.21225 0.91059
109081090 -0.81125 0.21225 0.90747
109081091 -0.81374 0.21225 0.90434
109081092 -0.81624 0.21225 0.90121
109081093 -0.81873 0.21225 0.89808
109081094 -0.82122 0.21225 0.89495
109081095 -0.82371 0.21225 0.89183
109081096 -0.82621 0.21225 0.88870
109081097 -0.82870 0.21225 0.88557
109081098 -0.83119 0.21225 0.88244
109081099 -0.83369 0.21225 0.87931
109081100 -0.83618 0.21225 0.87619
109081101 -0.83867 0.21225 0.87306
109081102 -0.84117 0.21225 0.86993
109081103 -0.84366 0.21225 0.86680
109081104 -0.84615 0.21225 0.86367
109081105 -0.84865 0.21225 0.86055
109081106 -0.85114 0.21225 0.85742
109081107 -0.85363 0.21225 0.85429
109081108 -0.85612 0.21225 0.85116
109081109 -0.85862 0.21225 0.84803
109081110 -0.86111 0.21225 0.84491
109081111 -0.86360 0.21225 0.84178
109081112 -0.86610 0.21225 0.83865
109081113 -0.86859 0.21225 0.83552
109081114 -0.87108 0.21225 0.83239
109081115 -0.87358 0.21225 0.82927
109081116 -0.87607 0.21225 0.82614
109081117 -0.87856 0.21225 0.82301
109081118 -0.88106 0.21225 0.81988
109081119 -0.88355 0.21225 0.81675
109081120 -0.88604 0.21225 0.81363
109081121 -0.88853 0.21225 0.81050
109081122 -0.89103 0.21225 0.80737
109081123 -0.89352 0.21225 0.80424
109081124 -0.89601 0.21225 0.80111
109081125 -0.89851 0.21225 0.79798
109081126 -0.90100 0.21225 0.79486
109081127 -0.90349 0.21225 0.79173
109081128 -0.90599 0.21225 0.78860
109081129 -0.90848 0.21225 0.78547
109081130 -0.91097 0.21225 0.78234
109081131 -0.91346 0.21225 0.77922
109081132 -0.91596 0.21225 0.77609
109081133 -0.91845 0.21225 0.77296
109081134 -0.92094 0.21225 0.76983
109081135 -0.92344 0.21225 0.76670
109081136 -0.92593 0.21225 0.76358
109081137 -0.92842 0.21225 0.76045
109081138 -0.93092 0.21225 0.75732
109081139 -0.93341 0.21225 0.75419
109081140 -0.93590 0.21225 0.75106
109081141 -0.93840 0.21225 0.74794
109081142 -0.94089 0.21225 0.74481
109081143 -0.94338 0.21225 0.74168
109081144 -0.94587 0.21225 0.73855
109081145 -0.94837 0.21225 0.73542
109081146 -0.95086 0.21225 0.73230
109081147 -0.95335 0.21225 0.72917
109081148 -0.95585 0.21225 0.72604
109081149 -0.95834 0.21225 0.72291
109081150 -0.96083 0.21225 0.71978
109081151 -0.96333 0.21225 0.71666
109081152 -0.96582 0.21225 0.71353
109081153 -0.96831 0.21225 0.71040
109081154 -0.97081 0.21225 0.70727
109081155 -0.97330 0.21225 0.70414
109081156 -0.97579 0.21225 0.70102
109081157 -0.97828 0.21225 0.69789
109081158 -0.98078 0.21225 0.69476
109081159 -0.98327 0.21225 0.69163
109081160 -0.98576 0.21225 0.68850
109081161 -0.98826 0.21225 0.68538
109081162 -0.99075 0.21225 0.68225
109081163 -0.99324 0.21225 0.67912
109081164 -0.99574 0.21225 0.67599
109081165 -0.99823 0.21225 0.67286
109081166 -1.00072 0.21225 0.66974
109081167 -1.00322 0.21225 0.66661
109081168 -1.00571 0.21225 0.66348
109081169 -1.00820 0.21225 0.66035
109081170 -1.01069 0.21225 0.65722
109081171 -1.01319 0.21225 0.65410
109081172 -1.01568 0.21225 0.65097
109081173 -1.01817 0.21225 0.64784
109081174 -1.02067 0.21225 0.64471
109081175 -1.02316 0.21225 0.64158
109081176 -1.02565 0.21225 0.63845
109081177 -1.02815 0.21225 0.63533
109081178 -1.03064 0.21225 0.63220
109081179 -1.03313 0.21225 0.62907
109081180 -1.03563 0.21225 0.62594
109081181 -1.03812 0.21225 0.62281
109081182 -1.04061 0.21225 0.61969
109081183 -1.04310 0.21225 0.61656
109081184 -1.04560 0.21225 0.61343
109081185 -1.04809 0.21225 0.61030
109081186 -1.05058 0.21225 0.60717
109081187 -1.05308 0.21225 0.60405
109081188 -1.05557 0.21225 0.60092
109081189 -1.05806 0.21225 0.59779
109081190 -1.06056 0.21225 0.59466
109081191 -1.06305 0.21225 0.59153
109081192 -1.06554 0.21225 0.58841
109081193 -1.06803 0.21225 0.58528
109081194 -1.07053 0.21225 0.58215
109081195 -1.07302 0.21225 0.57902
109081196 -1.07551 0.21225 0.57589
109081197 -1.07801 0.21225 0.57277
109081198 -1.08050 0.21225 0.56964
109081199 -1.08299 0.21225 0.56651
109081200 -1.08549 0.21225 0.56338
