# pixelID  x  y  z
103080001 0.36281 -1.09800 -2.00000
103080002 0.36281 -1.09400 -2.00000
103080003 0.36281 -1.09000 -2.00000
103080004 0.36281 -1.08600 -2.00000
103080005 0.36281 -1.08200 -2.00000
103080006 0.36281 -1.07800 -2.00000
103080007 0.36281 -1.07400 -2.00000
103080008 0.36281 -1.07000 -2.00000
103080009 0.36281 -1.06600 -2.00000
103080010 0.36281 -1.06200 -2.00000
103080011 0.36281 -1.05800 -2.00000
103080012 0.36281 -1.05400 -2.00000
103080013 0.36281 -1.05000 -2.00000
103080014 0.36281 -1.04600 -2.00000
103080015 0.36281 -1.04200 -2.00000
103080016 0.36281 -1.03800 -2.00000
103080017 0.36281 -1.03400 -2.00000
103080018 0.36281 -1.03000 -2.00000
103080019 0.36281 -1.02600 -2.00000
103080020 0.36281 -1.02200 -2.00000
103080021 0.36281 -1.01800 -2.00000
103080022 0.36281 -1.01400 -2.00000
103080023 0.36281 -1.01000 -2.00000
103080024 0.36281 -1.00600 -2.00000
103080025 0.36281 -1.00200 -2.00000
103080026 0.36281 -0.99800 -2.00000
103080027 0.36281 -0.99400 -2.00000
103080028 0.36281 -0.99000 -2.00000
103080029 0.36281 -0.98600 -2.00000
103080030 0.36281 -0.98200 -2.00000
103080031 0.36281 -0.97800 -2.00000
103080032 0.36281 -0.97400 -2.00000
103080033 0.36281 -0.97000 -2.00000
103080034 0.36281 -0.96600 -2.00000
103080035 0.36281 -0.96200 -2.00000
103080036 0.36281 -0.95800 -2.00000
103080037 0.36281 -0.95400 -2.00000
103080038 0.36281 -0.95000 -2.00000
103080039 0.36281 -0.94600 -2.00000
103080040 0.36281 -0.94200 -2.00000
103080041 0.36281 -0.93800 -2.00000
103080042 0.36281 -0.93400 -2.00000
103080043 0.36281 -0.93000 -2.00000
103080044 0.36281 -0.92600 -2.00000
103080045 0.36281 -0.92200 -2.00000
103080046 0.36281 -0.91800 -2.00000
103080047 0.36281 -0.91400 -2.00000
103080048 0.36281 -0.91000 -2.00000
103080049 0.36281 -0.90600 -2.00000
103080050 0.36281 -0.90200 -2.00000
103080051 0.36281 -0.89800 -2.00000
103080052 0.36281 -0.89400 -2.00000
103080053 0.36281 -0.89000 -2.00000
103080054 0.36281 -0.88600 -2.00000
103080055 0.36281 -0.88200 -2.00000
103080056 0.36281 -0.87800 -2.00000
103080057 0.36281 -0.87400 -2.00000
103080058 0.36281 -0.87000 -2.00000
103080059 0.36281 -0.86600 -2.00000
103080060 0.36281 -0.86200 -2.00000
103080061 0.36281 -0.85800 -2.00000
103080062 0.36281 -0.85400 -2.00000
103080063 0.36281 -0.85000 -2.00000
103080064 0.36281 -0.84600 -2.00000
103080065 0.36281 -0.84200 -2.00000
103080066 0.36281 -0.83800 -2.00000
103080067 0.36281 -0.83400 -2.00000
103080068 0.36281 -0.83000 -2.00000
103080069 0.36281 -0.82600 -2.00000
103080070 0.36281 -0.82200 -2.00000
103080071 0.36281 -0.81800 -2.00000
103080072 0.36281 -0.81400 -2.00000
103080073 0.36281 -0.81000 -2.00000
103080074 0.36281 -0.80600 -2.00000
103080075 0.36281 -0.80200 -2.00000
103080076 0.36281 -0.79800 -2.00000
103080077 0.36281 -0.79400 -2.00000
103080078 0.36281 -0.79000 -2.00000
103080079 0.36281 -0.78600 -2.00000
103080080 0.36281 -0.78200 -2.00000
103080081 0.36281 -0.77800 -2.00000
103080082 0.36281 -0.77400 -2.00000
103080083 0.36281 -0.77000 -2.00000
103080084 0.36281 -0.76600 -2.00000
103080085 0.36281 -0.76200 -2.00000
103080086 0.36281 -0.75800 -2.00000
103080087 0.36281 -0.75400 -2.00000
103080088 0.36281 -0.75000 -2.00000
103080089 0.36281 -0.74600 -2.00000
103080090 0.36281 -0.74200 -2.00000
103080091 0.36281 -0.73800 -2.00000
103080092 0.36281 -0.73400 -2.00000
103080093 0.36281 -0.73000 -2.00000
103080094 0.36281 -0.72600 -2.00000
103080095 0.36281 -0.72200 -2.00000
103080096 0.36281 -0.71800 -2.00000
103080097 0.36281 -0.71400 -2.00000
103080098 0.36281 -0.71000 -2.00000
103080099 0.36281 -0.70600 -2.00000
103080100 0.36281 -0.70200 -2.00000
103080101 0.36281 -0.69800 -2.00000
103080102 0.36281 -0.69400 -2.00000
103080103 0.36281 -0.69000 -2.00000
103080104 0.36281 -0.68600 -2.00000
103080105 0.36281 -0.68200 -2.00000
103080106 0.36281 -0.67800 -2.00000
103080107 0.36281 -0.67400 -2.00000
103080108 0.36281 -0.67000 -2.00000
103080109 0.36281 -0.66600 -2.00000
103080110 0.36281 -0.66200 -2.00000
103080111 0.36281 -0.65800 -2.00000
103080112 0.36281 -0.65400 -2.00000
103080113 0.36281 -0.65000 -2.00000
103080114 0.36281 -0.64600 -2.00000
103080115 0.36281 -0.64200 -2.00000
103080116 0.36281 -0.63800 -2.00000
103080117 0.36281 -0.63400 -2.00000
103080118 0.36281 -0.63000 -2.00000
103080119 0.36281 -0.62600 -2.00000
103080120 0.36281 -0.62200 -2.00000
103080121 0.36281 -0.61800 -2.00000
103080122 0.36281 -0.61400 -2.00000
103080123 0.36281 -0.61000 -2.00000
103080124 0.36281 -0.60600 -2.00000
103080125 0.36281 -0.60200 -2.00000
103080126 0.36281 -0.59800 -2.00000
103080127 0.36281 -0.59400 -2.00000
103080128 0.36281 -0.59000 -2.00000
103080129 0.36281 -0.58600 -2.00000
103080130 0.36281 -0.58200 -2.00000
103080131 0.36281 -0.57800 -2.00000
103080132 0.36281 -0.57400 -2.00000
103080133 0.36281 -0.57000 -2.00000
103080134 0.36281 -0.56600 -2.00000
103080135 0.36281 -0.56200 -2.00000
103080136 0.36281 -0.55800 -2.00000
103080137 0.36281 -0.55400 -2.00000
103080138 0.36281 -0.55000 -2.00000
103080139 0.36281 -0.54600 -2.00000
103080140 0.36281 -0.54200 -2.00000
103080141 0.36281 -0.53800 -2.00000
103080142 0.36281 -0.53400 -2.00000
103080143 0.36281 -0.53000 -2.00000
103080144 0.36281 -0.52600 -2.00000
103080145 0.36281 -0.52200 -2.00000
103080146 0.36281 -0.51800 -2.00000
103080147 0.36281 -0.51400 -2.00000
103080148 0.36281 -0.51000 -2.00000
103080149 0.36281 -0.50600 -2.00000
103080150 0.36281 -0.50200 -2.00000
103080151 0.37131 -1.09800 -2.00000
103080152 0.37131 -1.09400 -2.00000
103080153 0.37131 -1.09000 -2.00000
103080154 0.37131 -1.08600 -2.00000
103080155 0.37131 -1.08200 -2.00000
103080156 0.37131 -1.07800 -2.00000
103080157 0.37131 -1.07400 -2.00000
103080158 0.37131 -1.07000 -2.00000
103080159 0.37131 -1.06600 -2.00000
103080160 0.37131 -1.06200 -2.00000
103080161 0.37131 -1.05800 -2.00000
103080162 0.37131 -1.05400 -2.00000
103080163 0.37131 -1.05000 -2.00000
103080164 0.37131 -1.04600 -2.00000
103080165 0.37131 -1.04200 -2.00000
103080166 0.37131 -1.03800 -2.00000
103080167 0.37131 -1.03400 -2.00000
103080168 0.37131 -1.03000 -2.00000
103080169 0.37131 -1.02600 -2.00000
103080170 0.37131 -1.02200 -2.00000
103080171 0.37131 -1.01800 -2.00000
103080172 0.37131 -1.01400 -2.00000
103080173 0.37131 -1.01000 -2.00000
103080174 0.37131 -1.00600 -2.00000
103080175 0.37131 -1.00200 -2.00000
103080176 0.37131 -0.99800 -2.00000
103080177 0.37131 -0.99400 -2.00000
103080178 0.37131 -0.99000 -2.00000
103080179 0.37131 -0.98600 -2.00000
103080180 0.37131 -0.98200 -2.00000
103080181 0.37131 -0.97800 -2.00000
103080182 0.37131 -0.97400 -2.00000
103080183 0.37131 -0.97000 -2.00000
103080184 0.37131 -0.96600 -2.00000
103080185 0.37131 -0.96200 -2.00000
103080186 0.37131 -0.95800 -2.00000
103080187 0.37131 -0.95400 -2.00000
103080188 0.37131 -0.95000 -2.00000
103080189 0.37131 -0.94600 -2.00000
103080190 0.37131 -0.94200 -2.00000
103080191 0.37131 -0.93800 -2.00000
103080192 0.37131 -0.93400 -2.00000
103080193 0.37131 -0.93000 -2.00000
103080194 0.37131 -0.92600 -2.00000
103080195 0.37131 -0.92200 -2.00000
103080196 0.37131 -0.91800 -2.00000
103080197 0.37131 -0.91400 -2.00000
103080198 0.37131 -0.91000 -2.00000
103080199 0.37131 -0.90600 -2.00000
103080200 0.37131 -0.90200 -2.00000
103080201 0.37131 -0.89800 -2.00000
103080202 0.37131 -0.89400 -2.00000
103080203 0.37131 -0.89000 -2.00000
103080204 0.37131 -0.88600 -2.00000
103080205 0.37131 -0.88200 -2.00000
103080206 0.37131 -0.87800 -2.00000
103080207 0.37131 -0.87400 -2.00000
103080208 0.37131 -0.87000 -2.00000
103080209 0.37131 -0.86600 -2.00000
103080210 0.37131 -0.86200 -2.00000
103080211 0.37131 -0.85800 -2.00000
103080212 0.37131 -0.85400 -2.00000
103080213 0.37131 -0.85000 -2.00000
103080214 0.37131 -0.84600 -2.00000
103080215 0.37131 -0.84200 -2.00000
103080216 0.37131 -0.83800 -2.00000
103080217 0.37131 -0.83400 -2.00000
103080218 0.37131 -0.83000 -2.00000
103080219 0.37131 -0.82600 -2.00000
103080220 0.37131 -0.82200 -2.00000
103080221 0.37131 -0.81800 -2.00000
103080222 0.37131 -0.81400 -2.00000
103080223 0.37131 -0.81000 -2.00000
103080224 0.37131 -0.80600 -2.00000
103080225 0.37131 -0.80200 -2.00000
103080226 0.37131 -0.79800 -2.00000
103080227 0.37131 -0.79400 -2.00000
103080228 0.37131 -0.79000 -2.00000
103080229 0.37131 -0.78600 -2.00000
103080230 0.37131 -0.78200 -2.00000
103080231 0.37131 -0.77800 -2.00000
103080232 0.37131 -0.77400 -2.00000
103080233 0.37131 -0.77000 -2.00000
103080234 0.37131 -0.76600 -2.00000
103080235 0.37131 -0.76200 -2.00000
103080236 0.37131 -0.75800 -2.00000
103080237 0.37131 -0.75400 -2.00000
103080238 0.37131 -0.75000 -2.00000
103080239 0.37131 -0.74600 -2.00000
103080240 0.37131 -0.74200 -2.00000
103080241 0.37131 -0.73800 -2.00000
103080242 0.37131 -0.73400 -2.00000
103080243 0.37131 -0.73000 -2.00000
103080244 0.37131 -0.72600 -2.00000
103080245 0.37131 -0.72200 -2.00000
103080246 0.37131 -0.71800 -2.00000
103080247 0.37131 -0.71400 -2.00000
103080248 0.37131 -0.71000 -2.00000
103080249 0.37131 -0.70600 -2.00000
103080250 0.37131 -0.70200 -2.00000
103080251 0.37131 -0.69800 -2.00000
103080252 0.37131 -0.69400 -2.00000
103080253 0.37131 -0.69000 -2.00000
103080254 0.37131 -0.68600 -2.00000
103080255 0.37131 -0.68200 -2.00000
103080256 0.37131 -0.67800 -2.00000
103080257 0.37131 -0.67400 -2.00000
103080258 0.37131 -0.67000 -2.00000
103080259 0.37131 -0.66600 -2.00000
103080260 0.37131 -0.66200 -2.00000
103080261 0.37131 -0.65800 -2.00000
103080262 0.37131 -0.65400 -2.00000
103080263 0.37131 -0.65000 -2.00000
103080264 0.37131 -0.64600 -2.00000
103080265 0.37131 -0.64200 -2.00000
103080266 0.37131 -0.63800 -2.00000
103080267 0.37131 -0.63400 -2.00000
103080268 0.37131 -0.63000 -2.00000
103080269 0.37131 -0.62600 -2.00000
103080270 0.37131 -0.62200 -2.00000
103080271 0.37131 -0.61800 -2.00000
103080272 0.37131 -0.61400 -2.00000
103080273 0.37131 -0.61000 -2.00000
103080274 0.37131 -0.60600 -2.00000
103080275 0.37131 -0.60200 -2.00000
103080276 0.37131 -0.59800 -2.00000
103080277 0.37131 -0.59400 -2.00000
103080278 0.37131 -0.59000 -2.00000
103080279 0.37131 -0.58600 -2.00000
103080280 0.37131 -0.58200 -2.00000
103080281 0.37131 -0.57800 -2.00000
103080282 0.37131 -0.57400 -2.00000
103080283 0.37131 -0.57000 -2.00000
103080284 0.37131 -0.56600 -2.00000
103080285 0.37131 -0.56200 -2.00000
103080286 0.37131 -0.55800 -2.00000
103080287 0.37131 -0.55400 -2.00000
103080288 0.37131 -0.55000 -2.00000
103080289 0.37131 -0.54600 -2.00000
103080290 0.37131 -0.54200 -2.00000
103080291 0.37131 -0.53800 -2.00000
103080292 0.37131 -0.53400 -2.00000
103080293 0.37131 -0.53000 -2.00000
103080294 0.37131 -0.52600 -2.00000
103080295 0.37131 -0.52200 -2.00000
103080296 0.37131 -0.51800 -2.00000
103080297 0.37131 -0.51400 -2.00000
103080298 0.37131 -0.51000 -2.00000
103080299 0.37131 -0.50600 -2.00000
103080300 0.37131 -0.50200 -2.00000
103080301 0.37981 -1.09800 -2.00000
103080302 0.37981 -1.09400 -2.00000
103080303 0.37981 -1.09000 -2.00000
103080304 0.37981 -1.08600 -2.00000
103080305 0.37981 -1.08200 -2.00000
103080306 0.37981 -1.07800 -2.00000
103080307 0.37981 -1.07400 -2.00000
103080308 0.37981 -1.07000 -2.00000
103080309 0.37981 -1.06600 -2.00000
103080310 0.37981 -1.06200 -2.00000
103080311 0.37981 -1.05800 -2.00000
103080312 0.37981 -1.05400 -2.00000
103080313 0.37981 -1.05000 -2.00000
103080314 0.37981 -1.04600 -2.00000
103080315 0.37981 -1.04200 -2.00000
103080316 0.37981 -1.03800 -2.00000
103080317 0.37981 -1.03400 -2.00000
103080318 0.37981 -1.03000 -2.00000
103080319 0.37981 -1.02600 -2.00000
103080320 0.37981 -1.02200 -2.00000
103080321 0.37981 -1.01800 -2.00000
103080322 0.37981 -1.01400 -2.00000
103080323 0.37981 -1.01000 -2.00000
103080324 0.37981 -1.00600 -2.00000
103080325 0.37981 -1.00200 -2.00000
103080326 0.37981 -0.99800 -2.00000
103080327 0.37981 -0.99400 -2.00000
103080328 0.37981 -0.99000 -2.00000
103080329 0.37981 -0.98600 -2.00000
103080330 0.37981 -0.98200 -2.00000
103080331 0.37981 -0.97800 -2.00000
103080332 0.37981 -0.97400 -2.00000
103080333 0.37981 -0.97000 -2.00000
103080334 0.37981 -0.96600 -2.00000
103080335 0.37981 -0.96200 -2.00000
103080336 0.37981 -0.95800 -2.00000
103080337 0.37981 -0.95400 -2.00000
103080338 0.37981 -0.95000 -2.00000
103080339 0.37981 -0.94600 -2.00000
103080340 0.37981 -0.94200 -2.00000
103080341 0.37981 -0.93800 -2.00000
103080342 0.37981 -0.93400 -2.00000
103080343 0.37981 -0.93000 -2.00000
103080344 0.37981 -0.92600 -2.00000
103080345 0.37981 -0.92200 -2.00000
103080346 0.37981 -0.91800 -2.00000
103080347 0.37981 -0.91400 -2.00000
103080348 0.37981 -0.91000 -2.00000
103080349 0.37981 -0.90600 -2.00000
103080350 0.37981 -0.90200 -2.00000
103080351 0.37981 -0.89800 -2.00000
103080352 0.37981 -0.89400 -2.00000
103080353 0.37981 -0.89000 -2.00000
103080354 0.37981 -0.88600 -2.00000
103080355 0.37981 -0.88200 -2.00000
103080356 0.37981 -0.87800 -2.00000
103080357 0.37981 -0.87400 -2.00000
103080358 0.37981 -0.87000 -2.00000
103080359 0.37981 -0.86600 -2.00000
103080360 0.37981 -0.86200 -2.00000
103080361 0.37981 -0.85800 -2.00000
103080362 0.37981 -0.85400 -2.00000
103080363 0.37981 -0.85000 -2.00000
103080364 0.37981 -0.84600 -2.00000
103080365 0.37981 -0.84200 -2.00000
103080366 0.37981 -0.83800 -2.00000
103080367 0.37981 -0.83400 -2.00000
103080368 0.37981 -0.83000 -2.00000
103080369 0.37981 -0.82600 -2.00000
103080370 0.37981 -0.82200 -2.00000
103080371 0.37981 -0.81800 -2.00000
103080372 0.37981 -0.81400 -2.00000
103080373 0.37981 -0.81000 -2.00000
103080374 0.37981 -0.80600 -2.00000
103080375 0.37981 -0.80200 -2.00000
103080376 0.37981 -0.79800 -2.00000
103080377 0.37981 -0.79400 -2.00000
103080378 0.37981 -0.79000 -2.00000
103080379 0.37981 -0.78600 -2.00000
103080380 0.37981 -0.78200 -2.00000
103080381 0.37981 -0.77800 -2.00000
103080382 0.37981 -0.77400 -2.00000
103080383 0.37981 -0.77000 -2.00000
103080384 0.37981 -0.76600 -2.00000
103080385 0.37981 -0.76200 -2.00000
103080386 0.37981 -0.75800 -2.00000
103080387 0.37981 -0.75400 -2.00000
103080388 0.37981 -0.75000 -2.00000
103080389 0.37981 -0.74600 -2.00000
103080390 0.37981 -0.74200 -2.00000
103080391 0.37981 -0.73800 -2.00000
103080392 0.37981 -0.73400 -2.00000
103080393 0.37981 -0.73000 -2.00000
103080394 0.37981 -0.72600 -2.00000
103080395 0.37981 -0.72200 -2.00000
103080396 0.37981 -0.71800 -2.00000
103080397 0.37981 -0.71400 -2.00000
103080398 0.37981 -0.71000 -2.00000
103080399 0.37981 -0.70600 -2.00000
103080400 0.37981 -0.70200 -2.00000
103080401 0.37981 -0.69800 -2.00000
103080402 0.37981 -0.69400 -2.00000
103080403 0.37981 -0.69000 -2.00000
103080404 0.37981 -0.68600 -2.00000
103080405 0.37981 -0.68200 -2.00000
103080406 0.37981 -0.67800 -2.00000
103080407 0.37981 -0.67400 -2.00000
103080408 0.37981 -0.67000 -2.00000
103080409 0.37981 -0.66600 -2.00000
103080410 0.37981 -0.66200 -2.00000
103080411 0.37981 -0.65800 -2.00000
103080412 0.37981 -0.65400 -2.00000
103080413 0.37981 -0.65000 -2.00000
103080414 0.37981 -0.64600 -2.00000
103080415 0.37981 -0.64200 -2.00000
103080416 0.37981 -0.63800 -2.00000
103080417 0.37981 -0.63400 -2.00000
103080418 0.37981 -0.63000 -2.00000
103080419 0.37981 -0.62600 -2.00000
103080420 0.37981 -0.62200 -2.00000
103080421 0.37981 -0.61800 -2.00000
103080422 0.37981 -0.61400 -2.00000
103080423 0.37981 -0.61000 -2.00000
103080424 0.37981 -0.60600 -2.00000
103080425 0.37981 -0.60200 -2.00000
103080426 0.37981 -0.59800 -2.00000
103080427 0.37981 -0.59400 -2.00000
103080428 0.37981 -0.59000 -2.00000
103080429 0.37981 -0.58600 -2.00000
103080430 0.37981 -0.58200 -2.00000
103080431 0.37981 -0.57800 -2.00000
103080432 0.37981 -0.57400 -2.00000
103080433 0.37981 -0.57000 -2.00000
103080434 0.37981 -0.56600 -2.00000
103080435 0.37981 -0.56200 -2.00000
103080436 0.37981 -0.55800 -2.00000
103080437 0.37981 -0.55400 -2.00000
103080438 0.37981 -0.55000 -2.00000
103080439 0.37981 -0.54600 -2.00000
103080440 0.37981 -0.54200 -2.00000
103080441 0.37981 -0.53800 -2.00000
103080442 0.37981 -0.53400 -2.00000
103080443 0.37981 -0.53000 -2.00000
103080444 0.37981 -0.52600 -2.00000
103080445 0.37981 -0.52200 -2.00000
103080446 0.37981 -0.51800 -2.00000
103080447 0.37981 -0.51400 -2.00000
103080448 0.37981 -0.51000 -2.00000
103080449 0.37981 -0.50600 -2.00000
103080450 0.37981 -0.50200 -2.00000
103080451 0.38831 -1.09800 -2.00000
103080452 0.38831 -1.09400 -2.00000
103080453 0.38831 -1.09000 -2.00000
103080454 0.38831 -1.08600 -2.00000
103080455 0.38831 -1.08200 -2.00000
103080456 0.38831 -1.07800 -2.00000
103080457 0.38831 -1.07400 -2.00000
103080458 0.38831 -1.07000 -2.00000
103080459 0.38831 -1.06600 -2.00000
103080460 0.38831 -1.06200 -2.00000
103080461 0.38831 -1.05800 -2.00000
103080462 0.38831 -1.05400 -2.00000
103080463 0.38831 -1.05000 -2.00000
103080464 0.38831 -1.04600 -2.00000
103080465 0.38831 -1.04200 -2.00000
103080466 0.38831 -1.03800 -2.00000
103080467 0.38831 -1.03400 -2.00000
103080468 0.38831 -1.03000 -2.00000
103080469 0.38831 -1.02600 -2.00000
103080470 0.38831 -1.02200 -2.00000
103080471 0.38831 -1.01800 -2.00000
103080472 0.38831 -1.01400 -2.00000
103080473 0.38831 -1.01000 -2.00000
103080474 0.38831 -1.00600 -2.00000
103080475 0.38831 -1.00200 -2.00000
103080476 0.38831 -0.99800 -2.00000
103080477 0.38831 -0.99400 -2.00000
103080478 0.38831 -0.99000 -2.00000
103080479 0.38831 -0.98600 -2.00000
103080480 0.38831 -0.98200 -2.00000
103080481 0.38831 -0.97800 -2.00000
103080482 0.38831 -0.97400 -2.00000
103080483 0.38831 -0.97000 -2.00000
103080484 0.38831 -0.96600 -2.00000
103080485 0.38831 -0.96200 -2.00000
103080486 0.38831 -0.95800 -2.00000
103080487 0.38831 -0.95400 -2.00000
103080488 0.38831 -0.95000 -2.00000
103080489 0.38831 -0.94600 -2.00000
103080490 0.38831 -0.94200 -2.00000
103080491 0.38831 -0.93800 -2.00000
103080492 0.38831 -0.93400 -2.00000
103080493 0.38831 -0.93000 -2.00000
103080494 0.38831 -0.92600 -2.00000
103080495 0.38831 -0.92200 -2.00000
103080496 0.38831 -0.91800 -2.00000
103080497 0.38831 -0.91400 -2.00000
103080498 0.38831 -0.91000 -2.00000
103080499 0.38831 -0.90600 -2.00000
103080500 0.38831 -0.90200 -2.00000
103080501 0.38831 -0.89800 -2.00000
103080502 0.38831 -0.89400 -2.00000
103080503 0.38831 -0.89000 -2.00000
103080504 0.38831 -0.88600 -2.00000
103080505 0.38831 -0.88200 -2.00000
103080506 0.38831 -0.87800 -2.00000
103080507 0.38831 -0.87400 -2.00000
103080508 0.38831 -0.87000 -2.00000
103080509 0.38831 -0.86600 -2.00000
103080510 0.38831 -0.86200 -2.00000
103080511 0.38831 -0.85800 -2.00000
103080512 0.38831 -0.85400 -2.00000
103080513 0.38831 -0.85000 -2.00000
103080514 0.38831 -0.84600 -2.00000
103080515 0.38831 -0.84200 -2.00000
103080516 0.38831 -0.83800 -2.00000
103080517 0.38831 -0.83400 -2.00000
103080518 0.38831 -0.83000 -2.00000
103080519 0.38831 -0.82600 -2.00000
103080520 0.38831 -0.82200 -2.00000
103080521 0.38831 -0.81800 -2.00000
103080522 0.38831 -0.81400 -2.00000
103080523 0.38831 -0.81000 -2.00000
103080524 0.38831 -0.80600 -2.00000
103080525 0.38831 -0.80200 -2.00000
103080526 0.38831 -0.79800 -2.00000
103080527 0.38831 -0.79400 -2.00000
103080528 0.38831 -0.79000 -2.00000
103080529 0.38831 -0.78600 -2.00000
103080530 0.38831 -0.78200 -2.00000
103080531 0.38831 -0.77800 -2.00000
103080532 0.38831 -0.77400 -2.00000
103080533 0.38831 -0.77000 -2.00000
103080534 0.38831 -0.76600 -2.00000
103080535 0.38831 -0.76200 -2.00000
103080536 0.38831 -0.75800 -2.00000
103080537 0.38831 -0.75400 -2.00000
103080538 0.38831 -0.75000 -2.00000
103080539 0.38831 -0.74600 -2.00000
103080540 0.38831 -0.74200 -2.00000
103080541 0.38831 -0.73800 -2.00000
103080542 0.38831 -0.73400 -2.00000
103080543 0.38831 -0.73000 -2.00000
103080544 0.38831 -0.72600 -2.00000
103080545 0.38831 -0.72200 -2.00000
103080546 0.38831 -0.71800 -2.00000
103080547 0.38831 -0.71400 -2.00000
103080548 0.38831 -0.71000 -2.00000
103080549 0.38831 -0.70600 -2.00000
103080550 0.38831 -0.70200 -2.00000
103080551 0.38831 -0.69800 -2.00000
103080552 0.38831 -0.69400 -2.00000
103080553 0.38831 -0.69000 -2.00000
103080554 0.38831 -0.68600 -2.00000
103080555 0.38831 -0.68200 -2.00000
103080556 0.38831 -0.67800 -2.00000
103080557 0.38831 -0.67400 -2.00000
103080558 0.38831 -0.67000 -2.00000
103080559 0.38831 -0.66600 -2.00000
103080560 0.38831 -0.66200 -2.00000
103080561 0.38831 -0.65800 -2.00000
103080562 0.38831 -0.65400 -2.00000
103080563 0.38831 -0.65000 -2.00000
103080564 0.38831 -0.64600 -2.00000
103080565 0.38831 -0.64200 -2.00000
103080566 0.38831 -0.63800 -2.00000
103080567 0.38831 -0.63400 -2.00000
103080568 0.38831 -0.63000 -2.00000
103080569 0.38831 -0.62600 -2.00000
103080570 0.38831 -0.62200 -2.00000
103080571 0.38831 -0.61800 -2.00000
103080572 0.38831 -0.61400 -2.00000
103080573 0.38831 -0.61000 -2.00000
103080574 0.38831 -0.60600 -2.00000
103080575 0.38831 -0.60200 -2.00000
103080576 0.38831 -0.59800 -2.00000
103080577 0.38831 -0.59400 -2.00000
103080578 0.38831 -0.59000 -2.00000
103080579 0.38831 -0.58600 -2.00000
103080580 0.38831 -0.58200 -2.00000
103080581 0.38831 -0.57800 -2.00000
103080582 0.38831 -0.57400 -2.00000
103080583 0.38831 -0.57000 -2.00000
103080584 0.38831 -0.56600 -2.00000
103080585 0.38831 -0.56200 -2.00000
103080586 0.38831 -0.55800 -2.00000
103080587 0.38831 -0.55400 -2.00000
103080588 0.38831 -0.55000 -2.00000
103080589 0.38831 -0.54600 -2.00000
103080590 0.38831 -0.54200 -2.00000
103080591 0.38831 -0.53800 -2.00000
103080592 0.38831 -0.53400 -2.00000
103080593 0.38831 -0.53000 -2.00000
103080594 0.38831 -0.52600 -2.00000
103080595 0.38831 -0.52200 -2.00000
103080596 0.38831 -0.51800 -2.00000
103080597 0.38831 -0.51400 -2.00000
103080598 0.38831 -0.51000 -2.00000
103080599 0.38831 -0.50600 -2.00000
103080600 0.38831 -0.50200 -2.00000
103080601 0.39681 -1.09800 -2.00000
103080602 0.39681 -1.09400 -2.00000
103080603 0.39681 -1.09000 -2.00000
103080604 0.39681 -1.08600 -2.00000
103080605 0.39681 -1.08200 -2.00000
103080606 0.39681 -1.07800 -2.00000
103080607 0.39681 -1.07400 -2.00000
103080608 0.39681 -1.07000 -2.00000
103080609 0.39681 -1.06600 -2.00000
103080610 0.39681 -1.06200 -2.00000
103080611 0.39681 -1.05800 -2.00000
103080612 0.39681 -1.05400 -2.00000
103080613 0.39681 -1.05000 -2.00000
103080614 0.39681 -1.04600 -2.00000
103080615 0.39681 -1.04200 -2.00000
103080616 0.39681 -1.03800 -2.00000
103080617 0.39681 -1.03400 -2.00000
103080618 0.39681 -1.03000 -2.00000
103080619 0.39681 -1.02600 -2.00000
103080620 0.39681 -1.02200 -2.00000
103080621 0.39681 -1.01800 -2.00000
103080622 0.39681 -1.01400 -2.00000
103080623 0.39681 -1.01000 -2.00000
103080624 0.39681 -1.00600 -2.00000
103080625 0.39681 -1.00200 -2.00000
103080626 0.39681 -0.99800 -2.00000
103080627 0.39681 -0.99400 -2.00000
103080628 0.39681 -0.99000 -2.00000
103080629 0.39681 -0.98600 -2.00000
103080630 0.39681 -0.98200 -2.00000
103080631 0.39681 -0.97800 -2.00000
103080632 0.39681 -0.97400 -2.00000
103080633 0.39681 -0.97000 -2.00000
103080634 0.39681 -0.96600 -2.00000
103080635 0.39681 -0.96200 -2.00000
103080636 0.39681 -0.95800 -2.00000
103080637 0.39681 -0.95400 -2.00000
103080638 0.39681 -0.95000 -2.00000
103080639 0.39681 -0.94600 -2.00000
103080640 0.39681 -0.94200 -2.00000
103080641 0.39681 -0.93800 -2.00000
103080642 0.39681 -0.93400 -2.00000
103080643 0.39681 -0.93000 -2.00000
103080644 0.39681 -0.92600 -2.00000
103080645 0.39681 -0.92200 -2.00000
103080646 0.39681 -0.91800 -2.00000
103080647 0.39681 -0.91400 -2.00000
103080648 0.39681 -0.91000 -2.00000
103080649 0.39681 -0.90600 -2.00000
103080650 0.39681 -0.90200 -2.00000
103080651 0.39681 -0.89800 -2.00000
103080652 0.39681 -0.89400 -2.00000
103080653 0.39681 -0.89000 -2.00000
103080654 0.39681 -0.88600 -2.00000
103080655 0.39681 -0.88200 -2.00000
103080656 0.39681 -0.87800 -2.00000
103080657 0.39681 -0.87400 -2.00000
103080658 0.39681 -0.87000 -2.00000
103080659 0.39681 -0.86600 -2.00000
103080660 0.39681 -0.86200 -2.00000
103080661 0.39681 -0.85800 -2.00000
103080662 0.39681 -0.85400 -2.00000
103080663 0.39681 -0.85000 -2.00000
103080664 0.39681 -0.84600 -2.00000
103080665 0.39681 -0.84200 -2.00000
103080666 0.39681 -0.83800 -2.00000
103080667 0.39681 -0.83400 -2.00000
103080668 0.39681 -0.83000 -2.00000
103080669 0.39681 -0.82600 -2.00000
103080670 0.39681 -0.82200 -2.00000
103080671 0.39681 -0.81800 -2.00000
103080672 0.39681 -0.81400 -2.00000
103080673 0.39681 -0.81000 -2.00000
103080674 0.39681 -0.80600 -2.00000
103080675 0.39681 -0.80200 -2.00000
103080676 0.39681 -0.79800 -2.00000
103080677 0.39681 -0.79400 -2.00000
103080678 0.39681 -0.79000 -2.00000
103080679 0.39681 -0.78600 -2.00000
103080680 0.39681 -0.78200 -2.00000
103080681 0.39681 -0.77800 -2.00000
103080682 0.39681 -0.77400 -2.00000
103080683 0.39681 -0.77000 -2.00000
103080684 0.39681 -0.76600 -2.00000
103080685 0.39681 -0.76200 -2.00000
103080686 0.39681 -0.75800 -2.00000
103080687 0.39681 -0.75400 -2.00000
103080688 0.39681 -0.75000 -2.00000
103080689 0.39681 -0.74600 -2.00000
103080690 0.39681 -0.74200 -2.00000
103080691 0.39681 -0.73800 -2.00000
103080692 0.39681 -0.73400 -2.00000
103080693 0.39681 -0.73000 -2.00000
103080694 0.39681 -0.72600 -2.00000
103080695 0.39681 -0.72200 -2.00000
103080696 0.39681 -0.71800 -2.00000
103080697 0.39681 -0.71400 -2.00000
103080698 0.39681 -0.71000 -2.00000
103080699 0.39681 -0.70600 -2.00000
103080700 0.39681 -0.70200 -2.00000
103080701 0.39681 -0.69800 -2.00000
103080702 0.39681 -0.69400 -2.00000
103080703 0.39681 -0.69000 -2.00000
103080704 0.39681 -0.68600 -2.00000
103080705 0.39681 -0.68200 -2.00000
103080706 0.39681 -0.67800 -2.00000
103080707 0.39681 -0.67400 -2.00000
103080708 0.39681 -0.67000 -2.00000
103080709 0.39681 -0.66600 -2.00000
103080710 0.39681 -0.66200 -2.00000
103080711 0.39681 -0.65800 -2.00000
103080712 0.39681 -0.65400 -2.00000
103080713 0.39681 -0.65000 -2.00000
103080714 0.39681 -0.64600 -2.00000
103080715 0.39681 -0.64200 -2.00000
103080716 0.39681 -0.63800 -2.00000
103080717 0.39681 -0.63400 -2.00000
103080718 0.39681 -0.63000 -2.00000
103080719 0.39681 -0.62600 -2.00000
103080720 0.39681 -0.62200 -2.00000
103080721 0.39681 -0.61800 -2.00000
103080722 0.39681 -0.61400 -2.00000
103080723 0.39681 -0.61000 -2.00000
103080724 0.39681 -0.60600 -2.00000
103080725 0.39681 -0.60200 -2.00000
103080726 0.39681 -0.59800 -2.00000
103080727 0.39681 -0.59400 -2.00000
103080728 0.39681 -0.59000 -2.00000
103080729 0.39681 -0.58600 -2.00000
103080730 0.39681 -0.58200 -2.00000
103080731 0.39681 -0.57800 -2.00000
103080732 0.39681 -0.57400 -2.00000
103080733 0.39681 -0.57000 -2.00000
103080734 0.39681 -0.56600 -2.00000
103080735 0.39681 -0.56200 -2.00000
103080736 0.39681 -0.55800 -2.00000
103080737 0.39681 -0.55400 -2.00000
103080738 0.39681 -0.55000 -2.00000
103080739 0.39681 -0.54600 -2.00000
103080740 0.39681 -0.54200 -2.00000
103080741 0.39681 -0.53800 -2.00000
103080742 0.39681 -0.53400 -2.00000
103080743 0.39681 -0.53000 -2.00000
103080744 0.39681 -0.52600 -2.00000
103080745 0.39681 -0.52200 -2.00000
103080746 0.39681 -0.51800 -2.00000
103080747 0.39681 -0.51400 -2.00000
103080748 0.39681 -0.51000 -2.00000
103080749 0.39681 -0.50600 -2.00000
103080750 0.39681 -0.50200 -2.00000
103080751 0.40531 -1.09800 -2.00000
103080752 0.40531 -1.09400 -2.00000
103080753 0.40531 -1.09000 -2.00000
103080754 0.40531 -1.08600 -2.00000
103080755 0.40531 -1.08200 -2.00000
103080756 0.40531 -1.07800 -2.00000
103080757 0.40531 -1.07400 -2.00000
103080758 0.40531 -1.07000 -2.00000
103080759 0.40531 -1.06600 -2.00000
103080760 0.40531 -1.06200 -2.00000
103080761 0.40531 -1.05800 -2.00000
103080762 0.40531 -1.05400 -2.00000
103080763 0.40531 -1.05000 -2.00000
103080764 0.40531 -1.04600 -2.00000
103080765 0.40531 -1.04200 -2.00000
103080766 0.40531 -1.03800 -2.00000
103080767 0.40531 -1.03400 -2.00000
103080768 0.40531 -1.03000 -2.00000
103080769 0.40531 -1.02600 -2.00000
103080770 0.40531 -1.02200 -2.00000
103080771 0.40531 -1.01800 -2.00000
103080772 0.40531 -1.01400 -2.00000
103080773 0.40531 -1.01000 -2.00000
103080774 0.40531 -1.00600 -2.00000
103080775 0.40531 -1.00200 -2.00000
103080776 0.40531 -0.99800 -2.00000
103080777 0.40531 -0.99400 -2.00000
103080778 0.40531 -0.99000 -2.00000
103080779 0.40531 -0.98600 -2.00000
103080780 0.40531 -0.98200 -2.00000
103080781 0.40531 -0.97800 -2.00000
103080782 0.40531 -0.97400 -2.00000
103080783 0.40531 -0.97000 -2.00000
103080784 0.40531 -0.96600 -2.00000
103080785 0.40531 -0.96200 -2.00000
103080786 0.40531 -0.95800 -2.00000
103080787 0.40531 -0.95400 -2.00000
103080788 0.40531 -0.95000 -2.00000
103080789 0.40531 -0.94600 -2.00000
103080790 0.40531 -0.94200 -2.00000
103080791 0.40531 -0.93800 -2.00000
103080792 0.40531 -0.93400 -2.00000
103080793 0.40531 -0.93000 -2.00000
103080794 0.40531 -0.92600 -2.00000
103080795 0.40531 -0.92200 -2.00000
103080796 0.40531 -0.91800 -2.00000
103080797 0.40531 -0.91400 -2.00000
103080798 0.40531 -0.91000 -2.00000
103080799 0.40531 -0.90600 -2.00000
103080800 0.40531 -0.90200 -2.00000
103080801 0.40531 -0.89800 -2.00000
103080802 0.40531 -0.89400 -2.00000
103080803 0.40531 -0.89000 -2.00000
103080804 0.40531 -0.88600 -2.00000
103080805 0.40531 -0.88200 -2.00000
103080806 0.40531 -0.87800 -2.00000
103080807 0.40531 -0.87400 -2.00000
103080808 0.40531 -0.87000 -2.00000
103080809 0.40531 -0.86600 -2.00000
103080810 0.40531 -0.86200 -2.00000
103080811 0.40531 -0.85800 -2.00000
103080812 0.40531 -0.85400 -2.00000
103080813 0.40531 -0.85000 -2.00000
103080814 0.40531 -0.84600 -2.00000
103080815 0.40531 -0.84200 -2.00000
103080816 0.40531 -0.83800 -2.00000
103080817 0.40531 -0.83400 -2.00000
103080818 0.40531 -0.83000 -2.00000
103080819 0.40531 -0.82600 -2.00000
103080820 0.40531 -0.82200 -2.00000
103080821 0.40531 -0.81800 -2.00000
103080822 0.40531 -0.81400 -2.00000
103080823 0.40531 -0.81000 -2.00000
103080824 0.40531 -0.80600 -2.00000
103080825 0.40531 -0.80200 -2.00000
103080826 0.40531 -0.79800 -2.00000
103080827 0.40531 -0.79400 -2.00000
103080828 0.40531 -0.79000 -2.00000
103080829 0.40531 -0.78600 -2.00000
103080830 0.40531 -0.78200 -2.00000
103080831 0.40531 -0.77800 -2.00000
103080832 0.40531 -0.77400 -2.00000
103080833 0.40531 -0.77000 -2.00000
103080834 0.40531 -0.76600 -2.00000
103080835 0.40531 -0.76200 -2.00000
103080836 0.40531 -0.75800 -2.00000
103080837 0.40531 -0.75400 -2.00000
103080838 0.40531 -0.75000 -2.00000
103080839 0.40531 -0.74600 -2.00000
103080840 0.40531 -0.74200 -2.00000
103080841 0.40531 -0.73800 -2.00000
103080842 0.40531 -0.73400 -2.00000
103080843 0.40531 -0.73000 -2.00000
103080844 0.40531 -0.72600 -2.00000
103080845 0.40531 -0.72200 -2.00000
103080846 0.40531 -0.71800 -2.00000
103080847 0.40531 -0.71400 -2.00000
103080848 0.40531 -0.71000 -2.00000
103080849 0.40531 -0.70600 -2.00000
103080850 0.40531 -0.70200 -2.00000
103080851 0.40531 -0.69800 -2.00000
103080852 0.40531 -0.69400 -2.00000
103080853 0.40531 -0.69000 -2.00000
103080854 0.40531 -0.68600 -2.00000
103080855 0.40531 -0.68200 -2.00000
103080856 0.40531 -0.67800 -2.00000
103080857 0.40531 -0.67400 -2.00000
103080858 0.40531 -0.67000 -2.00000
103080859 0.40531 -0.66600 -2.00000
103080860 0.40531 -0.66200 -2.00000
103080861 0.40531 -0.65800 -2.00000
103080862 0.40531 -0.65400 -2.00000
103080863 0.40531 -0.65000 -2.00000
103080864 0.40531 -0.64600 -2.00000
103080865 0.40531 -0.64200 -2.00000
103080866 0.40531 -0.63800 -2.00000
103080867 0.40531 -0.63400 -2.00000
103080868 0.40531 -0.63000 -2.00000
103080869 0.40531 -0.62600 -2.00000
103080870 0.40531 -0.62200 -2.00000
103080871 0.40531 -0.61800 -2.00000
103080872 0.40531 -0.61400 -2.00000
103080873 0.40531 -0.61000 -2.00000
103080874 0.40531 -0.60600 -2.00000
103080875 0.40531 -0.60200 -2.00000
103080876 0.40531 -0.59800 -2.00000
103080877 0.40531 -0.59400 -2.00000
103080878 0.40531 -0.59000 -2.00000
103080879 0.40531 -0.58600 -2.00000
103080880 0.40531 -0.58200 -2.00000
103080881 0.40531 -0.57800 -2.00000
103080882 0.40531 -0.57400 -2.00000
103080883 0.40531 -0.57000 -2.00000
103080884 0.40531 -0.56600 -2.00000
103080885 0.40531 -0.56200 -2.00000
103080886 0.40531 -0.55800 -2.00000
103080887 0.40531 -0.55400 -2.00000
103080888 0.40531 -0.55000 -2.00000
103080889 0.40531 -0.54600 -2.00000
103080890 0.40531 -0.54200 -2.00000
103080891 0.40531 -0.53800 -2.00000
103080892 0.40531 -0.53400 -2.00000
103080893 0.40531 -0.53000 -2.00000
103080894 0.40531 -0.52600 -2.00000
103080895 0.40531 -0.52200 -2.00000
103080896 0.40531 -0.51800 -2.00000
103080897 0.40531 -0.51400 -2.00000
103080898 0.40531 -0.51000 -2.00000
103080899 0.40531 -0.50600 -2.00000
103080900 0.40531 -0.50200 -2.00000
103080901 0.41381 -1.09800 -2.00000
103080902 0.41381 -1.09400 -2.00000
103080903 0.41381 -1.09000 -2.00000
103080904 0.41381 -1.08600 -2.00000
103080905 0.41381 -1.08200 -2.00000
103080906 0.41381 -1.07800 -2.00000
103080907 0.41381 -1.07400 -2.00000
103080908 0.41381 -1.07000 -2.00000
103080909 0.41381 -1.06600 -2.00000
103080910 0.41381 -1.06200 -2.00000
103080911 0.41381 -1.05800 -2.00000
103080912 0.41381 -1.05400 -2.00000
103080913 0.41381 -1.05000 -2.00000
103080914 0.41381 -1.04600 -2.00000
103080915 0.41381 -1.04200 -2.00000
103080916 0.41381 -1.03800 -2.00000
103080917 0.41381 -1.03400 -2.00000
103080918 0.41381 -1.03000 -2.00000
103080919 0.41381 -1.02600 -2.00000
103080920 0.41381 -1.02200 -2.00000
103080921 0.41381 -1.01800 -2.00000
103080922 0.41381 -1.01400 -2.00000
103080923 0.41381 -1.01000 -2.00000
103080924 0.41381 -1.00600 -2.00000
103080925 0.41381 -1.00200 -2.00000
103080926 0.41381 -0.99800 -2.00000
103080927 0.41381 -0.99400 -2.00000
103080928 0.41381 -0.99000 -2.00000
103080929 0.41381 -0.98600 -2.00000
103080930 0.41381 -0.98200 -2.00000
103080931 0.41381 -0.97800 -2.00000
103080932 0.41381 -0.97400 -2.00000
103080933 0.41381 -0.97000 -2.00000
103080934 0.41381 -0.96600 -2.00000
103080935 0.41381 -0.96200 -2.00000
103080936 0.41381 -0.95800 -2.00000
103080937 0.41381 -0.95400 -2.00000
103080938 0.41381 -0.95000 -2.00000
103080939 0.41381 -0.94600 -2.00000
103080940 0.41381 -0.94200 -2.00000
103080941 0.41381 -0.93800 -2.00000
103080942 0.41381 -0.93400 -2.00000
103080943 0.41381 -0.93000 -2.00000
103080944 0.41381 -0.92600 -2.00000
103080945 0.41381 -0.92200 -2.00000
103080946 0.41381 -0.91800 -2.00000
103080947 0.41381 -0.91400 -2.00000
103080948 0.41381 -0.91000 -2.00000
103080949 0.41381 -0.90600 -2.00000
103080950 0.41381 -0.90200 -2.00000
103080951 0.41381 -0.89800 -2.00000
103080952 0.41381 -0.89400 -2.00000
103080953 0.41381 -0.89000 -2.00000
103080954 0.41381 -0.88600 -2.00000
103080955 0.41381 -0.88200 -2.00000
103080956 0.41381 -0.87800 -2.00000
103080957 0.41381 -0.87400 -2.00000
103080958 0.41381 -0.87000 -2.00000
103080959 0.41381 -0.86600 -2.00000
103080960 0.41381 -0.86200 -2.00000
103080961 0.41381 -0.85800 -2.00000
103080962 0.41381 -0.85400 -2.00000
103080963 0.41381 -0.85000 -2.00000
103080964 0.41381 -0.84600 -2.00000
103080965 0.41381 -0.84200 -2.00000
103080966 0.41381 -0.83800 -2.00000
103080967 0.41381 -0.83400 -2.00000
103080968 0.41381 -0.83000 -2.00000
103080969 0.41381 -0.82600 -2.00000
103080970 0.41381 -0.82200 -2.00000
103080971 0.41381 -0.81800 -2.00000
103080972 0.41381 -0.81400 -2.00000
103080973 0.41381 -0.81000 -2.00000
103080974 0.41381 -0.80600 -2.00000
103080975 0.41381 -0.80200 -2.00000
103080976 0.41381 -0.79800 -2.00000
103080977 0.41381 -0.79400 -2.00000
103080978 0.41381 -0.79000 -2.00000
103080979 0.41381 -0.78600 -2.00000
103080980 0.41381 -0.78200 -2.00000
103080981 0.41381 -0.77800 -2.00000
103080982 0.41381 -0.77400 -2.00000
103080983 0.41381 -0.77000 -2.00000
103080984 0.41381 -0.76600 -2.00000
103080985 0.41381 -0.76200 -2.00000
103080986 0.41381 -0.75800 -2.00000
103080987 0.41381 -0.75400 -2.00000
103080988 0.41381 -0.75000 -2.00000
103080989 0.41381 -0.74600 -2.00000
103080990 0.41381 -0.74200 -2.00000
103080991 0.41381 -0.73800 -2.00000
103080992 0.41381 -0.73400 -2.00000
103080993 0.41381 -0.73000 -2.00000
103080994 0.41381 -0.72600 -2.00000
103080995 0.41381 -0.72200 -2.00000
103080996 0.41381 -0.71800 -2.00000
103080997 0.41381 -0.71400 -2.00000
103080998 0.41381 -0.71000 -2.00000
103080999 0.41381 -0.70600 -2.00000
103081000 0.41381 -0.70200 -2.00000
103081001 0.41381 -0.69800 -2.00000
103081002 0.41381 -0.69400 -2.00000
103081003 0.41381 -0.69000 -2.00000
103081004 0.41381 -0.68600 -2.00000
103081005 0.41381 -0.68200 -2.00000
103081006 0.41381 -0.67800 -2.00000
103081007 0.41381 -0.67400 -2.00000
103081008 0.41381 -0.67000 -2.00000
103081009 0.41381 -0.66600 -2.00000
103081010 0.41381 -0.66200 -2.00000
103081011 0.41381 -0.65800 -2.00000
103081012 0.41381 -0.65400 -2.00000
103081013 0.41381 -0.65000 -2.00000
103081014 0.41381 -0.64600 -2.00000
103081015 0.41381 -0.64200 -2.00000
103081016 0.41381 -0.63800 -2.00000
103081017 0.41381 -0.63400 -2.00000
103081018 0.41381 -0.63000 -2.00000
103081019 0.41381 -0.62600 -2.00000
103081020 0.41381 -0.62200 -2.00000
103081021 0.41381 -0.61800 -2.00000
103081022 0.41381 -0.61400 -2.00000
103081023 0.41381 -0.61000 -2.00000
103081024 0.41381 -0.60600 -2.00000
103081025 0.41381 -0.60200 -2.00000
103081026 0.41381 -0.59800 -2.00000
103081027 0.41381 -0.59400 -2.00000
103081028 0.41381 -0.59000 -2.00000
103081029 0.41381 -0.58600 -2.00000
103081030 0.41381 -0.58200 -2.00000
103081031 0.41381 -0.57800 -2.00000
103081032 0.41381 -0.57400 -2.00000
103081033 0.41381 -0.57000 -2.00000
103081034 0.41381 -0.56600 -2.00000
103081035 0.41381 -0.56200 -2.00000
103081036 0.41381 -0.55800 -2.00000
103081037 0.41381 -0.55400 -2.00000
103081038 0.41381 -0.55000 -2.00000
103081039 0.41381 -0.54600 -2.00000
103081040 0.41381 -0.54200 -2.00000
103081041 0.41381 -0.53800 -2.00000
103081042 0.41381 -0.53400 -2.00000
103081043 0.41381 -0.53000 -2.00000
103081044 0.41381 -0.52600 -2.00000
103081045 0.41381 -0.52200 -2.00000
103081046 0.41381 -0.51800 -2.00000
103081047 0.41381 -0.51400 -2.00000
103081048 0.41381 -0.51000 -2.00000
103081049 0.41381 -0.50600 -2.00000
103081050 0.41381 -0.50200 -2.00000
103081051 0.42231 -1.09800 -2.00000
103081052 0.42231 -1.09400 -2.00000
103081053 0.42231 -1.09000 -2.00000
103081054 0.42231 -1.08600 -2.00000
103081055 0.42231 -1.08200 -2.00000
103081056 0.42231 -1.07800 -2.00000
103081057 0.42231 -1.07400 -2.00000
103081058 0.42231 -1.07000 -2.00000
103081059 0.42231 -1.06600 -2.00000
103081060 0.42231 -1.06200 -2.00000
103081061 0.42231 -1.05800 -2.00000
103081062 0.42231 -1.05400 -2.00000
103081063 0.42231 -1.05000 -2.00000
103081064 0.42231 -1.04600 -2.00000
103081065 0.42231 -1.04200 -2.00000
103081066 0.42231 -1.03800 -2.00000
103081067 0.42231 -1.03400 -2.00000
103081068 0.42231 -1.03000 -2.00000
103081069 0.42231 -1.02600 -2.00000
103081070 0.42231 -1.02200 -2.00000
103081071 0.42231 -1.01800 -2.00000
103081072 0.42231 -1.01400 -2.00000
103081073 0.42231 -1.01000 -2.00000
103081074 0.42231 -1.00600 -2.00000
103081075 0.42231 -1.00200 -2.00000
103081076 0.42231 -0.99800 -2.00000
103081077 0.42231 -0.99400 -2.00000
103081078 0.42231 -0.99000 -2.00000
103081079 0.42231 -0.98600 -2.00000
103081080 0.42231 -0.98200 -2.00000
103081081 0.42231 -0.97800 -2.00000
103081082 0.42231 -0.97400 -2.00000
103081083 0.42231 -0.97000 -2.00000
103081084 0.42231 -0.96600 -2.00000
103081085 0.42231 -0.96200 -2.00000
103081086 0.42231 -0.95800 -2.00000
103081087 0.42231 -0.95400 -2.00000
103081088 0.42231 -0.95000 -2.00000
103081089 0.42231 -0.94600 -2.00000
103081090 0.42231 -0.94200 -2.00000
103081091 0.42231 -0.93800 -2.00000
103081092 0.42231 -0.93400 -2.00000
103081093 0.42231 -0.93000 -2.00000
103081094 0.42231 -0.92600 -2.00000
103081095 0.42231 -0.92200 -2.00000
103081096 0.42231 -0.91800 -2.00000
103081097 0.42231 -0.91400 -2.00000
103081098 0.42231 -0.91000 -2.00000
103081099 0.42231 -0.90600 -2.00000
103081100 0.42231 -0.90200 -2.00000
103081101 0.42231 -0.89800 -2.00000
103081102 0.42231 -0.89400 -2.00000
103081103 0.42231 -0.89000 -2.00000
103081104 0.42231 -0.88600 -2.00000
103081105 0.42231 -0.88200 -2.00000
103081106 0.42231 -0.87800 -2.00000
103081107 0.42231 -0.87400 -2.00000
103081108 0.42231 -0.87000 -2.00000
103081109 0.42231 -0.86600 -2.00000
103081110 0.42231 -0.86200 -2.00000
103081111 0.42231 -0.85800 -2.00000
103081112 0.42231 -0.85400 -2.00000
103081113 0.42231 -0.85000 -2.00000
103081114 0.42231 -0.84600 -2.00000
103081115 0.42231 -0.84200 -2.00000
103081116 0.42231 -0.83800 -2.00000
103081117 0.42231 -0.83400 -2.00000
103081118 0.42231 -0.83000 -2.00000
103081119 0.42231 -0.82600 -2.00000
103081120 0.42231 -0.82200 -2.00000
103081121 0.42231 -0.81800 -2.00000
103081122 0.42231 -0.81400 -2.00000
103081123 0.42231 -0.81000 -2.00000
103081124 0.42231 -0.80600 -2.00000
103081125 0.42231 -0.80200 -2.00000
103081126 0.42231 -0.79800 -2.00000
103081127 0.42231 -0.79400 -2.00000
103081128 0.42231 -0.79000 -2.00000
103081129 0.42231 -0.78600 -2.00000
103081130 0.42231 -0.78200 -2.00000
103081131 0.42231 -0.77800 -2.00000
103081132 0.42231 -0.77400 -2.00000
103081133 0.42231 -0.77000 -2.00000
103081134 0.42231 -0.76600 -2.00000
103081135 0.42231 -0.76200 -2.00000
103081136 0.42231 -0.75800 -2.00000
103081137 0.42231 -0.75400 -2.00000
103081138 0.42231 -0.75000 -2.00000
103081139 0.42231 -0.74600 -2.00000
103081140 0.42231 -0.74200 -2.00000
103081141 0.42231 -0.73800 -2.00000
103081142 0.42231 -0.73400 -2.00000
103081143 0.42231 -0.73000 -2.00000
103081144 0.42231 -0.72600 -2.00000
103081145 0.42231 -0.72200 -2.00000
103081146 0.42231 -0.71800 -2.00000
103081147 0.42231 -0.71400 -2.00000
103081148 0.42231 -0.71000 -2.00000
103081149 0.42231 -0.70600 -2.00000
103081150 0.42231 -0.70200 -2.00000
103081151 0.42231 -0.69800 -2.00000
103081152 0.42231 -0.69400 -2.00000
103081153 0.42231 -0.69000 -2.00000
103081154 0.42231 -0.68600 -2.00000
103081155 0.42231 -0.68200 -2.00000
103081156 0.42231 -0.67800 -2.00000
103081157 0.42231 -0.67400 -2.00000
103081158 0.42231 -0.67000 -2.00000
103081159 0.42231 -0.66600 -2.00000
103081160 0.42231 -0.66200 -2.00000
103081161 0.42231 -0.65800 -2.00000
103081162 0.42231 -0.65400 -2.00000
103081163 0.42231 -0.65000 -2.00000
103081164 0.42231 -0.64600 -2.00000
103081165 0.42231 -0.64200 -2.00000
103081166 0.42231 -0.63800 -2.00000
103081167 0.42231 -0.63400 -2.00000
103081168 0.42231 -0.63000 -2.00000
103081169 0.42231 -0.62600 -2.00000
103081170 0.42231 -0.62200 -2.00000
103081171 0.42231 -0.61800 -2.00000
103081172 0.42231 -0.61400 -2.00000
103081173 0.42231 -0.61000 -2.00000
103081174 0.42231 -0.60600 -2.00000
103081175 0.42231 -0.60200 -2.00000
103081176 0.42231 -0.59800 -2.00000
103081177 0.42231 -0.59400 -2.00000
103081178 0.42231 -0.59000 -2.00000
103081179 0.42231 -0.58600 -2.00000
103081180 0.42231 -0.58200 -2.00000
103081181 0.42231 -0.57800 -2.00000
103081182 0.42231 -0.57400 -2.00000
103081183 0.42231 -0.57000 -2.00000
103081184 0.42231 -0.56600 -2.00000
103081185 0.42231 -0.56200 -2.00000
103081186 0.42231 -0.55800 -2.00000
103081187 0.42231 -0.55400 -2.00000
103081188 0.42231 -0.55000 -2.00000
103081189 0.42231 -0.54600 -2.00000
103081190 0.42231 -0.54200 -2.00000
103081191 0.42231 -0.53800 -2.00000
103081192 0.42231 -0.53400 -2.00000
103081193 0.42231 -0.53000 -2.00000
103081194 0.42231 -0.52600 -2.00000
103081195 0.42231 -0.52200 -2.00000
103081196 0.42231 -0.51800 -2.00000
103081197 0.42231 -0.51400 -2.00000
103081198 0.42231 -0.51000 -2.00000
103081199 0.42231 -0.50600 -2.00000
103081200 0.42231 -0.50200 -2.00000
