# pixelID  x  y  z
104030001 -0.28431 0.50200 -2.00000
104030002 -0.28431 0.50600 -2.00000
104030003 -0.28431 0.51000 -2.00000
104030004 -0.28431 0.51400 -2.00000
104030005 -0.28431 0.51800 -2.00000
104030006 -0.28431 0.52200 -2.00000
104030007 -0.28431 0.52600 -2.00000
104030008 -0.28431 0.53000 -2.00000
104030009 -0.28431 0.53400 -2.00000
104030010 -0.28431 0.53800 -2.00000
104030011 -0.28431 0.54200 -2.00000
104030012 -0.28431 0.54600 -2.00000
104030013 -0.28431 0.55000 -2.00000
104030014 -0.28431 0.55400 -2.00000
104030015 -0.28431 0.55800 -2.00000
104030016 -0.28431 0.56200 -2.00000
104030017 -0.28431 0.56600 -2.00000
104030018 -0.28431 0.57000 -2.00000
104030019 -0.28431 0.57400 -2.00000
104030020 -0.28431 0.57800 -2.00000
104030021 -0.28431 0.58200 -2.00000
104030022 -0.28431 0.58600 -2.00000
104030023 -0.28431 0.59000 -2.00000
104030024 -0.28431 0.59400 -2.00000
104030025 -0.28431 0.59800 -2.00000
104030026 -0.28431 0.60200 -2.00000
104030027 -0.28431 0.60600 -2.00000
104030028 -0.28431 0.61000 -2.00000
104030029 -0.28431 0.61400 -2.00000
104030030 -0.28431 0.61800 -2.00000
104030031 -0.28431 0.62200 -2.00000
104030032 -0.28431 0.62600 -2.00000
104030033 -0.28431 0.63000 -2.00000
104030034 -0.28431 0.63400 -2.00000
104030035 -0.28431 0.63800 -2.00000
104030036 -0.28431 0.64200 -2.00000
104030037 -0.28431 0.64600 -2.00000
104030038 -0.28431 0.65000 -2.00000
104030039 -0.28431 0.65400 -2.00000
104030040 -0.28431 0.65800 -2.00000
104030041 -0.28431 0.66200 -2.00000
104030042 -0.28431 0.66600 -2.00000
104030043 -0.28431 0.67000 -2.00000
104030044 -0.28431 0.67400 -2.00000
104030045 -0.28431 0.67800 -2.00000
104030046 -0.28431 0.68200 -2.00000
104030047 -0.28431 0.68600 -2.00000
104030048 -0.28431 0.69000 -2.00000
104030049 -0.28431 0.69400 -2.00000
104030050 -0.28431 0.69800 -2.00000
104030051 -0.28431 0.70200 -2.00000
104030052 -0.28431 0.70600 -2.00000
104030053 -0.28431 0.71000 -2.00000
104030054 -0.28431 0.71400 -2.00000
104030055 -0.28431 0.71800 -2.00000
104030056 -0.28431 0.72200 -2.00000
104030057 -0.28431 0.72600 -2.00000
104030058 -0.28431 0.73000 -2.00000
104030059 -0.28431 0.73400 -2.00000
104030060 -0.28431 0.73800 -2.00000
104030061 -0.28431 0.74200 -2.00000
104030062 -0.28431 0.74600 -2.00000
104030063 -0.28431 0.75000 -2.00000
104030064 -0.28431 0.75400 -2.00000
104030065 -0.28431 0.75800 -2.00000
104030066 -0.28431 0.76200 -2.00000
104030067 -0.28431 0.76600 -2.00000
104030068 -0.28431 0.77000 -2.00000
104030069 -0.28431 0.77400 -2.00000
104030070 -0.28431 0.77800 -2.00000
104030071 -0.28431 0.78200 -2.00000
104030072 -0.28431 0.78600 -2.00000
104030073 -0.28431 0.79000 -2.00000
104030074 -0.28431 0.79400 -2.00000
104030075 -0.28431 0.79800 -2.00000
104030076 -0.28431 0.80200 -2.00000
104030077 -0.28431 0.80600 -2.00000
104030078 -0.28431 0.81000 -2.00000
104030079 -0.28431 0.81400 -2.00000
104030080 -0.28431 0.81800 -2.00000
104030081 -0.28431 0.82200 -2.00000
104030082 -0.28431 0.82600 -2.00000
104030083 -0.28431 0.83000 -2.00000
104030084 -0.28431 0.83400 -2.00000
104030085 -0.28431 0.83800 -2.00000
104030086 -0.28431 0.84200 -2.00000
104030087 -0.28431 0.84600 -2.00000
104030088 -0.28431 0.85000 -2.00000
104030089 -0.28431 0.85400 -2.00000
104030090 -0.28431 0.85800 -2.00000
104030091 -0.28431 0.86200 -2.00000
104030092 -0.28431 0.86600 -2.00000
104030093 -0.28431 0.87000 -2.00000
104030094 -0.28431 0.87400 -2.00000
104030095 -0.28431 0.87800 -2.00000
104030096 -0.28431 0.88200 -2.00000
104030097 -0.28431 0.88600 -2.00000
104030098 -0.28431 0.89000 -2.00000
104030099 -0.28431 0.89400 -2.00000
104030100 -0.28431 0.89800 -2.00000
104030101 -0.28431 0.90200 -2.00000
104030102 -0.28431 0.90600 -2.00000
104030103 -0.28431 0.91000 -2.00000
104030104 -0.28431 0.91400 -2.00000
104030105 -0.28431 0.91800 -2.00000
104030106 -0.28431 0.92200 -2.00000
104030107 -0.28431 0.92600 -2.00000
104030108 -0.28431 0.93000 -2.00000
104030109 -0.28431 0.93400 -2.00000
104030110 -0.28431 0.93800 -2.00000
104030111 -0.28431 0.94200 -2.00000
104030112 -0.28431 0.94600 -2.00000
104030113 -0.28431 0.95000 -2.00000
104030114 -0.28431 0.95400 -2.00000
104030115 -0.28431 0.95800 -2.00000
104030116 -0.28431 0.96200 -2.00000
104030117 -0.28431 0.96600 -2.00000
104030118 -0.28431 0.97000 -2.00000
104030119 -0.28431 0.97400 -2.00000
104030120 -0.28431 0.97800 -2.00000
104030121 -0.28431 0.98200 -2.00000
104030122 -0.28431 0.98600 -2.00000
104030123 -0.28431 0.99000 -2.00000
104030124 -0.28431 0.99400 -2.00000
104030125 -0.28431 0.99800 -2.00000
104030126 -0.28431 1.00200 -2.00000
104030127 -0.28431 1.00600 -2.00000
104030128 -0.28431 1.01000 -2.00000
104030129 -0.28431 1.01400 -2.00000
104030130 -0.28431 1.01800 -2.00000
104030131 -0.28431 1.02200 -2.00000
104030132 -0.28431 1.02600 -2.00000
104030133 -0.28431 1.03000 -2.00000
104030134 -0.28431 1.03400 -2.00000
104030135 -0.28431 1.03800 -2.00000
104030136 -0.28431 1.04200 -2.00000
104030137 -0.28431 1.04600 -2.00000
104030138 -0.28431 1.05000 -2.00000
104030139 -0.28431 1.05400 -2.00000
104030140 -0.28431 1.05800 -2.00000
104030141 -0.28431 1.06200 -2.00000
104030142 -0.28431 1.06600 -2.00000
104030143 -0.28431 1.07000 -2.00000
104030144 -0.28431 1.07400 -2.00000
104030145 -0.28431 1.07800 -2.00000
104030146 -0.28431 1.08200 -2.00000
104030147 -0.28431 1.08600 -2.00000
104030148 -0.28431 1.09000 -2.00000
104030149 -0.28431 1.09400 -2.00000
104030150 -0.28431 1.09800 -2.00000
104030151 -0.27581 0.50200 -2.00000
104030152 -0.27581 0.50600 -2.00000
104030153 -0.27581 0.51000 -2.00000
104030154 -0.27581 0.51400 -2.00000
104030155 -0.27581 0.51800 -2.00000
104030156 -0.27581 0.52200 -2.00000
104030157 -0.27581 0.52600 -2.00000
104030158 -0.27581 0.53000 -2.00000
104030159 -0.27581 0.53400 -2.00000
104030160 -0.27581 0.53800 -2.00000
104030161 -0.27581 0.54200 -2.00000
104030162 -0.27581 0.54600 -2.00000
104030163 -0.27581 0.55000 -2.00000
104030164 -0.27581 0.55400 -2.00000
104030165 -0.27581 0.55800 -2.00000
104030166 -0.27581 0.56200 -2.00000
104030167 -0.27581 0.56600 -2.00000
104030168 -0.27581 0.57000 -2.00000
104030169 -0.27581 0.57400 -2.00000
104030170 -0.27581 0.57800 -2.00000
104030171 -0.27581 0.58200 -2.00000
104030172 -0.27581 0.58600 -2.00000
104030173 -0.27581 0.59000 -2.00000
104030174 -0.27581 0.59400 -2.00000
104030175 -0.27581 0.59800 -2.00000
104030176 -0.27581 0.60200 -2.00000
104030177 -0.27581 0.60600 -2.00000
104030178 -0.27581 0.61000 -2.00000
104030179 -0.27581 0.61400 -2.00000
104030180 -0.27581 0.61800 -2.00000
104030181 -0.27581 0.62200 -2.00000
104030182 -0.27581 0.62600 -2.00000
104030183 -0.27581 0.63000 -2.00000
104030184 -0.27581 0.63400 -2.00000
104030185 -0.27581 0.63800 -2.00000
104030186 -0.27581 0.64200 -2.00000
104030187 -0.27581 0.64600 -2.00000
104030188 -0.27581 0.65000 -2.00000
104030189 -0.27581 0.65400 -2.00000
104030190 -0.27581 0.65800 -2.00000
104030191 -0.27581 0.66200 -2.00000
104030192 -0.27581 0.66600 -2.00000
104030193 -0.27581 0.67000 -2.00000
104030194 -0.27581 0.67400 -2.00000
104030195 -0.27581 0.67800 -2.00000
104030196 -0.27581 0.68200 -2.00000
104030197 -0.27581 0.68600 -2.00000
104030198 -0.27581 0.69000 -2.00000
104030199 -0.27581 0.69400 -2.00000
104030200 -0.27581 0.69800 -2.00000
104030201 -0.27581 0.70200 -2.00000
104030202 -0.27581 0.70600 -2.00000
104030203 -0.27581 0.71000 -2.00000
104030204 -0.27581 0.71400 -2.00000
104030205 -0.27581 0.71800 -2.00000
104030206 -0.27581 0.72200 -2.00000
104030207 -0.27581 0.72600 -2.00000
104030208 -0.27581 0.73000 -2.00000
104030209 -0.27581 0.73400 -2.00000
104030210 -0.27581 0.73800 -2.00000
104030211 -0.27581 0.74200 -2.00000
104030212 -0.27581 0.74600 -2.00000
104030213 -0.27581 0.75000 -2.00000
104030214 -0.27581 0.75400 -2.00000
104030215 -0.27581 0.75800 -2.00000
104030216 -0.27581 0.76200 -2.00000
104030217 -0.27581 0.76600 -2.00000
104030218 -0.27581 0.77000 -2.00000
104030219 -0.27581 0.77400 -2.00000
104030220 -0.27581 0.77800 -2.00000
104030221 -0.27581 0.78200 -2.00000
104030222 -0.27581 0.78600 -2.00000
104030223 -0.27581 0.79000 -2.00000
104030224 -0.27581 0.79400 -2.00000
104030225 -0.27581 0.79800 -2.00000
104030226 -0.27581 0.80200 -2.00000
104030227 -0.27581 0.80600 -2.00000
104030228 -0.27581 0.81000 -2.00000
104030229 -0.27581 0.81400 -2.00000
104030230 -0.27581 0.81800 -2.00000
104030231 -0.27581 0.82200 -2.00000
104030232 -0.27581 0.82600 -2.00000
104030233 -0.27581 0.83000 -2.00000
104030234 -0.27581 0.83400 -2.00000
104030235 -0.27581 0.83800 -2.00000
104030236 -0.27581 0.84200 -2.00000
104030237 -0.27581 0.84600 -2.00000
104030238 -0.27581 0.85000 -2.00000
104030239 -0.27581 0.85400 -2.00000
104030240 -0.27581 0.85800 -2.00000
104030241 -0.27581 0.86200 -2.00000
104030242 -0.27581 0.86600 -2.00000
104030243 -0.27581 0.87000 -2.00000
104030244 -0.27581 0.87400 -2.00000
104030245 -0.27581 0.87800 -2.00000
104030246 -0.27581 0.88200 -2.00000
104030247 -0.27581 0.88600 -2.00000
104030248 -0.27581 0.89000 -2.00000
104030249 -0.27581 0.89400 -2.00000
104030250 -0.27581 0.89800 -2.00000
104030251 -0.27581 0.90200 -2.00000
104030252 -0.27581 0.90600 -2.00000
104030253 -0.27581 0.91000 -2.00000
104030254 -0.27581 0.91400 -2.00000
104030255 -0.27581 0.91800 -2.00000
104030256 -0.27581 0.92200 -2.00000
104030257 -0.27581 0.92600 -2.00000
104030258 -0.27581 0.93000 -2.00000
104030259 -0.27581 0.93400 -2.00000
104030260 -0.27581 0.93800 -2.00000
104030261 -0.27581 0.94200 -2.00000
104030262 -0.27581 0.94600 -2.00000
104030263 -0.27581 0.95000 -2.00000
104030264 -0.27581 0.95400 -2.00000
104030265 -0.27581 0.95800 -2.00000
104030266 -0.27581 0.96200 -2.00000
104030267 -0.27581 0.96600 -2.00000
104030268 -0.27581 0.97000 -2.00000
104030269 -0.27581 0.97400 -2.00000
104030270 -0.27581 0.97800 -2.00000
104030271 -0.27581 0.98200 -2.00000
104030272 -0.27581 0.98600 -2.00000
104030273 -0.27581 0.99000 -2.00000
104030274 -0.27581 0.99400 -2.00000
104030275 -0.27581 0.99800 -2.00000
104030276 -0.27581 1.00200 -2.00000
104030277 -0.27581 1.00600 -2.00000
104030278 -0.27581 1.01000 -2.00000
104030279 -0.27581 1.01400 -2.00000
104030280 -0.27581 1.01800 -2.00000
104030281 -0.27581 1.02200 -2.00000
104030282 -0.27581 1.02600 -2.00000
104030283 -0.27581 1.03000 -2.00000
104030284 -0.27581 1.03400 -2.00000
104030285 -0.27581 1.03800 -2.00000
104030286 -0.27581 1.04200 -2.00000
104030287 -0.27581 1.04600 -2.00000
104030288 -0.27581 1.05000 -2.00000
104030289 -0.27581 1.05400 -2.00000
104030290 -0.27581 1.05800 -2.00000
104030291 -0.27581 1.06200 -2.00000
104030292 -0.27581 1.06600 -2.00000
104030293 -0.27581 1.07000 -2.00000
104030294 -0.27581 1.07400 -2.00000
104030295 -0.27581 1.07800 -2.00000
104030296 -0.27581 1.08200 -2.00000
104030297 -0.27581 1.08600 -2.00000
104030298 -0.27581 1.09000 -2.00000
104030299 -0.27581 1.09400 -2.00000
104030300 -0.27581 1.09800 -2.00000
104030301 -0.26731 0.50200 -2.00000
104030302 -0.26731 0.50600 -2.00000
104030303 -0.26731 0.51000 -2.00000
104030304 -0.26731 0.51400 -2.00000
104030305 -0.26731 0.51800 -2.00000
104030306 -0.26731 0.52200 -2.00000
104030307 -0.26731 0.52600 -2.00000
104030308 -0.26731 0.53000 -2.00000
104030309 -0.26731 0.53400 -2.00000
104030310 -0.26731 0.53800 -2.00000
104030311 -0.26731 0.54200 -2.00000
104030312 -0.26731 0.54600 -2.00000
104030313 -0.26731 0.55000 -2.00000
104030314 -0.26731 0.55400 -2.00000
104030315 -0.26731 0.55800 -2.00000
104030316 -0.26731 0.56200 -2.00000
104030317 -0.26731 0.56600 -2.00000
104030318 -0.26731 0.57000 -2.00000
104030319 -0.26731 0.57400 -2.00000
104030320 -0.26731 0.57800 -2.00000
104030321 -0.26731 0.58200 -2.00000
104030322 -0.26731 0.58600 -2.00000
104030323 -0.26731 0.59000 -2.00000
104030324 -0.26731 0.59400 -2.00000
104030325 -0.26731 0.59800 -2.00000
104030326 -0.26731 0.60200 -2.00000
104030327 -0.26731 0.60600 -2.00000
104030328 -0.26731 0.61000 -2.00000
104030329 -0.26731 0.61400 -2.00000
104030330 -0.26731 0.61800 -2.00000
104030331 -0.26731 0.62200 -2.00000
104030332 -0.26731 0.62600 -2.00000
104030333 -0.26731 0.63000 -2.00000
104030334 -0.26731 0.63400 -2.00000
104030335 -0.26731 0.63800 -2.00000
104030336 -0.26731 0.64200 -2.00000
104030337 -0.26731 0.64600 -2.00000
104030338 -0.26731 0.65000 -2.00000
104030339 -0.26731 0.65400 -2.00000
104030340 -0.26731 0.65800 -2.00000
104030341 -0.26731 0.66200 -2.00000
104030342 -0.26731 0.66600 -2.00000
104030343 -0.26731 0.67000 -2.00000
104030344 -0.26731 0.67400 -2.00000
104030345 -0.26731 0.67800 -2.00000
104030346 -0.26731 0.68200 -2.00000
104030347 -0.26731 0.68600 -2.00000
104030348 -0.26731 0.69000 -2.00000
104030349 -0.26731 0.69400 -2.00000
104030350 -0.26731 0.69800 -2.00000
104030351 -0.26731 0.70200 -2.00000
104030352 -0.26731 0.70600 -2.00000
104030353 -0.26731 0.71000 -2.00000
104030354 -0.26731 0.71400 -2.00000
104030355 -0.26731 0.71800 -2.00000
104030356 -0.26731 0.72200 -2.00000
104030357 -0.26731 0.72600 -2.00000
104030358 -0.26731 0.73000 -2.00000
104030359 -0.26731 0.73400 -2.00000
104030360 -0.26731 0.73800 -2.00000
104030361 -0.26731 0.74200 -2.00000
104030362 -0.26731 0.74600 -2.00000
104030363 -0.26731 0.75000 -2.00000
104030364 -0.26731 0.75400 -2.00000
104030365 -0.26731 0.75800 -2.00000
104030366 -0.26731 0.76200 -2.00000
104030367 -0.26731 0.76600 -2.00000
104030368 -0.26731 0.77000 -2.00000
104030369 -0.26731 0.77400 -2.00000
104030370 -0.26731 0.77800 -2.00000
104030371 -0.26731 0.78200 -2.00000
104030372 -0.26731 0.78600 -2.00000
104030373 -0.26731 0.79000 -2.00000
104030374 -0.26731 0.79400 -2.00000
104030375 -0.26731 0.79800 -2.00000
104030376 -0.26731 0.80200 -2.00000
104030377 -0.26731 0.80600 -2.00000
104030378 -0.26731 0.81000 -2.00000
104030379 -0.26731 0.81400 -2.00000
104030380 -0.26731 0.81800 -2.00000
104030381 -0.26731 0.82200 -2.00000
104030382 -0.26731 0.82600 -2.00000
104030383 -0.26731 0.83000 -2.00000
104030384 -0.26731 0.83400 -2.00000
104030385 -0.26731 0.83800 -2.00000
104030386 -0.26731 0.84200 -2.00000
104030387 -0.26731 0.84600 -2.00000
104030388 -0.26731 0.85000 -2.00000
104030389 -0.26731 0.85400 -2.00000
104030390 -0.26731 0.85800 -2.00000
104030391 -0.26731 0.86200 -2.00000
104030392 -0.26731 0.86600 -2.00000
104030393 -0.26731 0.87000 -2.00000
104030394 -0.26731 0.87400 -2.00000
104030395 -0.26731 0.87800 -2.00000
104030396 -0.26731 0.88200 -2.00000
104030397 -0.26731 0.88600 -2.00000
104030398 -0.26731 0.89000 -2.00000
104030399 -0.26731 0.89400 -2.00000
104030400 -0.26731 0.89800 -2.00000
104030401 -0.26731 0.90200 -2.00000
104030402 -0.26731 0.90600 -2.00000
104030403 -0.26731 0.91000 -2.00000
104030404 -0.26731 0.91400 -2.00000
104030405 -0.26731 0.91800 -2.00000
104030406 -0.26731 0.92200 -2.00000
104030407 -0.26731 0.92600 -2.00000
104030408 -0.26731 0.93000 -2.00000
104030409 -0.26731 0.93400 -2.00000
104030410 -0.26731 0.93800 -2.00000
104030411 -0.26731 0.94200 -2.00000
104030412 -0.26731 0.94600 -2.00000
104030413 -0.26731 0.95000 -2.00000
104030414 -0.26731 0.95400 -2.00000
104030415 -0.26731 0.95800 -2.00000
104030416 -0.26731 0.96200 -2.00000
104030417 -0.26731 0.96600 -2.00000
104030418 -0.26731 0.97000 -2.00000
104030419 -0.26731 0.97400 -2.00000
104030420 -0.26731 0.97800 -2.00000
104030421 -0.26731 0.98200 -2.00000
104030422 -0.26731 0.98600 -2.00000
104030423 -0.26731 0.99000 -2.00000
104030424 -0.26731 0.99400 -2.00000
104030425 -0.26731 0.99800 -2.00000
104030426 -0.26731 1.00200 -2.00000
104030427 -0.26731 1.00600 -2.00000
104030428 -0.26731 1.01000 -2.00000
104030429 -0.26731 1.01400 -2.00000
104030430 -0.26731 1.01800 -2.00000
104030431 -0.26731 1.02200 -2.00000
104030432 -0.26731 1.02600 -2.00000
104030433 -0.26731 1.03000 -2.00000
104030434 -0.26731 1.03400 -2.00000
104030435 -0.26731 1.03800 -2.00000
104030436 -0.26731 1.04200 -2.00000
104030437 -0.26731 1.04600 -2.00000
104030438 -0.26731 1.05000 -2.00000
104030439 -0.26731 1.05400 -2.00000
104030440 -0.26731 1.05800 -2.00000
104030441 -0.26731 1.06200 -2.00000
104030442 -0.26731 1.06600 -2.00000
104030443 -0.26731 1.07000 -2.00000
104030444 -0.26731 1.07400 -2.00000
104030445 -0.26731 1.07800 -2.00000
104030446 -0.26731 1.08200 -2.00000
104030447 -0.26731 1.08600 -2.00000
104030448 -0.26731 1.09000 -2.00000
104030449 -0.26731 1.09400 -2.00000
104030450 -0.26731 1.09800 -2.00000
104030451 -0.25881 0.50200 -2.00000
104030452 -0.25881 0.50600 -2.00000
104030453 -0.25881 0.51000 -2.00000
104030454 -0.25881 0.51400 -2.00000
104030455 -0.25881 0.51800 -2.00000
104030456 -0.25881 0.52200 -2.00000
104030457 -0.25881 0.52600 -2.00000
104030458 -0.25881 0.53000 -2.00000
104030459 -0.25881 0.53400 -2.00000
104030460 -0.25881 0.53800 -2.00000
104030461 -0.25881 0.54200 -2.00000
104030462 -0.25881 0.54600 -2.00000
104030463 -0.25881 0.55000 -2.00000
104030464 -0.25881 0.55400 -2.00000
104030465 -0.25881 0.55800 -2.00000
104030466 -0.25881 0.56200 -2.00000
104030467 -0.25881 0.56600 -2.00000
104030468 -0.25881 0.57000 -2.00000
104030469 -0.25881 0.57400 -2.00000
104030470 -0.25881 0.57800 -2.00000
104030471 -0.25881 0.58200 -2.00000
104030472 -0.25881 0.58600 -2.00000
104030473 -0.25881 0.59000 -2.00000
104030474 -0.25881 0.59400 -2.00000
104030475 -0.25881 0.59800 -2.00000
104030476 -0.25881 0.60200 -2.00000
104030477 -0.25881 0.60600 -2.00000
104030478 -0.25881 0.61000 -2.00000
104030479 -0.25881 0.61400 -2.00000
104030480 -0.25881 0.61800 -2.00000
104030481 -0.25881 0.62200 -2.00000
104030482 -0.25881 0.62600 -2.00000
104030483 -0.25881 0.63000 -2.00000
104030484 -0.25881 0.63400 -2.00000
104030485 -0.25881 0.63800 -2.00000
104030486 -0.25881 0.64200 -2.00000
104030487 -0.25881 0.64600 -2.00000
104030488 -0.25881 0.65000 -2.00000
104030489 -0.25881 0.65400 -2.00000
104030490 -0.25881 0.65800 -2.00000
104030491 -0.25881 0.66200 -2.00000
104030492 -0.25881 0.66600 -2.00000
104030493 -0.25881 0.67000 -2.00000
104030494 -0.25881 0.67400 -2.00000
104030495 -0.25881 0.67800 -2.00000
104030496 -0.25881 0.68200 -2.00000
104030497 -0.25881 0.68600 -2.00000
104030498 -0.25881 0.69000 -2.00000
104030499 -0.25881 0.69400 -2.00000
104030500 -0.25881 0.69800 -2.00000
104030501 -0.25881 0.70200 -2.00000
104030502 -0.25881 0.70600 -2.00000
104030503 -0.25881 0.71000 -2.00000
104030504 -0.25881 0.71400 -2.00000
104030505 -0.25881 0.71800 -2.00000
104030506 -0.25881 0.72200 -2.00000
104030507 -0.25881 0.72600 -2.00000
104030508 -0.25881 0.73000 -2.00000
104030509 -0.25881 0.73400 -2.00000
104030510 -0.25881 0.73800 -2.00000
104030511 -0.25881 0.74200 -2.00000
104030512 -0.25881 0.74600 -2.00000
104030513 -0.25881 0.75000 -2.00000
104030514 -0.25881 0.75400 -2.00000
104030515 -0.25881 0.75800 -2.00000
104030516 -0.25881 0.76200 -2.00000
104030517 -0.25881 0.76600 -2.00000
104030518 -0.25881 0.77000 -2.00000
104030519 -0.25881 0.77400 -2.00000
104030520 -0.25881 0.77800 -2.00000
104030521 -0.25881 0.78200 -2.00000
104030522 -0.25881 0.78600 -2.00000
104030523 -0.25881 0.79000 -2.00000
104030524 -0.25881 0.79400 -2.00000
104030525 -0.25881 0.79800 -2.00000
104030526 -0.25881 0.80200 -2.00000
104030527 -0.25881 0.80600 -2.00000
104030528 -0.25881 0.81000 -2.00000
104030529 -0.25881 0.81400 -2.00000
104030530 -0.25881 0.81800 -2.00000
104030531 -0.25881 0.82200 -2.00000
104030532 -0.25881 0.82600 -2.00000
104030533 -0.25881 0.83000 -2.00000
104030534 -0.25881 0.83400 -2.00000
104030535 -0.25881 0.83800 -2.00000
104030536 -0.25881 0.84200 -2.00000
104030537 -0.25881 0.84600 -2.00000
104030538 -0.25881 0.85000 -2.00000
104030539 -0.25881 0.85400 -2.00000
104030540 -0.25881 0.85800 -2.00000
104030541 -0.25881 0.86200 -2.00000
104030542 -0.25881 0.86600 -2.00000
104030543 -0.25881 0.87000 -2.00000
104030544 -0.25881 0.87400 -2.00000
104030545 -0.25881 0.87800 -2.00000
104030546 -0.25881 0.88200 -2.00000
104030547 -0.25881 0.88600 -2.00000
104030548 -0.25881 0.89000 -2.00000
104030549 -0.25881 0.89400 -2.00000
104030550 -0.25881 0.89800 -2.00000
104030551 -0.25881 0.90200 -2.00000
104030552 -0.25881 0.90600 -2.00000
104030553 -0.25881 0.91000 -2.00000
104030554 -0.25881 0.91400 -2.00000
104030555 -0.25881 0.91800 -2.00000
104030556 -0.25881 0.92200 -2.00000
104030557 -0.25881 0.92600 -2.00000
104030558 -0.25881 0.93000 -2.00000
104030559 -0.25881 0.93400 -2.00000
104030560 -0.25881 0.93800 -2.00000
104030561 -0.25881 0.94200 -2.00000
104030562 -0.25881 0.94600 -2.00000
104030563 -0.25881 0.95000 -2.00000
104030564 -0.25881 0.95400 -2.00000
104030565 -0.25881 0.95800 -2.00000
104030566 -0.25881 0.96200 -2.00000
104030567 -0.25881 0.96600 -2.00000
104030568 -0.25881 0.97000 -2.00000
104030569 -0.25881 0.97400 -2.00000
104030570 -0.25881 0.97800 -2.00000
104030571 -0.25881 0.98200 -2.00000
104030572 -0.25881 0.98600 -2.00000
104030573 -0.25881 0.99000 -2.00000
104030574 -0.25881 0.99400 -2.00000
104030575 -0.25881 0.99800 -2.00000
104030576 -0.25881 1.00200 -2.00000
104030577 -0.25881 1.00600 -2.00000
104030578 -0.25881 1.01000 -2.00000
104030579 -0.25881 1.01400 -2.00000
104030580 -0.25881 1.01800 -2.00000
104030581 -0.25881 1.02200 -2.00000
104030582 -0.25881 1.02600 -2.00000
104030583 -0.25881 1.03000 -2.00000
104030584 -0.25881 1.03400 -2.00000
104030585 -0.25881 1.03800 -2.00000
104030586 -0.25881 1.04200 -2.00000
104030587 -0.25881 1.04600 -2.00000
104030588 -0.25881 1.05000 -2.00000
104030589 -0.25881 1.05400 -2.00000
104030590 -0.25881 1.05800 -2.00000
104030591 -0.25881 1.06200 -2.00000
104030592 -0.25881 1.06600 -2.00000
104030593 -0.25881 1.07000 -2.00000
104030594 -0.25881 1.07400 -2.00000
104030595 -0.25881 1.07800 -2.00000
104030596 -0.25881 1.08200 -2.00000
104030597 -0.25881 1.08600 -2.00000
104030598 -0.25881 1.09000 -2.00000
104030599 -0.25881 1.09400 -2.00000
104030600 -0.25881 1.09800 -2.00000
104030601 -0.25031 0.50200 -2.00000
104030602 -0.25031 0.50600 -2.00000
104030603 -0.25031 0.51000 -2.00000
104030604 -0.25031 0.51400 -2.00000
104030605 -0.25031 0.51800 -2.00000
104030606 -0.25031 0.52200 -2.00000
104030607 -0.25031 0.52600 -2.00000
104030608 -0.25031 0.53000 -2.00000
104030609 -0.25031 0.53400 -2.00000
104030610 -0.25031 0.53800 -2.00000
104030611 -0.25031 0.54200 -2.00000
104030612 -0.25031 0.54600 -2.00000
104030613 -0.25031 0.55000 -2.00000
104030614 -0.25031 0.55400 -2.00000
104030615 -0.25031 0.55800 -2.00000
104030616 -0.25031 0.56200 -2.00000
104030617 -0.25031 0.56600 -2.00000
104030618 -0.25031 0.57000 -2.00000
104030619 -0.25031 0.57400 -2.00000
104030620 -0.25031 0.57800 -2.00000
104030621 -0.25031 0.58200 -2.00000
104030622 -0.25031 0.58600 -2.00000
104030623 -0.25031 0.59000 -2.00000
104030624 -0.25031 0.59400 -2.00000
104030625 -0.25031 0.59800 -2.00000
104030626 -0.25031 0.60200 -2.00000
104030627 -0.25031 0.60600 -2.00000
104030628 -0.25031 0.61000 -2.00000
104030629 -0.25031 0.61400 -2.00000
104030630 -0.25031 0.61800 -2.00000
104030631 -0.25031 0.62200 -2.00000
104030632 -0.25031 0.62600 -2.00000
104030633 -0.25031 0.63000 -2.00000
104030634 -0.25031 0.63400 -2.00000
104030635 -0.25031 0.63800 -2.00000
104030636 -0.25031 0.64200 -2.00000
104030637 -0.25031 0.64600 -2.00000
104030638 -0.25031 0.65000 -2.00000
104030639 -0.25031 0.65400 -2.00000
104030640 -0.25031 0.65800 -2.00000
104030641 -0.25031 0.66200 -2.00000
104030642 -0.25031 0.66600 -2.00000
104030643 -0.25031 0.67000 -2.00000
104030644 -0.25031 0.67400 -2.00000
104030645 -0.25031 0.67800 -2.00000
104030646 -0.25031 0.68200 -2.00000
104030647 -0.25031 0.68600 -2.00000
104030648 -0.25031 0.69000 -2.00000
104030649 -0.25031 0.69400 -2.00000
104030650 -0.25031 0.69800 -2.00000
104030651 -0.25031 0.70200 -2.00000
104030652 -0.25031 0.70600 -2.00000
104030653 -0.25031 0.71000 -2.00000
104030654 -0.25031 0.71400 -2.00000
104030655 -0.25031 0.71800 -2.00000
104030656 -0.25031 0.72200 -2.00000
104030657 -0.25031 0.72600 -2.00000
104030658 -0.25031 0.73000 -2.00000
104030659 -0.25031 0.73400 -2.00000
104030660 -0.25031 0.73800 -2.00000
104030661 -0.25031 0.74200 -2.00000
104030662 -0.25031 0.74600 -2.00000
104030663 -0.25031 0.75000 -2.00000
104030664 -0.25031 0.75400 -2.00000
104030665 -0.25031 0.75800 -2.00000
104030666 -0.25031 0.76200 -2.00000
104030667 -0.25031 0.76600 -2.00000
104030668 -0.25031 0.77000 -2.00000
104030669 -0.25031 0.77400 -2.00000
104030670 -0.25031 0.77800 -2.00000
104030671 -0.25031 0.78200 -2.00000
104030672 -0.25031 0.78600 -2.00000
104030673 -0.25031 0.79000 -2.00000
104030674 -0.25031 0.79400 -2.00000
104030675 -0.25031 0.79800 -2.00000
104030676 -0.25031 0.80200 -2.00000
104030677 -0.25031 0.80600 -2.00000
104030678 -0.25031 0.81000 -2.00000
104030679 -0.25031 0.81400 -2.00000
104030680 -0.25031 0.81800 -2.00000
104030681 -0.25031 0.82200 -2.00000
104030682 -0.25031 0.82600 -2.00000
104030683 -0.25031 0.83000 -2.00000
104030684 -0.25031 0.83400 -2.00000
104030685 -0.25031 0.83800 -2.00000
104030686 -0.25031 0.84200 -2.00000
104030687 -0.25031 0.84600 -2.00000
104030688 -0.25031 0.85000 -2.00000
104030689 -0.25031 0.85400 -2.00000
104030690 -0.25031 0.85800 -2.00000
104030691 -0.25031 0.86200 -2.00000
104030692 -0.25031 0.86600 -2.00000
104030693 -0.25031 0.87000 -2.00000
104030694 -0.25031 0.87400 -2.00000
104030695 -0.25031 0.87800 -2.00000
104030696 -0.25031 0.88200 -2.00000
104030697 -0.25031 0.88600 -2.00000
104030698 -0.25031 0.89000 -2.00000
104030699 -0.25031 0.89400 -2.00000
104030700 -0.25031 0.89800 -2.00000
104030701 -0.25031 0.90200 -2.00000
104030702 -0.25031 0.90600 -2.00000
104030703 -0.25031 0.91000 -2.00000
104030704 -0.25031 0.91400 -2.00000
104030705 -0.25031 0.91800 -2.00000
104030706 -0.25031 0.92200 -2.00000
104030707 -0.25031 0.92600 -2.00000
104030708 -0.25031 0.93000 -2.00000
104030709 -0.25031 0.93400 -2.00000
104030710 -0.25031 0.93800 -2.00000
104030711 -0.25031 0.94200 -2.00000
104030712 -0.25031 0.94600 -2.00000
104030713 -0.25031 0.95000 -2.00000
104030714 -0.25031 0.95400 -2.00000
104030715 -0.25031 0.95800 -2.00000
104030716 -0.25031 0.96200 -2.00000
104030717 -0.25031 0.96600 -2.00000
104030718 -0.25031 0.97000 -2.00000
104030719 -0.25031 0.97400 -2.00000
104030720 -0.25031 0.97800 -2.00000
104030721 -0.25031 0.98200 -2.00000
104030722 -0.25031 0.98600 -2.00000
104030723 -0.25031 0.99000 -2.00000
104030724 -0.25031 0.99400 -2.00000
104030725 -0.25031 0.99800 -2.00000
104030726 -0.25031 1.00200 -2.00000
104030727 -0.25031 1.00600 -2.00000
104030728 -0.25031 1.01000 -2.00000
104030729 -0.25031 1.01400 -2.00000
104030730 -0.25031 1.01800 -2.00000
104030731 -0.25031 1.02200 -2.00000
104030732 -0.25031 1.02600 -2.00000
104030733 -0.25031 1.03000 -2.00000
104030734 -0.25031 1.03400 -2.00000
104030735 -0.25031 1.03800 -2.00000
104030736 -0.25031 1.04200 -2.00000
104030737 -0.25031 1.04600 -2.00000
104030738 -0.25031 1.05000 -2.00000
104030739 -0.25031 1.05400 -2.00000
104030740 -0.25031 1.05800 -2.00000
104030741 -0.25031 1.06200 -2.00000
104030742 -0.25031 1.06600 -2.00000
104030743 -0.25031 1.07000 -2.00000
104030744 -0.25031 1.07400 -2.00000
104030745 -0.25031 1.07800 -2.00000
104030746 -0.25031 1.08200 -2.00000
104030747 -0.25031 1.08600 -2.00000
104030748 -0.25031 1.09000 -2.00000
104030749 -0.25031 1.09400 -2.00000
104030750 -0.25031 1.09800 -2.00000
104030751 -0.24181 0.50200 -2.00000
104030752 -0.24181 0.50600 -2.00000
104030753 -0.24181 0.51000 -2.00000
104030754 -0.24181 0.51400 -2.00000
104030755 -0.24181 0.51800 -2.00000
104030756 -0.24181 0.52200 -2.00000
104030757 -0.24181 0.52600 -2.00000
104030758 -0.24181 0.53000 -2.00000
104030759 -0.24181 0.53400 -2.00000
104030760 -0.24181 0.53800 -2.00000
104030761 -0.24181 0.54200 -2.00000
104030762 -0.24181 0.54600 -2.00000
104030763 -0.24181 0.55000 -2.00000
104030764 -0.24181 0.55400 -2.00000
104030765 -0.24181 0.55800 -2.00000
104030766 -0.24181 0.56200 -2.00000
104030767 -0.24181 0.56600 -2.00000
104030768 -0.24181 0.57000 -2.00000
104030769 -0.24181 0.57400 -2.00000
104030770 -0.24181 0.57800 -2.00000
104030771 -0.24181 0.58200 -2.00000
104030772 -0.24181 0.58600 -2.00000
104030773 -0.24181 0.59000 -2.00000
104030774 -0.24181 0.59400 -2.00000
104030775 -0.24181 0.59800 -2.00000
104030776 -0.24181 0.60200 -2.00000
104030777 -0.24181 0.60600 -2.00000
104030778 -0.24181 0.61000 -2.00000
104030779 -0.24181 0.61400 -2.00000
104030780 -0.24181 0.61800 -2.00000
104030781 -0.24181 0.62200 -2.00000
104030782 -0.24181 0.62600 -2.00000
104030783 -0.24181 0.63000 -2.00000
104030784 -0.24181 0.63400 -2.00000
104030785 -0.24181 0.63800 -2.00000
104030786 -0.24181 0.64200 -2.00000
104030787 -0.24181 0.64600 -2.00000
104030788 -0.24181 0.65000 -2.00000
104030789 -0.24181 0.65400 -2.00000
104030790 -0.24181 0.65800 -2.00000
104030791 -0.24181 0.66200 -2.00000
104030792 -0.24181 0.66600 -2.00000
104030793 -0.24181 0.67000 -2.00000
104030794 -0.24181 0.67400 -2.00000
104030795 -0.24181 0.67800 -2.00000
104030796 -0.24181 0.68200 -2.00000
104030797 -0.24181 0.68600 -2.00000
104030798 -0.24181 0.69000 -2.00000
104030799 -0.24181 0.69400 -2.00000
104030800 -0.24181 0.69800 -2.00000
104030801 -0.24181 0.70200 -2.00000
104030802 -0.24181 0.70600 -2.00000
104030803 -0.24181 0.71000 -2.00000
104030804 -0.24181 0.71400 -2.00000
104030805 -0.24181 0.71800 -2.00000
104030806 -0.24181 0.72200 -2.00000
104030807 -0.24181 0.72600 -2.00000
104030808 -0.24181 0.73000 -2.00000
104030809 -0.24181 0.73400 -2.00000
104030810 -0.24181 0.73800 -2.00000
104030811 -0.24181 0.74200 -2.00000
104030812 -0.24181 0.74600 -2.00000
104030813 -0.24181 0.75000 -2.00000
104030814 -0.24181 0.75400 -2.00000
104030815 -0.24181 0.75800 -2.00000
104030816 -0.24181 0.76200 -2.00000
104030817 -0.24181 0.76600 -2.00000
104030818 -0.24181 0.77000 -2.00000
104030819 -0.24181 0.77400 -2.00000
104030820 -0.24181 0.77800 -2.00000
104030821 -0.24181 0.78200 -2.00000
104030822 -0.24181 0.78600 -2.00000
104030823 -0.24181 0.79000 -2.00000
104030824 -0.24181 0.79400 -2.00000
104030825 -0.24181 0.79800 -2.00000
104030826 -0.24181 0.80200 -2.00000
104030827 -0.24181 0.80600 -2.00000
104030828 -0.24181 0.81000 -2.00000
104030829 -0.24181 0.81400 -2.00000
104030830 -0.24181 0.81800 -2.00000
104030831 -0.24181 0.82200 -2.00000
104030832 -0.24181 0.82600 -2.00000
104030833 -0.24181 0.83000 -2.00000
104030834 -0.24181 0.83400 -2.00000
104030835 -0.24181 0.83800 -2.00000
104030836 -0.24181 0.84200 -2.00000
104030837 -0.24181 0.84600 -2.00000
104030838 -0.24181 0.85000 -2.00000
104030839 -0.24181 0.85400 -2.00000
104030840 -0.24181 0.85800 -2.00000
104030841 -0.24181 0.86200 -2.00000
104030842 -0.24181 0.86600 -2.00000
104030843 -0.24181 0.87000 -2.00000
104030844 -0.24181 0.87400 -2.00000
104030845 -0.24181 0.87800 -2.00000
104030846 -0.24181 0.88200 -2.00000
104030847 -0.24181 0.88600 -2.00000
104030848 -0.24181 0.89000 -2.00000
104030849 -0.24181 0.89400 -2.00000
104030850 -0.24181 0.89800 -2.00000
104030851 -0.24181 0.90200 -2.00000
104030852 -0.24181 0.90600 -2.00000
104030853 -0.24181 0.91000 -2.00000
104030854 -0.24181 0.91400 -2.00000
104030855 -0.24181 0.91800 -2.00000
104030856 -0.24181 0.92200 -2.00000
104030857 -0.24181 0.92600 -2.00000
104030858 -0.24181 0.93000 -2.00000
104030859 -0.24181 0.93400 -2.00000
104030860 -0.24181 0.93800 -2.00000
104030861 -0.24181 0.94200 -2.00000
104030862 -0.24181 0.94600 -2.00000
104030863 -0.24181 0.95000 -2.00000
104030864 -0.24181 0.95400 -2.00000
104030865 -0.24181 0.95800 -2.00000
104030866 -0.24181 0.96200 -2.00000
104030867 -0.24181 0.96600 -2.00000
104030868 -0.24181 0.97000 -2.00000
104030869 -0.24181 0.97400 -2.00000
104030870 -0.24181 0.97800 -2.00000
104030871 -0.24181 0.98200 -2.00000
104030872 -0.24181 0.98600 -2.00000
104030873 -0.24181 0.99000 -2.00000
104030874 -0.24181 0.99400 -2.00000
104030875 -0.24181 0.99800 -2.00000
104030876 -0.24181 1.00200 -2.00000
104030877 -0.24181 1.00600 -2.00000
104030878 -0.24181 1.01000 -2.00000
104030879 -0.24181 1.01400 -2.00000
104030880 -0.24181 1.01800 -2.00000
104030881 -0.24181 1.02200 -2.00000
104030882 -0.24181 1.02600 -2.00000
104030883 -0.24181 1.03000 -2.00000
104030884 -0.24181 1.03400 -2.00000
104030885 -0.24181 1.03800 -2.00000
104030886 -0.24181 1.04200 -2.00000
104030887 -0.24181 1.04600 -2.00000
104030888 -0.24181 1.05000 -2.00000
104030889 -0.24181 1.05400 -2.00000
104030890 -0.24181 1.05800 -2.00000
104030891 -0.24181 1.06200 -2.00000
104030892 -0.24181 1.06600 -2.00000
104030893 -0.24181 1.07000 -2.00000
104030894 -0.24181 1.07400 -2.00000
104030895 -0.24181 1.07800 -2.00000
104030896 -0.24181 1.08200 -2.00000
104030897 -0.24181 1.08600 -2.00000
104030898 -0.24181 1.09000 -2.00000
104030899 -0.24181 1.09400 -2.00000
104030900 -0.24181 1.09800 -2.00000
104030901 -0.23331 0.50200 -2.00000
104030902 -0.23331 0.50600 -2.00000
104030903 -0.23331 0.51000 -2.00000
104030904 -0.23331 0.51400 -2.00000
104030905 -0.23331 0.51800 -2.00000
104030906 -0.23331 0.52200 -2.00000
104030907 -0.23331 0.52600 -2.00000
104030908 -0.23331 0.53000 -2.00000
104030909 -0.23331 0.53400 -2.00000
104030910 -0.23331 0.53800 -2.00000
104030911 -0.23331 0.54200 -2.00000
104030912 -0.23331 0.54600 -2.00000
104030913 -0.23331 0.55000 -2.00000
104030914 -0.23331 0.55400 -2.00000
104030915 -0.23331 0.55800 -2.00000
104030916 -0.23331 0.56200 -2.00000
104030917 -0.23331 0.56600 -2.00000
104030918 -0.23331 0.57000 -2.00000
104030919 -0.23331 0.57400 -2.00000
104030920 -0.23331 0.57800 -2.00000
104030921 -0.23331 0.58200 -2.00000
104030922 -0.23331 0.58600 -2.00000
104030923 -0.23331 0.59000 -2.00000
104030924 -0.23331 0.59400 -2.00000
104030925 -0.23331 0.59800 -2.00000
104030926 -0.23331 0.60200 -2.00000
104030927 -0.23331 0.60600 -2.00000
104030928 -0.23331 0.61000 -2.00000
104030929 -0.23331 0.61400 -2.00000
104030930 -0.23331 0.61800 -2.00000
104030931 -0.23331 0.62200 -2.00000
104030932 -0.23331 0.62600 -2.00000
104030933 -0.23331 0.63000 -2.00000
104030934 -0.23331 0.63400 -2.00000
104030935 -0.23331 0.63800 -2.00000
104030936 -0.23331 0.64200 -2.00000
104030937 -0.23331 0.64600 -2.00000
104030938 -0.23331 0.65000 -2.00000
104030939 -0.23331 0.65400 -2.00000
104030940 -0.23331 0.65800 -2.00000
104030941 -0.23331 0.66200 -2.00000
104030942 -0.23331 0.66600 -2.00000
104030943 -0.23331 0.67000 -2.00000
104030944 -0.23331 0.67400 -2.00000
104030945 -0.23331 0.67800 -2.00000
104030946 -0.23331 0.68200 -2.00000
104030947 -0.23331 0.68600 -2.00000
104030948 -0.23331 0.69000 -2.00000
104030949 -0.23331 0.69400 -2.00000
104030950 -0.23331 0.69800 -2.00000
104030951 -0.23331 0.70200 -2.00000
104030952 -0.23331 0.70600 -2.00000
104030953 -0.23331 0.71000 -2.00000
104030954 -0.23331 0.71400 -2.00000
104030955 -0.23331 0.71800 -2.00000
104030956 -0.23331 0.72200 -2.00000
104030957 -0.23331 0.72600 -2.00000
104030958 -0.23331 0.73000 -2.00000
104030959 -0.23331 0.73400 -2.00000
104030960 -0.23331 0.73800 -2.00000
104030961 -0.23331 0.74200 -2.00000
104030962 -0.23331 0.74600 -2.00000
104030963 -0.23331 0.75000 -2.00000
104030964 -0.23331 0.75400 -2.00000
104030965 -0.23331 0.75800 -2.00000
104030966 -0.23331 0.76200 -2.00000
104030967 -0.23331 0.76600 -2.00000
104030968 -0.23331 0.77000 -2.00000
104030969 -0.23331 0.77400 -2.00000
104030970 -0.23331 0.77800 -2.00000
104030971 -0.23331 0.78200 -2.00000
104030972 -0.23331 0.78600 -2.00000
104030973 -0.23331 0.79000 -2.00000
104030974 -0.23331 0.79400 -2.00000
104030975 -0.23331 0.79800 -2.00000
104030976 -0.23331 0.80200 -2.00000
104030977 -0.23331 0.80600 -2.00000
104030978 -0.23331 0.81000 -2.00000
104030979 -0.23331 0.81400 -2.00000
104030980 -0.23331 0.81800 -2.00000
104030981 -0.23331 0.82200 -2.00000
104030982 -0.23331 0.82600 -2.00000
104030983 -0.23331 0.83000 -2.00000
104030984 -0.23331 0.83400 -2.00000
104030985 -0.23331 0.83800 -2.00000
104030986 -0.23331 0.84200 -2.00000
104030987 -0.23331 0.84600 -2.00000
104030988 -0.23331 0.85000 -2.00000
104030989 -0.23331 0.85400 -2.00000
104030990 -0.23331 0.85800 -2.00000
104030991 -0.23331 0.86200 -2.00000
104030992 -0.23331 0.86600 -2.00000
104030993 -0.23331 0.87000 -2.00000
104030994 -0.23331 0.87400 -2.00000
104030995 -0.23331 0.87800 -2.00000
104030996 -0.23331 0.88200 -2.00000
104030997 -0.23331 0.88600 -2.00000
104030998 -0.23331 0.89000 -2.00000
104030999 -0.23331 0.89400 -2.00000
104031000 -0.23331 0.89800 -2.00000
104031001 -0.23331 0.90200 -2.00000
104031002 -0.23331 0.90600 -2.00000
104031003 -0.23331 0.91000 -2.00000
104031004 -0.23331 0.91400 -2.00000
104031005 -0.23331 0.91800 -2.00000
104031006 -0.23331 0.92200 -2.00000
104031007 -0.23331 0.92600 -2.00000
104031008 -0.23331 0.93000 -2.00000
104031009 -0.23331 0.93400 -2.00000
104031010 -0.23331 0.93800 -2.00000
104031011 -0.23331 0.94200 -2.00000
104031012 -0.23331 0.94600 -2.00000
104031013 -0.23331 0.95000 -2.00000
104031014 -0.23331 0.95400 -2.00000
104031015 -0.23331 0.95800 -2.00000
104031016 -0.23331 0.96200 -2.00000
104031017 -0.23331 0.96600 -2.00000
104031018 -0.23331 0.97000 -2.00000
104031019 -0.23331 0.97400 -2.00000
104031020 -0.23331 0.97800 -2.00000
104031021 -0.23331 0.98200 -2.00000
104031022 -0.23331 0.98600 -2.00000
104031023 -0.23331 0.99000 -2.00000
104031024 -0.23331 0.99400 -2.00000
104031025 -0.23331 0.99800 -2.00000
104031026 -0.23331 1.00200 -2.00000
104031027 -0.23331 1.00600 -2.00000
104031028 -0.23331 1.01000 -2.00000
104031029 -0.23331 1.01400 -2.00000
104031030 -0.23331 1.01800 -2.00000
104031031 -0.23331 1.02200 -2.00000
104031032 -0.23331 1.02600 -2.00000
104031033 -0.23331 1.03000 -2.00000
104031034 -0.23331 1.03400 -2.00000
104031035 -0.23331 1.03800 -2.00000
104031036 -0.23331 1.04200 -2.00000
104031037 -0.23331 1.04600 -2.00000
104031038 -0.23331 1.05000 -2.00000
104031039 -0.23331 1.05400 -2.00000
104031040 -0.23331 1.05800 -2.00000
104031041 -0.23331 1.06200 -2.00000
104031042 -0.23331 1.06600 -2.00000
104031043 -0.23331 1.07000 -2.00000
104031044 -0.23331 1.07400 -2.00000
104031045 -0.23331 1.07800 -2.00000
104031046 -0.23331 1.08200 -2.00000
104031047 -0.23331 1.08600 -2.00000
104031048 -0.23331 1.09000 -2.00000
104031049 -0.23331 1.09400 -2.00000
104031050 -0.23331 1.09800 -2.00000
104031051 -0.22481 0.50200 -2.00000
104031052 -0.22481 0.50600 -2.00000
104031053 -0.22481 0.51000 -2.00000
104031054 -0.22481 0.51400 -2.00000
104031055 -0.22481 0.51800 -2.00000
104031056 -0.22481 0.52200 -2.00000
104031057 -0.22481 0.52600 -2.00000
104031058 -0.22481 0.53000 -2.00000
104031059 -0.22481 0.53400 -2.00000
104031060 -0.22481 0.53800 -2.00000
104031061 -0.22481 0.54200 -2.00000
104031062 -0.22481 0.54600 -2.00000
104031063 -0.22481 0.55000 -2.00000
104031064 -0.22481 0.55400 -2.00000
104031065 -0.22481 0.55800 -2.00000
104031066 -0.22481 0.56200 -2.00000
104031067 -0.22481 0.56600 -2.00000
104031068 -0.22481 0.57000 -2.00000
104031069 -0.22481 0.57400 -2.00000
104031070 -0.22481 0.57800 -2.00000
104031071 -0.22481 0.58200 -2.00000
104031072 -0.22481 0.58600 -2.00000
104031073 -0.22481 0.59000 -2.00000
104031074 -0.22481 0.59400 -2.00000
104031075 -0.22481 0.59800 -2.00000
104031076 -0.22481 0.60200 -2.00000
104031077 -0.22481 0.60600 -2.00000
104031078 -0.22481 0.61000 -2.00000
104031079 -0.22481 0.61400 -2.00000
104031080 -0.22481 0.61800 -2.00000
104031081 -0.22481 0.62200 -2.00000
104031082 -0.22481 0.62600 -2.00000
104031083 -0.22481 0.63000 -2.00000
104031084 -0.22481 0.63400 -2.00000
104031085 -0.22481 0.63800 -2.00000
104031086 -0.22481 0.64200 -2.00000
104031087 -0.22481 0.64600 -2.00000
104031088 -0.22481 0.65000 -2.00000
104031089 -0.22481 0.65400 -2.00000
104031090 -0.22481 0.65800 -2.00000
104031091 -0.22481 0.66200 -2.00000
104031092 -0.22481 0.66600 -2.00000
104031093 -0.22481 0.67000 -2.00000
104031094 -0.22481 0.67400 -2.00000
104031095 -0.22481 0.67800 -2.00000
104031096 -0.22481 0.68200 -2.00000
104031097 -0.22481 0.68600 -2.00000
104031098 -0.22481 0.69000 -2.00000
104031099 -0.22481 0.69400 -2.00000
104031100 -0.22481 0.69800 -2.00000
104031101 -0.22481 0.70200 -2.00000
104031102 -0.22481 0.70600 -2.00000
104031103 -0.22481 0.71000 -2.00000
104031104 -0.22481 0.71400 -2.00000
104031105 -0.22481 0.71800 -2.00000
104031106 -0.22481 0.72200 -2.00000
104031107 -0.22481 0.72600 -2.00000
104031108 -0.22481 0.73000 -2.00000
104031109 -0.22481 0.73400 -2.00000
104031110 -0.22481 0.73800 -2.00000
104031111 -0.22481 0.74200 -2.00000
104031112 -0.22481 0.74600 -2.00000
104031113 -0.22481 0.75000 -2.00000
104031114 -0.22481 0.75400 -2.00000
104031115 -0.22481 0.75800 -2.00000
104031116 -0.22481 0.76200 -2.00000
104031117 -0.22481 0.76600 -2.00000
104031118 -0.22481 0.77000 -2.00000
104031119 -0.22481 0.77400 -2.00000
104031120 -0.22481 0.77800 -2.00000
104031121 -0.22481 0.78200 -2.00000
104031122 -0.22481 0.78600 -2.00000
104031123 -0.22481 0.79000 -2.00000
104031124 -0.22481 0.79400 -2.00000
104031125 -0.22481 0.79800 -2.00000
104031126 -0.22481 0.80200 -2.00000
104031127 -0.22481 0.80600 -2.00000
104031128 -0.22481 0.81000 -2.00000
104031129 -0.22481 0.81400 -2.00000
104031130 -0.22481 0.81800 -2.00000
104031131 -0.22481 0.82200 -2.00000
104031132 -0.22481 0.82600 -2.00000
104031133 -0.22481 0.83000 -2.00000
104031134 -0.22481 0.83400 -2.00000
104031135 -0.22481 0.83800 -2.00000
104031136 -0.22481 0.84200 -2.00000
104031137 -0.22481 0.84600 -2.00000
104031138 -0.22481 0.85000 -2.00000
104031139 -0.22481 0.85400 -2.00000
104031140 -0.22481 0.85800 -2.00000
104031141 -0.22481 0.86200 -2.00000
104031142 -0.22481 0.86600 -2.00000
104031143 -0.22481 0.87000 -2.00000
104031144 -0.22481 0.87400 -2.00000
104031145 -0.22481 0.87800 -2.00000
104031146 -0.22481 0.88200 -2.00000
104031147 -0.22481 0.88600 -2.00000
104031148 -0.22481 0.89000 -2.00000
104031149 -0.22481 0.89400 -2.00000
104031150 -0.22481 0.89800 -2.00000
104031151 -0.22481 0.90200 -2.00000
104031152 -0.22481 0.90600 -2.00000
104031153 -0.22481 0.91000 -2.00000
104031154 -0.22481 0.91400 -2.00000
104031155 -0.22481 0.91800 -2.00000
104031156 -0.22481 0.92200 -2.00000
104031157 -0.22481 0.92600 -2.00000
104031158 -0.22481 0.93000 -2.00000
104031159 -0.22481 0.93400 -2.00000
104031160 -0.22481 0.93800 -2.00000
104031161 -0.22481 0.94200 -2.00000
104031162 -0.22481 0.94600 -2.00000
104031163 -0.22481 0.95000 -2.00000
104031164 -0.22481 0.95400 -2.00000
104031165 -0.22481 0.95800 -2.00000
104031166 -0.22481 0.96200 -2.00000
104031167 -0.22481 0.96600 -2.00000
104031168 -0.22481 0.97000 -2.00000
104031169 -0.22481 0.97400 -2.00000
104031170 -0.22481 0.97800 -2.00000
104031171 -0.22481 0.98200 -2.00000
104031172 -0.22481 0.98600 -2.00000
104031173 -0.22481 0.99000 -2.00000
104031174 -0.22481 0.99400 -2.00000
104031175 -0.22481 0.99800 -2.00000
104031176 -0.22481 1.00200 -2.00000
104031177 -0.22481 1.00600 -2.00000
104031178 -0.22481 1.01000 -2.00000
104031179 -0.22481 1.01400 -2.00000
104031180 -0.22481 1.01800 -2.00000
104031181 -0.22481 1.02200 -2.00000
104031182 -0.22481 1.02600 -2.00000
104031183 -0.22481 1.03000 -2.00000
104031184 -0.22481 1.03400 -2.00000
104031185 -0.22481 1.03800 -2.00000
104031186 -0.22481 1.04200 -2.00000
104031187 -0.22481 1.04600 -2.00000
104031188 -0.22481 1.05000 -2.00000
104031189 -0.22481 1.05400 -2.00000
104031190 -0.22481 1.05800 -2.00000
104031191 -0.22481 1.06200 -2.00000
104031192 -0.22481 1.06600 -2.00000
104031193 -0.22481 1.07000 -2.00000
104031194 -0.22481 1.07400 -2.00000
104031195 -0.22481 1.07800 -2.00000
104031196 -0.22481 1.08200 -2.00000
104031197 -0.22481 1.08600 -2.00000
104031198 -0.22481 1.09000 -2.00000
104031199 -0.22481 1.09400 -2.00000
104031200 -0.22481 1.09800 -2.00000
