# pixelID  x  y  z
108120001 -1.20000 0.63275 0.29800
108120002 -1.20000 0.63275 0.29400
108120003 -1.20000 0.63275 0.29000
108120004 -1.20000 0.63275 0.28600
108120005 -1.20000 0.63275 0.28200
108120006 -1.20000 0.63275 0.27800
108120007 -1.20000 0.63275 0.27400
108120008 -1.20000 0.63275 0.27000
108120009 -1.20000 0.63275 0.26600
108120010 -1.20000 0.63275 0.26200
108120011 -1.20000 0.63275 0.25800
108120012 -1.20000 0.63275 0.25400
108120013 -1.20000 0.63275 0.25000
108120014 -1.20000 0.63275 0.24600
108120015 -1.20000 0.63275 0.24200
108120016 -1.20000 0.63275 0.23800
108120017 -1.20000 0.63275 0.23400
108120018 -1.20000 0.63275 0.23000
108120019 -1.20000 0.63275 0.22600
108120020 -1.20000 0.63275 0.22200
108120021 -1.20000 0.63275 0.21800
108120022 -1.20000 0.63275 0.21400
108120023 -1.20000 0.63275 0.21000
108120024 -1.20000 0.63275 0.20600
108120025 -1.20000 0.63275 0.20200
108120026 -1.20000 0.63275 0.19800
108120027 -1.20000 0.63275 0.19400
108120028 -1.20000 0.63275 0.19000
108120029 -1.20000 0.63275 0.18600
108120030 -1.20000 0.63275 0.18200
108120031 -1.20000 0.63275 0.17800
108120032 -1.20000 0.63275 0.17400
108120033 -1.20000 0.63275 0.17000
108120034 -1.20000 0.63275 0.16600
108120035 -1.20000 0.63275 0.16200
108120036 -1.20000 0.63275 0.15800
108120037 -1.20000 0.63275 0.15400
108120038 -1.20000 0.63275 0.15000
108120039 -1.20000 0.63275 0.14600
108120040 -1.20000 0.63275 0.14200
108120041 -1.20000 0.63275 0.13800
108120042 -1.20000 0.63275 0.13400
108120043 -1.20000 0.63275 0.13000
108120044 -1.20000 0.63275 0.12600
108120045 -1.20000 0.63275 0.12200
108120046 -1.20000 0.63275 0.11800
108120047 -1.20000 0.63275 0.11400
108120048 -1.20000 0.63275 0.11000
108120049 -1.20000 0.63275 0.10600
108120050 -1.20000 0.63275 0.10200
108120051 -1.20000 0.63275 0.09800
108120052 -1.20000 0.63275 0.09400
108120053 -1.20000 0.63275 0.09000
108120054 -1.20000 0.63275 0.08600
108120055 -1.20000 0.63275 0.08200
108120056 -1.20000 0.63275 0.07800
108120057 -1.20000 0.63275 0.07400
108120058 -1.20000 0.63275 0.07000
108120059 -1.20000 0.63275 0.06600
108120060 -1.20000 0.63275 0.06200
108120061 -1.20000 0.63275 0.05800
108120062 -1.20000 0.63275 0.05400
108120063 -1.20000 0.63275 0.05000
108120064 -1.20000 0.63275 0.04600
108120065 -1.20000 0.63275 0.04200
108120066 -1.20000 0.63275 0.03800
108120067 -1.20000 0.63275 0.03400
108120068 -1.20000 0.63275 0.03000
108120069 -1.20000 0.63275 0.02600
108120070 -1.20000 0.63275 0.02200
108120071 -1.20000 0.63275 0.01800
108120072 -1.20000 0.63275 0.01400
108120073 -1.20000 0.63275 0.01000
108120074 -1.20000 0.63275 0.00600
108120075 -1.20000 0.63275 0.00200
108120076 -1.20000 0.63275 -0.00200
108120077 -1.20000 0.63275 -0.00600
108120078 -1.20000 0.63275 -0.01000
108120079 -1.20000 0.63275 -0.01400
108120080 -1.20000 0.63275 -0.01800
108120081 -1.20000 0.63275 -0.02200
108120082 -1.20000 0.63275 -0.02600
108120083 -1.20000 0.63275 -0.03000
108120084 -1.20000 0.63275 -0.03400
108120085 -1.20000 0.63275 -0.03800
108120086 -1.20000 0.63275 -0.04200
108120087 -1.20000 0.63275 -0.04600
108120088 -1.20000 0.63275 -0.05000
108120089 -1.20000 0.63275 -0.05400
108120090 -1.20000 0.63275 -0.05800
108120091 -1.20000 0.63275 -0.06200
108120092 -1.20000 0.63275 -0.06600
108120093 -1.20000 0.63275 -0.07000
108120094 -1.20000 0.63275 -0.07400
108120095 -1.20000 0.63275 -0.07800
108120096 -1.20000 0.63275 -0.08200
108120097 -1.20000 0.63275 -0.08600
108120098 -1.20000 0.63275 -0.09000
108120099 -1.20000 0.63275 -0.09400
108120100 -1.20000 0.63275 -0.09800
108120101 -1.20000 0.63275 -0.10200
108120102 -1.20000 0.63275 -0.10600
108120103 -1.20000 0.63275 -0.11000
108120104 -1.20000 0.63275 -0.11400
108120105 -1.20000 0.63275 -0.11800
108120106 -1.20000 0.63275 -0.12200
108120107 -1.20000 0.63275 -0.12600
108120108 -1.20000 0.63275 -0.13000
108120109 -1.20000 0.63275 -0.13400
108120110 -1.20000 0.63275 -0.13800
108120111 -1.20000 0.63275 -0.14200
108120112 -1.20000 0.63275 -0.14600
108120113 -1.20000 0.63275 -0.15000
108120114 -1.20000 0.63275 -0.15400
108120115 -1.20000 0.63275 -0.15800
108120116 -1.20000 0.63275 -0.16200
108120117 -1.20000 0.63275 -0.16600
108120118 -1.20000 0.63275 -0.17000
108120119 -1.20000 0.63275 -0.17400
108120120 -1.20000 0.63275 -0.17800
108120121 -1.20000 0.63275 -0.18200
108120122 -1.20000 0.63275 -0.18600
108120123 -1.20000 0.63275 -0.19000
108120124 -1.20000 0.63275 -0.19400
108120125 -1.20000 0.63275 -0.19800
108120126 -1.20000 0.63275 -0.20200
108120127 -1.20000 0.63275 -0.20600
108120128 -1.20000 0.63275 -0.21000
108120129 -1.20000 0.63275 -0.21400
108120130 -1.20000 0.63275 -0.21800
108120131 -1.20000 0.63275 -0.22200
108120132 -1.20000 0.63275 -0.22600
108120133 -1.20000 0.63275 -0.23000
108120134 -1.20000 0.63275 -0.23400
108120135 -1.20000 0.63275 -0.23800
108120136 -1.20000 0.63275 -0.24200
108120137 -1.20000 0.63275 -0.24600
108120138 -1.20000 0.63275 -0.25000
108120139 -1.20000 0.63275 -0.25400
108120140 -1.20000 0.63275 -0.25800
108120141 -1.20000 0.63275 -0.26200
108120142 -1.20000 0.63275 -0.26600
108120143 -1.20000 0.63275 -0.27000
108120144 -1.20000 0.63275 -0.27400
108120145 -1.20000 0.63275 -0.27800
108120146 -1.20000 0.63275 -0.28200
108120147 -1.20000 0.63275 -0.28600
108120148 -1.20000 0.63275 -0.29000
108120149 -1.20000 0.63275 -0.29400
108120150 -1.20000 0.63275 -0.29800
108120151 -1.20000 0.64625 0.29800
108120152 -1.20000 0.64625 0.29400
108120153 -1.20000 0.64625 0.29000
108120154 -1.20000 0.64625 0.28600
108120155 -1.20000 0.64625 0.28200
108120156 -1.20000 0.64625 0.27800
108120157 -1.20000 0.64625 0.27400
108120158 -1.20000 0.64625 0.27000
108120159 -1.20000 0.64625 0.26600
108120160 -1.20000 0.64625 0.26200
108120161 -1.20000 0.64625 0.25800
108120162 -1.20000 0.64625 0.25400
108120163 -1.20000 0.64625 0.25000
108120164 -1.20000 0.64625 0.24600
108120165 -1.20000 0.64625 0.24200
108120166 -1.20000 0.64625 0.23800
108120167 -1.20000 0.64625 0.23400
108120168 -1.20000 0.64625 0.23000
108120169 -1.20000 0.64625 0.22600
108120170 -1.20000 0.64625 0.22200
108120171 -1.20000 0.64625 0.21800
108120172 -1.20000 0.64625 0.21400
108120173 -1.20000 0.64625 0.21000
108120174 -1.20000 0.64625 0.20600
108120175 -1.20000 0.64625 0.20200
108120176 -1.20000 0.64625 0.19800
108120177 -1.20000 0.64625 0.19400
108120178 -1.20000 0.64625 0.19000
108120179 -1.20000 0.64625 0.18600
108120180 -1.20000 0.64625 0.18200
108120181 -1.20000 0.64625 0.17800
108120182 -1.20000 0.64625 0.17400
108120183 -1.20000 0.64625 0.17000
108120184 -1.20000 0.64625 0.16600
108120185 -1.20000 0.64625 0.16200
108120186 -1.20000 0.64625 0.15800
108120187 -1.20000 0.64625 0.15400
108120188 -1.20000 0.64625 0.15000
108120189 -1.20000 0.64625 0.14600
108120190 -1.20000 0.64625 0.14200
108120191 -1.20000 0.64625 0.13800
108120192 -1.20000 0.64625 0.13400
108120193 -1.20000 0.64625 0.13000
108120194 -1.20000 0.64625 0.12600
108120195 -1.20000 0.64625 0.12200
108120196 -1.20000 0.64625 0.11800
108120197 -1.20000 0.64625 0.11400
108120198 -1.20000 0.64625 0.11000
108120199 -1.20000 0.64625 0.10600
108120200 -1.20000 0.64625 0.10200
108120201 -1.20000 0.64625 0.09800
108120202 -1.20000 0.64625 0.09400
108120203 -1.20000 0.64625 0.09000
108120204 -1.20000 0.64625 0.08600
108120205 -1.20000 0.64625 0.08200
108120206 -1.20000 0.64625 0.07800
108120207 -1.20000 0.64625 0.07400
108120208 -1.20000 0.64625 0.07000
108120209 -1.20000 0.64625 0.06600
108120210 -1.20000 0.64625 0.06200
108120211 -1.20000 0.64625 0.05800
108120212 -1.20000 0.64625 0.05400
108120213 -1.20000 0.64625 0.05000
108120214 -1.20000 0.64625 0.04600
108120215 -1.20000 0.64625 0.04200
108120216 -1.20000 0.64625 0.03800
108120217 -1.20000 0.64625 0.03400
108120218 -1.20000 0.64625 0.03000
108120219 -1.20000 0.64625 0.02600
108120220 -1.20000 0.64625 0.02200
108120221 -1.20000 0.64625 0.01800
108120222 -1.20000 0.64625 0.01400
108120223 -1.20000 0.64625 0.01000
108120224 -1.20000 0.64625 0.00600
108120225 -1.20000 0.64625 0.00200
108120226 -1.20000 0.64625 -0.00200
108120227 -1.20000 0.64625 -0.00600
108120228 -1.20000 0.64625 -0.01000
108120229 -1.20000 0.64625 -0.01400
108120230 -1.20000 0.64625 -0.01800
108120231 -1.20000 0.64625 -0.02200
108120232 -1.20000 0.64625 -0.02600
108120233 -1.20000 0.64625 -0.03000
108120234 -1.20000 0.64625 -0.03400
108120235 -1.20000 0.64625 -0.03800
108120236 -1.20000 0.64625 -0.04200
108120237 -1.20000 0.64625 -0.04600
108120238 -1.20000 0.64625 -0.05000
108120239 -1.20000 0.64625 -0.05400
108120240 -1.20000 0.64625 -0.05800
108120241 -1.20000 0.64625 -0.06200
108120242 -1.20000 0.64625 -0.06600
108120243 -1.20000 0.64625 -0.07000
108120244 -1.20000 0.64625 -0.07400
108120245 -1.20000 0.64625 -0.07800
108120246 -1.20000 0.64625 -0.08200
108120247 -1.20000 0.64625 -0.08600
108120248 -1.20000 0.64625 -0.09000
108120249 -1.20000 0.64625 -0.09400
108120250 -1.20000 0.64625 -0.09800
108120251 -1.20000 0.64625 -0.10200
108120252 -1.20000 0.64625 -0.10600
108120253 -1.20000 0.64625 -0.11000
108120254 -1.20000 0.64625 -0.11400
108120255 -1.20000 0.64625 -0.11800
108120256 -1.20000 0.64625 -0.12200
108120257 -1.20000 0.64625 -0.12600
108120258 -1.20000 0.64625 -0.13000
108120259 -1.20000 0.64625 -0.13400
108120260 -1.20000 0.64625 -0.13800
108120261 -1.20000 0.64625 -0.14200
108120262 -1.20000 0.64625 -0.14600
108120263 -1.20000 0.64625 -0.15000
108120264 -1.20000 0.64625 -0.15400
108120265 -1.20000 0.64625 -0.15800
108120266 -1.20000 0.64625 -0.16200
108120267 -1.20000 0.64625 -0.16600
108120268 -1.20000 0.64625 -0.17000
108120269 -1.20000 0.64625 -0.17400
108120270 -1.20000 0.64625 -0.17800
108120271 -1.20000 0.64625 -0.18200
108120272 -1.20000 0.64625 -0.18600
108120273 -1.20000 0.64625 -0.19000
108120274 -1.20000 0.64625 -0.19400
108120275 -1.20000 0.64625 -0.19800
108120276 -1.20000 0.64625 -0.20200
108120277 -1.20000 0.64625 -0.20600
108120278 -1.20000 0.64625 -0.21000
108120279 -1.20000 0.64625 -0.21400
108120280 -1.20000 0.64625 -0.21800
108120281 -1.20000 0.64625 -0.22200
108120282 -1.20000 0.64625 -0.22600
108120283 -1.20000 0.64625 -0.23000
108120284 -1.20000 0.64625 -0.23400
108120285 -1.20000 0.64625 -0.23800
108120286 -1.20000 0.64625 -0.24200
108120287 -1.20000 0.64625 -0.24600
108120288 -1.20000 0.64625 -0.25000
108120289 -1.20000 0.64625 -0.25400
108120290 -1.20000 0.64625 -0.25800
108120291 -1.20000 0.64625 -0.26200
108120292 -1.20000 0.64625 -0.26600
108120293 -1.20000 0.64625 -0.27000
108120294 -1.20000 0.64625 -0.27400
108120295 -1.20000 0.64625 -0.27800
108120296 -1.20000 0.64625 -0.28200
108120297 -1.20000 0.64625 -0.28600
108120298 -1.20000 0.64625 -0.29000
108120299 -1.20000 0.64625 -0.29400
108120300 -1.20000 0.64625 -0.29800
108120301 -1.20000 0.65975 0.29800
108120302 -1.20000 0.65975 0.29400
108120303 -1.20000 0.65975 0.29000
108120304 -1.20000 0.65975 0.28600
108120305 -1.20000 0.65975 0.28200
108120306 -1.20000 0.65975 0.27800
108120307 -1.20000 0.65975 0.27400
108120308 -1.20000 0.65975 0.27000
108120309 -1.20000 0.65975 0.26600
108120310 -1.20000 0.65975 0.26200
108120311 -1.20000 0.65975 0.25800
108120312 -1.20000 0.65975 0.25400
108120313 -1.20000 0.65975 0.25000
108120314 -1.20000 0.65975 0.24600
108120315 -1.20000 0.65975 0.24200
108120316 -1.20000 0.65975 0.23800
108120317 -1.20000 0.65975 0.23400
108120318 -1.20000 0.65975 0.23000
108120319 -1.20000 0.65975 0.22600
108120320 -1.20000 0.65975 0.22200
108120321 -1.20000 0.65975 0.21800
108120322 -1.20000 0.65975 0.21400
108120323 -1.20000 0.65975 0.21000
108120324 -1.20000 0.65975 0.20600
108120325 -1.20000 0.65975 0.20200
108120326 -1.20000 0.65975 0.19800
108120327 -1.20000 0.65975 0.19400
108120328 -1.20000 0.65975 0.19000
108120329 -1.20000 0.65975 0.18600
108120330 -1.20000 0.65975 0.18200
108120331 -1.20000 0.65975 0.17800
108120332 -1.20000 0.65975 0.17400
108120333 -1.20000 0.65975 0.17000
108120334 -1.20000 0.65975 0.16600
108120335 -1.20000 0.65975 0.16200
108120336 -1.20000 0.65975 0.15800
108120337 -1.20000 0.65975 0.15400
108120338 -1.20000 0.65975 0.15000
108120339 -1.20000 0.65975 0.14600
108120340 -1.20000 0.65975 0.14200
108120341 -1.20000 0.65975 0.13800
108120342 -1.20000 0.65975 0.13400
108120343 -1.20000 0.65975 0.13000
108120344 -1.20000 0.65975 0.12600
108120345 -1.20000 0.65975 0.12200
108120346 -1.20000 0.65975 0.11800
108120347 -1.20000 0.65975 0.11400
108120348 -1.20000 0.65975 0.11000
108120349 -1.20000 0.65975 0.10600
108120350 -1.20000 0.65975 0.10200
108120351 -1.20000 0.65975 0.09800
108120352 -1.20000 0.65975 0.09400
108120353 -1.20000 0.65975 0.09000
108120354 -1.20000 0.65975 0.08600
108120355 -1.20000 0.65975 0.08200
108120356 -1.20000 0.65975 0.07800
108120357 -1.20000 0.65975 0.07400
108120358 -1.20000 0.65975 0.07000
108120359 -1.20000 0.65975 0.06600
108120360 -1.20000 0.65975 0.06200
108120361 -1.20000 0.65975 0.05800
108120362 -1.20000 0.65975 0.05400
108120363 -1.20000 0.65975 0.05000
108120364 -1.20000 0.65975 0.04600
108120365 -1.20000 0.65975 0.04200
108120366 -1.20000 0.65975 0.03800
108120367 -1.20000 0.65975 0.03400
108120368 -1.20000 0.65975 0.03000
108120369 -1.20000 0.65975 0.02600
108120370 -1.20000 0.65975 0.02200
108120371 -1.20000 0.65975 0.01800
108120372 -1.20000 0.65975 0.01400
108120373 -1.20000 0.65975 0.01000
108120374 -1.20000 0.65975 0.00600
108120375 -1.20000 0.65975 0.00200
108120376 -1.20000 0.65975 -0.00200
108120377 -1.20000 0.65975 -0.00600
108120378 -1.20000 0.65975 -0.01000
108120379 -1.20000 0.65975 -0.01400
108120380 -1.20000 0.65975 -0.01800
108120381 -1.20000 0.65975 -0.02200
108120382 -1.20000 0.65975 -0.02600
108120383 -1.20000 0.65975 -0.03000
108120384 -1.20000 0.65975 -0.03400
108120385 -1.20000 0.65975 -0.03800
108120386 -1.20000 0.65975 -0.04200
108120387 -1.20000 0.65975 -0.04600
108120388 -1.20000 0.65975 -0.05000
108120389 -1.20000 0.65975 -0.05400
108120390 -1.20000 0.65975 -0.05800
108120391 -1.20000 0.65975 -0.06200
108120392 -1.20000 0.65975 -0.06600
108120393 -1.20000 0.65975 -0.07000
108120394 -1.20000 0.65975 -0.07400
108120395 -1.20000 0.65975 -0.07800
108120396 -1.20000 0.65975 -0.08200
108120397 -1.20000 0.65975 -0.08600
108120398 -1.20000 0.65975 -0.09000
108120399 -1.20000 0.65975 -0.09400
108120400 -1.20000 0.65975 -0.09800
108120401 -1.20000 0.65975 -0.10200
108120402 -1.20000 0.65975 -0.10600
108120403 -1.20000 0.65975 -0.11000
108120404 -1.20000 0.65975 -0.11400
108120405 -1.20000 0.65975 -0.11800
108120406 -1.20000 0.65975 -0.12200
108120407 -1.20000 0.65975 -0.12600
108120408 -1.20000 0.65975 -0.13000
108120409 -1.20000 0.65975 -0.13400
108120410 -1.20000 0.65975 -0.13800
108120411 -1.20000 0.65975 -0.14200
108120412 -1.20000 0.65975 -0.14600
108120413 -1.20000 0.65975 -0.15000
108120414 -1.20000 0.65975 -0.15400
108120415 -1.20000 0.65975 -0.15800
108120416 -1.20000 0.65975 -0.16200
108120417 -1.20000 0.65975 -0.16600
108120418 -1.20000 0.65975 -0.17000
108120419 -1.20000 0.65975 -0.17400
108120420 -1.20000 0.65975 -0.17800
108120421 -1.20000 0.65975 -0.18200
108120422 -1.20000 0.65975 -0.18600
108120423 -1.20000 0.65975 -0.19000
108120424 -1.20000 0.65975 -0.19400
108120425 -1.20000 0.65975 -0.19800
108120426 -1.20000 0.65975 -0.20200
108120427 -1.20000 0.65975 -0.20600
108120428 -1.20000 0.65975 -0.21000
108120429 -1.20000 0.65975 -0.21400
108120430 -1.20000 0.65975 -0.21800
108120431 -1.20000 0.65975 -0.22200
108120432 -1.20000 0.65975 -0.22600
108120433 -1.20000 0.65975 -0.23000
108120434 -1.20000 0.65975 -0.23400
108120435 -1.20000 0.65975 -0.23800
108120436 -1.20000 0.65975 -0.24200
108120437 -1.20000 0.65975 -0.24600
108120438 -1.20000 0.65975 -0.25000
108120439 -1.20000 0.65975 -0.25400
108120440 -1.20000 0.65975 -0.25800
108120441 -1.20000 0.65975 -0.26200
108120442 -1.20000 0.65975 -0.26600
108120443 -1.20000 0.65975 -0.27000
108120444 -1.20000 0.65975 -0.27400
108120445 -1.20000 0.65975 -0.27800
108120446 -1.20000 0.65975 -0.28200
108120447 -1.20000 0.65975 -0.28600
108120448 -1.20000 0.65975 -0.29000
108120449 -1.20000 0.65975 -0.29400
108120450 -1.20000 0.65975 -0.29800
108120451 -1.20000 0.67325 0.29800
108120452 -1.20000 0.67325 0.29400
108120453 -1.20000 0.67325 0.29000
108120454 -1.20000 0.67325 0.28600
108120455 -1.20000 0.67325 0.28200
108120456 -1.20000 0.67325 0.27800
108120457 -1.20000 0.67325 0.27400
108120458 -1.20000 0.67325 0.27000
108120459 -1.20000 0.67325 0.26600
108120460 -1.20000 0.67325 0.26200
108120461 -1.20000 0.67325 0.25800
108120462 -1.20000 0.67325 0.25400
108120463 -1.20000 0.67325 0.25000
108120464 -1.20000 0.67325 0.24600
108120465 -1.20000 0.67325 0.24200
108120466 -1.20000 0.67325 0.23800
108120467 -1.20000 0.67325 0.23400
108120468 -1.20000 0.67325 0.23000
108120469 -1.20000 0.67325 0.22600
108120470 -1.20000 0.67325 0.22200
108120471 -1.20000 0.67325 0.21800
108120472 -1.20000 0.67325 0.21400
108120473 -1.20000 0.67325 0.21000
108120474 -1.20000 0.67325 0.20600
108120475 -1.20000 0.67325 0.20200
108120476 -1.20000 0.67325 0.19800
108120477 -1.20000 0.67325 0.19400
108120478 -1.20000 0.67325 0.19000
108120479 -1.20000 0.67325 0.18600
108120480 -1.20000 0.67325 0.18200
108120481 -1.20000 0.67325 0.17800
108120482 -1.20000 0.67325 0.17400
108120483 -1.20000 0.67325 0.17000
108120484 -1.20000 0.67325 0.16600
108120485 -1.20000 0.67325 0.16200
108120486 -1.20000 0.67325 0.15800
108120487 -1.20000 0.67325 0.15400
108120488 -1.20000 0.67325 0.15000
108120489 -1.20000 0.67325 0.14600
108120490 -1.20000 0.67325 0.14200
108120491 -1.20000 0.67325 0.13800
108120492 -1.20000 0.67325 0.13400
108120493 -1.20000 0.67325 0.13000
108120494 -1.20000 0.67325 0.12600
108120495 -1.20000 0.67325 0.12200
108120496 -1.20000 0.67325 0.11800
108120497 -1.20000 0.67325 0.11400
108120498 -1.20000 0.67325 0.11000
108120499 -1.20000 0.67325 0.10600
108120500 -1.20000 0.67325 0.10200
108120501 -1.20000 0.67325 0.09800
108120502 -1.20000 0.67325 0.09400
108120503 -1.20000 0.67325 0.09000
108120504 -1.20000 0.67325 0.08600
108120505 -1.20000 0.67325 0.08200
108120506 -1.20000 0.67325 0.07800
108120507 -1.20000 0.67325 0.07400
108120508 -1.20000 0.67325 0.07000
108120509 -1.20000 0.67325 0.06600
108120510 -1.20000 0.67325 0.06200
108120511 -1.20000 0.67325 0.05800
108120512 -1.20000 0.67325 0.05400
108120513 -1.20000 0.67325 0.05000
108120514 -1.20000 0.67325 0.04600
108120515 -1.20000 0.67325 0.04200
108120516 -1.20000 0.67325 0.03800
108120517 -1.20000 0.67325 0.03400
108120518 -1.20000 0.67325 0.03000
108120519 -1.20000 0.67325 0.02600
108120520 -1.20000 0.67325 0.02200
108120521 -1.20000 0.67325 0.01800
108120522 -1.20000 0.67325 0.01400
108120523 -1.20000 0.67325 0.01000
108120524 -1.20000 0.67325 0.00600
108120525 -1.20000 0.67325 0.00200
108120526 -1.20000 0.67325 -0.00200
108120527 -1.20000 0.67325 -0.00600
108120528 -1.20000 0.67325 -0.01000
108120529 -1.20000 0.67325 -0.01400
108120530 -1.20000 0.67325 -0.01800
108120531 -1.20000 0.67325 -0.02200
108120532 -1.20000 0.67325 -0.02600
108120533 -1.20000 0.67325 -0.03000
108120534 -1.20000 0.67325 -0.03400
108120535 -1.20000 0.67325 -0.03800
108120536 -1.20000 0.67325 -0.04200
108120537 -1.20000 0.67325 -0.04600
108120538 -1.20000 0.67325 -0.05000
108120539 -1.20000 0.67325 -0.05400
108120540 -1.20000 0.67325 -0.05800
108120541 -1.20000 0.67325 -0.06200
108120542 -1.20000 0.67325 -0.06600
108120543 -1.20000 0.67325 -0.07000
108120544 -1.20000 0.67325 -0.07400
108120545 -1.20000 0.67325 -0.07800
108120546 -1.20000 0.67325 -0.08200
108120547 -1.20000 0.67325 -0.08600
108120548 -1.20000 0.67325 -0.09000
108120549 -1.20000 0.67325 -0.09400
108120550 -1.20000 0.67325 -0.09800
108120551 -1.20000 0.67325 -0.10200
108120552 -1.20000 0.67325 -0.10600
108120553 -1.20000 0.67325 -0.11000
108120554 -1.20000 0.67325 -0.11400
108120555 -1.20000 0.67325 -0.11800
108120556 -1.20000 0.67325 -0.12200
108120557 -1.20000 0.67325 -0.12600
108120558 -1.20000 0.67325 -0.13000
108120559 -1.20000 0.67325 -0.13400
108120560 -1.20000 0.67325 -0.13800
108120561 -1.20000 0.67325 -0.14200
108120562 -1.20000 0.67325 -0.14600
108120563 -1.20000 0.67325 -0.15000
108120564 -1.20000 0.67325 -0.15400
108120565 -1.20000 0.67325 -0.15800
108120566 -1.20000 0.67325 -0.16200
108120567 -1.20000 0.67325 -0.16600
108120568 -1.20000 0.67325 -0.17000
108120569 -1.20000 0.67325 -0.17400
108120570 -1.20000 0.67325 -0.17800
108120571 -1.20000 0.67325 -0.18200
108120572 -1.20000 0.67325 -0.18600
108120573 -1.20000 0.67325 -0.19000
108120574 -1.20000 0.67325 -0.19400
108120575 -1.20000 0.67325 -0.19800
108120576 -1.20000 0.67325 -0.20200
108120577 -1.20000 0.67325 -0.20600
108120578 -1.20000 0.67325 -0.21000
108120579 -1.20000 0.67325 -0.21400
108120580 -1.20000 0.67325 -0.21800
108120581 -1.20000 0.67325 -0.22200
108120582 -1.20000 0.67325 -0.22600
108120583 -1.20000 0.67325 -0.23000
108120584 -1.20000 0.67325 -0.23400
108120585 -1.20000 0.67325 -0.23800
108120586 -1.20000 0.67325 -0.24200
108120587 -1.20000 0.67325 -0.24600
108120588 -1.20000 0.67325 -0.25000
108120589 -1.20000 0.67325 -0.25400
108120590 -1.20000 0.67325 -0.25800
108120591 -1.20000 0.67325 -0.26200
108120592 -1.20000 0.67325 -0.26600
108120593 -1.20000 0.67325 -0.27000
108120594 -1.20000 0.67325 -0.27400
108120595 -1.20000 0.67325 -0.27800
108120596 -1.20000 0.67325 -0.28200
108120597 -1.20000 0.67325 -0.28600
108120598 -1.20000 0.67325 -0.29000
108120599 -1.20000 0.67325 -0.29400
108120600 -1.20000 0.67325 -0.29800
108120601 -1.20000 0.68675 0.29800
108120602 -1.20000 0.68675 0.29400
108120603 -1.20000 0.68675 0.29000
108120604 -1.20000 0.68675 0.28600
108120605 -1.20000 0.68675 0.28200
108120606 -1.20000 0.68675 0.27800
108120607 -1.20000 0.68675 0.27400
108120608 -1.20000 0.68675 0.27000
108120609 -1.20000 0.68675 0.26600
108120610 -1.20000 0.68675 0.26200
108120611 -1.20000 0.68675 0.25800
108120612 -1.20000 0.68675 0.25400
108120613 -1.20000 0.68675 0.25000
108120614 -1.20000 0.68675 0.24600
108120615 -1.20000 0.68675 0.24200
108120616 -1.20000 0.68675 0.23800
108120617 -1.20000 0.68675 0.23400
108120618 -1.20000 0.68675 0.23000
108120619 -1.20000 0.68675 0.22600
108120620 -1.20000 0.68675 0.22200
108120621 -1.20000 0.68675 0.21800
108120622 -1.20000 0.68675 0.21400
108120623 -1.20000 0.68675 0.21000
108120624 -1.20000 0.68675 0.20600
108120625 -1.20000 0.68675 0.20200
108120626 -1.20000 0.68675 0.19800
108120627 -1.20000 0.68675 0.19400
108120628 -1.20000 0.68675 0.19000
108120629 -1.20000 0.68675 0.18600
108120630 -1.20000 0.68675 0.18200
108120631 -1.20000 0.68675 0.17800
108120632 -1.20000 0.68675 0.17400
108120633 -1.20000 0.68675 0.17000
108120634 -1.20000 0.68675 0.16600
108120635 -1.20000 0.68675 0.16200
108120636 -1.20000 0.68675 0.15800
108120637 -1.20000 0.68675 0.15400
108120638 -1.20000 0.68675 0.15000
108120639 -1.20000 0.68675 0.14600
108120640 -1.20000 0.68675 0.14200
108120641 -1.20000 0.68675 0.13800
108120642 -1.20000 0.68675 0.13400
108120643 -1.20000 0.68675 0.13000
108120644 -1.20000 0.68675 0.12600
108120645 -1.20000 0.68675 0.12200
108120646 -1.20000 0.68675 0.11800
108120647 -1.20000 0.68675 0.11400
108120648 -1.20000 0.68675 0.11000
108120649 -1.20000 0.68675 0.10600
108120650 -1.20000 0.68675 0.10200
108120651 -1.20000 0.68675 0.09800
108120652 -1.20000 0.68675 0.09400
108120653 -1.20000 0.68675 0.09000
108120654 -1.20000 0.68675 0.08600
108120655 -1.20000 0.68675 0.08200
108120656 -1.20000 0.68675 0.07800
108120657 -1.20000 0.68675 0.07400
108120658 -1.20000 0.68675 0.07000
108120659 -1.20000 0.68675 0.06600
108120660 -1.20000 0.68675 0.06200
108120661 -1.20000 0.68675 0.05800
108120662 -1.20000 0.68675 0.05400
108120663 -1.20000 0.68675 0.05000
108120664 -1.20000 0.68675 0.04600
108120665 -1.20000 0.68675 0.04200
108120666 -1.20000 0.68675 0.03800
108120667 -1.20000 0.68675 0.03400
108120668 -1.20000 0.68675 0.03000
108120669 -1.20000 0.68675 0.02600
108120670 -1.20000 0.68675 0.02200
108120671 -1.20000 0.68675 0.01800
108120672 -1.20000 0.68675 0.01400
108120673 -1.20000 0.68675 0.01000
108120674 -1.20000 0.68675 0.00600
108120675 -1.20000 0.68675 0.00200
108120676 -1.20000 0.68675 -0.00200
108120677 -1.20000 0.68675 -0.00600
108120678 -1.20000 0.68675 -0.01000
108120679 -1.20000 0.68675 -0.01400
108120680 -1.20000 0.68675 -0.01800
108120681 -1.20000 0.68675 -0.02200
108120682 -1.20000 0.68675 -0.02600
108120683 -1.20000 0.68675 -0.03000
108120684 -1.20000 0.68675 -0.03400
108120685 -1.20000 0.68675 -0.03800
108120686 -1.20000 0.68675 -0.04200
108120687 -1.20000 0.68675 -0.04600
108120688 -1.20000 0.68675 -0.05000
108120689 -1.20000 0.68675 -0.05400
108120690 -1.20000 0.68675 -0.05800
108120691 -1.20000 0.68675 -0.06200
108120692 -1.20000 0.68675 -0.06600
108120693 -1.20000 0.68675 -0.07000
108120694 -1.20000 0.68675 -0.07400
108120695 -1.20000 0.68675 -0.07800
108120696 -1.20000 0.68675 -0.08200
108120697 -1.20000 0.68675 -0.08600
108120698 -1.20000 0.68675 -0.09000
108120699 -1.20000 0.68675 -0.09400
108120700 -1.20000 0.68675 -0.09800
108120701 -1.20000 0.68675 -0.10200
108120702 -1.20000 0.68675 -0.10600
108120703 -1.20000 0.68675 -0.11000
108120704 -1.20000 0.68675 -0.11400
108120705 -1.20000 0.68675 -0.11800
108120706 -1.20000 0.68675 -0.12200
108120707 -1.20000 0.68675 -0.12600
108120708 -1.20000 0.68675 -0.13000
108120709 -1.20000 0.68675 -0.13400
108120710 -1.20000 0.68675 -0.13800
108120711 -1.20000 0.68675 -0.14200
108120712 -1.20000 0.68675 -0.14600
108120713 -1.20000 0.68675 -0.15000
108120714 -1.20000 0.68675 -0.15400
108120715 -1.20000 0.68675 -0.15800
108120716 -1.20000 0.68675 -0.16200
108120717 -1.20000 0.68675 -0.16600
108120718 -1.20000 0.68675 -0.17000
108120719 -1.20000 0.68675 -0.17400
108120720 -1.20000 0.68675 -0.17800
108120721 -1.20000 0.68675 -0.18200
108120722 -1.20000 0.68675 -0.18600
108120723 -1.20000 0.68675 -0.19000
108120724 -1.20000 0.68675 -0.19400
108120725 -1.20000 0.68675 -0.19800
108120726 -1.20000 0.68675 -0.20200
108120727 -1.20000 0.68675 -0.20600
108120728 -1.20000 0.68675 -0.21000
108120729 -1.20000 0.68675 -0.21400
108120730 -1.20000 0.68675 -0.21800
108120731 -1.20000 0.68675 -0.22200
108120732 -1.20000 0.68675 -0.22600
108120733 -1.20000 0.68675 -0.23000
108120734 -1.20000 0.68675 -0.23400
108120735 -1.20000 0.68675 -0.23800
108120736 -1.20000 0.68675 -0.24200
108120737 -1.20000 0.68675 -0.24600
108120738 -1.20000 0.68675 -0.25000
108120739 -1.20000 0.68675 -0.25400
108120740 -1.20000 0.68675 -0.25800
108120741 -1.20000 0.68675 -0.26200
108120742 -1.20000 0.68675 -0.26600
108120743 -1.20000 0.68675 -0.27000
108120744 -1.20000 0.68675 -0.27400
108120745 -1.20000 0.68675 -0.27800
108120746 -1.20000 0.68675 -0.28200
108120747 -1.20000 0.68675 -0.28600
108120748 -1.20000 0.68675 -0.29000
108120749 -1.20000 0.68675 -0.29400
108120750 -1.20000 0.68675 -0.29800
108120751 -1.20000 0.70025 0.29800
108120752 -1.20000 0.70025 0.29400
108120753 -1.20000 0.70025 0.29000
108120754 -1.20000 0.70025 0.28600
108120755 -1.20000 0.70025 0.28200
108120756 -1.20000 0.70025 0.27800
108120757 -1.20000 0.70025 0.27400
108120758 -1.20000 0.70025 0.27000
108120759 -1.20000 0.70025 0.26600
108120760 -1.20000 0.70025 0.26200
108120761 -1.20000 0.70025 0.25800
108120762 -1.20000 0.70025 0.25400
108120763 -1.20000 0.70025 0.25000
108120764 -1.20000 0.70025 0.24600
108120765 -1.20000 0.70025 0.24200
108120766 -1.20000 0.70025 0.23800
108120767 -1.20000 0.70025 0.23400
108120768 -1.20000 0.70025 0.23000
108120769 -1.20000 0.70025 0.22600
108120770 -1.20000 0.70025 0.22200
108120771 -1.20000 0.70025 0.21800
108120772 -1.20000 0.70025 0.21400
108120773 -1.20000 0.70025 0.21000
108120774 -1.20000 0.70025 0.20600
108120775 -1.20000 0.70025 0.20200
108120776 -1.20000 0.70025 0.19800
108120777 -1.20000 0.70025 0.19400
108120778 -1.20000 0.70025 0.19000
108120779 -1.20000 0.70025 0.18600
108120780 -1.20000 0.70025 0.18200
108120781 -1.20000 0.70025 0.17800
108120782 -1.20000 0.70025 0.17400
108120783 -1.20000 0.70025 0.17000
108120784 -1.20000 0.70025 0.16600
108120785 -1.20000 0.70025 0.16200
108120786 -1.20000 0.70025 0.15800
108120787 -1.20000 0.70025 0.15400
108120788 -1.20000 0.70025 0.15000
108120789 -1.20000 0.70025 0.14600
108120790 -1.20000 0.70025 0.14200
108120791 -1.20000 0.70025 0.13800
108120792 -1.20000 0.70025 0.13400
108120793 -1.20000 0.70025 0.13000
108120794 -1.20000 0.70025 0.12600
108120795 -1.20000 0.70025 0.12200
108120796 -1.20000 0.70025 0.11800
108120797 -1.20000 0.70025 0.11400
108120798 -1.20000 0.70025 0.11000
108120799 -1.20000 0.70025 0.10600
108120800 -1.20000 0.70025 0.10200
108120801 -1.20000 0.70025 0.09800
108120802 -1.20000 0.70025 0.09400
108120803 -1.20000 0.70025 0.09000
108120804 -1.20000 0.70025 0.08600
108120805 -1.20000 0.70025 0.08200
108120806 -1.20000 0.70025 0.07800
108120807 -1.20000 0.70025 0.07400
108120808 -1.20000 0.70025 0.07000
108120809 -1.20000 0.70025 0.06600
108120810 -1.20000 0.70025 0.06200
108120811 -1.20000 0.70025 0.05800
108120812 -1.20000 0.70025 0.05400
108120813 -1.20000 0.70025 0.05000
108120814 -1.20000 0.70025 0.04600
108120815 -1.20000 0.70025 0.04200
108120816 -1.20000 0.70025 0.03800
108120817 -1.20000 0.70025 0.03400
108120818 -1.20000 0.70025 0.03000
108120819 -1.20000 0.70025 0.02600
108120820 -1.20000 0.70025 0.02200
108120821 -1.20000 0.70025 0.01800
108120822 -1.20000 0.70025 0.01400
108120823 -1.20000 0.70025 0.01000
108120824 -1.20000 0.70025 0.00600
108120825 -1.20000 0.70025 0.00200
108120826 -1.20000 0.70025 -0.00200
108120827 -1.20000 0.70025 -0.00600
108120828 -1.20000 0.70025 -0.01000
108120829 -1.20000 0.70025 -0.01400
108120830 -1.20000 0.70025 -0.01800
108120831 -1.20000 0.70025 -0.02200
108120832 -1.20000 0.70025 -0.02600
108120833 -1.20000 0.70025 -0.03000
108120834 -1.20000 0.70025 -0.03400
108120835 -1.20000 0.70025 -0.03800
108120836 -1.20000 0.70025 -0.04200
108120837 -1.20000 0.70025 -0.04600
108120838 -1.20000 0.70025 -0.05000
108120839 -1.20000 0.70025 -0.05400
108120840 -1.20000 0.70025 -0.05800
108120841 -1.20000 0.70025 -0.06200
108120842 -1.20000 0.70025 -0.06600
108120843 -1.20000 0.70025 -0.07000
108120844 -1.20000 0.70025 -0.07400
108120845 -1.20000 0.70025 -0.07800
108120846 -1.20000 0.70025 -0.08200
108120847 -1.20000 0.70025 -0.08600
108120848 -1.20000 0.70025 -0.09000
108120849 -1.20000 0.70025 -0.09400
108120850 -1.20000 0.70025 -0.09800
108120851 -1.20000 0.70025 -0.10200
108120852 -1.20000 0.70025 -0.10600
108120853 -1.20000 0.70025 -0.11000
108120854 -1.20000 0.70025 -0.11400
108120855 -1.20000 0.70025 -0.11800
108120856 -1.20000 0.70025 -0.12200
108120857 -1.20000 0.70025 -0.12600
108120858 -1.20000 0.70025 -0.13000
108120859 -1.20000 0.70025 -0.13400
108120860 -1.20000 0.70025 -0.13800
108120861 -1.20000 0.70025 -0.14200
108120862 -1.20000 0.70025 -0.14600
108120863 -1.20000 0.70025 -0.15000
108120864 -1.20000 0.70025 -0.15400
108120865 -1.20000 0.70025 -0.15800
108120866 -1.20000 0.70025 -0.16200
108120867 -1.20000 0.70025 -0.16600
108120868 -1.20000 0.70025 -0.17000
108120869 -1.20000 0.70025 -0.17400
108120870 -1.20000 0.70025 -0.17800
108120871 -1.20000 0.70025 -0.18200
108120872 -1.20000 0.70025 -0.18600
108120873 -1.20000 0.70025 -0.19000
108120874 -1.20000 0.70025 -0.19400
108120875 -1.20000 0.70025 -0.19800
108120876 -1.20000 0.70025 -0.20200
108120877 -1.20000 0.70025 -0.20600
108120878 -1.20000 0.70025 -0.21000
108120879 -1.20000 0.70025 -0.21400
108120880 -1.20000 0.70025 -0.21800
108120881 -1.20000 0.70025 -0.22200
108120882 -1.20000 0.70025 -0.22600
108120883 -1.20000 0.70025 -0.23000
108120884 -1.20000 0.70025 -0.23400
108120885 -1.20000 0.70025 -0.23800
108120886 -1.20000 0.70025 -0.24200
108120887 -1.20000 0.70025 -0.24600
108120888 -1.20000 0.70025 -0.25000
108120889 -1.20000 0.70025 -0.25400
108120890 -1.20000 0.70025 -0.25800
108120891 -1.20000 0.70025 -0.26200
108120892 -1.20000 0.70025 -0.26600
108120893 -1.20000 0.70025 -0.27000
108120894 -1.20000 0.70025 -0.27400
108120895 -1.20000 0.70025 -0.27800
108120896 -1.20000 0.70025 -0.28200
108120897 -1.20000 0.70025 -0.28600
108120898 -1.20000 0.70025 -0.29000
108120899 -1.20000 0.70025 -0.29400
108120900 -1.20000 0.70025 -0.29800
108120901 -1.20000 0.71375 0.29800
108120902 -1.20000 0.71375 0.29400
108120903 -1.20000 0.71375 0.29000
108120904 -1.20000 0.71375 0.28600
108120905 -1.20000 0.71375 0.28200
108120906 -1.20000 0.71375 0.27800
108120907 -1.20000 0.71375 0.27400
108120908 -1.20000 0.71375 0.27000
108120909 -1.20000 0.71375 0.26600
108120910 -1.20000 0.71375 0.26200
108120911 -1.20000 0.71375 0.25800
108120912 -1.20000 0.71375 0.25400
108120913 -1.20000 0.71375 0.25000
108120914 -1.20000 0.71375 0.24600
108120915 -1.20000 0.71375 0.24200
108120916 -1.20000 0.71375 0.23800
108120917 -1.20000 0.71375 0.23400
108120918 -1.20000 0.71375 0.23000
108120919 -1.20000 0.71375 0.22600
108120920 -1.20000 0.71375 0.22200
108120921 -1.20000 0.71375 0.21800
108120922 -1.20000 0.71375 0.21400
108120923 -1.20000 0.71375 0.21000
108120924 -1.20000 0.71375 0.20600
108120925 -1.20000 0.71375 0.20200
108120926 -1.20000 0.71375 0.19800
108120927 -1.20000 0.71375 0.19400
108120928 -1.20000 0.71375 0.19000
108120929 -1.20000 0.71375 0.18600
108120930 -1.20000 0.71375 0.18200
108120931 -1.20000 0.71375 0.17800
108120932 -1.20000 0.71375 0.17400
108120933 -1.20000 0.71375 0.17000
108120934 -1.20000 0.71375 0.16600
108120935 -1.20000 0.71375 0.16200
108120936 -1.20000 0.71375 0.15800
108120937 -1.20000 0.71375 0.15400
108120938 -1.20000 0.71375 0.15000
108120939 -1.20000 0.71375 0.14600
108120940 -1.20000 0.71375 0.14200
108120941 -1.20000 0.71375 0.13800
108120942 -1.20000 0.71375 0.13400
108120943 -1.20000 0.71375 0.13000
108120944 -1.20000 0.71375 0.12600
108120945 -1.20000 0.71375 0.12200
108120946 -1.20000 0.71375 0.11800
108120947 -1.20000 0.71375 0.11400
108120948 -1.20000 0.71375 0.11000
108120949 -1.20000 0.71375 0.10600
108120950 -1.20000 0.71375 0.10200
108120951 -1.20000 0.71375 0.09800
108120952 -1.20000 0.71375 0.09400
108120953 -1.20000 0.71375 0.09000
108120954 -1.20000 0.71375 0.08600
108120955 -1.20000 0.71375 0.08200
108120956 -1.20000 0.71375 0.07800
108120957 -1.20000 0.71375 0.07400
108120958 -1.20000 0.71375 0.07000
108120959 -1.20000 0.71375 0.06600
108120960 -1.20000 0.71375 0.06200
108120961 -1.20000 0.71375 0.05800
108120962 -1.20000 0.71375 0.05400
108120963 -1.20000 0.71375 0.05000
108120964 -1.20000 0.71375 0.04600
108120965 -1.20000 0.71375 0.04200
108120966 -1.20000 0.71375 0.03800
108120967 -1.20000 0.71375 0.03400
108120968 -1.20000 0.71375 0.03000
108120969 -1.20000 0.71375 0.02600
108120970 -1.20000 0.71375 0.02200
108120971 -1.20000 0.71375 0.01800
108120972 -1.20000 0.71375 0.01400
108120973 -1.20000 0.71375 0.01000
108120974 -1.20000 0.71375 0.00600
108120975 -1.20000 0.71375 0.00200
108120976 -1.20000 0.71375 -0.00200
108120977 -1.20000 0.71375 -0.00600
108120978 -1.20000 0.71375 -0.01000
108120979 -1.20000 0.71375 -0.01400
108120980 -1.20000 0.71375 -0.01800
108120981 -1.20000 0.71375 -0.02200
108120982 -1.20000 0.71375 -0.02600
108120983 -1.20000 0.71375 -0.03000
108120984 -1.20000 0.71375 -0.03400
108120985 -1.20000 0.71375 -0.03800
108120986 -1.20000 0.71375 -0.04200
108120987 -1.20000 0.71375 -0.04600
108120988 -1.20000 0.71375 -0.05000
108120989 -1.20000 0.71375 -0.05400
108120990 -1.20000 0.71375 -0.05800
108120991 -1.20000 0.71375 -0.06200
108120992 -1.20000 0.71375 -0.06600
108120993 -1.20000 0.71375 -0.07000
108120994 -1.20000 0.71375 -0.07400
108120995 -1.20000 0.71375 -0.07800
108120996 -1.20000 0.71375 -0.08200
108120997 -1.20000 0.71375 -0.08600
108120998 -1.20000 0.71375 -0.09000
108120999 -1.20000 0.71375 -0.09400
108121000 -1.20000 0.71375 -0.09800
108121001 -1.20000 0.71375 -0.10200
108121002 -1.20000 0.71375 -0.10600
108121003 -1.20000 0.71375 -0.11000
108121004 -1.20000 0.71375 -0.11400
108121005 -1.20000 0.71375 -0.11800
108121006 -1.20000 0.71375 -0.12200
108121007 -1.20000 0.71375 -0.12600
108121008 -1.20000 0.71375 -0.13000
108121009 -1.20000 0.71375 -0.13400
108121010 -1.20000 0.71375 -0.13800
108121011 -1.20000 0.71375 -0.14200
108121012 -1.20000 0.71375 -0.14600
108121013 -1.20000 0.71375 -0.15000
108121014 -1.20000 0.71375 -0.15400
108121015 -1.20000 0.71375 -0.15800
108121016 -1.20000 0.71375 -0.16200
108121017 -1.20000 0.71375 -0.16600
108121018 -1.20000 0.71375 -0.17000
108121019 -1.20000 0.71375 -0.17400
108121020 -1.20000 0.71375 -0.17800
108121021 -1.20000 0.71375 -0.18200
108121022 -1.20000 0.71375 -0.18600
108121023 -1.20000 0.71375 -0.19000
108121024 -1.20000 0.71375 -0.19400
108121025 -1.20000 0.71375 -0.19800
108121026 -1.20000 0.71375 -0.20200
108121027 -1.20000 0.71375 -0.20600
108121028 -1.20000 0.71375 -0.21000
108121029 -1.20000 0.71375 -0.21400
108121030 -1.20000 0.71375 -0.21800
108121031 -1.20000 0.71375 -0.22200
108121032 -1.20000 0.71375 -0.22600
108121033 -1.20000 0.71375 -0.23000
108121034 -1.20000 0.71375 -0.23400
108121035 -1.20000 0.71375 -0.23800
108121036 -1.20000 0.71375 -0.24200
108121037 -1.20000 0.71375 -0.24600
108121038 -1.20000 0.71375 -0.25000
108121039 -1.20000 0.71375 -0.25400
108121040 -1.20000 0.71375 -0.25800
108121041 -1.20000 0.71375 -0.26200
108121042 -1.20000 0.71375 -0.26600
108121043 -1.20000 0.71375 -0.27000
108121044 -1.20000 0.71375 -0.27400
108121045 -1.20000 0.71375 -0.27800
108121046 -1.20000 0.71375 -0.28200
108121047 -1.20000 0.71375 -0.28600
108121048 -1.20000 0.71375 -0.29000
108121049 -1.20000 0.71375 -0.29400
108121050 -1.20000 0.71375 -0.29800
108121051 -1.20000 0.72725 0.29800
108121052 -1.20000 0.72725 0.29400
108121053 -1.20000 0.72725 0.29000
108121054 -1.20000 0.72725 0.28600
108121055 -1.20000 0.72725 0.28200
108121056 -1.20000 0.72725 0.27800
108121057 -1.20000 0.72725 0.27400
108121058 -1.20000 0.72725 0.27000
108121059 -1.20000 0.72725 0.26600
108121060 -1.20000 0.72725 0.26200
108121061 -1.20000 0.72725 0.25800
108121062 -1.20000 0.72725 0.25400
108121063 -1.20000 0.72725 0.25000
108121064 -1.20000 0.72725 0.24600
108121065 -1.20000 0.72725 0.24200
108121066 -1.20000 0.72725 0.23800
108121067 -1.20000 0.72725 0.23400
108121068 -1.20000 0.72725 0.23000
108121069 -1.20000 0.72725 0.22600
108121070 -1.20000 0.72725 0.22200
108121071 -1.20000 0.72725 0.21800
108121072 -1.20000 0.72725 0.21400
108121073 -1.20000 0.72725 0.21000
108121074 -1.20000 0.72725 0.20600
108121075 -1.20000 0.72725 0.20200
108121076 -1.20000 0.72725 0.19800
108121077 -1.20000 0.72725 0.19400
108121078 -1.20000 0.72725 0.19000
108121079 -1.20000 0.72725 0.18600
108121080 -1.20000 0.72725 0.18200
108121081 -1.20000 0.72725 0.17800
108121082 -1.20000 0.72725 0.17400
108121083 -1.20000 0.72725 0.17000
108121084 -1.20000 0.72725 0.16600
108121085 -1.20000 0.72725 0.16200
108121086 -1.20000 0.72725 0.15800
108121087 -1.20000 0.72725 0.15400
108121088 -1.20000 0.72725 0.15000
108121089 -1.20000 0.72725 0.14600
108121090 -1.20000 0.72725 0.14200
108121091 -1.20000 0.72725 0.13800
108121092 -1.20000 0.72725 0.13400
108121093 -1.20000 0.72725 0.13000
108121094 -1.20000 0.72725 0.12600
108121095 -1.20000 0.72725 0.12200
108121096 -1.20000 0.72725 0.11800
108121097 -1.20000 0.72725 0.11400
108121098 -1.20000 0.72725 0.11000
108121099 -1.20000 0.72725 0.10600
108121100 -1.20000 0.72725 0.10200
108121101 -1.20000 0.72725 0.09800
108121102 -1.20000 0.72725 0.09400
108121103 -1.20000 0.72725 0.09000
108121104 -1.20000 0.72725 0.08600
108121105 -1.20000 0.72725 0.08200
108121106 -1.20000 0.72725 0.07800
108121107 -1.20000 0.72725 0.07400
108121108 -1.20000 0.72725 0.07000
108121109 -1.20000 0.72725 0.06600
108121110 -1.20000 0.72725 0.06200
108121111 -1.20000 0.72725 0.05800
108121112 -1.20000 0.72725 0.05400
108121113 -1.20000 0.72725 0.05000
108121114 -1.20000 0.72725 0.04600
108121115 -1.20000 0.72725 0.04200
108121116 -1.20000 0.72725 0.03800
108121117 -1.20000 0.72725 0.03400
108121118 -1.20000 0.72725 0.03000
108121119 -1.20000 0.72725 0.02600
108121120 -1.20000 0.72725 0.02200
108121121 -1.20000 0.72725 0.01800
108121122 -1.20000 0.72725 0.01400
108121123 -1.20000 0.72725 0.01000
108121124 -1.20000 0.72725 0.00600
108121125 -1.20000 0.72725 0.00200
108121126 -1.20000 0.72725 -0.00200
108121127 -1.20000 0.72725 -0.00600
108121128 -1.20000 0.72725 -0.01000
108121129 -1.20000 0.72725 -0.01400
108121130 -1.20000 0.72725 -0.01800
108121131 -1.20000 0.72725 -0.02200
108121132 -1.20000 0.72725 -0.02600
108121133 -1.20000 0.72725 -0.03000
108121134 -1.20000 0.72725 -0.03400
108121135 -1.20000 0.72725 -0.03800
108121136 -1.20000 0.72725 -0.04200
108121137 -1.20000 0.72725 -0.04600
108121138 -1.20000 0.72725 -0.05000
108121139 -1.20000 0.72725 -0.05400
108121140 -1.20000 0.72725 -0.05800
108121141 -1.20000 0.72725 -0.06200
108121142 -1.20000 0.72725 -0.06600
108121143 -1.20000 0.72725 -0.07000
108121144 -1.20000 0.72725 -0.07400
108121145 -1.20000 0.72725 -0.07800
108121146 -1.20000 0.72725 -0.08200
108121147 -1.20000 0.72725 -0.08600
108121148 -1.20000 0.72725 -0.09000
108121149 -1.20000 0.72725 -0.09400
108121150 -1.20000 0.72725 -0.09800
108121151 -1.20000 0.72725 -0.10200
108121152 -1.20000 0.72725 -0.10600
108121153 -1.20000 0.72725 -0.11000
108121154 -1.20000 0.72725 -0.11400
108121155 -1.20000 0.72725 -0.11800
108121156 -1.20000 0.72725 -0.12200
108121157 -1.20000 0.72725 -0.12600
108121158 -1.20000 0.72725 -0.13000
108121159 -1.20000 0.72725 -0.13400
108121160 -1.20000 0.72725 -0.13800
108121161 -1.20000 0.72725 -0.14200
108121162 -1.20000 0.72725 -0.14600
108121163 -1.20000 0.72725 -0.15000
108121164 -1.20000 0.72725 -0.15400
108121165 -1.20000 0.72725 -0.15800
108121166 -1.20000 0.72725 -0.16200
108121167 -1.20000 0.72725 -0.16600
108121168 -1.20000 0.72725 -0.17000
108121169 -1.20000 0.72725 -0.17400
108121170 -1.20000 0.72725 -0.17800
108121171 -1.20000 0.72725 -0.18200
108121172 -1.20000 0.72725 -0.18600
108121173 -1.20000 0.72725 -0.19000
108121174 -1.20000 0.72725 -0.19400
108121175 -1.20000 0.72725 -0.19800
108121176 -1.20000 0.72725 -0.20200
108121177 -1.20000 0.72725 -0.20600
108121178 -1.20000 0.72725 -0.21000
108121179 -1.20000 0.72725 -0.21400
108121180 -1.20000 0.72725 -0.21800
108121181 -1.20000 0.72725 -0.22200
108121182 -1.20000 0.72725 -0.22600
108121183 -1.20000 0.72725 -0.23000
108121184 -1.20000 0.72725 -0.23400
108121185 -1.20000 0.72725 -0.23800
108121186 -1.20000 0.72725 -0.24200
108121187 -1.20000 0.72725 -0.24600
108121188 -1.20000 0.72725 -0.25000
108121189 -1.20000 0.72725 -0.25400
108121190 -1.20000 0.72725 -0.25800
108121191 -1.20000 0.72725 -0.26200
108121192 -1.20000 0.72725 -0.26600
108121193 -1.20000 0.72725 -0.27000
108121194 -1.20000 0.72725 -0.27400
108121195 -1.20000 0.72725 -0.27800
108121196 -1.20000 0.72725 -0.28200
108121197 -1.20000 0.72725 -0.28600
108121198 -1.20000 0.72725 -0.29000
108121199 -1.20000 0.72725 -0.29400
108121200 -1.20000 0.72725 -0.29800
