# pixelID  x  y  z
114090001 0.86498 0.30275 -1.03963
114090002 0.86685 0.30275 -1.03609
114090003 0.86871 0.30275 -1.03255
114090004 0.87058 0.30275 -1.02901
114090005 0.87244 0.30275 -1.02548
114090006 0.87431 0.30275 -1.02194
114090007 0.87617 0.30275 -1.01840
114090008 0.87804 0.30275 -1.01486
114090009 0.87991 0.30275 -1.01132
114090010 0.88177 0.30275 -1.00778
114090011 0.88364 0.30275 -1.00425
114090012 0.88550 0.30275 -1.00071
114090013 0.88737 0.30275 -0.99717
114090014 0.88923 0.30275 -0.99363
114090015 0.89110 0.30275 -0.99009
114090016 0.89296 0.30275 -0.98655
114090017 0.89483 0.30275 -0.98302
114090018 0.89669 0.30275 -0.97948
114090019 0.89856 0.30275 -0.97594
114090020 0.90043 0.30275 -0.97240
114090021 0.90229 0.30275 -0.96886
114090022 0.90416 0.30275 -0.96532
114090023 0.90602 0.30275 -0.96179
114090024 0.90789 0.30275 -0.95825
114090025 0.90975 0.30275 -0.95471
114090026 0.91162 0.30275 -0.95117
114090027 0.91348 0.30275 -0.94763
114090028 0.91535 0.30275 -0.94409
114090029 0.91721 0.30275 -0.94056
114090030 0.91908 0.30275 -0.93702
114090031 0.92094 0.30275 -0.93348
114090032 0.92281 0.30275 -0.92994
114090033 0.92468 0.30275 -0.92640
114090034 0.92654 0.30275 -0.92286
114090035 0.92841 0.30275 -0.91932
114090036 0.93027 0.30275 -0.91579
114090037 0.93214 0.30275 -0.91225
114090038 0.93400 0.30275 -0.90871
114090039 0.93587 0.30275 -0.90517
114090040 0.93773 0.30275 -0.90163
114090041 0.93960 0.30275 -0.89809
114090042 0.94146 0.30275 -0.89456
114090043 0.94333 0.30275 -0.89102
114090044 0.94520 0.30275 -0.88748
114090045 0.94706 0.30275 -0.88394
114090046 0.94893 0.30275 -0.88040
114090047 0.95079 0.30275 -0.87686
114090048 0.95266 0.30275 -0.87333
114090049 0.95452 0.30275 -0.86979
114090050 0.95639 0.30275 -0.86625
114090051 0.95825 0.30275 -0.86271
114090052 0.96012 0.30275 -0.85917
114090053 0.96198 0.30275 -0.85563
114090054 0.96385 0.30275 -0.85210
114090055 0.96571 0.30275 -0.84856
114090056 0.96758 0.30275 -0.84502
114090057 0.96945 0.30275 -0.84148
114090058 0.97131 0.30275 -0.83794
114090059 0.97318 0.30275 -0.83440
114090060 0.97504 0.30275 -0.83087
114090061 0.97691 0.30275 -0.82733
114090062 0.97877 0.30275 -0.82379
114090063 0.98064 0.30275 -0.82025
114090064 0.98250 0.30275 -0.81671
114090065 0.98437 0.30275 -0.81317
114090066 0.98623 0.30275 -0.80963
114090067 0.98810 0.30275 -0.80610
114090068 0.98997 0.30275 -0.80256
114090069 0.99183 0.30275 -0.79902
114090070 0.99370 0.30275 -0.79548
114090071 0.99556 0.30275 -0.79194
114090072 0.99743 0.30275 -0.78840
114090073 0.99929 0.30275 -0.78487
114090074 1.00116 0.30275 -0.78133
114090075 1.00302 0.30275 -0.77779
114090076 1.00489 0.30275 -0.77425
114090077 1.00675 0.30275 -0.77071
114090078 1.00862 0.30275 -0.76717
114090079 1.01048 0.30275 -0.76364
114090080 1.01235 0.30275 -0.76010
114090081 1.01422 0.30275 -0.75656
114090082 1.01608 0.30275 -0.75302
114090083 1.01795 0.30275 -0.74948
114090084 1.01981 0.30275 -0.74594
114090085 1.02168 0.30275 -0.74241
114090086 1.02354 0.30275 -0.73887
114090087 1.02541 0.30275 -0.73533
114090088 1.02727 0.30275 -0.73179
114090089 1.02914 0.30275 -0.72825
114090090 1.03100 0.30275 -0.72471
114090091 1.03287 0.30275 -0.72117
114090092 1.03474 0.30275 -0.71764
114090093 1.03660 0.30275 -0.71410
114090094 1.03847 0.30275 -0.71056
114090095 1.04033 0.30275 -0.70702
114090096 1.04220 0.30275 -0.70348
114090097 1.04406 0.30275 -0.69994
114090098 1.04593 0.30275 -0.69641
114090099 1.04779 0.30275 -0.69287
114090100 1.04966 0.30275 -0.68933
114090101 1.05152 0.30275 -0.68579
114090102 1.05339 0.30275 -0.68225
114090103 1.05526 0.30275 -0.67871
114090104 1.05712 0.30275 -0.67518
114090105 1.05899 0.30275 -0.67164
114090106 1.06085 0.30275 -0.66810
114090107 1.06272 0.30275 -0.66456
114090108 1.06458 0.30275 -0.66102
114090109 1.06645 0.30275 -0.65748
114090110 1.06831 0.30275 -0.65395
114090111 1.07018 0.30275 -0.65041
114090112 1.07204 0.30275 -0.64687
114090113 1.07391 0.30275 -0.64333
114090114 1.07577 0.30275 -0.63979
114090115 1.07764 0.30275 -0.63625
114090116 1.07951 0.30275 -0.63272
114090117 1.08137 0.30275 -0.62918
114090118 1.08324 0.30275 -0.62564
114090119 1.08510 0.30275 -0.62210
114090120 1.08697 0.30275 -0.61856
114090121 1.08883 0.30275 -0.61502
114090122 1.09070 0.30275 -0.61148
114090123 1.09256 0.30275 -0.60795
114090124 1.09443 0.30275 -0.60441
114090125 1.09629 0.30275 -0.60087
114090126 1.09816 0.30275 -0.59733
114090127 1.10003 0.30275 -0.59379
114090128 1.10189 0.30275 -0.59025
114090129 1.10376 0.30275 -0.58672
114090130 1.10562 0.30275 -0.58318
114090131 1.10749 0.30275 -0.57964
114090132 1.10935 0.30275 -0.57610
114090133 1.11122 0.30275 -0.57256
114090134 1.11308 0.30275 -0.56902
114090135 1.11495 0.30275 -0.56549
114090136 1.11681 0.30275 -0.56195
114090137 1.11868 0.30275 -0.55841
114090138 1.12054 0.30275 -0.55487
114090139 1.12241 0.30275 -0.55133
114090140 1.12428 0.30275 -0.54779
114090141 1.12614 0.30275 -0.54426
114090142 1.12801 0.30275 -0.54072
114090143 1.12987 0.30275 -0.53718
114090144 1.13174 0.30275 -0.53364
114090145 1.13360 0.30275 -0.53010
114090146 1.13547 0.30275 -0.52656
114090147 1.13733 0.30275 -0.52303
114090148 1.13920 0.30275 -0.51949
114090149 1.14106 0.30275 -0.51595
114090150 1.14293 0.30275 -0.51241
114090151 0.86498 0.31625 -1.03963
114090152 0.86685 0.31625 -1.03609
114090153 0.86871 0.31625 -1.03255
114090154 0.87058 0.31625 -1.02901
114090155 0.87244 0.31625 -1.02548
114090156 0.87431 0.31625 -1.02194
114090157 0.87617 0.31625 -1.01840
114090158 0.87804 0.31625 -1.01486
114090159 0.87991 0.31625 -1.01132
114090160 0.88177 0.31625 -1.00778
114090161 0.88364 0.31625 -1.00425
114090162 0.88550 0.31625 -1.00071
114090163 0.88737 0.31625 -0.99717
114090164 0.88923 0.31625 -0.99363
114090165 0.89110 0.31625 -0.99009
114090166 0.89296 0.31625 -0.98655
114090167 0.89483 0.31625 -0.98302
114090168 0.89669 0.31625 -0.97948
114090169 0.89856 0.31625 -0.97594
114090170 0.90043 0.31625 -0.97240
114090171 0.90229 0.31625 -0.96886
114090172 0.90416 0.31625 -0.96532
114090173 0.90602 0.31625 -0.96179
114090174 0.90789 0.31625 -0.95825
114090175 0.90975 0.31625 -0.95471
114090176 0.91162 0.31625 -0.95117
114090177 0.91348 0.31625 -0.94763
114090178 0.91535 0.31625 -0.94409
114090179 0.91721 0.31625 -0.94056
114090180 0.91908 0.31625 -0.93702
114090181 0.92094 0.31625 -0.93348
114090182 0.92281 0.31625 -0.92994
114090183 0.92468 0.31625 -0.92640
114090184 0.92654 0.31625 -0.92286
114090185 0.92841 0.31625 -0.91932
114090186 0.93027 0.31625 -0.91579
114090187 0.93214 0.31625 -0.91225
114090188 0.93400 0.31625 -0.90871
114090189 0.93587 0.31625 -0.90517
114090190 0.93773 0.31625 -0.90163
114090191 0.93960 0.31625 -0.89809
114090192 0.94146 0.31625 -0.89456
114090193 0.94333 0.31625 -0.89102
114090194 0.94520 0.31625 -0.88748
114090195 0.94706 0.31625 -0.88394
114090196 0.94893 0.31625 -0.88040
114090197 0.95079 0.31625 -0.87686
114090198 0.95266 0.31625 -0.87333
114090199 0.95452 0.31625 -0.86979
114090200 0.95639 0.31625 -0.86625
114090201 0.95825 0.31625 -0.86271
114090202 0.96012 0.31625 -0.85917
114090203 0.96198 0.31625 -0.85563
114090204 0.96385 0.31625 -0.85210
114090205 0.96571 0.31625 -0.84856
114090206 0.96758 0.31625 -0.84502
114090207 0.96945 0.31625 -0.84148
114090208 0.97131 0.31625 -0.83794
114090209 0.97318 0.31625 -0.83440
114090210 0.97504 0.31625 -0.83087
114090211 0.97691 0.31625 -0.82733
114090212 0.97877 0.31625 -0.82379
114090213 0.98064 0.31625 -0.82025
114090214 0.98250 0.31625 -0.81671
114090215 0.98437 0.31625 -0.81317
114090216 0.98623 0.31625 -0.80963
114090217 0.98810 0.31625 -0.80610
114090218 0.98997 0.31625 -0.80256
114090219 0.99183 0.31625 -0.79902
114090220 0.99370 0.31625 -0.79548
114090221 0.99556 0.31625 -0.79194
114090222 0.99743 0.31625 -0.78840
114090223 0.99929 0.31625 -0.78487
114090224 1.00116 0.31625 -0.78133
114090225 1.00302 0.31625 -0.77779
114090226 1.00489 0.31625 -0.77425
114090227 1.00675 0.31625 -0.77071
114090228 1.00862 0.31625 -0.76717
114090229 1.01048 0.31625 -0.76364
114090230 1.01235 0.31625 -0.76010
114090231 1.01422 0.31625 -0.75656
114090232 1.01608 0.31625 -0.75302
114090233 1.01795 0.31625 -0.74948
114090234 1.01981 0.31625 -0.74594
114090235 1.02168 0.31625 -0.74241
114090236 1.02354 0.31625 -0.73887
114090237 1.02541 0.31625 -0.73533
114090238 1.02727 0.31625 -0.73179
114090239 1.02914 0.31625 -0.72825
114090240 1.03100 0.31625 -0.72471
114090241 1.03287 0.31625 -0.72117
114090242 1.03474 0.31625 -0.71764
114090243 1.03660 0.31625 -0.71410
114090244 1.03847 0.31625 -0.71056
114090245 1.04033 0.31625 -0.70702
114090246 1.04220 0.31625 -0.70348
114090247 1.04406 0.31625 -0.69994
114090248 1.04593 0.31625 -0.69641
114090249 1.04779 0.31625 -0.69287
114090250 1.04966 0.31625 -0.68933
114090251 1.05152 0.31625 -0.68579
114090252 1.05339 0.31625 -0.68225
114090253 1.05526 0.31625 -0.67871
114090254 1.05712 0.31625 -0.67518
114090255 1.05899 0.31625 -0.67164
114090256 1.06085 0.31625 -0.66810
114090257 1.06272 0.31625 -0.66456
114090258 1.06458 0.31625 -0.66102
114090259 1.06645 0.31625 -0.65748
114090260 1.06831 0.31625 -0.65395
114090261 1.07018 0.31625 -0.65041
114090262 1.07204 0.31625 -0.64687
114090263 1.07391 0.31625 -0.64333
114090264 1.07577 0.31625 -0.63979
114090265 1.07764 0.31625 -0.63625
114090266 1.07951 0.31625 -0.63272
114090267 1.08137 0.31625 -0.62918
114090268 1.08324 0.31625 -0.62564
114090269 1.08510 0.31625 -0.62210
114090270 1.08697 0.31625 -0.61856
114090271 1.08883 0.31625 -0.61502
114090272 1.09070 0.31625 -0.61148
114090273 1.09256 0.31625 -0.60795
114090274 1.09443 0.31625 -0.60441
114090275 1.09629 0.31625 -0.60087
114090276 1.09816 0.31625 -0.59733
114090277 1.10003 0.31625 -0.59379
114090278 1.10189 0.31625 -0.59025
114090279 1.10376 0.31625 -0.58672
114090280 1.10562 0.31625 -0.58318
114090281 1.10749 0.31625 -0.57964
114090282 1.10935 0.31625 -0.57610
114090283 1.11122 0.31625 -0.57256
114090284 1.11308 0.31625 -0.56902
114090285 1.11495 0.31625 -0.56549
114090286 1.11681 0.31625 -0.56195
114090287 1.11868 0.31625 -0.55841
114090288 1.12054 0.31625 -0.55487
114090289 1.12241 0.31625 -0.55133
114090290 1.12428 0.31625 -0.54779
114090291 1.12614 0.31625 -0.54426
114090292 1.12801 0.31625 -0.54072
114090293 1.12987 0.31625 -0.53718
114090294 1.13174 0.31625 -0.53364
114090295 1.13360 0.31625 -0.53010
114090296 1.13547 0.31625 -0.52656
114090297 1.13733 0.31625 -0.52303
114090298 1.13920 0.31625 -0.51949
114090299 1.14106 0.31625 -0.51595
114090300 1.14293 0.31625 -0.51241
114090301 0.86498 0.32975 -1.03963
114090302 0.86685 0.32975 -1.03609
114090303 0.86871 0.32975 -1.03255
114090304 0.87058 0.32975 -1.02901
114090305 0.87244 0.32975 -1.02548
114090306 0.87431 0.32975 -1.02194
114090307 0.87617 0.32975 -1.01840
114090308 0.87804 0.32975 -1.01486
114090309 0.87991 0.32975 -1.01132
114090310 0.88177 0.32975 -1.00778
114090311 0.88364 0.32975 -1.00425
114090312 0.88550 0.32975 -1.00071
114090313 0.88737 0.32975 -0.99717
114090314 0.88923 0.32975 -0.99363
114090315 0.89110 0.32975 -0.99009
114090316 0.89296 0.32975 -0.98655
114090317 0.89483 0.32975 -0.98302
114090318 0.89669 0.32975 -0.97948
114090319 0.89856 0.32975 -0.97594
114090320 0.90043 0.32975 -0.97240
114090321 0.90229 0.32975 -0.96886
114090322 0.90416 0.32975 -0.96532
114090323 0.90602 0.32975 -0.96179
114090324 0.90789 0.32975 -0.95825
114090325 0.90975 0.32975 -0.95471
114090326 0.91162 0.32975 -0.95117
114090327 0.91348 0.32975 -0.94763
114090328 0.91535 0.32975 -0.94409
114090329 0.91721 0.32975 -0.94056
114090330 0.91908 0.32975 -0.93702
114090331 0.92094 0.32975 -0.93348
114090332 0.92281 0.32975 -0.92994
114090333 0.92468 0.32975 -0.92640
114090334 0.92654 0.32975 -0.92286
114090335 0.92841 0.32975 -0.91932
114090336 0.93027 0.32975 -0.91579
114090337 0.93214 0.32975 -0.91225
114090338 0.93400 0.32975 -0.90871
114090339 0.93587 0.32975 -0.90517
114090340 0.93773 0.32975 -0.90163
114090341 0.93960 0.32975 -0.89809
114090342 0.94146 0.32975 -0.89456
114090343 0.94333 0.32975 -0.89102
114090344 0.94520 0.32975 -0.88748
114090345 0.94706 0.32975 -0.88394
114090346 0.94893 0.32975 -0.88040
114090347 0.95079 0.32975 -0.87686
114090348 0.95266 0.32975 -0.87333
114090349 0.95452 0.32975 -0.86979
114090350 0.95639 0.32975 -0.86625
114090351 0.95825 0.32975 -0.86271
114090352 0.96012 0.32975 -0.85917
114090353 0.96198 0.32975 -0.85563
114090354 0.96385 0.32975 -0.85210
114090355 0.96571 0.32975 -0.84856
114090356 0.96758 0.32975 -0.84502
114090357 0.96945 0.32975 -0.84148
114090358 0.97131 0.32975 -0.83794
114090359 0.97318 0.32975 -0.83440
114090360 0.97504 0.32975 -0.83087
114090361 0.97691 0.32975 -0.82733
114090362 0.97877 0.32975 -0.82379
114090363 0.98064 0.32975 -0.82025
114090364 0.98250 0.32975 -0.81671
114090365 0.98437 0.32975 -0.81317
114090366 0.98623 0.32975 -0.80963
114090367 0.98810 0.32975 -0.80610
114090368 0.98997 0.32975 -0.80256
114090369 0.99183 0.32975 -0.79902
114090370 0.99370 0.32975 -0.79548
114090371 0.99556 0.32975 -0.79194
114090372 0.99743 0.32975 -0.78840
114090373 0.99929 0.32975 -0.78487
114090374 1.00116 0.32975 -0.78133
114090375 1.00302 0.32975 -0.77779
114090376 1.00489 0.32975 -0.77425
114090377 1.00675 0.32975 -0.77071
114090378 1.00862 0.32975 -0.76717
114090379 1.01048 0.32975 -0.76364
114090380 1.01235 0.32975 -0.76010
114090381 1.01422 0.32975 -0.75656
114090382 1.01608 0.32975 -0.75302
114090383 1.01795 0.32975 -0.74948
114090384 1.01981 0.32975 -0.74594
114090385 1.02168 0.32975 -0.74241
114090386 1.02354 0.32975 -0.73887
114090387 1.02541 0.32975 -0.73533
114090388 1.02727 0.32975 -0.73179
114090389 1.02914 0.32975 -0.72825
114090390 1.03100 0.32975 -0.72471
114090391 1.03287 0.32975 -0.72117
114090392 1.03474 0.32975 -0.71764
114090393 1.03660 0.32975 -0.71410
114090394 1.03847 0.32975 -0.71056
114090395 1.04033 0.32975 -0.70702
114090396 1.04220 0.32975 -0.70348
114090397 1.04406 0.32975 -0.69994
114090398 1.04593 0.32975 -0.69641
114090399 1.04779 0.32975 -0.69287
114090400 1.04966 0.32975 -0.68933
114090401 1.05152 0.32975 -0.68579
114090402 1.05339 0.32975 -0.68225
114090403 1.05526 0.32975 -0.67871
114090404 1.05712 0.32975 -0.67518
114090405 1.05899 0.32975 -0.67164
114090406 1.06085 0.32975 -0.66810
114090407 1.06272 0.32975 -0.66456
114090408 1.06458 0.32975 -0.66102
114090409 1.06645 0.32975 -0.65748
114090410 1.06831 0.32975 -0.65395
114090411 1.07018 0.32975 -0.65041
114090412 1.07204 0.32975 -0.64687
114090413 1.07391 0.32975 -0.64333
114090414 1.07577 0.32975 -0.63979
114090415 1.07764 0.32975 -0.63625
114090416 1.07951 0.32975 -0.63272
114090417 1.08137 0.32975 -0.62918
114090418 1.08324 0.32975 -0.62564
114090419 1.08510 0.32975 -0.62210
114090420 1.08697 0.32975 -0.61856
114090421 1.08883 0.32975 -0.61502
114090422 1.09070 0.32975 -0.61148
114090423 1.09256 0.32975 -0.60795
114090424 1.09443 0.32975 -0.60441
114090425 1.09629 0.32975 -0.60087
114090426 1.09816 0.32975 -0.59733
114090427 1.10003 0.32975 -0.59379
114090428 1.10189 0.32975 -0.59025
114090429 1.10376 0.32975 -0.58672
114090430 1.10562 0.32975 -0.58318
114090431 1.10749 0.32975 -0.57964
114090432 1.10935 0.32975 -0.57610
114090433 1.11122 0.32975 -0.57256
114090434 1.11308 0.32975 -0.56902
114090435 1.11495 0.32975 -0.56549
114090436 1.11681 0.32975 -0.56195
114090437 1.11868 0.32975 -0.55841
114090438 1.12054 0.32975 -0.55487
114090439 1.12241 0.32975 -0.55133
114090440 1.12428 0.32975 -0.54779
114090441 1.12614 0.32975 -0.54426
114090442 1.12801 0.32975 -0.54072
114090443 1.12987 0.32975 -0.53718
114090444 1.13174 0.32975 -0.53364
114090445 1.13360 0.32975 -0.53010
114090446 1.13547 0.32975 -0.52656
114090447 1.13733 0.32975 -0.52303
114090448 1.13920 0.32975 -0.51949
114090449 1.14106 0.32975 -0.51595
114090450 1.14293 0.32975 -0.51241
114090451 0.86498 0.34325 -1.03963
114090452 0.86685 0.34325 -1.03609
114090453 0.86871 0.34325 -1.03255
114090454 0.87058 0.34325 -1.02901
114090455 0.87244 0.34325 -1.02548
114090456 0.87431 0.34325 -1.02194
114090457 0.87617 0.34325 -1.01840
114090458 0.87804 0.34325 -1.01486
114090459 0.87991 0.34325 -1.01132
114090460 0.88177 0.34325 -1.00778
114090461 0.88364 0.34325 -1.00425
114090462 0.88550 0.34325 -1.00071
114090463 0.88737 0.34325 -0.99717
114090464 0.88923 0.34325 -0.99363
114090465 0.89110 0.34325 -0.99009
114090466 0.89296 0.34325 -0.98655
114090467 0.89483 0.34325 -0.98302
114090468 0.89669 0.34325 -0.97948
114090469 0.89856 0.34325 -0.97594
114090470 0.90043 0.34325 -0.97240
114090471 0.90229 0.34325 -0.96886
114090472 0.90416 0.34325 -0.96532
114090473 0.90602 0.34325 -0.96179
114090474 0.90789 0.34325 -0.95825
114090475 0.90975 0.34325 -0.95471
114090476 0.91162 0.34325 -0.95117
114090477 0.91348 0.34325 -0.94763
114090478 0.91535 0.34325 -0.94409
114090479 0.91721 0.34325 -0.94056
114090480 0.91908 0.34325 -0.93702
114090481 0.92094 0.34325 -0.93348
114090482 0.92281 0.34325 -0.92994
114090483 0.92468 0.34325 -0.92640
114090484 0.92654 0.34325 -0.92286
114090485 0.92841 0.34325 -0.91932
114090486 0.93027 0.34325 -0.91579
114090487 0.93214 0.34325 -0.91225
114090488 0.93400 0.34325 -0.90871
114090489 0.93587 0.34325 -0.90517
114090490 0.93773 0.34325 -0.90163
114090491 0.93960 0.34325 -0.89809
114090492 0.94146 0.34325 -0.89456
114090493 0.94333 0.34325 -0.89102
114090494 0.94520 0.34325 -0.88748
114090495 0.94706 0.34325 -0.88394
114090496 0.94893 0.34325 -0.88040
114090497 0.95079 0.34325 -0.87686
114090498 0.95266 0.34325 -0.87333
114090499 0.95452 0.34325 -0.86979
114090500 0.95639 0.34325 -0.86625
114090501 0.95825 0.34325 -0.86271
114090502 0.96012 0.34325 -0.85917
114090503 0.96198 0.34325 -0.85563
114090504 0.96385 0.34325 -0.85210
114090505 0.96571 0.34325 -0.84856
114090506 0.96758 0.34325 -0.84502
114090507 0.96945 0.34325 -0.84148
114090508 0.97131 0.34325 -0.83794
114090509 0.97318 0.34325 -0.83440
114090510 0.97504 0.34325 -0.83087
114090511 0.97691 0.34325 -0.82733
114090512 0.97877 0.34325 -0.82379
114090513 0.98064 0.34325 -0.82025
114090514 0.98250 0.34325 -0.81671
114090515 0.98437 0.34325 -0.81317
114090516 0.98623 0.34325 -0.80963
114090517 0.98810 0.34325 -0.80610
114090518 0.98997 0.34325 -0.80256
114090519 0.99183 0.34325 -0.79902
114090520 0.99370 0.34325 -0.79548
114090521 0.99556 0.34325 -0.79194
114090522 0.99743 0.34325 -0.78840
114090523 0.99929 0.34325 -0.78487
114090524 1.00116 0.34325 -0.78133
114090525 1.00302 0.34325 -0.77779
114090526 1.00489 0.34325 -0.77425
114090527 1.00675 0.34325 -0.77071
114090528 1.00862 0.34325 -0.76717
114090529 1.01048 0.34325 -0.76364
114090530 1.01235 0.34325 -0.76010
114090531 1.01422 0.34325 -0.75656
114090532 1.01608 0.34325 -0.75302
114090533 1.01795 0.34325 -0.74948
114090534 1.01981 0.34325 -0.74594
114090535 1.02168 0.34325 -0.74241
114090536 1.02354 0.34325 -0.73887
114090537 1.02541 0.34325 -0.73533
114090538 1.02727 0.34325 -0.73179
114090539 1.02914 0.34325 -0.72825
114090540 1.03100 0.34325 -0.72471
114090541 1.03287 0.34325 -0.72117
114090542 1.03474 0.34325 -0.71764
114090543 1.03660 0.34325 -0.71410
114090544 1.03847 0.34325 -0.71056
114090545 1.04033 0.34325 -0.70702
114090546 1.04220 0.34325 -0.70348
114090547 1.04406 0.34325 -0.69994
114090548 1.04593 0.34325 -0.69641
114090549 1.04779 0.34325 -0.69287
114090550 1.04966 0.34325 -0.68933
114090551 1.05152 0.34325 -0.68579
114090552 1.05339 0.34325 -0.68225
114090553 1.05526 0.34325 -0.67871
114090554 1.05712 0.34325 -0.67518
114090555 1.05899 0.34325 -0.67164
114090556 1.06085 0.34325 -0.66810
114090557 1.06272 0.34325 -0.66456
114090558 1.06458 0.34325 -0.66102
114090559 1.06645 0.34325 -0.65748
114090560 1.06831 0.34325 -0.65395
114090561 1.07018 0.34325 -0.65041
114090562 1.07204 0.34325 -0.64687
114090563 1.07391 0.34325 -0.64333
114090564 1.07577 0.34325 -0.63979
114090565 1.07764 0.34325 -0.63625
114090566 1.07951 0.34325 -0.63272
114090567 1.08137 0.34325 -0.62918
114090568 1.08324 0.34325 -0.62564
114090569 1.08510 0.34325 -0.62210
114090570 1.08697 0.34325 -0.61856
114090571 1.08883 0.34325 -0.61502
114090572 1.09070 0.34325 -0.61148
114090573 1.09256 0.34325 -0.60795
114090574 1.09443 0.34325 -0.60441
114090575 1.09629 0.34325 -0.60087
114090576 1.09816 0.34325 -0.59733
114090577 1.10003 0.34325 -0.59379
114090578 1.10189 0.34325 -0.59025
114090579 1.10376 0.34325 -0.58672
114090580 1.10562 0.34325 -0.58318
114090581 1.10749 0.34325 -0.57964
114090582 1.10935 0.34325 -0.57610
114090583 1.11122 0.34325 -0.57256
114090584 1.11308 0.34325 -0.56902
114090585 1.11495 0.34325 -0.56549
114090586 1.11681 0.34325 -0.56195
114090587 1.11868 0.34325 -0.55841
114090588 1.12054 0.34325 -0.55487
114090589 1.12241 0.34325 -0.55133
114090590 1.12428 0.34325 -0.54779
114090591 1.12614 0.34325 -0.54426
114090592 1.12801 0.34325 -0.54072
114090593 1.12987 0.34325 -0.53718
114090594 1.13174 0.34325 -0.53364
114090595 1.13360 0.34325 -0.53010
114090596 1.13547 0.34325 -0.52656
114090597 1.13733 0.34325 -0.52303
114090598 1.13920 0.34325 -0.51949
114090599 1.14106 0.34325 -0.51595
114090600 1.14293 0.34325 -0.51241
114090601 0.86498 0.35675 -1.03963
114090602 0.86685 0.35675 -1.03609
114090603 0.86871 0.35675 -1.03255
114090604 0.87058 0.35675 -1.02901
114090605 0.87244 0.35675 -1.02548
114090606 0.87431 0.35675 -1.02194
114090607 0.87617 0.35675 -1.01840
114090608 0.87804 0.35675 -1.01486
114090609 0.87991 0.35675 -1.01132
114090610 0.88177 0.35675 -1.00778
114090611 0.88364 0.35675 -1.00425
114090612 0.88550 0.35675 -1.00071
114090613 0.88737 0.35675 -0.99717
114090614 0.88923 0.35675 -0.99363
114090615 0.89110 0.35675 -0.99009
114090616 0.89296 0.35675 -0.98655
114090617 0.89483 0.35675 -0.98302
114090618 0.89669 0.35675 -0.97948
114090619 0.89856 0.35675 -0.97594
114090620 0.90043 0.35675 -0.97240
114090621 0.90229 0.35675 -0.96886
114090622 0.90416 0.35675 -0.96532
114090623 0.90602 0.35675 -0.96179
114090624 0.90789 0.35675 -0.95825
114090625 0.90975 0.35675 -0.95471
114090626 0.91162 0.35675 -0.95117
114090627 0.91348 0.35675 -0.94763
114090628 0.91535 0.35675 -0.94409
114090629 0.91721 0.35675 -0.94056
114090630 0.91908 0.35675 -0.93702
114090631 0.92094 0.35675 -0.93348
114090632 0.92281 0.35675 -0.92994
114090633 0.92468 0.35675 -0.92640
114090634 0.92654 0.35675 -0.92286
114090635 0.92841 0.35675 -0.91932
114090636 0.93027 0.35675 -0.91579
114090637 0.93214 0.35675 -0.91225
114090638 0.93400 0.35675 -0.90871
114090639 0.93587 0.35675 -0.90517
114090640 0.93773 0.35675 -0.90163
114090641 0.93960 0.35675 -0.89809
114090642 0.94146 0.35675 -0.89456
114090643 0.94333 0.35675 -0.89102
114090644 0.94520 0.35675 -0.88748
114090645 0.94706 0.35675 -0.88394
114090646 0.94893 0.35675 -0.88040
114090647 0.95079 0.35675 -0.87686
114090648 0.95266 0.35675 -0.87333
114090649 0.95452 0.35675 -0.86979
114090650 0.95639 0.35675 -0.86625
114090651 0.95825 0.35675 -0.86271
114090652 0.96012 0.35675 -0.85917
114090653 0.96198 0.35675 -0.85563
114090654 0.96385 0.35675 -0.85210
114090655 0.96571 0.35675 -0.84856
114090656 0.96758 0.35675 -0.84502
114090657 0.96945 0.35675 -0.84148
114090658 0.97131 0.35675 -0.83794
114090659 0.97318 0.35675 -0.83440
114090660 0.97504 0.35675 -0.83087
114090661 0.97691 0.35675 -0.82733
114090662 0.97877 0.35675 -0.82379
114090663 0.98064 0.35675 -0.82025
114090664 0.98250 0.35675 -0.81671
114090665 0.98437 0.35675 -0.81317
114090666 0.98623 0.35675 -0.80963
114090667 0.98810 0.35675 -0.80610
114090668 0.98997 0.35675 -0.80256
114090669 0.99183 0.35675 -0.79902
114090670 0.99370 0.35675 -0.79548
114090671 0.99556 0.35675 -0.79194
114090672 0.99743 0.35675 -0.78840
114090673 0.99929 0.35675 -0.78487
114090674 1.00116 0.35675 -0.78133
114090675 1.00302 0.35675 -0.77779
114090676 1.00489 0.35675 -0.77425
114090677 1.00675 0.35675 -0.77071
114090678 1.00862 0.35675 -0.76717
114090679 1.01048 0.35675 -0.76364
114090680 1.01235 0.35675 -0.76010
114090681 1.01422 0.35675 -0.75656
114090682 1.01608 0.35675 -0.75302
114090683 1.01795 0.35675 -0.74948
114090684 1.01981 0.35675 -0.74594
114090685 1.02168 0.35675 -0.74241
114090686 1.02354 0.35675 -0.73887
114090687 1.02541 0.35675 -0.73533
114090688 1.02727 0.35675 -0.73179
114090689 1.02914 0.35675 -0.72825
114090690 1.03100 0.35675 -0.72471
114090691 1.03287 0.35675 -0.72117
114090692 1.03474 0.35675 -0.71764
114090693 1.03660 0.35675 -0.71410
114090694 1.03847 0.35675 -0.71056
114090695 1.04033 0.35675 -0.70702
114090696 1.04220 0.35675 -0.70348
114090697 1.04406 0.35675 -0.69994
114090698 1.04593 0.35675 -0.69641
114090699 1.04779 0.35675 -0.69287
114090700 1.04966 0.35675 -0.68933
114090701 1.05152 0.35675 -0.68579
114090702 1.05339 0.35675 -0.68225
114090703 1.05526 0.35675 -0.67871
114090704 1.05712 0.35675 -0.67518
114090705 1.05899 0.35675 -0.67164
114090706 1.06085 0.35675 -0.66810
114090707 1.06272 0.35675 -0.66456
114090708 1.06458 0.35675 -0.66102
114090709 1.06645 0.35675 -0.65748
114090710 1.06831 0.35675 -0.65395
114090711 1.07018 0.35675 -0.65041
114090712 1.07204 0.35675 -0.64687
114090713 1.07391 0.35675 -0.64333
114090714 1.07577 0.35675 -0.63979
114090715 1.07764 0.35675 -0.63625
114090716 1.07951 0.35675 -0.63272
114090717 1.08137 0.35675 -0.62918
114090718 1.08324 0.35675 -0.62564
114090719 1.08510 0.35675 -0.62210
114090720 1.08697 0.35675 -0.61856
114090721 1.08883 0.35675 -0.61502
114090722 1.09070 0.35675 -0.61148
114090723 1.09256 0.35675 -0.60795
114090724 1.09443 0.35675 -0.60441
114090725 1.09629 0.35675 -0.60087
114090726 1.09816 0.35675 -0.59733
114090727 1.10003 0.35675 -0.59379
114090728 1.10189 0.35675 -0.59025
114090729 1.10376 0.35675 -0.58672
114090730 1.10562 0.35675 -0.58318
114090731 1.10749 0.35675 -0.57964
114090732 1.10935 0.35675 -0.57610
114090733 1.11122 0.35675 -0.57256
114090734 1.11308 0.35675 -0.56902
114090735 1.11495 0.35675 -0.56549
114090736 1.11681 0.35675 -0.56195
114090737 1.11868 0.35675 -0.55841
114090738 1.12054 0.35675 -0.55487
114090739 1.12241 0.35675 -0.55133
114090740 1.12428 0.35675 -0.54779
114090741 1.12614 0.35675 -0.54426
114090742 1.12801 0.35675 -0.54072
114090743 1.12987 0.35675 -0.53718
114090744 1.13174 0.35675 -0.53364
114090745 1.13360 0.35675 -0.53010
114090746 1.13547 0.35675 -0.52656
114090747 1.13733 0.35675 -0.52303
114090748 1.13920 0.35675 -0.51949
114090749 1.14106 0.35675 -0.51595
114090750 1.14293 0.35675 -0.51241
114090751 0.86498 0.37025 -1.03963
114090752 0.86685 0.37025 -1.03609
114090753 0.86871 0.37025 -1.03255
114090754 0.87058 0.37025 -1.02901
114090755 0.87244 0.37025 -1.02548
114090756 0.87431 0.37025 -1.02194
114090757 0.87617 0.37025 -1.01840
114090758 0.87804 0.37025 -1.01486
114090759 0.87991 0.37025 -1.01132
114090760 0.88177 0.37025 -1.00778
114090761 0.88364 0.37025 -1.00425
114090762 0.88550 0.37025 -1.00071
114090763 0.88737 0.37025 -0.99717
114090764 0.88923 0.37025 -0.99363
114090765 0.89110 0.37025 -0.99009
114090766 0.89296 0.37025 -0.98655
114090767 0.89483 0.37025 -0.98302
114090768 0.89669 0.37025 -0.97948
114090769 0.89856 0.37025 -0.97594
114090770 0.90043 0.37025 -0.97240
114090771 0.90229 0.37025 -0.96886
114090772 0.90416 0.37025 -0.96532
114090773 0.90602 0.37025 -0.96179
114090774 0.90789 0.37025 -0.95825
114090775 0.90975 0.37025 -0.95471
114090776 0.91162 0.37025 -0.95117
114090777 0.91348 0.37025 -0.94763
114090778 0.91535 0.37025 -0.94409
114090779 0.91721 0.37025 -0.94056
114090780 0.91908 0.37025 -0.93702
114090781 0.92094 0.37025 -0.93348
114090782 0.92281 0.37025 -0.92994
114090783 0.92468 0.37025 -0.92640
114090784 0.92654 0.37025 -0.92286
114090785 0.92841 0.37025 -0.91932
114090786 0.93027 0.37025 -0.91579
114090787 0.93214 0.37025 -0.91225
114090788 0.93400 0.37025 -0.90871
114090789 0.93587 0.37025 -0.90517
114090790 0.93773 0.37025 -0.90163
114090791 0.93960 0.37025 -0.89809
114090792 0.94146 0.37025 -0.89456
114090793 0.94333 0.37025 -0.89102
114090794 0.94520 0.37025 -0.88748
114090795 0.94706 0.37025 -0.88394
114090796 0.94893 0.37025 -0.88040
114090797 0.95079 0.37025 -0.87686
114090798 0.95266 0.37025 -0.87333
114090799 0.95452 0.37025 -0.86979
114090800 0.95639 0.37025 -0.86625
114090801 0.95825 0.37025 -0.86271
114090802 0.96012 0.37025 -0.85917
114090803 0.96198 0.37025 -0.85563
114090804 0.96385 0.37025 -0.85210
114090805 0.96571 0.37025 -0.84856
114090806 0.96758 0.37025 -0.84502
114090807 0.96945 0.37025 -0.84148
114090808 0.97131 0.37025 -0.83794
114090809 0.97318 0.37025 -0.83440
114090810 0.97504 0.37025 -0.83087
114090811 0.97691 0.37025 -0.82733
114090812 0.97877 0.37025 -0.82379
114090813 0.98064 0.37025 -0.82025
114090814 0.98250 0.37025 -0.81671
114090815 0.98437 0.37025 -0.81317
114090816 0.98623 0.37025 -0.80963
114090817 0.98810 0.37025 -0.80610
114090818 0.98997 0.37025 -0.80256
114090819 0.99183 0.37025 -0.79902
114090820 0.99370 0.37025 -0.79548
114090821 0.99556 0.37025 -0.79194
114090822 0.99743 0.37025 -0.78840
114090823 0.99929 0.37025 -0.78487
114090824 1.00116 0.37025 -0.78133
114090825 1.00302 0.37025 -0.77779
114090826 1.00489 0.37025 -0.77425
114090827 1.00675 0.37025 -0.77071
114090828 1.00862 0.37025 -0.76717
114090829 1.01048 0.37025 -0.76364
114090830 1.01235 0.37025 -0.76010
114090831 1.01422 0.37025 -0.75656
114090832 1.01608 0.37025 -0.75302
114090833 1.01795 0.37025 -0.74948
114090834 1.01981 0.37025 -0.74594
114090835 1.02168 0.37025 -0.74241
114090836 1.02354 0.37025 -0.73887
114090837 1.02541 0.37025 -0.73533
114090838 1.02727 0.37025 -0.73179
114090839 1.02914 0.37025 -0.72825
114090840 1.03100 0.37025 -0.72471
114090841 1.03287 0.37025 -0.72117
114090842 1.03474 0.37025 -0.71764
114090843 1.03660 0.37025 -0.71410
114090844 1.03847 0.37025 -0.71056
114090845 1.04033 0.37025 -0.70702
114090846 1.04220 0.37025 -0.70348
114090847 1.04406 0.37025 -0.69994
114090848 1.04593 0.37025 -0.69641
114090849 1.04779 0.37025 -0.69287
114090850 1.04966 0.37025 -0.68933
114090851 1.05152 0.37025 -0.68579
114090852 1.05339 0.37025 -0.68225
114090853 1.05526 0.37025 -0.67871
114090854 1.05712 0.37025 -0.67518
114090855 1.05899 0.37025 -0.67164
114090856 1.06085 0.37025 -0.66810
114090857 1.06272 0.37025 -0.66456
114090858 1.06458 0.37025 -0.66102
114090859 1.06645 0.37025 -0.65748
114090860 1.06831 0.37025 -0.65395
114090861 1.07018 0.37025 -0.65041
114090862 1.07204 0.37025 -0.64687
114090863 1.07391 0.37025 -0.64333
114090864 1.07577 0.37025 -0.63979
114090865 1.07764 0.37025 -0.63625
114090866 1.07951 0.37025 -0.63272
114090867 1.08137 0.37025 -0.62918
114090868 1.08324 0.37025 -0.62564
114090869 1.08510 0.37025 -0.62210
114090870 1.08697 0.37025 -0.61856
114090871 1.08883 0.37025 -0.61502
114090872 1.09070 0.37025 -0.61148
114090873 1.09256 0.37025 -0.60795
114090874 1.09443 0.37025 -0.60441
114090875 1.09629 0.37025 -0.60087
114090876 1.09816 0.37025 -0.59733
114090877 1.10003 0.37025 -0.59379
114090878 1.10189 0.37025 -0.59025
114090879 1.10376 0.37025 -0.58672
114090880 1.10562 0.37025 -0.58318
114090881 1.10749 0.37025 -0.57964
114090882 1.10935 0.37025 -0.57610
114090883 1.11122 0.37025 -0.57256
114090884 1.11308 0.37025 -0.56902
114090885 1.11495 0.37025 -0.56549
114090886 1.11681 0.37025 -0.56195
114090887 1.11868 0.37025 -0.55841
114090888 1.12054 0.37025 -0.55487
114090889 1.12241 0.37025 -0.55133
114090890 1.12428 0.37025 -0.54779
114090891 1.12614 0.37025 -0.54426
114090892 1.12801 0.37025 -0.54072
114090893 1.12987 0.37025 -0.53718
114090894 1.13174 0.37025 -0.53364
114090895 1.13360 0.37025 -0.53010
114090896 1.13547 0.37025 -0.52656
114090897 1.13733 0.37025 -0.52303
114090898 1.13920 0.37025 -0.51949
114090899 1.14106 0.37025 -0.51595
114090900 1.14293 0.37025 -0.51241
114090901 0.86498 0.38375 -1.03963
114090902 0.86685 0.38375 -1.03609
114090903 0.86871 0.38375 -1.03255
114090904 0.87058 0.38375 -1.02901
114090905 0.87244 0.38375 -1.02548
114090906 0.87431 0.38375 -1.02194
114090907 0.87617 0.38375 -1.01840
114090908 0.87804 0.38375 -1.01486
114090909 0.87991 0.38375 -1.01132
114090910 0.88177 0.38375 -1.00778
114090911 0.88364 0.38375 -1.00425
114090912 0.88550 0.38375 -1.00071
114090913 0.88737 0.38375 -0.99717
114090914 0.88923 0.38375 -0.99363
114090915 0.89110 0.38375 -0.99009
114090916 0.89296 0.38375 -0.98655
114090917 0.89483 0.38375 -0.98302
114090918 0.89669 0.38375 -0.97948
114090919 0.89856 0.38375 -0.97594
114090920 0.90043 0.38375 -0.97240
114090921 0.90229 0.38375 -0.96886
114090922 0.90416 0.38375 -0.96532
114090923 0.90602 0.38375 -0.96179
114090924 0.90789 0.38375 -0.95825
114090925 0.90975 0.38375 -0.95471
114090926 0.91162 0.38375 -0.95117
114090927 0.91348 0.38375 -0.94763
114090928 0.91535 0.38375 -0.94409
114090929 0.91721 0.38375 -0.94056
114090930 0.91908 0.38375 -0.93702
114090931 0.92094 0.38375 -0.93348
114090932 0.92281 0.38375 -0.92994
114090933 0.92468 0.38375 -0.92640
114090934 0.92654 0.38375 -0.92286
114090935 0.92841 0.38375 -0.91932
114090936 0.93027 0.38375 -0.91579
114090937 0.93214 0.38375 -0.91225
114090938 0.93400 0.38375 -0.90871
114090939 0.93587 0.38375 -0.90517
114090940 0.93773 0.38375 -0.90163
114090941 0.93960 0.38375 -0.89809
114090942 0.94146 0.38375 -0.89456
114090943 0.94333 0.38375 -0.89102
114090944 0.94520 0.38375 -0.88748
114090945 0.94706 0.38375 -0.88394
114090946 0.94893 0.38375 -0.88040
114090947 0.95079 0.38375 -0.87686
114090948 0.95266 0.38375 -0.87333
114090949 0.95452 0.38375 -0.86979
114090950 0.95639 0.38375 -0.86625
114090951 0.95825 0.38375 -0.86271
114090952 0.96012 0.38375 -0.85917
114090953 0.96198 0.38375 -0.85563
114090954 0.96385 0.38375 -0.85210
114090955 0.96571 0.38375 -0.84856
114090956 0.96758 0.38375 -0.84502
114090957 0.96945 0.38375 -0.84148
114090958 0.97131 0.38375 -0.83794
114090959 0.97318 0.38375 -0.83440
114090960 0.97504 0.38375 -0.83087
114090961 0.97691 0.38375 -0.82733
114090962 0.97877 0.38375 -0.82379
114090963 0.98064 0.38375 -0.82025
114090964 0.98250 0.38375 -0.81671
114090965 0.98437 0.38375 -0.81317
114090966 0.98623 0.38375 -0.80963
114090967 0.98810 0.38375 -0.80610
114090968 0.98997 0.38375 -0.80256
114090969 0.99183 0.38375 -0.79902
114090970 0.99370 0.38375 -0.79548
114090971 0.99556 0.38375 -0.79194
114090972 0.99743 0.38375 -0.78840
114090973 0.99929 0.38375 -0.78487
114090974 1.00116 0.38375 -0.78133
114090975 1.00302 0.38375 -0.77779
114090976 1.00489 0.38375 -0.77425
114090977 1.00675 0.38375 -0.77071
114090978 1.00862 0.38375 -0.76717
114090979 1.01048 0.38375 -0.76364
114090980 1.01235 0.38375 -0.76010
114090981 1.01422 0.38375 -0.75656
114090982 1.01608 0.38375 -0.75302
114090983 1.01795 0.38375 -0.74948
114090984 1.01981 0.38375 -0.74594
114090985 1.02168 0.38375 -0.74241
114090986 1.02354 0.38375 -0.73887
114090987 1.02541 0.38375 -0.73533
114090988 1.02727 0.38375 -0.73179
114090989 1.02914 0.38375 -0.72825
114090990 1.03100 0.38375 -0.72471
114090991 1.03287 0.38375 -0.72117
114090992 1.03474 0.38375 -0.71764
114090993 1.03660 0.38375 -0.71410
114090994 1.03847 0.38375 -0.71056
114090995 1.04033 0.38375 -0.70702
114090996 1.04220 0.38375 -0.70348
114090997 1.04406 0.38375 -0.69994
114090998 1.04593 0.38375 -0.69641
114090999 1.04779 0.38375 -0.69287
114091000 1.04966 0.38375 -0.68933
114091001 1.05152 0.38375 -0.68579
114091002 1.05339 0.38375 -0.68225
114091003 1.05526 0.38375 -0.67871
114091004 1.05712 0.38375 -0.67518
114091005 1.05899 0.38375 -0.67164
114091006 1.06085 0.38375 -0.66810
114091007 1.06272 0.38375 -0.66456
114091008 1.06458 0.38375 -0.66102
114091009 1.06645 0.38375 -0.65748
114091010 1.06831 0.38375 -0.65395
114091011 1.07018 0.38375 -0.65041
114091012 1.07204 0.38375 -0.64687
114091013 1.07391 0.38375 -0.64333
114091014 1.07577 0.38375 -0.63979
114091015 1.07764 0.38375 -0.63625
114091016 1.07951 0.38375 -0.63272
114091017 1.08137 0.38375 -0.62918
114091018 1.08324 0.38375 -0.62564
114091019 1.08510 0.38375 -0.62210
114091020 1.08697 0.38375 -0.61856
114091021 1.08883 0.38375 -0.61502
114091022 1.09070 0.38375 -0.61148
114091023 1.09256 0.38375 -0.60795
114091024 1.09443 0.38375 -0.60441
114091025 1.09629 0.38375 -0.60087
114091026 1.09816 0.38375 -0.59733
114091027 1.10003 0.38375 -0.59379
114091028 1.10189 0.38375 -0.59025
114091029 1.10376 0.38375 -0.58672
114091030 1.10562 0.38375 -0.58318
114091031 1.10749 0.38375 -0.57964
114091032 1.10935 0.38375 -0.57610
114091033 1.11122 0.38375 -0.57256
114091034 1.11308 0.38375 -0.56902
114091035 1.11495 0.38375 -0.56549
114091036 1.11681 0.38375 -0.56195
114091037 1.11868 0.38375 -0.55841
114091038 1.12054 0.38375 -0.55487
114091039 1.12241 0.38375 -0.55133
114091040 1.12428 0.38375 -0.54779
114091041 1.12614 0.38375 -0.54426
114091042 1.12801 0.38375 -0.54072
114091043 1.12987 0.38375 -0.53718
114091044 1.13174 0.38375 -0.53364
114091045 1.13360 0.38375 -0.53010
114091046 1.13547 0.38375 -0.52656
114091047 1.13733 0.38375 -0.52303
114091048 1.13920 0.38375 -0.51949
114091049 1.14106 0.38375 -0.51595
114091050 1.14293 0.38375 -0.51241
114091051 0.86498 0.39725 -1.03963
114091052 0.86685 0.39725 -1.03609
114091053 0.86871 0.39725 -1.03255
114091054 0.87058 0.39725 -1.02901
114091055 0.87244 0.39725 -1.02548
114091056 0.87431 0.39725 -1.02194
114091057 0.87617 0.39725 -1.01840
114091058 0.87804 0.39725 -1.01486
114091059 0.87991 0.39725 -1.01132
114091060 0.88177 0.39725 -1.00778
114091061 0.88364 0.39725 -1.00425
114091062 0.88550 0.39725 -1.00071
114091063 0.88737 0.39725 -0.99717
114091064 0.88923 0.39725 -0.99363
114091065 0.89110 0.39725 -0.99009
114091066 0.89296 0.39725 -0.98655
114091067 0.89483 0.39725 -0.98302
114091068 0.89669 0.39725 -0.97948
114091069 0.89856 0.39725 -0.97594
114091070 0.90043 0.39725 -0.97240
114091071 0.90229 0.39725 -0.96886
114091072 0.90416 0.39725 -0.96532
114091073 0.90602 0.39725 -0.96179
114091074 0.90789 0.39725 -0.95825
114091075 0.90975 0.39725 -0.95471
114091076 0.91162 0.39725 -0.95117
114091077 0.91348 0.39725 -0.94763
114091078 0.91535 0.39725 -0.94409
114091079 0.91721 0.39725 -0.94056
114091080 0.91908 0.39725 -0.93702
114091081 0.92094 0.39725 -0.93348
114091082 0.92281 0.39725 -0.92994
114091083 0.92468 0.39725 -0.92640
114091084 0.92654 0.39725 -0.92286
114091085 0.92841 0.39725 -0.91932
114091086 0.93027 0.39725 -0.91579
114091087 0.93214 0.39725 -0.91225
114091088 0.93400 0.39725 -0.90871
114091089 0.93587 0.39725 -0.90517
114091090 0.93773 0.39725 -0.90163
114091091 0.93960 0.39725 -0.89809
114091092 0.94146 0.39725 -0.89456
114091093 0.94333 0.39725 -0.89102
114091094 0.94520 0.39725 -0.88748
114091095 0.94706 0.39725 -0.88394
114091096 0.94893 0.39725 -0.88040
114091097 0.95079 0.39725 -0.87686
114091098 0.95266 0.39725 -0.87333
114091099 0.95452 0.39725 -0.86979
114091100 0.95639 0.39725 -0.86625
114091101 0.95825 0.39725 -0.86271
114091102 0.96012 0.39725 -0.85917
114091103 0.96198 0.39725 -0.85563
114091104 0.96385 0.39725 -0.85210
114091105 0.96571 0.39725 -0.84856
114091106 0.96758 0.39725 -0.84502
114091107 0.96945 0.39725 -0.84148
114091108 0.97131 0.39725 -0.83794
114091109 0.97318 0.39725 -0.83440
114091110 0.97504 0.39725 -0.83087
114091111 0.97691 0.39725 -0.82733
114091112 0.97877 0.39725 -0.82379
114091113 0.98064 0.39725 -0.82025
114091114 0.98250 0.39725 -0.81671
114091115 0.98437 0.39725 -0.81317
114091116 0.98623 0.39725 -0.80963
114091117 0.98810 0.39725 -0.80610
114091118 0.98997 0.39725 -0.80256
114091119 0.99183 0.39725 -0.79902
114091120 0.99370 0.39725 -0.79548
114091121 0.99556 0.39725 -0.79194
114091122 0.99743 0.39725 -0.78840
114091123 0.99929 0.39725 -0.78487
114091124 1.00116 0.39725 -0.78133
114091125 1.00302 0.39725 -0.77779
114091126 1.00489 0.39725 -0.77425
114091127 1.00675 0.39725 -0.77071
114091128 1.00862 0.39725 -0.76717
114091129 1.01048 0.39725 -0.76364
114091130 1.01235 0.39725 -0.76010
114091131 1.01422 0.39725 -0.75656
114091132 1.01608 0.39725 -0.75302
114091133 1.01795 0.39725 -0.74948
114091134 1.01981 0.39725 -0.74594
114091135 1.02168 0.39725 -0.74241
114091136 1.02354 0.39725 -0.73887
114091137 1.02541 0.39725 -0.73533
114091138 1.02727 0.39725 -0.73179
114091139 1.02914 0.39725 -0.72825
114091140 1.03100 0.39725 -0.72471
114091141 1.03287 0.39725 -0.72117
114091142 1.03474 0.39725 -0.71764
114091143 1.03660 0.39725 -0.71410
114091144 1.03847 0.39725 -0.71056
114091145 1.04033 0.39725 -0.70702
114091146 1.04220 0.39725 -0.70348
114091147 1.04406 0.39725 -0.69994
114091148 1.04593 0.39725 -0.69641
114091149 1.04779 0.39725 -0.69287
114091150 1.04966 0.39725 -0.68933
114091151 1.05152 0.39725 -0.68579
114091152 1.05339 0.39725 -0.68225
114091153 1.05526 0.39725 -0.67871
114091154 1.05712 0.39725 -0.67518
114091155 1.05899 0.39725 -0.67164
114091156 1.06085 0.39725 -0.66810
114091157 1.06272 0.39725 -0.66456
114091158 1.06458 0.39725 -0.66102
114091159 1.06645 0.39725 -0.65748
114091160 1.06831 0.39725 -0.65395
114091161 1.07018 0.39725 -0.65041
114091162 1.07204 0.39725 -0.64687
114091163 1.07391 0.39725 -0.64333
114091164 1.07577 0.39725 -0.63979
114091165 1.07764 0.39725 -0.63625
114091166 1.07951 0.39725 -0.63272
114091167 1.08137 0.39725 -0.62918
114091168 1.08324 0.39725 -0.62564
114091169 1.08510 0.39725 -0.62210
114091170 1.08697 0.39725 -0.61856
114091171 1.08883 0.39725 -0.61502
114091172 1.09070 0.39725 -0.61148
114091173 1.09256 0.39725 -0.60795
114091174 1.09443 0.39725 -0.60441
114091175 1.09629 0.39725 -0.60087
114091176 1.09816 0.39725 -0.59733
114091177 1.10003 0.39725 -0.59379
114091178 1.10189 0.39725 -0.59025
114091179 1.10376 0.39725 -0.58672
114091180 1.10562 0.39725 -0.58318
114091181 1.10749 0.39725 -0.57964
114091182 1.10935 0.39725 -0.57610
114091183 1.11122 0.39725 -0.57256
114091184 1.11308 0.39725 -0.56902
114091185 1.11495 0.39725 -0.56549
114091186 1.11681 0.39725 -0.56195
114091187 1.11868 0.39725 -0.55841
114091188 1.12054 0.39725 -0.55487
114091189 1.12241 0.39725 -0.55133
114091190 1.12428 0.39725 -0.54779
114091191 1.12614 0.39725 -0.54426
114091192 1.12801 0.39725 -0.54072
114091193 1.12987 0.39725 -0.53718
114091194 1.13174 0.39725 -0.53364
114091195 1.13360 0.39725 -0.53010
114091196 1.13547 0.39725 -0.52656
114091197 1.13733 0.39725 -0.52303
114091198 1.13920 0.39725 -0.51949
114091199 1.14106 0.39725 -0.51595
114091200 1.14293 0.39725 -0.51241
