# pixelID  x  y  z
111090001 0.51771 0.30275 1.27577
111090002 0.51522 0.30275 1.27890
111090003 0.51272 0.30275 1.28203
111090004 0.51023 0.30275 1.28515
111090005 0.50774 0.30275 1.28828
111090006 0.50524 0.30275 1.29141
111090007 0.50275 0.30275 1.29454
111090008 0.50026 0.30275 1.29767
111090009 0.49777 0.30275 1.30079
111090010 0.49527 0.30275 1.30392
111090011 0.49278 0.30275 1.30705
111090012 0.49029 0.30275 1.31018
111090013 0.48779 0.30275 1.31331
111090014 0.48530 0.30275 1.31643
111090015 0.48281 0.30275 1.31956
111090016 0.48031 0.30275 1.32269
111090017 0.47782 0.30275 1.32582
111090018 0.47533 0.30275 1.32895
111090019 0.47283 0.30275 1.33207
111090020 0.47034 0.30275 1.33520
111090021 0.46785 0.30275 1.33833
111090022 0.46536 0.30275 1.34146
111090023 0.46286 0.30275 1.34459
111090024 0.46037 0.30275 1.34771
111090025 0.45788 0.30275 1.35084
111090026 0.45538 0.30275 1.35397
111090027 0.45289 0.30275 1.35710
111090028 0.45040 0.30275 1.36023
111090029 0.44790 0.30275 1.36336
111090030 0.44541 0.30275 1.36648
111090031 0.44292 0.30275 1.36961
111090032 0.44043 0.30275 1.37274
111090033 0.43793 0.30275 1.37587
111090034 0.43544 0.30275 1.37900
111090035 0.43295 0.30275 1.38212
111090036 0.43045 0.30275 1.38525
111090037 0.42796 0.30275 1.38838
111090038 0.42547 0.30275 1.39151
111090039 0.42297 0.30275 1.39464
111090040 0.42048 0.30275 1.39776
111090041 0.41799 0.30275 1.40089
111090042 0.41549 0.30275 1.40402
111090043 0.41300 0.30275 1.40715
111090044 0.41051 0.30275 1.41028
111090045 0.40802 0.30275 1.41340
111090046 0.40552 0.30275 1.41653
111090047 0.40303 0.30275 1.41966
111090048 0.40054 0.30275 1.42279
111090049 0.39804 0.30275 1.42592
111090050 0.39555 0.30275 1.42904
111090051 0.39306 0.30275 1.43217
111090052 0.39056 0.30275 1.43530
111090053 0.38807 0.30275 1.43843
111090054 0.38558 0.30275 1.44156
111090055 0.38308 0.30275 1.44468
111090056 0.38059 0.30275 1.44781
111090057 0.37810 0.30275 1.45094
111090058 0.37561 0.30275 1.45407
111090059 0.37311 0.30275 1.45720
111090060 0.37062 0.30275 1.46032
111090061 0.36813 0.30275 1.46345
111090062 0.36563 0.30275 1.46658
111090063 0.36314 0.30275 1.46971
111090064 0.36065 0.30275 1.47284
111090065 0.35815 0.30275 1.47596
111090066 0.35566 0.30275 1.47909
111090067 0.35317 0.30275 1.48222
111090068 0.35067 0.30275 1.48535
111090069 0.34818 0.30275 1.48848
111090070 0.34569 0.30275 1.49160
111090071 0.34320 0.30275 1.49473
111090072 0.34070 0.30275 1.49786
111090073 0.33821 0.30275 1.50099
111090074 0.33572 0.30275 1.50412
111090075 0.33322 0.30275 1.50725
111090076 0.33073 0.30275 1.51037
111090077 0.32824 0.30275 1.51350
111090078 0.32574 0.30275 1.51663
111090079 0.32325 0.30275 1.51976
111090080 0.32076 0.30275 1.52289
111090081 0.31827 0.30275 1.52601
111090082 0.31577 0.30275 1.52914
111090083 0.31328 0.30275 1.53227
111090084 0.31079 0.30275 1.53540
111090085 0.30829 0.30275 1.53853
111090086 0.30580 0.30275 1.54165
111090087 0.30331 0.30275 1.54478
111090088 0.30081 0.30275 1.54791
111090089 0.29832 0.30275 1.55104
111090090 0.29583 0.30275 1.55417
111090091 0.29333 0.30275 1.55729
111090092 0.29084 0.30275 1.56042
111090093 0.28835 0.30275 1.56355
111090094 0.28586 0.30275 1.56668
111090095 0.28336 0.30275 1.56981
111090096 0.28087 0.30275 1.57293
111090097 0.27838 0.30275 1.57606
111090098 0.27588 0.30275 1.57919
111090099 0.27339 0.30275 1.58232
111090100 0.27090 0.30275 1.58545
111090101 0.26840 0.30275 1.58857
111090102 0.26591 0.30275 1.59170
111090103 0.26342 0.30275 1.59483
111090104 0.26092 0.30275 1.59796
111090105 0.25843 0.30275 1.60109
111090106 0.25594 0.30275 1.60421
111090107 0.25345 0.30275 1.60734
111090108 0.25095 0.30275 1.61047
111090109 0.24846 0.30275 1.61360
111090110 0.24597 0.30275 1.61673
111090111 0.24347 0.30275 1.61985
111090112 0.24098 0.30275 1.62298
111090113 0.23849 0.30275 1.62611
111090114 0.23599 0.30275 1.62924
111090115 0.23350 0.30275 1.63237
111090116 0.23101 0.30275 1.63549
111090117 0.22851 0.30275 1.63862
111090118 0.22602 0.30275 1.64175
111090119 0.22353 0.30275 1.64488
111090120 0.22104 0.30275 1.64801
111090121 0.21854 0.30275 1.65113
111090122 0.21605 0.30275 1.65426
111090123 0.21356 0.30275 1.65739
111090124 0.21106 0.30275 1.66052
111090125 0.20857 0.30275 1.66365
111090126 0.20608 0.30275 1.66678
111090127 0.20358 0.30275 1.66990
111090128 0.20109 0.30275 1.67303
111090129 0.19860 0.30275 1.67616
111090130 0.19610 0.30275 1.67929
111090131 0.19361 0.30275 1.68242
111090132 0.19112 0.30275 1.68554
111090133 0.18863 0.30275 1.68867
111090134 0.18613 0.30275 1.69180
111090135 0.18364 0.30275 1.69493
111090136 0.18115 0.30275 1.69806
111090137 0.17865 0.30275 1.70118
111090138 0.17616 0.30275 1.70431
111090139 0.17367 0.30275 1.70744
111090140 0.17117 0.30275 1.71057
111090141 0.16868 0.30275 1.71370
111090142 0.16619 0.30275 1.71682
111090143 0.16370 0.30275 1.71995
111090144 0.16120 0.30275 1.72308
111090145 0.15871 0.30275 1.72621
111090146 0.15622 0.30275 1.72934
111090147 0.15372 0.30275 1.73246
111090148 0.15123 0.30275 1.73559
111090149 0.14874 0.30275 1.73872
111090150 0.14624 0.30275 1.74185
111090151 0.51771 0.31625 1.27577
111090152 0.51522 0.31625 1.27890
111090153 0.51272 0.31625 1.28203
111090154 0.51023 0.31625 1.28515
111090155 0.50774 0.31625 1.28828
111090156 0.50524 0.31625 1.29141
111090157 0.50275 0.31625 1.29454
111090158 0.50026 0.31625 1.29767
111090159 0.49777 0.31625 1.30079
111090160 0.49527 0.31625 1.30392
111090161 0.49278 0.31625 1.30705
111090162 0.49029 0.31625 1.31018
111090163 0.48779 0.31625 1.31331
111090164 0.48530 0.31625 1.31643
111090165 0.48281 0.31625 1.31956
111090166 0.48031 0.31625 1.32269
111090167 0.47782 0.31625 1.32582
111090168 0.47533 0.31625 1.32895
111090169 0.47283 0.31625 1.33207
111090170 0.47034 0.31625 1.33520
111090171 0.46785 0.31625 1.33833
111090172 0.46536 0.31625 1.34146
111090173 0.46286 0.31625 1.34459
111090174 0.46037 0.31625 1.34771
111090175 0.45788 0.31625 1.35084
111090176 0.45538 0.31625 1.35397
111090177 0.45289 0.31625 1.35710
111090178 0.45040 0.31625 1.36023
111090179 0.44790 0.31625 1.36336
111090180 0.44541 0.31625 1.36648
111090181 0.44292 0.31625 1.36961
111090182 0.44043 0.31625 1.37274
111090183 0.43793 0.31625 1.37587
111090184 0.43544 0.31625 1.37900
111090185 0.43295 0.31625 1.38212
111090186 0.43045 0.31625 1.38525
111090187 0.42796 0.31625 1.38838
111090188 0.42547 0.31625 1.39151
111090189 0.42297 0.31625 1.39464
111090190 0.42048 0.31625 1.39776
111090191 0.41799 0.31625 1.40089
111090192 0.41549 0.31625 1.40402
111090193 0.41300 0.31625 1.40715
111090194 0.41051 0.31625 1.41028
111090195 0.40802 0.31625 1.41340
111090196 0.40552 0.31625 1.41653
111090197 0.40303 0.31625 1.41966
111090198 0.40054 0.31625 1.42279
111090199 0.39804 0.31625 1.42592
111090200 0.39555 0.31625 1.42904
111090201 0.39306 0.31625 1.43217
111090202 0.39056 0.31625 1.43530
111090203 0.38807 0.31625 1.43843
111090204 0.38558 0.31625 1.44156
111090205 0.38308 0.31625 1.44468
111090206 0.38059 0.31625 1.44781
111090207 0.37810 0.31625 1.45094
111090208 0.37561 0.31625 1.45407
111090209 0.37311 0.31625 1.45720
111090210 0.37062 0.31625 1.46032
111090211 0.36813 0.31625 1.46345
111090212 0.36563 0.31625 1.46658
111090213 0.36314 0.31625 1.46971
111090214 0.36065 0.31625 1.47284
111090215 0.35815 0.31625 1.47596
111090216 0.35566 0.31625 1.47909
111090217 0.35317 0.31625 1.48222
111090218 0.35067 0.31625 1.48535
111090219 0.34818 0.31625 1.48848
111090220 0.34569 0.31625 1.49160
111090221 0.34320 0.31625 1.49473
111090222 0.34070 0.31625 1.49786
111090223 0.33821 0.31625 1.50099
111090224 0.33572 0.31625 1.50412
111090225 0.33322 0.31625 1.50725
111090226 0.33073 0.31625 1.51037
111090227 0.32824 0.31625 1.51350
111090228 0.32574 0.31625 1.51663
111090229 0.32325 0.31625 1.51976
111090230 0.32076 0.31625 1.52289
111090231 0.31827 0.31625 1.52601
111090232 0.31577 0.31625 1.52914
111090233 0.31328 0.31625 1.53227
111090234 0.31079 0.31625 1.53540
111090235 0.30829 0.31625 1.53853
111090236 0.30580 0.31625 1.54165
111090237 0.30331 0.31625 1.54478
111090238 0.30081 0.31625 1.54791
111090239 0.29832 0.31625 1.55104
111090240 0.29583 0.31625 1.55417
111090241 0.29333 0.31625 1.55729
111090242 0.29084 0.31625 1.56042
111090243 0.28835 0.31625 1.56355
111090244 0.28586 0.31625 1.56668
111090245 0.28336 0.31625 1.56981
111090246 0.28087 0.31625 1.57293
111090247 0.27838 0.31625 1.57606
111090248 0.27588 0.31625 1.57919
111090249 0.27339 0.31625 1.58232
111090250 0.27090 0.31625 1.58545
111090251 0.26840 0.31625 1.58857
111090252 0.26591 0.31625 1.59170
111090253 0.26342 0.31625 1.59483
111090254 0.26092 0.31625 1.59796
111090255 0.25843 0.31625 1.60109
111090256 0.25594 0.31625 1.60421
111090257 0.25345 0.31625 1.60734
111090258 0.25095 0.31625 1.61047
111090259 0.24846 0.31625 1.61360
111090260 0.24597 0.31625 1.61673
111090261 0.24347 0.31625 1.61985
111090262 0.24098 0.31625 1.62298
111090263 0.23849 0.31625 1.62611
111090264 0.23599 0.31625 1.62924
111090265 0.23350 0.31625 1.63237
111090266 0.23101 0.31625 1.63549
111090267 0.22851 0.31625 1.63862
111090268 0.22602 0.31625 1.64175
111090269 0.22353 0.31625 1.64488
111090270 0.22104 0.31625 1.64801
111090271 0.21854 0.31625 1.65113
111090272 0.21605 0.31625 1.65426
111090273 0.21356 0.31625 1.65739
111090274 0.21106 0.31625 1.66052
111090275 0.20857 0.31625 1.66365
111090276 0.20608 0.31625 1.66678
111090277 0.20358 0.31625 1.66990
111090278 0.20109 0.31625 1.67303
111090279 0.19860 0.31625 1.67616
111090280 0.19610 0.31625 1.67929
111090281 0.19361 0.31625 1.68242
111090282 0.19112 0.31625 1.68554
111090283 0.18863 0.31625 1.68867
111090284 0.18613 0.31625 1.69180
111090285 0.18364 0.31625 1.69493
111090286 0.18115 0.31625 1.69806
111090287 0.17865 0.31625 1.70118
111090288 0.17616 0.31625 1.70431
111090289 0.17367 0.31625 1.70744
111090290 0.17117 0.31625 1.71057
111090291 0.16868 0.31625 1.71370
111090292 0.16619 0.31625 1.71682
111090293 0.16370 0.31625 1.71995
111090294 0.16120 0.31625 1.72308
111090295 0.15871 0.31625 1.72621
111090296 0.15622 0.31625 1.72934
111090297 0.15372 0.31625 1.73246
111090298 0.15123 0.31625 1.73559
111090299 0.14874 0.31625 1.73872
111090300 0.14624 0.31625 1.74185
111090301 0.51771 0.32975 1.27577
111090302 0.51522 0.32975 1.27890
111090303 0.51272 0.32975 1.28203
111090304 0.51023 0.32975 1.28515
111090305 0.50774 0.32975 1.28828
111090306 0.50524 0.32975 1.29141
111090307 0.50275 0.32975 1.29454
111090308 0.50026 0.32975 1.29767
111090309 0.49777 0.32975 1.30079
111090310 0.49527 0.32975 1.30392
111090311 0.49278 0.32975 1.30705
111090312 0.49029 0.32975 1.31018
111090313 0.48779 0.32975 1.31331
111090314 0.48530 0.32975 1.31643
111090315 0.48281 0.32975 1.31956
111090316 0.48031 0.32975 1.32269
111090317 0.47782 0.32975 1.32582
111090318 0.47533 0.32975 1.32895
111090319 0.47283 0.32975 1.33207
111090320 0.47034 0.32975 1.33520
111090321 0.46785 0.32975 1.33833
111090322 0.46536 0.32975 1.34146
111090323 0.46286 0.32975 1.34459
111090324 0.46037 0.32975 1.34771
111090325 0.45788 0.32975 1.35084
111090326 0.45538 0.32975 1.35397
111090327 0.45289 0.32975 1.35710
111090328 0.45040 0.32975 1.36023
111090329 0.44790 0.32975 1.36336
111090330 0.44541 0.32975 1.36648
111090331 0.44292 0.32975 1.36961
111090332 0.44043 0.32975 1.37274
111090333 0.43793 0.32975 1.37587
111090334 0.43544 0.32975 1.37900
111090335 0.43295 0.32975 1.38212
111090336 0.43045 0.32975 1.38525
111090337 0.42796 0.32975 1.38838
111090338 0.42547 0.32975 1.39151
111090339 0.42297 0.32975 1.39464
111090340 0.42048 0.32975 1.39776
111090341 0.41799 0.32975 1.40089
111090342 0.41549 0.32975 1.40402
111090343 0.41300 0.32975 1.40715
111090344 0.41051 0.32975 1.41028
111090345 0.40802 0.32975 1.41340
111090346 0.40552 0.32975 1.41653
111090347 0.40303 0.32975 1.41966
111090348 0.40054 0.32975 1.42279
111090349 0.39804 0.32975 1.42592
111090350 0.39555 0.32975 1.42904
111090351 0.39306 0.32975 1.43217
111090352 0.39056 0.32975 1.43530
111090353 0.38807 0.32975 1.43843
111090354 0.38558 0.32975 1.44156
111090355 0.38308 0.32975 1.44468
111090356 0.38059 0.32975 1.44781
111090357 0.37810 0.32975 1.45094
111090358 0.37561 0.32975 1.45407
111090359 0.37311 0.32975 1.45720
111090360 0.37062 0.32975 1.46032
111090361 0.36813 0.32975 1.46345
111090362 0.36563 0.32975 1.46658
111090363 0.36314 0.32975 1.46971
111090364 0.36065 0.32975 1.47284
111090365 0.35815 0.32975 1.47596
111090366 0.35566 0.32975 1.47909
111090367 0.35317 0.32975 1.48222
111090368 0.35067 0.32975 1.48535
111090369 0.34818 0.32975 1.48848
111090370 0.34569 0.32975 1.49160
111090371 0.34320 0.32975 1.49473
111090372 0.34070 0.32975 1.49786
111090373 0.33821 0.32975 1.50099
111090374 0.33572 0.32975 1.50412
111090375 0.33322 0.32975 1.50725
111090376 0.33073 0.32975 1.51037
111090377 0.32824 0.32975 1.51350
111090378 0.32574 0.32975 1.51663
111090379 0.32325 0.32975 1.51976
111090380 0.32076 0.32975 1.52289
111090381 0.31827 0.32975 1.52601
111090382 0.31577 0.32975 1.52914
111090383 0.31328 0.32975 1.53227
111090384 0.31079 0.32975 1.53540
111090385 0.30829 0.32975 1.53853
111090386 0.30580 0.32975 1.54165
111090387 0.30331 0.32975 1.54478
111090388 0.30081 0.32975 1.54791
111090389 0.29832 0.32975 1.55104
111090390 0.29583 0.32975 1.55417
111090391 0.29333 0.32975 1.55729
111090392 0.29084 0.32975 1.56042
111090393 0.28835 0.32975 1.56355
111090394 0.28586 0.32975 1.56668
111090395 0.28336 0.32975 1.56981
111090396 0.28087 0.32975 1.57293
111090397 0.27838 0.32975 1.57606
111090398 0.27588 0.32975 1.57919
111090399 0.27339 0.32975 1.58232
111090400 0.27090 0.32975 1.58545
111090401 0.26840 0.32975 1.58857
111090402 0.26591 0.32975 1.59170
111090403 0.26342 0.32975 1.59483
111090404 0.26092 0.32975 1.59796
111090405 0.25843 0.32975 1.60109
111090406 0.25594 0.32975 1.60421
111090407 0.25345 0.32975 1.60734
111090408 0.25095 0.32975 1.61047
111090409 0.24846 0.32975 1.61360
111090410 0.24597 0.32975 1.61673
111090411 0.24347 0.32975 1.61985
111090412 0.24098 0.32975 1.62298
111090413 0.23849 0.32975 1.62611
111090414 0.23599 0.32975 1.62924
111090415 0.23350 0.32975 1.63237
111090416 0.23101 0.32975 1.63549
111090417 0.22851 0.32975 1.63862
111090418 0.22602 0.32975 1.64175
111090419 0.22353 0.32975 1.64488
111090420 0.22104 0.32975 1.64801
111090421 0.21854 0.32975 1.65113
111090422 0.21605 0.32975 1.65426
111090423 0.21356 0.32975 1.65739
111090424 0.21106 0.32975 1.66052
111090425 0.20857 0.32975 1.66365
111090426 0.20608 0.32975 1.66678
111090427 0.20358 0.32975 1.66990
111090428 0.20109 0.32975 1.67303
111090429 0.19860 0.32975 1.67616
111090430 0.19610 0.32975 1.67929
111090431 0.19361 0.32975 1.68242
111090432 0.19112 0.32975 1.68554
111090433 0.18863 0.32975 1.68867
111090434 0.18613 0.32975 1.69180
111090435 0.18364 0.32975 1.69493
111090436 0.18115 0.32975 1.69806
111090437 0.17865 0.32975 1.70118
111090438 0.17616 0.32975 1.70431
111090439 0.17367 0.32975 1.70744
111090440 0.17117 0.32975 1.71057
111090441 0.16868 0.32975 1.71370
111090442 0.16619 0.32975 1.71682
111090443 0.16370 0.32975 1.71995
111090444 0.16120 0.32975 1.72308
111090445 0.15871 0.32975 1.72621
111090446 0.15622 0.32975 1.72934
111090447 0.15372 0.32975 1.73246
111090448 0.15123 0.32975 1.73559
111090449 0.14874 0.32975 1.73872
111090450 0.14624 0.32975 1.74185
111090451 0.51771 0.34325 1.27577
111090452 0.51522 0.34325 1.27890
111090453 0.51272 0.34325 1.28203
111090454 0.51023 0.34325 1.28515
111090455 0.50774 0.34325 1.28828
111090456 0.50524 0.34325 1.29141
111090457 0.50275 0.34325 1.29454
111090458 0.50026 0.34325 1.29767
111090459 0.49777 0.34325 1.30079
111090460 0.49527 0.34325 1.30392
111090461 0.49278 0.34325 1.30705
111090462 0.49029 0.34325 1.31018
111090463 0.48779 0.34325 1.31331
111090464 0.48530 0.34325 1.31643
111090465 0.48281 0.34325 1.31956
111090466 0.48031 0.34325 1.32269
111090467 0.47782 0.34325 1.32582
111090468 0.47533 0.34325 1.32895
111090469 0.47283 0.34325 1.33207
111090470 0.47034 0.34325 1.33520
111090471 0.46785 0.34325 1.33833
111090472 0.46536 0.34325 1.34146
111090473 0.46286 0.34325 1.34459
111090474 0.46037 0.34325 1.34771
111090475 0.45788 0.34325 1.35084
111090476 0.45538 0.34325 1.35397
111090477 0.45289 0.34325 1.35710
111090478 0.45040 0.34325 1.36023
111090479 0.44790 0.34325 1.36336
111090480 0.44541 0.34325 1.36648
111090481 0.44292 0.34325 1.36961
111090482 0.44043 0.34325 1.37274
111090483 0.43793 0.34325 1.37587
111090484 0.43544 0.34325 1.37900
111090485 0.43295 0.34325 1.38212
111090486 0.43045 0.34325 1.38525
111090487 0.42796 0.34325 1.38838
111090488 0.42547 0.34325 1.39151
111090489 0.42297 0.34325 1.39464
111090490 0.42048 0.34325 1.39776
111090491 0.41799 0.34325 1.40089
111090492 0.41549 0.34325 1.40402
111090493 0.41300 0.34325 1.40715
111090494 0.41051 0.34325 1.41028
111090495 0.40802 0.34325 1.41340
111090496 0.40552 0.34325 1.41653
111090497 0.40303 0.34325 1.41966
111090498 0.40054 0.34325 1.42279
111090499 0.39804 0.34325 1.42592
111090500 0.39555 0.34325 1.42904
111090501 0.39306 0.34325 1.43217
111090502 0.39056 0.34325 1.43530
111090503 0.38807 0.34325 1.43843
111090504 0.38558 0.34325 1.44156
111090505 0.38308 0.34325 1.44468
111090506 0.38059 0.34325 1.44781
111090507 0.37810 0.34325 1.45094
111090508 0.37561 0.34325 1.45407
111090509 0.37311 0.34325 1.45720
111090510 0.37062 0.34325 1.46032
111090511 0.36813 0.34325 1.46345
111090512 0.36563 0.34325 1.46658
111090513 0.36314 0.34325 1.46971
111090514 0.36065 0.34325 1.47284
111090515 0.35815 0.34325 1.47596
111090516 0.35566 0.34325 1.47909
111090517 0.35317 0.34325 1.48222
111090518 0.35067 0.34325 1.48535
111090519 0.34818 0.34325 1.48848
111090520 0.34569 0.34325 1.49160
111090521 0.34320 0.34325 1.49473
111090522 0.34070 0.34325 1.49786
111090523 0.33821 0.34325 1.50099
111090524 0.33572 0.34325 1.50412
111090525 0.33322 0.34325 1.50725
111090526 0.33073 0.34325 1.51037
111090527 0.32824 0.34325 1.51350
111090528 0.32574 0.34325 1.51663
111090529 0.32325 0.34325 1.51976
111090530 0.32076 0.34325 1.52289
111090531 0.31827 0.34325 1.52601
111090532 0.31577 0.34325 1.52914
111090533 0.31328 0.34325 1.53227
111090534 0.31079 0.34325 1.53540
111090535 0.30829 0.34325 1.53853
111090536 0.30580 0.34325 1.54165
111090537 0.30331 0.34325 1.54478
111090538 0.30081 0.34325 1.54791
111090539 0.29832 0.34325 1.55104
111090540 0.29583 0.34325 1.55417
111090541 0.29333 0.34325 1.55729
111090542 0.29084 0.34325 1.56042
111090543 0.28835 0.34325 1.56355
111090544 0.28586 0.34325 1.56668
111090545 0.28336 0.34325 1.56981
111090546 0.28087 0.34325 1.57293
111090547 0.27838 0.34325 1.57606
111090548 0.27588 0.34325 1.57919
111090549 0.27339 0.34325 1.58232
111090550 0.27090 0.34325 1.58545
111090551 0.26840 0.34325 1.58857
111090552 0.26591 0.34325 1.59170
111090553 0.26342 0.34325 1.59483
111090554 0.26092 0.34325 1.59796
111090555 0.25843 0.34325 1.60109
111090556 0.25594 0.34325 1.60421
111090557 0.25345 0.34325 1.60734
111090558 0.25095 0.34325 1.61047
111090559 0.24846 0.34325 1.61360
111090560 0.24597 0.34325 1.61673
111090561 0.24347 0.34325 1.61985
111090562 0.24098 0.34325 1.62298
111090563 0.23849 0.34325 1.62611
111090564 0.23599 0.34325 1.62924
111090565 0.23350 0.34325 1.63237
111090566 0.23101 0.34325 1.63549
111090567 0.22851 0.34325 1.63862
111090568 0.22602 0.34325 1.64175
111090569 0.22353 0.34325 1.64488
111090570 0.22104 0.34325 1.64801
111090571 0.21854 0.34325 1.65113
111090572 0.21605 0.34325 1.65426
111090573 0.21356 0.34325 1.65739
111090574 0.21106 0.34325 1.66052
111090575 0.20857 0.34325 1.66365
111090576 0.20608 0.34325 1.66678
111090577 0.20358 0.34325 1.66990
111090578 0.20109 0.34325 1.67303
111090579 0.19860 0.34325 1.67616
111090580 0.19610 0.34325 1.67929
111090581 0.19361 0.34325 1.68242
111090582 0.19112 0.34325 1.68554
111090583 0.18863 0.34325 1.68867
111090584 0.18613 0.34325 1.69180
111090585 0.18364 0.34325 1.69493
111090586 0.18115 0.34325 1.69806
111090587 0.17865 0.34325 1.70118
111090588 0.17616 0.34325 1.70431
111090589 0.17367 0.34325 1.70744
111090590 0.17117 0.34325 1.71057
111090591 0.16868 0.34325 1.71370
111090592 0.16619 0.34325 1.71682
111090593 0.16370 0.34325 1.71995
111090594 0.16120 0.34325 1.72308
111090595 0.15871 0.34325 1.72621
111090596 0.15622 0.34325 1.72934
111090597 0.15372 0.34325 1.73246
111090598 0.15123 0.34325 1.73559
111090599 0.14874 0.34325 1.73872
111090600 0.14624 0.34325 1.74185
111090601 0.51771 0.35675 1.27577
111090602 0.51522 0.35675 1.27890
111090603 0.51272 0.35675 1.28203
111090604 0.51023 0.35675 1.28515
111090605 0.50774 0.35675 1.28828
111090606 0.50524 0.35675 1.29141
111090607 0.50275 0.35675 1.29454
111090608 0.50026 0.35675 1.29767
111090609 0.49777 0.35675 1.30079
111090610 0.49527 0.35675 1.30392
111090611 0.49278 0.35675 1.30705
111090612 0.49029 0.35675 1.31018
111090613 0.48779 0.35675 1.31331
111090614 0.48530 0.35675 1.31643
111090615 0.48281 0.35675 1.31956
111090616 0.48031 0.35675 1.32269
111090617 0.47782 0.35675 1.32582
111090618 0.47533 0.35675 1.32895
111090619 0.47283 0.35675 1.33207
111090620 0.47034 0.35675 1.33520
111090621 0.46785 0.35675 1.33833
111090622 0.46536 0.35675 1.34146
111090623 0.46286 0.35675 1.34459
111090624 0.46037 0.35675 1.34771
111090625 0.45788 0.35675 1.35084
111090626 0.45538 0.35675 1.35397
111090627 0.45289 0.35675 1.35710
111090628 0.45040 0.35675 1.36023
111090629 0.44790 0.35675 1.36336
111090630 0.44541 0.35675 1.36648
111090631 0.44292 0.35675 1.36961
111090632 0.44043 0.35675 1.37274
111090633 0.43793 0.35675 1.37587
111090634 0.43544 0.35675 1.37900
111090635 0.43295 0.35675 1.38212
111090636 0.43045 0.35675 1.38525
111090637 0.42796 0.35675 1.38838
111090638 0.42547 0.35675 1.39151
111090639 0.42297 0.35675 1.39464
111090640 0.42048 0.35675 1.39776
111090641 0.41799 0.35675 1.40089
111090642 0.41549 0.35675 1.40402
111090643 0.41300 0.35675 1.40715
111090644 0.41051 0.35675 1.41028
111090645 0.40802 0.35675 1.41340
111090646 0.40552 0.35675 1.41653
111090647 0.40303 0.35675 1.41966
111090648 0.40054 0.35675 1.42279
111090649 0.39804 0.35675 1.42592
111090650 0.39555 0.35675 1.42904
111090651 0.39306 0.35675 1.43217
111090652 0.39056 0.35675 1.43530
111090653 0.38807 0.35675 1.43843
111090654 0.38558 0.35675 1.44156
111090655 0.38308 0.35675 1.44468
111090656 0.38059 0.35675 1.44781
111090657 0.37810 0.35675 1.45094
111090658 0.37561 0.35675 1.45407
111090659 0.37311 0.35675 1.45720
111090660 0.37062 0.35675 1.46032
111090661 0.36813 0.35675 1.46345
111090662 0.36563 0.35675 1.46658
111090663 0.36314 0.35675 1.46971
111090664 0.36065 0.35675 1.47284
111090665 0.35815 0.35675 1.47596
111090666 0.35566 0.35675 1.47909
111090667 0.35317 0.35675 1.48222
111090668 0.35067 0.35675 1.48535
111090669 0.34818 0.35675 1.48848
111090670 0.34569 0.35675 1.49160
111090671 0.34320 0.35675 1.49473
111090672 0.34070 0.35675 1.49786
111090673 0.33821 0.35675 1.50099
111090674 0.33572 0.35675 1.50412
111090675 0.33322 0.35675 1.50725
111090676 0.33073 0.35675 1.51037
111090677 0.32824 0.35675 1.51350
111090678 0.32574 0.35675 1.51663
111090679 0.32325 0.35675 1.51976
111090680 0.32076 0.35675 1.52289
111090681 0.31827 0.35675 1.52601
111090682 0.31577 0.35675 1.52914
111090683 0.31328 0.35675 1.53227
111090684 0.31079 0.35675 1.53540
111090685 0.30829 0.35675 1.53853
111090686 0.30580 0.35675 1.54165
111090687 0.30331 0.35675 1.54478
111090688 0.30081 0.35675 1.54791
111090689 0.29832 0.35675 1.55104
111090690 0.29583 0.35675 1.55417
111090691 0.29333 0.35675 1.55729
111090692 0.29084 0.35675 1.56042
111090693 0.28835 0.35675 1.56355
111090694 0.28586 0.35675 1.56668
111090695 0.28336 0.35675 1.56981
111090696 0.28087 0.35675 1.57293
111090697 0.27838 0.35675 1.57606
111090698 0.27588 0.35675 1.57919
111090699 0.27339 0.35675 1.58232
111090700 0.27090 0.35675 1.58545
111090701 0.26840 0.35675 1.58857
111090702 0.26591 0.35675 1.59170
111090703 0.26342 0.35675 1.59483
111090704 0.26092 0.35675 1.59796
111090705 0.25843 0.35675 1.60109
111090706 0.25594 0.35675 1.60421
111090707 0.25345 0.35675 1.60734
111090708 0.25095 0.35675 1.61047
111090709 0.24846 0.35675 1.61360
111090710 0.24597 0.35675 1.61673
111090711 0.24347 0.35675 1.61985
111090712 0.24098 0.35675 1.62298
111090713 0.23849 0.35675 1.62611
111090714 0.23599 0.35675 1.62924
111090715 0.23350 0.35675 1.63237
111090716 0.23101 0.35675 1.63549
111090717 0.22851 0.35675 1.63862
111090718 0.22602 0.35675 1.64175
111090719 0.22353 0.35675 1.64488
111090720 0.22104 0.35675 1.64801
111090721 0.21854 0.35675 1.65113
111090722 0.21605 0.35675 1.65426
111090723 0.21356 0.35675 1.65739
111090724 0.21106 0.35675 1.66052
111090725 0.20857 0.35675 1.66365
111090726 0.20608 0.35675 1.66678
111090727 0.20358 0.35675 1.66990
111090728 0.20109 0.35675 1.67303
111090729 0.19860 0.35675 1.67616
111090730 0.19610 0.35675 1.67929
111090731 0.19361 0.35675 1.68242
111090732 0.19112 0.35675 1.68554
111090733 0.18863 0.35675 1.68867
111090734 0.18613 0.35675 1.69180
111090735 0.18364 0.35675 1.69493
111090736 0.18115 0.35675 1.69806
111090737 0.17865 0.35675 1.70118
111090738 0.17616 0.35675 1.70431
111090739 0.17367 0.35675 1.70744
111090740 0.17117 0.35675 1.71057
111090741 0.16868 0.35675 1.71370
111090742 0.16619 0.35675 1.71682
111090743 0.16370 0.35675 1.71995
111090744 0.16120 0.35675 1.72308
111090745 0.15871 0.35675 1.72621
111090746 0.15622 0.35675 1.72934
111090747 0.15372 0.35675 1.73246
111090748 0.15123 0.35675 1.73559
111090749 0.14874 0.35675 1.73872
111090750 0.14624 0.35675 1.74185
111090751 0.51771 0.37025 1.27577
111090752 0.51522 0.37025 1.27890
111090753 0.51272 0.37025 1.28203
111090754 0.51023 0.37025 1.28515
111090755 0.50774 0.37025 1.28828
111090756 0.50524 0.37025 1.29141
111090757 0.50275 0.37025 1.29454
111090758 0.50026 0.37025 1.29767
111090759 0.49777 0.37025 1.30079
111090760 0.49527 0.37025 1.30392
111090761 0.49278 0.37025 1.30705
111090762 0.49029 0.37025 1.31018
111090763 0.48779 0.37025 1.31331
111090764 0.48530 0.37025 1.31643
111090765 0.48281 0.37025 1.31956
111090766 0.48031 0.37025 1.32269
111090767 0.47782 0.37025 1.32582
111090768 0.47533 0.37025 1.32895
111090769 0.47283 0.37025 1.33207
111090770 0.47034 0.37025 1.33520
111090771 0.46785 0.37025 1.33833
111090772 0.46536 0.37025 1.34146
111090773 0.46286 0.37025 1.34459
111090774 0.46037 0.37025 1.34771
111090775 0.45788 0.37025 1.35084
111090776 0.45538 0.37025 1.35397
111090777 0.45289 0.37025 1.35710
111090778 0.45040 0.37025 1.36023
111090779 0.44790 0.37025 1.36336
111090780 0.44541 0.37025 1.36648
111090781 0.44292 0.37025 1.36961
111090782 0.44043 0.37025 1.37274
111090783 0.43793 0.37025 1.37587
111090784 0.43544 0.37025 1.37900
111090785 0.43295 0.37025 1.38212
111090786 0.43045 0.37025 1.38525
111090787 0.42796 0.37025 1.38838
111090788 0.42547 0.37025 1.39151
111090789 0.42297 0.37025 1.39464
111090790 0.42048 0.37025 1.39776
111090791 0.41799 0.37025 1.40089
111090792 0.41549 0.37025 1.40402
111090793 0.41300 0.37025 1.40715
111090794 0.41051 0.37025 1.41028
111090795 0.40802 0.37025 1.41340
111090796 0.40552 0.37025 1.41653
111090797 0.40303 0.37025 1.41966
111090798 0.40054 0.37025 1.42279
111090799 0.39804 0.37025 1.42592
111090800 0.39555 0.37025 1.42904
111090801 0.39306 0.37025 1.43217
111090802 0.39056 0.37025 1.43530
111090803 0.38807 0.37025 1.43843
111090804 0.38558 0.37025 1.44156
111090805 0.38308 0.37025 1.44468
111090806 0.38059 0.37025 1.44781
111090807 0.37810 0.37025 1.45094
111090808 0.37561 0.37025 1.45407
111090809 0.37311 0.37025 1.45720
111090810 0.37062 0.37025 1.46032
111090811 0.36813 0.37025 1.46345
111090812 0.36563 0.37025 1.46658
111090813 0.36314 0.37025 1.46971
111090814 0.36065 0.37025 1.47284
111090815 0.35815 0.37025 1.47596
111090816 0.35566 0.37025 1.47909
111090817 0.35317 0.37025 1.48222
111090818 0.35067 0.37025 1.48535
111090819 0.34818 0.37025 1.48848
111090820 0.34569 0.37025 1.49160
111090821 0.34320 0.37025 1.49473
111090822 0.34070 0.37025 1.49786
111090823 0.33821 0.37025 1.50099
111090824 0.33572 0.37025 1.50412
111090825 0.33322 0.37025 1.50725
111090826 0.33073 0.37025 1.51037
111090827 0.32824 0.37025 1.51350
111090828 0.32574 0.37025 1.51663
111090829 0.32325 0.37025 1.51976
111090830 0.32076 0.37025 1.52289
111090831 0.31827 0.37025 1.52601
111090832 0.31577 0.37025 1.52914
111090833 0.31328 0.37025 1.53227
111090834 0.31079 0.37025 1.53540
111090835 0.30829 0.37025 1.53853
111090836 0.30580 0.37025 1.54165
111090837 0.30331 0.37025 1.54478
111090838 0.30081 0.37025 1.54791
111090839 0.29832 0.37025 1.55104
111090840 0.29583 0.37025 1.55417
111090841 0.29333 0.37025 1.55729
111090842 0.29084 0.37025 1.56042
111090843 0.28835 0.37025 1.56355
111090844 0.28586 0.37025 1.56668
111090845 0.28336 0.37025 1.56981
111090846 0.28087 0.37025 1.57293
111090847 0.27838 0.37025 1.57606
111090848 0.27588 0.37025 1.57919
111090849 0.27339 0.37025 1.58232
111090850 0.27090 0.37025 1.58545
111090851 0.26840 0.37025 1.58857
111090852 0.26591 0.37025 1.59170
111090853 0.26342 0.37025 1.59483
111090854 0.26092 0.37025 1.59796
111090855 0.25843 0.37025 1.60109
111090856 0.25594 0.37025 1.60421
111090857 0.25345 0.37025 1.60734
111090858 0.25095 0.37025 1.61047
111090859 0.24846 0.37025 1.61360
111090860 0.24597 0.37025 1.61673
111090861 0.24347 0.37025 1.61985
111090862 0.24098 0.37025 1.62298
111090863 0.23849 0.37025 1.62611
111090864 0.23599 0.37025 1.62924
111090865 0.23350 0.37025 1.63237
111090866 0.23101 0.37025 1.63549
111090867 0.22851 0.37025 1.63862
111090868 0.22602 0.37025 1.64175
111090869 0.22353 0.37025 1.64488
111090870 0.22104 0.37025 1.64801
111090871 0.21854 0.37025 1.65113
111090872 0.21605 0.37025 1.65426
111090873 0.21356 0.37025 1.65739
111090874 0.21106 0.37025 1.66052
111090875 0.20857 0.37025 1.66365
111090876 0.20608 0.37025 1.66678
111090877 0.20358 0.37025 1.66990
111090878 0.20109 0.37025 1.67303
111090879 0.19860 0.37025 1.67616
111090880 0.19610 0.37025 1.67929
111090881 0.19361 0.37025 1.68242
111090882 0.19112 0.37025 1.68554
111090883 0.18863 0.37025 1.68867
111090884 0.18613 0.37025 1.69180
111090885 0.18364 0.37025 1.69493
111090886 0.18115 0.37025 1.69806
111090887 0.17865 0.37025 1.70118
111090888 0.17616 0.37025 1.70431
111090889 0.17367 0.37025 1.70744
111090890 0.17117 0.37025 1.71057
111090891 0.16868 0.37025 1.71370
111090892 0.16619 0.37025 1.71682
111090893 0.16370 0.37025 1.71995
111090894 0.16120 0.37025 1.72308
111090895 0.15871 0.37025 1.72621
111090896 0.15622 0.37025 1.72934
111090897 0.15372 0.37025 1.73246
111090898 0.15123 0.37025 1.73559
111090899 0.14874 0.37025 1.73872
111090900 0.14624 0.37025 1.74185
111090901 0.51771 0.38375 1.27577
111090902 0.51522 0.38375 1.27890
111090903 0.51272 0.38375 1.28203
111090904 0.51023 0.38375 1.28515
111090905 0.50774 0.38375 1.28828
111090906 0.50524 0.38375 1.29141
111090907 0.50275 0.38375 1.29454
111090908 0.50026 0.38375 1.29767
111090909 0.49777 0.38375 1.30079
111090910 0.49527 0.38375 1.30392
111090911 0.49278 0.38375 1.30705
111090912 0.49029 0.38375 1.31018
111090913 0.48779 0.38375 1.31331
111090914 0.48530 0.38375 1.31643
111090915 0.48281 0.38375 1.31956
111090916 0.48031 0.38375 1.32269
111090917 0.47782 0.38375 1.32582
111090918 0.47533 0.38375 1.32895
111090919 0.47283 0.38375 1.33207
111090920 0.47034 0.38375 1.33520
111090921 0.46785 0.38375 1.33833
111090922 0.46536 0.38375 1.34146
111090923 0.46286 0.38375 1.34459
111090924 0.46037 0.38375 1.34771
111090925 0.45788 0.38375 1.35084
111090926 0.45538 0.38375 1.35397
111090927 0.45289 0.38375 1.35710
111090928 0.45040 0.38375 1.36023
111090929 0.44790 0.38375 1.36336
111090930 0.44541 0.38375 1.36648
111090931 0.44292 0.38375 1.36961
111090932 0.44043 0.38375 1.37274
111090933 0.43793 0.38375 1.37587
111090934 0.43544 0.38375 1.37900
111090935 0.43295 0.38375 1.38212
111090936 0.43045 0.38375 1.38525
111090937 0.42796 0.38375 1.38838
111090938 0.42547 0.38375 1.39151
111090939 0.42297 0.38375 1.39464
111090940 0.42048 0.38375 1.39776
111090941 0.41799 0.38375 1.40089
111090942 0.41549 0.38375 1.40402
111090943 0.41300 0.38375 1.40715
111090944 0.41051 0.38375 1.41028
111090945 0.40802 0.38375 1.41340
111090946 0.40552 0.38375 1.41653
111090947 0.40303 0.38375 1.41966
111090948 0.40054 0.38375 1.42279
111090949 0.39804 0.38375 1.42592
111090950 0.39555 0.38375 1.42904
111090951 0.39306 0.38375 1.43217
111090952 0.39056 0.38375 1.43530
111090953 0.38807 0.38375 1.43843
111090954 0.38558 0.38375 1.44156
111090955 0.38308 0.38375 1.44468
111090956 0.38059 0.38375 1.44781
111090957 0.37810 0.38375 1.45094
111090958 0.37561 0.38375 1.45407
111090959 0.37311 0.38375 1.45720
111090960 0.37062 0.38375 1.46032
111090961 0.36813 0.38375 1.46345
111090962 0.36563 0.38375 1.46658
111090963 0.36314 0.38375 1.46971
111090964 0.36065 0.38375 1.47284
111090965 0.35815 0.38375 1.47596
111090966 0.35566 0.38375 1.47909
111090967 0.35317 0.38375 1.48222
111090968 0.35067 0.38375 1.48535
111090969 0.34818 0.38375 1.48848
111090970 0.34569 0.38375 1.49160
111090971 0.34320 0.38375 1.49473
111090972 0.34070 0.38375 1.49786
111090973 0.33821 0.38375 1.50099
111090974 0.33572 0.38375 1.50412
111090975 0.33322 0.38375 1.50725
111090976 0.33073 0.38375 1.51037
111090977 0.32824 0.38375 1.51350
111090978 0.32574 0.38375 1.51663
111090979 0.32325 0.38375 1.51976
111090980 0.32076 0.38375 1.52289
111090981 0.31827 0.38375 1.52601
111090982 0.31577 0.38375 1.52914
111090983 0.31328 0.38375 1.53227
111090984 0.31079 0.38375 1.53540
111090985 0.30829 0.38375 1.53853
111090986 0.30580 0.38375 1.54165
111090987 0.30331 0.38375 1.54478
111090988 0.30081 0.38375 1.54791
111090989 0.29832 0.38375 1.55104
111090990 0.29583 0.38375 1.55417
111090991 0.29333 0.38375 1.55729
111090992 0.29084 0.38375 1.56042
111090993 0.28835 0.38375 1.56355
111090994 0.28586 0.38375 1.56668
111090995 0.28336 0.38375 1.56981
111090996 0.28087 0.38375 1.57293
111090997 0.27838 0.38375 1.57606
111090998 0.27588 0.38375 1.57919
111090999 0.27339 0.38375 1.58232
111091000 0.27090 0.38375 1.58545
111091001 0.26840 0.38375 1.58857
111091002 0.26591 0.38375 1.59170
111091003 0.26342 0.38375 1.59483
111091004 0.26092 0.38375 1.59796
111091005 0.25843 0.38375 1.60109
111091006 0.25594 0.38375 1.60421
111091007 0.25345 0.38375 1.60734
111091008 0.25095 0.38375 1.61047
111091009 0.24846 0.38375 1.61360
111091010 0.24597 0.38375 1.61673
111091011 0.24347 0.38375 1.61985
111091012 0.24098 0.38375 1.62298
111091013 0.23849 0.38375 1.62611
111091014 0.23599 0.38375 1.62924
111091015 0.23350 0.38375 1.63237
111091016 0.23101 0.38375 1.63549
111091017 0.22851 0.38375 1.63862
111091018 0.22602 0.38375 1.64175
111091019 0.22353 0.38375 1.64488
111091020 0.22104 0.38375 1.64801
111091021 0.21854 0.38375 1.65113
111091022 0.21605 0.38375 1.65426
111091023 0.21356 0.38375 1.65739
111091024 0.21106 0.38375 1.66052
111091025 0.20857 0.38375 1.66365
111091026 0.20608 0.38375 1.66678
111091027 0.20358 0.38375 1.66990
111091028 0.20109 0.38375 1.67303
111091029 0.19860 0.38375 1.67616
111091030 0.19610 0.38375 1.67929
111091031 0.19361 0.38375 1.68242
111091032 0.19112 0.38375 1.68554
111091033 0.18863 0.38375 1.68867
111091034 0.18613 0.38375 1.69180
111091035 0.18364 0.38375 1.69493
111091036 0.18115 0.38375 1.69806
111091037 0.17865 0.38375 1.70118
111091038 0.17616 0.38375 1.70431
111091039 0.17367 0.38375 1.70744
111091040 0.17117 0.38375 1.71057
111091041 0.16868 0.38375 1.71370
111091042 0.16619 0.38375 1.71682
111091043 0.16370 0.38375 1.71995
111091044 0.16120 0.38375 1.72308
111091045 0.15871 0.38375 1.72621
111091046 0.15622 0.38375 1.72934
111091047 0.15372 0.38375 1.73246
111091048 0.15123 0.38375 1.73559
111091049 0.14874 0.38375 1.73872
111091050 0.14624 0.38375 1.74185
111091051 0.51771 0.39725 1.27577
111091052 0.51522 0.39725 1.27890
111091053 0.51272 0.39725 1.28203
111091054 0.51023 0.39725 1.28515
111091055 0.50774 0.39725 1.28828
111091056 0.50524 0.39725 1.29141
111091057 0.50275 0.39725 1.29454
111091058 0.50026 0.39725 1.29767
111091059 0.49777 0.39725 1.30079
111091060 0.49527 0.39725 1.30392
111091061 0.49278 0.39725 1.30705
111091062 0.49029 0.39725 1.31018
111091063 0.48779 0.39725 1.31331
111091064 0.48530 0.39725 1.31643
111091065 0.48281 0.39725 1.31956
111091066 0.48031 0.39725 1.32269
111091067 0.47782 0.39725 1.32582
111091068 0.47533 0.39725 1.32895
111091069 0.47283 0.39725 1.33207
111091070 0.47034 0.39725 1.33520
111091071 0.46785 0.39725 1.33833
111091072 0.46536 0.39725 1.34146
111091073 0.46286 0.39725 1.34459
111091074 0.46037 0.39725 1.34771
111091075 0.45788 0.39725 1.35084
111091076 0.45538 0.39725 1.35397
111091077 0.45289 0.39725 1.35710
111091078 0.45040 0.39725 1.36023
111091079 0.44790 0.39725 1.36336
111091080 0.44541 0.39725 1.36648
111091081 0.44292 0.39725 1.36961
111091082 0.44043 0.39725 1.37274
111091083 0.43793 0.39725 1.37587
111091084 0.43544 0.39725 1.37900
111091085 0.43295 0.39725 1.38212
111091086 0.43045 0.39725 1.38525
111091087 0.42796 0.39725 1.38838
111091088 0.42547 0.39725 1.39151
111091089 0.42297 0.39725 1.39464
111091090 0.42048 0.39725 1.39776
111091091 0.41799 0.39725 1.40089
111091092 0.41549 0.39725 1.40402
111091093 0.41300 0.39725 1.40715
111091094 0.41051 0.39725 1.41028
111091095 0.40802 0.39725 1.41340
111091096 0.40552 0.39725 1.41653
111091097 0.40303 0.39725 1.41966
111091098 0.40054 0.39725 1.42279
111091099 0.39804 0.39725 1.42592
111091100 0.39555 0.39725 1.42904
111091101 0.39306 0.39725 1.43217
111091102 0.39056 0.39725 1.43530
111091103 0.38807 0.39725 1.43843
111091104 0.38558 0.39725 1.44156
111091105 0.38308 0.39725 1.44468
111091106 0.38059 0.39725 1.44781
111091107 0.37810 0.39725 1.45094
111091108 0.37561 0.39725 1.45407
111091109 0.37311 0.39725 1.45720
111091110 0.37062 0.39725 1.46032
111091111 0.36813 0.39725 1.46345
111091112 0.36563 0.39725 1.46658
111091113 0.36314 0.39725 1.46971
111091114 0.36065 0.39725 1.47284
111091115 0.35815 0.39725 1.47596
111091116 0.35566 0.39725 1.47909
111091117 0.35317 0.39725 1.48222
111091118 0.35067 0.39725 1.48535
111091119 0.34818 0.39725 1.48848
111091120 0.34569 0.39725 1.49160
111091121 0.34320 0.39725 1.49473
111091122 0.34070 0.39725 1.49786
111091123 0.33821 0.39725 1.50099
111091124 0.33572 0.39725 1.50412
111091125 0.33322 0.39725 1.50725
111091126 0.33073 0.39725 1.51037
111091127 0.32824 0.39725 1.51350
111091128 0.32574 0.39725 1.51663
111091129 0.32325 0.39725 1.51976
111091130 0.32076 0.39725 1.52289
111091131 0.31827 0.39725 1.52601
111091132 0.31577 0.39725 1.52914
111091133 0.31328 0.39725 1.53227
111091134 0.31079 0.39725 1.53540
111091135 0.30829 0.39725 1.53853
111091136 0.30580 0.39725 1.54165
111091137 0.30331 0.39725 1.54478
111091138 0.30081 0.39725 1.54791
111091139 0.29832 0.39725 1.55104
111091140 0.29583 0.39725 1.55417
111091141 0.29333 0.39725 1.55729
111091142 0.29084 0.39725 1.56042
111091143 0.28835 0.39725 1.56355
111091144 0.28586 0.39725 1.56668
111091145 0.28336 0.39725 1.56981
111091146 0.28087 0.39725 1.57293
111091147 0.27838 0.39725 1.57606
111091148 0.27588 0.39725 1.57919
111091149 0.27339 0.39725 1.58232
111091150 0.27090 0.39725 1.58545
111091151 0.26840 0.39725 1.58857
111091152 0.26591 0.39725 1.59170
111091153 0.26342 0.39725 1.59483
111091154 0.26092 0.39725 1.59796
111091155 0.25843 0.39725 1.60109
111091156 0.25594 0.39725 1.60421
111091157 0.25345 0.39725 1.60734
111091158 0.25095 0.39725 1.61047
111091159 0.24846 0.39725 1.61360
111091160 0.24597 0.39725 1.61673
111091161 0.24347 0.39725 1.61985
111091162 0.24098 0.39725 1.62298
111091163 0.23849 0.39725 1.62611
111091164 0.23599 0.39725 1.62924
111091165 0.23350 0.39725 1.63237
111091166 0.23101 0.39725 1.63549
111091167 0.22851 0.39725 1.63862
111091168 0.22602 0.39725 1.64175
111091169 0.22353 0.39725 1.64488
111091170 0.22104 0.39725 1.64801
111091171 0.21854 0.39725 1.65113
111091172 0.21605 0.39725 1.65426
111091173 0.21356 0.39725 1.65739
111091174 0.21106 0.39725 1.66052
111091175 0.20857 0.39725 1.66365
111091176 0.20608 0.39725 1.66678
111091177 0.20358 0.39725 1.66990
111091178 0.20109 0.39725 1.67303
111091179 0.19860 0.39725 1.67616
111091180 0.19610 0.39725 1.67929
111091181 0.19361 0.39725 1.68242
111091182 0.19112 0.39725 1.68554
111091183 0.18863 0.39725 1.68867
111091184 0.18613 0.39725 1.69180
111091185 0.18364 0.39725 1.69493
111091186 0.18115 0.39725 1.69806
111091187 0.17865 0.39725 1.70118
111091188 0.17616 0.39725 1.70431
111091189 0.17367 0.39725 1.70744
111091190 0.17117 0.39725 1.71057
111091191 0.16868 0.39725 1.71370
111091192 0.16619 0.39725 1.71682
111091193 0.16370 0.39725 1.71995
111091194 0.16120 0.39725 1.72308
111091195 0.15871 0.39725 1.72621
111091196 0.15622 0.39725 1.72934
111091197 0.15372 0.39725 1.73246
111091198 0.15123 0.39725 1.73559
111091199 0.14874 0.39725 1.73872
111091200 0.14624 0.39725 1.74185
