# pixelID  x  y  z
102030001 0.84481 -0.29800 -2.00000
102030002 0.84481 -0.29400 -2.00000
102030003 0.84481 -0.29000 -2.00000
102030004 0.84481 -0.28600 -2.00000
102030005 0.84481 -0.28200 -2.00000
102030006 0.84481 -0.27800 -2.00000
102030007 0.84481 -0.27400 -2.00000
102030008 0.84481 -0.27000 -2.00000
102030009 0.84481 -0.26600 -2.00000
102030010 0.84481 -0.26200 -2.00000
102030011 0.84481 -0.25800 -2.00000
102030012 0.84481 -0.25400 -2.00000
102030013 0.84481 -0.25000 -2.00000
102030014 0.84481 -0.24600 -2.00000
102030015 0.84481 -0.24200 -2.00000
102030016 0.84481 -0.23800 -2.00000
102030017 0.84481 -0.23400 -2.00000
102030018 0.84481 -0.23000 -2.00000
102030019 0.84481 -0.22600 -2.00000
102030020 0.84481 -0.22200 -2.00000
102030021 0.84481 -0.21800 -2.00000
102030022 0.84481 -0.21400 -2.00000
102030023 0.84481 -0.21000 -2.00000
102030024 0.84481 -0.20600 -2.00000
102030025 0.84481 -0.20200 -2.00000
102030026 0.84481 -0.19800 -2.00000
102030027 0.84481 -0.19400 -2.00000
102030028 0.84481 -0.19000 -2.00000
102030029 0.84481 -0.18600 -2.00000
102030030 0.84481 -0.18200 -2.00000
102030031 0.84481 -0.17800 -2.00000
102030032 0.84481 -0.17400 -2.00000
102030033 0.84481 -0.17000 -2.00000
102030034 0.84481 -0.16600 -2.00000
102030035 0.84481 -0.16200 -2.00000
102030036 0.84481 -0.15800 -2.00000
102030037 0.84481 -0.15400 -2.00000
102030038 0.84481 -0.15000 -2.00000
102030039 0.84481 -0.14600 -2.00000
102030040 0.84481 -0.14200 -2.00000
102030041 0.84481 -0.13800 -2.00000
102030042 0.84481 -0.13400 -2.00000
102030043 0.84481 -0.13000 -2.00000
102030044 0.84481 -0.12600 -2.00000
102030045 0.84481 -0.12200 -2.00000
102030046 0.84481 -0.11800 -2.00000
102030047 0.84481 -0.11400 -2.00000
102030048 0.84481 -0.11000 -2.00000
102030049 0.84481 -0.10600 -2.00000
102030050 0.84481 -0.10200 -2.00000
102030051 0.84481 -0.09800 -2.00000
102030052 0.84481 -0.09400 -2.00000
102030053 0.84481 -0.09000 -2.00000
102030054 0.84481 -0.08600 -2.00000
102030055 0.84481 -0.08200 -2.00000
102030056 0.84481 -0.07800 -2.00000
102030057 0.84481 -0.07400 -2.00000
102030058 0.84481 -0.07000 -2.00000
102030059 0.84481 -0.06600 -2.00000
102030060 0.84481 -0.06200 -2.00000
102030061 0.84481 -0.05800 -2.00000
102030062 0.84481 -0.05400 -2.00000
102030063 0.84481 -0.05000 -2.00000
102030064 0.84481 -0.04600 -2.00000
102030065 0.84481 -0.04200 -2.00000
102030066 0.84481 -0.03800 -2.00000
102030067 0.84481 -0.03400 -2.00000
102030068 0.84481 -0.03000 -2.00000
102030069 0.84481 -0.02600 -2.00000
102030070 0.84481 -0.02200 -2.00000
102030071 0.84481 -0.01800 -2.00000
102030072 0.84481 -0.01400 -2.00000
102030073 0.84481 -0.01000 -2.00000
102030074 0.84481 -0.00600 -2.00000
102030075 0.84481 -0.00200 -2.00000
102030076 0.84481 0.00200 -2.00000
102030077 0.84481 0.00600 -2.00000
102030078 0.84481 0.01000 -2.00000
102030079 0.84481 0.01400 -2.00000
102030080 0.84481 0.01800 -2.00000
102030081 0.84481 0.02200 -2.00000
102030082 0.84481 0.02600 -2.00000
102030083 0.84481 0.03000 -2.00000
102030084 0.84481 0.03400 -2.00000
102030085 0.84481 0.03800 -2.00000
102030086 0.84481 0.04200 -2.00000
102030087 0.84481 0.04600 -2.00000
102030088 0.84481 0.05000 -2.00000
102030089 0.84481 0.05400 -2.00000
102030090 0.84481 0.05800 -2.00000
102030091 0.84481 0.06200 -2.00000
102030092 0.84481 0.06600 -2.00000
102030093 0.84481 0.07000 -2.00000
102030094 0.84481 0.07400 -2.00000
102030095 0.84481 0.07800 -2.00000
102030096 0.84481 0.08200 -2.00000
102030097 0.84481 0.08600 -2.00000
102030098 0.84481 0.09000 -2.00000
102030099 0.84481 0.09400 -2.00000
102030100 0.84481 0.09800 -2.00000
102030101 0.84481 0.10200 -2.00000
102030102 0.84481 0.10600 -2.00000
102030103 0.84481 0.11000 -2.00000
102030104 0.84481 0.11400 -2.00000
102030105 0.84481 0.11800 -2.00000
102030106 0.84481 0.12200 -2.00000
102030107 0.84481 0.12600 -2.00000
102030108 0.84481 0.13000 -2.00000
102030109 0.84481 0.13400 -2.00000
102030110 0.84481 0.13800 -2.00000
102030111 0.84481 0.14200 -2.00000
102030112 0.84481 0.14600 -2.00000
102030113 0.84481 0.15000 -2.00000
102030114 0.84481 0.15400 -2.00000
102030115 0.84481 0.15800 -2.00000
102030116 0.84481 0.16200 -2.00000
102030117 0.84481 0.16600 -2.00000
102030118 0.84481 0.17000 -2.00000
102030119 0.84481 0.17400 -2.00000
102030120 0.84481 0.17800 -2.00000
102030121 0.84481 0.18200 -2.00000
102030122 0.84481 0.18600 -2.00000
102030123 0.84481 0.19000 -2.00000
102030124 0.84481 0.19400 -2.00000
102030125 0.84481 0.19800 -2.00000
102030126 0.84481 0.20200 -2.00000
102030127 0.84481 0.20600 -2.00000
102030128 0.84481 0.21000 -2.00000
102030129 0.84481 0.21400 -2.00000
102030130 0.84481 0.21800 -2.00000
102030131 0.84481 0.22200 -2.00000
102030132 0.84481 0.22600 -2.00000
102030133 0.84481 0.23000 -2.00000
102030134 0.84481 0.23400 -2.00000
102030135 0.84481 0.23800 -2.00000
102030136 0.84481 0.24200 -2.00000
102030137 0.84481 0.24600 -2.00000
102030138 0.84481 0.25000 -2.00000
102030139 0.84481 0.25400 -2.00000
102030140 0.84481 0.25800 -2.00000
102030141 0.84481 0.26200 -2.00000
102030142 0.84481 0.26600 -2.00000
102030143 0.84481 0.27000 -2.00000
102030144 0.84481 0.27400 -2.00000
102030145 0.84481 0.27800 -2.00000
102030146 0.84481 0.28200 -2.00000
102030147 0.84481 0.28600 -2.00000
102030148 0.84481 0.29000 -2.00000
102030149 0.84481 0.29400 -2.00000
102030150 0.84481 0.29800 -2.00000
102030151 0.85331 -0.29800 -2.00000
102030152 0.85331 -0.29400 -2.00000
102030153 0.85331 -0.29000 -2.00000
102030154 0.85331 -0.28600 -2.00000
102030155 0.85331 -0.28200 -2.00000
102030156 0.85331 -0.27800 -2.00000
102030157 0.85331 -0.27400 -2.00000
102030158 0.85331 -0.27000 -2.00000
102030159 0.85331 -0.26600 -2.00000
102030160 0.85331 -0.26200 -2.00000
102030161 0.85331 -0.25800 -2.00000
102030162 0.85331 -0.25400 -2.00000
102030163 0.85331 -0.25000 -2.00000
102030164 0.85331 -0.24600 -2.00000
102030165 0.85331 -0.24200 -2.00000
102030166 0.85331 -0.23800 -2.00000
102030167 0.85331 -0.23400 -2.00000
102030168 0.85331 -0.23000 -2.00000
102030169 0.85331 -0.22600 -2.00000
102030170 0.85331 -0.22200 -2.00000
102030171 0.85331 -0.21800 -2.00000
102030172 0.85331 -0.21400 -2.00000
102030173 0.85331 -0.21000 -2.00000
102030174 0.85331 -0.20600 -2.00000
102030175 0.85331 -0.20200 -2.00000
102030176 0.85331 -0.19800 -2.00000
102030177 0.85331 -0.19400 -2.00000
102030178 0.85331 -0.19000 -2.00000
102030179 0.85331 -0.18600 -2.00000
102030180 0.85331 -0.18200 -2.00000
102030181 0.85331 -0.17800 -2.00000
102030182 0.85331 -0.17400 -2.00000
102030183 0.85331 -0.17000 -2.00000
102030184 0.85331 -0.16600 -2.00000
102030185 0.85331 -0.16200 -2.00000
102030186 0.85331 -0.15800 -2.00000
102030187 0.85331 -0.15400 -2.00000
102030188 0.85331 -0.15000 -2.00000
102030189 0.85331 -0.14600 -2.00000
102030190 0.85331 -0.14200 -2.00000
102030191 0.85331 -0.13800 -2.00000
102030192 0.85331 -0.13400 -2.00000
102030193 0.85331 -0.13000 -2.00000
102030194 0.85331 -0.12600 -2.00000
102030195 0.85331 -0.12200 -2.00000
102030196 0.85331 -0.11800 -2.00000
102030197 0.85331 -0.11400 -2.00000
102030198 0.85331 -0.11000 -2.00000
102030199 0.85331 -0.10600 -2.00000
102030200 0.85331 -0.10200 -2.00000
102030201 0.85331 -0.09800 -2.00000
102030202 0.85331 -0.09400 -2.00000
102030203 0.85331 -0.09000 -2.00000
102030204 0.85331 -0.08600 -2.00000
102030205 0.85331 -0.08200 -2.00000
102030206 0.85331 -0.07800 -2.00000
102030207 0.85331 -0.07400 -2.00000
102030208 0.85331 -0.07000 -2.00000
102030209 0.85331 -0.06600 -2.00000
102030210 0.85331 -0.06200 -2.00000
102030211 0.85331 -0.05800 -2.00000
102030212 0.85331 -0.05400 -2.00000
102030213 0.85331 -0.05000 -2.00000
102030214 0.85331 -0.04600 -2.00000
102030215 0.85331 -0.04200 -2.00000
102030216 0.85331 -0.03800 -2.00000
102030217 0.85331 -0.03400 -2.00000
102030218 0.85331 -0.03000 -2.00000
102030219 0.85331 -0.02600 -2.00000
102030220 0.85331 -0.02200 -2.00000
102030221 0.85331 -0.01800 -2.00000
102030222 0.85331 -0.01400 -2.00000
102030223 0.85331 -0.01000 -2.00000
102030224 0.85331 -0.00600 -2.00000
102030225 0.85331 -0.00200 -2.00000
102030226 0.85331 0.00200 -2.00000
102030227 0.85331 0.00600 -2.00000
102030228 0.85331 0.01000 -2.00000
102030229 0.85331 0.01400 -2.00000
102030230 0.85331 0.01800 -2.00000
102030231 0.85331 0.02200 -2.00000
102030232 0.85331 0.02600 -2.00000
102030233 0.85331 0.03000 -2.00000
102030234 0.85331 0.03400 -2.00000
102030235 0.85331 0.03800 -2.00000
102030236 0.85331 0.04200 -2.00000
102030237 0.85331 0.04600 -2.00000
102030238 0.85331 0.05000 -2.00000
102030239 0.85331 0.05400 -2.00000
102030240 0.85331 0.05800 -2.00000
102030241 0.85331 0.06200 -2.00000
102030242 0.85331 0.06600 -2.00000
102030243 0.85331 0.07000 -2.00000
102030244 0.85331 0.07400 -2.00000
102030245 0.85331 0.07800 -2.00000
102030246 0.85331 0.08200 -2.00000
102030247 0.85331 0.08600 -2.00000
102030248 0.85331 0.09000 -2.00000
102030249 0.85331 0.09400 -2.00000
102030250 0.85331 0.09800 -2.00000
102030251 0.85331 0.10200 -2.00000
102030252 0.85331 0.10600 -2.00000
102030253 0.85331 0.11000 -2.00000
102030254 0.85331 0.11400 -2.00000
102030255 0.85331 0.11800 -2.00000
102030256 0.85331 0.12200 -2.00000
102030257 0.85331 0.12600 -2.00000
102030258 0.85331 0.13000 -2.00000
102030259 0.85331 0.13400 -2.00000
102030260 0.85331 0.13800 -2.00000
102030261 0.85331 0.14200 -2.00000
102030262 0.85331 0.14600 -2.00000
102030263 0.85331 0.15000 -2.00000
102030264 0.85331 0.15400 -2.00000
102030265 0.85331 0.15800 -2.00000
102030266 0.85331 0.16200 -2.00000
102030267 0.85331 0.16600 -2.00000
102030268 0.85331 0.17000 -2.00000
102030269 0.85331 0.17400 -2.00000
102030270 0.85331 0.17800 -2.00000
102030271 0.85331 0.18200 -2.00000
102030272 0.85331 0.18600 -2.00000
102030273 0.85331 0.19000 -2.00000
102030274 0.85331 0.19400 -2.00000
102030275 0.85331 0.19800 -2.00000
102030276 0.85331 0.20200 -2.00000
102030277 0.85331 0.20600 -2.00000
102030278 0.85331 0.21000 -2.00000
102030279 0.85331 0.21400 -2.00000
102030280 0.85331 0.21800 -2.00000
102030281 0.85331 0.22200 -2.00000
102030282 0.85331 0.22600 -2.00000
102030283 0.85331 0.23000 -2.00000
102030284 0.85331 0.23400 -2.00000
102030285 0.85331 0.23800 -2.00000
102030286 0.85331 0.24200 -2.00000
102030287 0.85331 0.24600 -2.00000
102030288 0.85331 0.25000 -2.00000
102030289 0.85331 0.25400 -2.00000
102030290 0.85331 0.25800 -2.00000
102030291 0.85331 0.26200 -2.00000
102030292 0.85331 0.26600 -2.00000
102030293 0.85331 0.27000 -2.00000
102030294 0.85331 0.27400 -2.00000
102030295 0.85331 0.27800 -2.00000
102030296 0.85331 0.28200 -2.00000
102030297 0.85331 0.28600 -2.00000
102030298 0.85331 0.29000 -2.00000
102030299 0.85331 0.29400 -2.00000
102030300 0.85331 0.29800 -2.00000
102030301 0.86181 -0.29800 -2.00000
102030302 0.86181 -0.29400 -2.00000
102030303 0.86181 -0.29000 -2.00000
102030304 0.86181 -0.28600 -2.00000
102030305 0.86181 -0.28200 -2.00000
102030306 0.86181 -0.27800 -2.00000
102030307 0.86181 -0.27400 -2.00000
102030308 0.86181 -0.27000 -2.00000
102030309 0.86181 -0.26600 -2.00000
102030310 0.86181 -0.26200 -2.00000
102030311 0.86181 -0.25800 -2.00000
102030312 0.86181 -0.25400 -2.00000
102030313 0.86181 -0.25000 -2.00000
102030314 0.86181 -0.24600 -2.00000
102030315 0.86181 -0.24200 -2.00000
102030316 0.86181 -0.23800 -2.00000
102030317 0.86181 -0.23400 -2.00000
102030318 0.86181 -0.23000 -2.00000
102030319 0.86181 -0.22600 -2.00000
102030320 0.86181 -0.22200 -2.00000
102030321 0.86181 -0.21800 -2.00000
102030322 0.86181 -0.21400 -2.00000
102030323 0.86181 -0.21000 -2.00000
102030324 0.86181 -0.20600 -2.00000
102030325 0.86181 -0.20200 -2.00000
102030326 0.86181 -0.19800 -2.00000
102030327 0.86181 -0.19400 -2.00000
102030328 0.86181 -0.19000 -2.00000
102030329 0.86181 -0.18600 -2.00000
102030330 0.86181 -0.18200 -2.00000
102030331 0.86181 -0.17800 -2.00000
102030332 0.86181 -0.17400 -2.00000
102030333 0.86181 -0.17000 -2.00000
102030334 0.86181 -0.16600 -2.00000
102030335 0.86181 -0.16200 -2.00000
102030336 0.86181 -0.15800 -2.00000
102030337 0.86181 -0.15400 -2.00000
102030338 0.86181 -0.15000 -2.00000
102030339 0.86181 -0.14600 -2.00000
102030340 0.86181 -0.14200 -2.00000
102030341 0.86181 -0.13800 -2.00000
102030342 0.86181 -0.13400 -2.00000
102030343 0.86181 -0.13000 -2.00000
102030344 0.86181 -0.12600 -2.00000
102030345 0.86181 -0.12200 -2.00000
102030346 0.86181 -0.11800 -2.00000
102030347 0.86181 -0.11400 -2.00000
102030348 0.86181 -0.11000 -2.00000
102030349 0.86181 -0.10600 -2.00000
102030350 0.86181 -0.10200 -2.00000
102030351 0.86181 -0.09800 -2.00000
102030352 0.86181 -0.09400 -2.00000
102030353 0.86181 -0.09000 -2.00000
102030354 0.86181 -0.08600 -2.00000
102030355 0.86181 -0.08200 -2.00000
102030356 0.86181 -0.07800 -2.00000
102030357 0.86181 -0.07400 -2.00000
102030358 0.86181 -0.07000 -2.00000
102030359 0.86181 -0.06600 -2.00000
102030360 0.86181 -0.06200 -2.00000
102030361 0.86181 -0.05800 -2.00000
102030362 0.86181 -0.05400 -2.00000
102030363 0.86181 -0.05000 -2.00000
102030364 0.86181 -0.04600 -2.00000
102030365 0.86181 -0.04200 -2.00000
102030366 0.86181 -0.03800 -2.00000
102030367 0.86181 -0.03400 -2.00000
102030368 0.86181 -0.03000 -2.00000
102030369 0.86181 -0.02600 -2.00000
102030370 0.86181 -0.02200 -2.00000
102030371 0.86181 -0.01800 -2.00000
102030372 0.86181 -0.01400 -2.00000
102030373 0.86181 -0.01000 -2.00000
102030374 0.86181 -0.00600 -2.00000
102030375 0.86181 -0.00200 -2.00000
102030376 0.86181 0.00200 -2.00000
102030377 0.86181 0.00600 -2.00000
102030378 0.86181 0.01000 -2.00000
102030379 0.86181 0.01400 -2.00000
102030380 0.86181 0.01800 -2.00000
102030381 0.86181 0.02200 -2.00000
102030382 0.86181 0.02600 -2.00000
102030383 0.86181 0.03000 -2.00000
102030384 0.86181 0.03400 -2.00000
102030385 0.86181 0.03800 -2.00000
102030386 0.86181 0.04200 -2.00000
102030387 0.86181 0.04600 -2.00000
102030388 0.86181 0.05000 -2.00000
102030389 0.86181 0.05400 -2.00000
102030390 0.86181 0.05800 -2.00000
102030391 0.86181 0.06200 -2.00000
102030392 0.86181 0.06600 -2.00000
102030393 0.86181 0.07000 -2.00000
102030394 0.86181 0.07400 -2.00000
102030395 0.86181 0.07800 -2.00000
102030396 0.86181 0.08200 -2.00000
102030397 0.86181 0.08600 -2.00000
102030398 0.86181 0.09000 -2.00000
102030399 0.86181 0.09400 -2.00000
102030400 0.86181 0.09800 -2.00000
102030401 0.86181 0.10200 -2.00000
102030402 0.86181 0.10600 -2.00000
102030403 0.86181 0.11000 -2.00000
102030404 0.86181 0.11400 -2.00000
102030405 0.86181 0.11800 -2.00000
102030406 0.86181 0.12200 -2.00000
102030407 0.86181 0.12600 -2.00000
102030408 0.86181 0.13000 -2.00000
102030409 0.86181 0.13400 -2.00000
102030410 0.86181 0.13800 -2.00000
102030411 0.86181 0.14200 -2.00000
102030412 0.86181 0.14600 -2.00000
102030413 0.86181 0.15000 -2.00000
102030414 0.86181 0.15400 -2.00000
102030415 0.86181 0.15800 -2.00000
102030416 0.86181 0.16200 -2.00000
102030417 0.86181 0.16600 -2.00000
102030418 0.86181 0.17000 -2.00000
102030419 0.86181 0.17400 -2.00000
102030420 0.86181 0.17800 -2.00000
102030421 0.86181 0.18200 -2.00000
102030422 0.86181 0.18600 -2.00000
102030423 0.86181 0.19000 -2.00000
102030424 0.86181 0.19400 -2.00000
102030425 0.86181 0.19800 -2.00000
102030426 0.86181 0.20200 -2.00000
102030427 0.86181 0.20600 -2.00000
102030428 0.86181 0.21000 -2.00000
102030429 0.86181 0.21400 -2.00000
102030430 0.86181 0.21800 -2.00000
102030431 0.86181 0.22200 -2.00000
102030432 0.86181 0.22600 -2.00000
102030433 0.86181 0.23000 -2.00000
102030434 0.86181 0.23400 -2.00000
102030435 0.86181 0.23800 -2.00000
102030436 0.86181 0.24200 -2.00000
102030437 0.86181 0.24600 -2.00000
102030438 0.86181 0.25000 -2.00000
102030439 0.86181 0.25400 -2.00000
102030440 0.86181 0.25800 -2.00000
102030441 0.86181 0.26200 -2.00000
102030442 0.86181 0.26600 -2.00000
102030443 0.86181 0.27000 -2.00000
102030444 0.86181 0.27400 -2.00000
102030445 0.86181 0.27800 -2.00000
102030446 0.86181 0.28200 -2.00000
102030447 0.86181 0.28600 -2.00000
102030448 0.86181 0.29000 -2.00000
102030449 0.86181 0.29400 -2.00000
102030450 0.86181 0.29800 -2.00000
102030451 0.87031 -0.29800 -2.00000
102030452 0.87031 -0.29400 -2.00000
102030453 0.87031 -0.29000 -2.00000
102030454 0.87031 -0.28600 -2.00000
102030455 0.87031 -0.28200 -2.00000
102030456 0.87031 -0.27800 -2.00000
102030457 0.87031 -0.27400 -2.00000
102030458 0.87031 -0.27000 -2.00000
102030459 0.87031 -0.26600 -2.00000
102030460 0.87031 -0.26200 -2.00000
102030461 0.87031 -0.25800 -2.00000
102030462 0.87031 -0.25400 -2.00000
102030463 0.87031 -0.25000 -2.00000
102030464 0.87031 -0.24600 -2.00000
102030465 0.87031 -0.24200 -2.00000
102030466 0.87031 -0.23800 -2.00000
102030467 0.87031 -0.23400 -2.00000
102030468 0.87031 -0.23000 -2.00000
102030469 0.87031 -0.22600 -2.00000
102030470 0.87031 -0.22200 -2.00000
102030471 0.87031 -0.21800 -2.00000
102030472 0.87031 -0.21400 -2.00000
102030473 0.87031 -0.21000 -2.00000
102030474 0.87031 -0.20600 -2.00000
102030475 0.87031 -0.20200 -2.00000
102030476 0.87031 -0.19800 -2.00000
102030477 0.87031 -0.19400 -2.00000
102030478 0.87031 -0.19000 -2.00000
102030479 0.87031 -0.18600 -2.00000
102030480 0.87031 -0.18200 -2.00000
102030481 0.87031 -0.17800 -2.00000
102030482 0.87031 -0.17400 -2.00000
102030483 0.87031 -0.17000 -2.00000
102030484 0.87031 -0.16600 -2.00000
102030485 0.87031 -0.16200 -2.00000
102030486 0.87031 -0.15800 -2.00000
102030487 0.87031 -0.15400 -2.00000
102030488 0.87031 -0.15000 -2.00000
102030489 0.87031 -0.14600 -2.00000
102030490 0.87031 -0.14200 -2.00000
102030491 0.87031 -0.13800 -2.00000
102030492 0.87031 -0.13400 -2.00000
102030493 0.87031 -0.13000 -2.00000
102030494 0.87031 -0.12600 -2.00000
102030495 0.87031 -0.12200 -2.00000
102030496 0.87031 -0.11800 -2.00000
102030497 0.87031 -0.11400 -2.00000
102030498 0.87031 -0.11000 -2.00000
102030499 0.87031 -0.10600 -2.00000
102030500 0.87031 -0.10200 -2.00000
102030501 0.87031 -0.09800 -2.00000
102030502 0.87031 -0.09400 -2.00000
102030503 0.87031 -0.09000 -2.00000
102030504 0.87031 -0.08600 -2.00000
102030505 0.87031 -0.08200 -2.00000
102030506 0.87031 -0.07800 -2.00000
102030507 0.87031 -0.07400 -2.00000
102030508 0.87031 -0.07000 -2.00000
102030509 0.87031 -0.06600 -2.00000
102030510 0.87031 -0.06200 -2.00000
102030511 0.87031 -0.05800 -2.00000
102030512 0.87031 -0.05400 -2.00000
102030513 0.87031 -0.05000 -2.00000
102030514 0.87031 -0.04600 -2.00000
102030515 0.87031 -0.04200 -2.00000
102030516 0.87031 -0.03800 -2.00000
102030517 0.87031 -0.03400 -2.00000
102030518 0.87031 -0.03000 -2.00000
102030519 0.87031 -0.02600 -2.00000
102030520 0.87031 -0.02200 -2.00000
102030521 0.87031 -0.01800 -2.00000
102030522 0.87031 -0.01400 -2.00000
102030523 0.87031 -0.01000 -2.00000
102030524 0.87031 -0.00600 -2.00000
102030525 0.87031 -0.00200 -2.00000
102030526 0.87031 0.00200 -2.00000
102030527 0.87031 0.00600 -2.00000
102030528 0.87031 0.01000 -2.00000
102030529 0.87031 0.01400 -2.00000
102030530 0.87031 0.01800 -2.00000
102030531 0.87031 0.02200 -2.00000
102030532 0.87031 0.02600 -2.00000
102030533 0.87031 0.03000 -2.00000
102030534 0.87031 0.03400 -2.00000
102030535 0.87031 0.03800 -2.00000
102030536 0.87031 0.04200 -2.00000
102030537 0.87031 0.04600 -2.00000
102030538 0.87031 0.05000 -2.00000
102030539 0.87031 0.05400 -2.00000
102030540 0.87031 0.05800 -2.00000
102030541 0.87031 0.06200 -2.00000
102030542 0.87031 0.06600 -2.00000
102030543 0.87031 0.07000 -2.00000
102030544 0.87031 0.07400 -2.00000
102030545 0.87031 0.07800 -2.00000
102030546 0.87031 0.08200 -2.00000
102030547 0.87031 0.08600 -2.00000
102030548 0.87031 0.09000 -2.00000
102030549 0.87031 0.09400 -2.00000
102030550 0.87031 0.09800 -2.00000
102030551 0.87031 0.10200 -2.00000
102030552 0.87031 0.10600 -2.00000
102030553 0.87031 0.11000 -2.00000
102030554 0.87031 0.11400 -2.00000
102030555 0.87031 0.11800 -2.00000
102030556 0.87031 0.12200 -2.00000
102030557 0.87031 0.12600 -2.00000
102030558 0.87031 0.13000 -2.00000
102030559 0.87031 0.13400 -2.00000
102030560 0.87031 0.13800 -2.00000
102030561 0.87031 0.14200 -2.00000
102030562 0.87031 0.14600 -2.00000
102030563 0.87031 0.15000 -2.00000
102030564 0.87031 0.15400 -2.00000
102030565 0.87031 0.15800 -2.00000
102030566 0.87031 0.16200 -2.00000
102030567 0.87031 0.16600 -2.00000
102030568 0.87031 0.17000 -2.00000
102030569 0.87031 0.17400 -2.00000
102030570 0.87031 0.17800 -2.00000
102030571 0.87031 0.18200 -2.00000
102030572 0.87031 0.18600 -2.00000
102030573 0.87031 0.19000 -2.00000
102030574 0.87031 0.19400 -2.00000
102030575 0.87031 0.19800 -2.00000
102030576 0.87031 0.20200 -2.00000
102030577 0.87031 0.20600 -2.00000
102030578 0.87031 0.21000 -2.00000
102030579 0.87031 0.21400 -2.00000
102030580 0.87031 0.21800 -2.00000
102030581 0.87031 0.22200 -2.00000
102030582 0.87031 0.22600 -2.00000
102030583 0.87031 0.23000 -2.00000
102030584 0.87031 0.23400 -2.00000
102030585 0.87031 0.23800 -2.00000
102030586 0.87031 0.24200 -2.00000
102030587 0.87031 0.24600 -2.00000
102030588 0.87031 0.25000 -2.00000
102030589 0.87031 0.25400 -2.00000
102030590 0.87031 0.25800 -2.00000
102030591 0.87031 0.26200 -2.00000
102030592 0.87031 0.26600 -2.00000
102030593 0.87031 0.27000 -2.00000
102030594 0.87031 0.27400 -2.00000
102030595 0.87031 0.27800 -2.00000
102030596 0.87031 0.28200 -2.00000
102030597 0.87031 0.28600 -2.00000
102030598 0.87031 0.29000 -2.00000
102030599 0.87031 0.29400 -2.00000
102030600 0.87031 0.29800 -2.00000
102030601 0.87881 -0.29800 -2.00000
102030602 0.87881 -0.29400 -2.00000
102030603 0.87881 -0.29000 -2.00000
102030604 0.87881 -0.28600 -2.00000
102030605 0.87881 -0.28200 -2.00000
102030606 0.87881 -0.27800 -2.00000
102030607 0.87881 -0.27400 -2.00000
102030608 0.87881 -0.27000 -2.00000
102030609 0.87881 -0.26600 -2.00000
102030610 0.87881 -0.26200 -2.00000
102030611 0.87881 -0.25800 -2.00000
102030612 0.87881 -0.25400 -2.00000
102030613 0.87881 -0.25000 -2.00000
102030614 0.87881 -0.24600 -2.00000
102030615 0.87881 -0.24200 -2.00000
102030616 0.87881 -0.23800 -2.00000
102030617 0.87881 -0.23400 -2.00000
102030618 0.87881 -0.23000 -2.00000
102030619 0.87881 -0.22600 -2.00000
102030620 0.87881 -0.22200 -2.00000
102030621 0.87881 -0.21800 -2.00000
102030622 0.87881 -0.21400 -2.00000
102030623 0.87881 -0.21000 -2.00000
102030624 0.87881 -0.20600 -2.00000
102030625 0.87881 -0.20200 -2.00000
102030626 0.87881 -0.19800 -2.00000
102030627 0.87881 -0.19400 -2.00000
102030628 0.87881 -0.19000 -2.00000
102030629 0.87881 -0.18600 -2.00000
102030630 0.87881 -0.18200 -2.00000
102030631 0.87881 -0.17800 -2.00000
102030632 0.87881 -0.17400 -2.00000
102030633 0.87881 -0.17000 -2.00000
102030634 0.87881 -0.16600 -2.00000
102030635 0.87881 -0.16200 -2.00000
102030636 0.87881 -0.15800 -2.00000
102030637 0.87881 -0.15400 -2.00000
102030638 0.87881 -0.15000 -2.00000
102030639 0.87881 -0.14600 -2.00000
102030640 0.87881 -0.14200 -2.00000
102030641 0.87881 -0.13800 -2.00000
102030642 0.87881 -0.13400 -2.00000
102030643 0.87881 -0.13000 -2.00000
102030644 0.87881 -0.12600 -2.00000
102030645 0.87881 -0.12200 -2.00000
102030646 0.87881 -0.11800 -2.00000
102030647 0.87881 -0.11400 -2.00000
102030648 0.87881 -0.11000 -2.00000
102030649 0.87881 -0.10600 -2.00000
102030650 0.87881 -0.10200 -2.00000
102030651 0.87881 -0.09800 -2.00000
102030652 0.87881 -0.09400 -2.00000
102030653 0.87881 -0.09000 -2.00000
102030654 0.87881 -0.08600 -2.00000
102030655 0.87881 -0.08200 -2.00000
102030656 0.87881 -0.07800 -2.00000
102030657 0.87881 -0.07400 -2.00000
102030658 0.87881 -0.07000 -2.00000
102030659 0.87881 -0.06600 -2.00000
102030660 0.87881 -0.06200 -2.00000
102030661 0.87881 -0.05800 -2.00000
102030662 0.87881 -0.05400 -2.00000
102030663 0.87881 -0.05000 -2.00000
102030664 0.87881 -0.04600 -2.00000
102030665 0.87881 -0.04200 -2.00000
102030666 0.87881 -0.03800 -2.00000
102030667 0.87881 -0.03400 -2.00000
102030668 0.87881 -0.03000 -2.00000
102030669 0.87881 -0.02600 -2.00000
102030670 0.87881 -0.02200 -2.00000
102030671 0.87881 -0.01800 -2.00000
102030672 0.87881 -0.01400 -2.00000
102030673 0.87881 -0.01000 -2.00000
102030674 0.87881 -0.00600 -2.00000
102030675 0.87881 -0.00200 -2.00000
102030676 0.87881 0.00200 -2.00000
102030677 0.87881 0.00600 -2.00000
102030678 0.87881 0.01000 -2.00000
102030679 0.87881 0.01400 -2.00000
102030680 0.87881 0.01800 -2.00000
102030681 0.87881 0.02200 -2.00000
102030682 0.87881 0.02600 -2.00000
102030683 0.87881 0.03000 -2.00000
102030684 0.87881 0.03400 -2.00000
102030685 0.87881 0.03800 -2.00000
102030686 0.87881 0.04200 -2.00000
102030687 0.87881 0.04600 -2.00000
102030688 0.87881 0.05000 -2.00000
102030689 0.87881 0.05400 -2.00000
102030690 0.87881 0.05800 -2.00000
102030691 0.87881 0.06200 -2.00000
102030692 0.87881 0.06600 -2.00000
102030693 0.87881 0.07000 -2.00000
102030694 0.87881 0.07400 -2.00000
102030695 0.87881 0.07800 -2.00000
102030696 0.87881 0.08200 -2.00000
102030697 0.87881 0.08600 -2.00000
102030698 0.87881 0.09000 -2.00000
102030699 0.87881 0.09400 -2.00000
102030700 0.87881 0.09800 -2.00000
102030701 0.87881 0.10200 -2.00000
102030702 0.87881 0.10600 -2.00000
102030703 0.87881 0.11000 -2.00000
102030704 0.87881 0.11400 -2.00000
102030705 0.87881 0.11800 -2.00000
102030706 0.87881 0.12200 -2.00000
102030707 0.87881 0.12600 -2.00000
102030708 0.87881 0.13000 -2.00000
102030709 0.87881 0.13400 -2.00000
102030710 0.87881 0.13800 -2.00000
102030711 0.87881 0.14200 -2.00000
102030712 0.87881 0.14600 -2.00000
102030713 0.87881 0.15000 -2.00000
102030714 0.87881 0.15400 -2.00000
102030715 0.87881 0.15800 -2.00000
102030716 0.87881 0.16200 -2.00000
102030717 0.87881 0.16600 -2.00000
102030718 0.87881 0.17000 -2.00000
102030719 0.87881 0.17400 -2.00000
102030720 0.87881 0.17800 -2.00000
102030721 0.87881 0.18200 -2.00000
102030722 0.87881 0.18600 -2.00000
102030723 0.87881 0.19000 -2.00000
102030724 0.87881 0.19400 -2.00000
102030725 0.87881 0.19800 -2.00000
102030726 0.87881 0.20200 -2.00000
102030727 0.87881 0.20600 -2.00000
102030728 0.87881 0.21000 -2.00000
102030729 0.87881 0.21400 -2.00000
102030730 0.87881 0.21800 -2.00000
102030731 0.87881 0.22200 -2.00000
102030732 0.87881 0.22600 -2.00000
102030733 0.87881 0.23000 -2.00000
102030734 0.87881 0.23400 -2.00000
102030735 0.87881 0.23800 -2.00000
102030736 0.87881 0.24200 -2.00000
102030737 0.87881 0.24600 -2.00000
102030738 0.87881 0.25000 -2.00000
102030739 0.87881 0.25400 -2.00000
102030740 0.87881 0.25800 -2.00000
102030741 0.87881 0.26200 -2.00000
102030742 0.87881 0.26600 -2.00000
102030743 0.87881 0.27000 -2.00000
102030744 0.87881 0.27400 -2.00000
102030745 0.87881 0.27800 -2.00000
102030746 0.87881 0.28200 -2.00000
102030747 0.87881 0.28600 -2.00000
102030748 0.87881 0.29000 -2.00000
102030749 0.87881 0.29400 -2.00000
102030750 0.87881 0.29800 -2.00000
102030751 0.88731 -0.29800 -2.00000
102030752 0.88731 -0.29400 -2.00000
102030753 0.88731 -0.29000 -2.00000
102030754 0.88731 -0.28600 -2.00000
102030755 0.88731 -0.28200 -2.00000
102030756 0.88731 -0.27800 -2.00000
102030757 0.88731 -0.27400 -2.00000
102030758 0.88731 -0.27000 -2.00000
102030759 0.88731 -0.26600 -2.00000
102030760 0.88731 -0.26200 -2.00000
102030761 0.88731 -0.25800 -2.00000
102030762 0.88731 -0.25400 -2.00000
102030763 0.88731 -0.25000 -2.00000
102030764 0.88731 -0.24600 -2.00000
102030765 0.88731 -0.24200 -2.00000
102030766 0.88731 -0.23800 -2.00000
102030767 0.88731 -0.23400 -2.00000
102030768 0.88731 -0.23000 -2.00000
102030769 0.88731 -0.22600 -2.00000
102030770 0.88731 -0.22200 -2.00000
102030771 0.88731 -0.21800 -2.00000
102030772 0.88731 -0.21400 -2.00000
102030773 0.88731 -0.21000 -2.00000
102030774 0.88731 -0.20600 -2.00000
102030775 0.88731 -0.20200 -2.00000
102030776 0.88731 -0.19800 -2.00000
102030777 0.88731 -0.19400 -2.00000
102030778 0.88731 -0.19000 -2.00000
102030779 0.88731 -0.18600 -2.00000
102030780 0.88731 -0.18200 -2.00000
102030781 0.88731 -0.17800 -2.00000
102030782 0.88731 -0.17400 -2.00000
102030783 0.88731 -0.17000 -2.00000
102030784 0.88731 -0.16600 -2.00000
102030785 0.88731 -0.16200 -2.00000
102030786 0.88731 -0.15800 -2.00000
102030787 0.88731 -0.15400 -2.00000
102030788 0.88731 -0.15000 -2.00000
102030789 0.88731 -0.14600 -2.00000
102030790 0.88731 -0.14200 -2.00000
102030791 0.88731 -0.13800 -2.00000
102030792 0.88731 -0.13400 -2.00000
102030793 0.88731 -0.13000 -2.00000
102030794 0.88731 -0.12600 -2.00000
102030795 0.88731 -0.12200 -2.00000
102030796 0.88731 -0.11800 -2.00000
102030797 0.88731 -0.11400 -2.00000
102030798 0.88731 -0.11000 -2.00000
102030799 0.88731 -0.10600 -2.00000
102030800 0.88731 -0.10200 -2.00000
102030801 0.88731 -0.09800 -2.00000
102030802 0.88731 -0.09400 -2.00000
102030803 0.88731 -0.09000 -2.00000
102030804 0.88731 -0.08600 -2.00000
102030805 0.88731 -0.08200 -2.00000
102030806 0.88731 -0.07800 -2.00000
102030807 0.88731 -0.07400 -2.00000
102030808 0.88731 -0.07000 -2.00000
102030809 0.88731 -0.06600 -2.00000
102030810 0.88731 -0.06200 -2.00000
102030811 0.88731 -0.05800 -2.00000
102030812 0.88731 -0.05400 -2.00000
102030813 0.88731 -0.05000 -2.00000
102030814 0.88731 -0.04600 -2.00000
102030815 0.88731 -0.04200 -2.00000
102030816 0.88731 -0.03800 -2.00000
102030817 0.88731 -0.03400 -2.00000
102030818 0.88731 -0.03000 -2.00000
102030819 0.88731 -0.02600 -2.00000
102030820 0.88731 -0.02200 -2.00000
102030821 0.88731 -0.01800 -2.00000
102030822 0.88731 -0.01400 -2.00000
102030823 0.88731 -0.01000 -2.00000
102030824 0.88731 -0.00600 -2.00000
102030825 0.88731 -0.00200 -2.00000
102030826 0.88731 0.00200 -2.00000
102030827 0.88731 0.00600 -2.00000
102030828 0.88731 0.01000 -2.00000
102030829 0.88731 0.01400 -2.00000
102030830 0.88731 0.01800 -2.00000
102030831 0.88731 0.02200 -2.00000
102030832 0.88731 0.02600 -2.00000
102030833 0.88731 0.03000 -2.00000
102030834 0.88731 0.03400 -2.00000
102030835 0.88731 0.03800 -2.00000
102030836 0.88731 0.04200 -2.00000
102030837 0.88731 0.04600 -2.00000
102030838 0.88731 0.05000 -2.00000
102030839 0.88731 0.05400 -2.00000
102030840 0.88731 0.05800 -2.00000
102030841 0.88731 0.06200 -2.00000
102030842 0.88731 0.06600 -2.00000
102030843 0.88731 0.07000 -2.00000
102030844 0.88731 0.07400 -2.00000
102030845 0.88731 0.07800 -2.00000
102030846 0.88731 0.08200 -2.00000
102030847 0.88731 0.08600 -2.00000
102030848 0.88731 0.09000 -2.00000
102030849 0.88731 0.09400 -2.00000
102030850 0.88731 0.09800 -2.00000
102030851 0.88731 0.10200 -2.00000
102030852 0.88731 0.10600 -2.00000
102030853 0.88731 0.11000 -2.00000
102030854 0.88731 0.11400 -2.00000
102030855 0.88731 0.11800 -2.00000
102030856 0.88731 0.12200 -2.00000
102030857 0.88731 0.12600 -2.00000
102030858 0.88731 0.13000 -2.00000
102030859 0.88731 0.13400 -2.00000
102030860 0.88731 0.13800 -2.00000
102030861 0.88731 0.14200 -2.00000
102030862 0.88731 0.14600 -2.00000
102030863 0.88731 0.15000 -2.00000
102030864 0.88731 0.15400 -2.00000
102030865 0.88731 0.15800 -2.00000
102030866 0.88731 0.16200 -2.00000
102030867 0.88731 0.16600 -2.00000
102030868 0.88731 0.17000 -2.00000
102030869 0.88731 0.17400 -2.00000
102030870 0.88731 0.17800 -2.00000
102030871 0.88731 0.18200 -2.00000
102030872 0.88731 0.18600 -2.00000
102030873 0.88731 0.19000 -2.00000
102030874 0.88731 0.19400 -2.00000
102030875 0.88731 0.19800 -2.00000
102030876 0.88731 0.20200 -2.00000
102030877 0.88731 0.20600 -2.00000
102030878 0.88731 0.21000 -2.00000
102030879 0.88731 0.21400 -2.00000
102030880 0.88731 0.21800 -2.00000
102030881 0.88731 0.22200 -2.00000
102030882 0.88731 0.22600 -2.00000
102030883 0.88731 0.23000 -2.00000
102030884 0.88731 0.23400 -2.00000
102030885 0.88731 0.23800 -2.00000
102030886 0.88731 0.24200 -2.00000
102030887 0.88731 0.24600 -2.00000
102030888 0.88731 0.25000 -2.00000
102030889 0.88731 0.25400 -2.00000
102030890 0.88731 0.25800 -2.00000
102030891 0.88731 0.26200 -2.00000
102030892 0.88731 0.26600 -2.00000
102030893 0.88731 0.27000 -2.00000
102030894 0.88731 0.27400 -2.00000
102030895 0.88731 0.27800 -2.00000
102030896 0.88731 0.28200 -2.00000
102030897 0.88731 0.28600 -2.00000
102030898 0.88731 0.29000 -2.00000
102030899 0.88731 0.29400 -2.00000
102030900 0.88731 0.29800 -2.00000
102030901 0.89581 -0.29800 -2.00000
102030902 0.89581 -0.29400 -2.00000
102030903 0.89581 -0.29000 -2.00000
102030904 0.89581 -0.28600 -2.00000
102030905 0.89581 -0.28200 -2.00000
102030906 0.89581 -0.27800 -2.00000
102030907 0.89581 -0.27400 -2.00000
102030908 0.89581 -0.27000 -2.00000
102030909 0.89581 -0.26600 -2.00000
102030910 0.89581 -0.26200 -2.00000
102030911 0.89581 -0.25800 -2.00000
102030912 0.89581 -0.25400 -2.00000
102030913 0.89581 -0.25000 -2.00000
102030914 0.89581 -0.24600 -2.00000
102030915 0.89581 -0.24200 -2.00000
102030916 0.89581 -0.23800 -2.00000
102030917 0.89581 -0.23400 -2.00000
102030918 0.89581 -0.23000 -2.00000
102030919 0.89581 -0.22600 -2.00000
102030920 0.89581 -0.22200 -2.00000
102030921 0.89581 -0.21800 -2.00000
102030922 0.89581 -0.21400 -2.00000
102030923 0.89581 -0.21000 -2.00000
102030924 0.89581 -0.20600 -2.00000
102030925 0.89581 -0.20200 -2.00000
102030926 0.89581 -0.19800 -2.00000
102030927 0.89581 -0.19400 -2.00000
102030928 0.89581 -0.19000 -2.00000
102030929 0.89581 -0.18600 -2.00000
102030930 0.89581 -0.18200 -2.00000
102030931 0.89581 -0.17800 -2.00000
102030932 0.89581 -0.17400 -2.00000
102030933 0.89581 -0.17000 -2.00000
102030934 0.89581 -0.16600 -2.00000
102030935 0.89581 -0.16200 -2.00000
102030936 0.89581 -0.15800 -2.00000
102030937 0.89581 -0.15400 -2.00000
102030938 0.89581 -0.15000 -2.00000
102030939 0.89581 -0.14600 -2.00000
102030940 0.89581 -0.14200 -2.00000
102030941 0.89581 -0.13800 -2.00000
102030942 0.89581 -0.13400 -2.00000
102030943 0.89581 -0.13000 -2.00000
102030944 0.89581 -0.12600 -2.00000
102030945 0.89581 -0.12200 -2.00000
102030946 0.89581 -0.11800 -2.00000
102030947 0.89581 -0.11400 -2.00000
102030948 0.89581 -0.11000 -2.00000
102030949 0.89581 -0.10600 -2.00000
102030950 0.89581 -0.10200 -2.00000
102030951 0.89581 -0.09800 -2.00000
102030952 0.89581 -0.09400 -2.00000
102030953 0.89581 -0.09000 -2.00000
102030954 0.89581 -0.08600 -2.00000
102030955 0.89581 -0.08200 -2.00000
102030956 0.89581 -0.07800 -2.00000
102030957 0.89581 -0.07400 -2.00000
102030958 0.89581 -0.07000 -2.00000
102030959 0.89581 -0.06600 -2.00000
102030960 0.89581 -0.06200 -2.00000
102030961 0.89581 -0.05800 -2.00000
102030962 0.89581 -0.05400 -2.00000
102030963 0.89581 -0.05000 -2.00000
102030964 0.89581 -0.04600 -2.00000
102030965 0.89581 -0.04200 -2.00000
102030966 0.89581 -0.03800 -2.00000
102030967 0.89581 -0.03400 -2.00000
102030968 0.89581 -0.03000 -2.00000
102030969 0.89581 -0.02600 -2.00000
102030970 0.89581 -0.02200 -2.00000
102030971 0.89581 -0.01800 -2.00000
102030972 0.89581 -0.01400 -2.00000
102030973 0.89581 -0.01000 -2.00000
102030974 0.89581 -0.00600 -2.00000
102030975 0.89581 -0.00200 -2.00000
102030976 0.89581 0.00200 -2.00000
102030977 0.89581 0.00600 -2.00000
102030978 0.89581 0.01000 -2.00000
102030979 0.89581 0.01400 -2.00000
102030980 0.89581 0.01800 -2.00000
102030981 0.89581 0.02200 -2.00000
102030982 0.89581 0.02600 -2.00000
102030983 0.89581 0.03000 -2.00000
102030984 0.89581 0.03400 -2.00000
102030985 0.89581 0.03800 -2.00000
102030986 0.89581 0.04200 -2.00000
102030987 0.89581 0.04600 -2.00000
102030988 0.89581 0.05000 -2.00000
102030989 0.89581 0.05400 -2.00000
102030990 0.89581 0.05800 -2.00000
102030991 0.89581 0.06200 -2.00000
102030992 0.89581 0.06600 -2.00000
102030993 0.89581 0.07000 -2.00000
102030994 0.89581 0.07400 -2.00000
102030995 0.89581 0.07800 -2.00000
102030996 0.89581 0.08200 -2.00000
102030997 0.89581 0.08600 -2.00000
102030998 0.89581 0.09000 -2.00000
102030999 0.89581 0.09400 -2.00000
102031000 0.89581 0.09800 -2.00000
102031001 0.89581 0.10200 -2.00000
102031002 0.89581 0.10600 -2.00000
102031003 0.89581 0.11000 -2.00000
102031004 0.89581 0.11400 -2.00000
102031005 0.89581 0.11800 -2.00000
102031006 0.89581 0.12200 -2.00000
102031007 0.89581 0.12600 -2.00000
102031008 0.89581 0.13000 -2.00000
102031009 0.89581 0.13400 -2.00000
102031010 0.89581 0.13800 -2.00000
102031011 0.89581 0.14200 -2.00000
102031012 0.89581 0.14600 -2.00000
102031013 0.89581 0.15000 -2.00000
102031014 0.89581 0.15400 -2.00000
102031015 0.89581 0.15800 -2.00000
102031016 0.89581 0.16200 -2.00000
102031017 0.89581 0.16600 -2.00000
102031018 0.89581 0.17000 -2.00000
102031019 0.89581 0.17400 -2.00000
102031020 0.89581 0.17800 -2.00000
102031021 0.89581 0.18200 -2.00000
102031022 0.89581 0.18600 -2.00000
102031023 0.89581 0.19000 -2.00000
102031024 0.89581 0.19400 -2.00000
102031025 0.89581 0.19800 -2.00000
102031026 0.89581 0.20200 -2.00000
102031027 0.89581 0.20600 -2.00000
102031028 0.89581 0.21000 -2.00000
102031029 0.89581 0.21400 -2.00000
102031030 0.89581 0.21800 -2.00000
102031031 0.89581 0.22200 -2.00000
102031032 0.89581 0.22600 -2.00000
102031033 0.89581 0.23000 -2.00000
102031034 0.89581 0.23400 -2.00000
102031035 0.89581 0.23800 -2.00000
102031036 0.89581 0.24200 -2.00000
102031037 0.89581 0.24600 -2.00000
102031038 0.89581 0.25000 -2.00000
102031039 0.89581 0.25400 -2.00000
102031040 0.89581 0.25800 -2.00000
102031041 0.89581 0.26200 -2.00000
102031042 0.89581 0.26600 -2.00000
102031043 0.89581 0.27000 -2.00000
102031044 0.89581 0.27400 -2.00000
102031045 0.89581 0.27800 -2.00000
102031046 0.89581 0.28200 -2.00000
102031047 0.89581 0.28600 -2.00000
102031048 0.89581 0.29000 -2.00000
102031049 0.89581 0.29400 -2.00000
102031050 0.89581 0.29800 -2.00000
102031051 0.90431 -0.29800 -2.00000
102031052 0.90431 -0.29400 -2.00000
102031053 0.90431 -0.29000 -2.00000
102031054 0.90431 -0.28600 -2.00000
102031055 0.90431 -0.28200 -2.00000
102031056 0.90431 -0.27800 -2.00000
102031057 0.90431 -0.27400 -2.00000
102031058 0.90431 -0.27000 -2.00000
102031059 0.90431 -0.26600 -2.00000
102031060 0.90431 -0.26200 -2.00000
102031061 0.90431 -0.25800 -2.00000
102031062 0.90431 -0.25400 -2.00000
102031063 0.90431 -0.25000 -2.00000
102031064 0.90431 -0.24600 -2.00000
102031065 0.90431 -0.24200 -2.00000
102031066 0.90431 -0.23800 -2.00000
102031067 0.90431 -0.23400 -2.00000
102031068 0.90431 -0.23000 -2.00000
102031069 0.90431 -0.22600 -2.00000
102031070 0.90431 -0.22200 -2.00000
102031071 0.90431 -0.21800 -2.00000
102031072 0.90431 -0.21400 -2.00000
102031073 0.90431 -0.21000 -2.00000
102031074 0.90431 -0.20600 -2.00000
102031075 0.90431 -0.20200 -2.00000
102031076 0.90431 -0.19800 -2.00000
102031077 0.90431 -0.19400 -2.00000
102031078 0.90431 -0.19000 -2.00000
102031079 0.90431 -0.18600 -2.00000
102031080 0.90431 -0.18200 -2.00000
102031081 0.90431 -0.17800 -2.00000
102031082 0.90431 -0.17400 -2.00000
102031083 0.90431 -0.17000 -2.00000
102031084 0.90431 -0.16600 -2.00000
102031085 0.90431 -0.16200 -2.00000
102031086 0.90431 -0.15800 -2.00000
102031087 0.90431 -0.15400 -2.00000
102031088 0.90431 -0.15000 -2.00000
102031089 0.90431 -0.14600 -2.00000
102031090 0.90431 -0.14200 -2.00000
102031091 0.90431 -0.13800 -2.00000
102031092 0.90431 -0.13400 -2.00000
102031093 0.90431 -0.13000 -2.00000
102031094 0.90431 -0.12600 -2.00000
102031095 0.90431 -0.12200 -2.00000
102031096 0.90431 -0.11800 -2.00000
102031097 0.90431 -0.11400 -2.00000
102031098 0.90431 -0.11000 -2.00000
102031099 0.90431 -0.10600 -2.00000
102031100 0.90431 -0.10200 -2.00000
102031101 0.90431 -0.09800 -2.00000
102031102 0.90431 -0.09400 -2.00000
102031103 0.90431 -0.09000 -2.00000
102031104 0.90431 -0.08600 -2.00000
102031105 0.90431 -0.08200 -2.00000
102031106 0.90431 -0.07800 -2.00000
102031107 0.90431 -0.07400 -2.00000
102031108 0.90431 -0.07000 -2.00000
102031109 0.90431 -0.06600 -2.00000
102031110 0.90431 -0.06200 -2.00000
102031111 0.90431 -0.05800 -2.00000
102031112 0.90431 -0.05400 -2.00000
102031113 0.90431 -0.05000 -2.00000
102031114 0.90431 -0.04600 -2.00000
102031115 0.90431 -0.04200 -2.00000
102031116 0.90431 -0.03800 -2.00000
102031117 0.90431 -0.03400 -2.00000
102031118 0.90431 -0.03000 -2.00000
102031119 0.90431 -0.02600 -2.00000
102031120 0.90431 -0.02200 -2.00000
102031121 0.90431 -0.01800 -2.00000
102031122 0.90431 -0.01400 -2.00000
102031123 0.90431 -0.01000 -2.00000
102031124 0.90431 -0.00600 -2.00000
102031125 0.90431 -0.00200 -2.00000
102031126 0.90431 0.00200 -2.00000
102031127 0.90431 0.00600 -2.00000
102031128 0.90431 0.01000 -2.00000
102031129 0.90431 0.01400 -2.00000
102031130 0.90431 0.01800 -2.00000
102031131 0.90431 0.02200 -2.00000
102031132 0.90431 0.02600 -2.00000
102031133 0.90431 0.03000 -2.00000
102031134 0.90431 0.03400 -2.00000
102031135 0.90431 0.03800 -2.00000
102031136 0.90431 0.04200 -2.00000
102031137 0.90431 0.04600 -2.00000
102031138 0.90431 0.05000 -2.00000
102031139 0.90431 0.05400 -2.00000
102031140 0.90431 0.05800 -2.00000
102031141 0.90431 0.06200 -2.00000
102031142 0.90431 0.06600 -2.00000
102031143 0.90431 0.07000 -2.00000
102031144 0.90431 0.07400 -2.00000
102031145 0.90431 0.07800 -2.00000
102031146 0.90431 0.08200 -2.00000
102031147 0.90431 0.08600 -2.00000
102031148 0.90431 0.09000 -2.00000
102031149 0.90431 0.09400 -2.00000
102031150 0.90431 0.09800 -2.00000
102031151 0.90431 0.10200 -2.00000
102031152 0.90431 0.10600 -2.00000
102031153 0.90431 0.11000 -2.00000
102031154 0.90431 0.11400 -2.00000
102031155 0.90431 0.11800 -2.00000
102031156 0.90431 0.12200 -2.00000
102031157 0.90431 0.12600 -2.00000
102031158 0.90431 0.13000 -2.00000
102031159 0.90431 0.13400 -2.00000
102031160 0.90431 0.13800 -2.00000
102031161 0.90431 0.14200 -2.00000
102031162 0.90431 0.14600 -2.00000
102031163 0.90431 0.15000 -2.00000
102031164 0.90431 0.15400 -2.00000
102031165 0.90431 0.15800 -2.00000
102031166 0.90431 0.16200 -2.00000
102031167 0.90431 0.16600 -2.00000
102031168 0.90431 0.17000 -2.00000
102031169 0.90431 0.17400 -2.00000
102031170 0.90431 0.17800 -2.00000
102031171 0.90431 0.18200 -2.00000
102031172 0.90431 0.18600 -2.00000
102031173 0.90431 0.19000 -2.00000
102031174 0.90431 0.19400 -2.00000
102031175 0.90431 0.19800 -2.00000
102031176 0.90431 0.20200 -2.00000
102031177 0.90431 0.20600 -2.00000
102031178 0.90431 0.21000 -2.00000
102031179 0.90431 0.21400 -2.00000
102031180 0.90431 0.21800 -2.00000
102031181 0.90431 0.22200 -2.00000
102031182 0.90431 0.22600 -2.00000
102031183 0.90431 0.23000 -2.00000
102031184 0.90431 0.23400 -2.00000
102031185 0.90431 0.23800 -2.00000
102031186 0.90431 0.24200 -2.00000
102031187 0.90431 0.24600 -2.00000
102031188 0.90431 0.25000 -2.00000
102031189 0.90431 0.25400 -2.00000
102031190 0.90431 0.25800 -2.00000
102031191 0.90431 0.26200 -2.00000
102031192 0.90431 0.26600 -2.00000
102031193 0.90431 0.27000 -2.00000
102031194 0.90431 0.27400 -2.00000
102031195 0.90431 0.27800 -2.00000
102031196 0.90431 0.28200 -2.00000
102031197 0.90431 0.28600 -2.00000
102031198 0.90431 0.29000 -2.00000
102031199 0.90431 0.29400 -2.00000
102031200 0.90431 0.29800 -2.00000
