# pixelID  x  y  z
110020001 -0.14625 -0.61725 1.74185
110020002 -0.14874 -0.61725 1.73872
110020003 -0.15124 -0.61725 1.73559
110020004 -0.15373 -0.61725 1.73247
110020005 -0.15622 -0.61725 1.72934
110020006 -0.15872 -0.61725 1.72621
110020007 -0.16121 -0.61725 1.72308
110020008 -0.16370 -0.61725 1.71995
110020009 -0.16619 -0.61725 1.71683
110020010 -0.16869 -0.61725 1.71370
110020011 -0.17118 -0.61725 1.71057
110020012 -0.17367 -0.61725 1.70744
110020013 -0.17617 -0.61725 1.70431
110020014 -0.17866 -0.61725 1.70119
110020015 -0.18115 -0.61725 1.69806
110020016 -0.18365 -0.61725 1.69493
110020017 -0.18614 -0.61725 1.69180
110020018 -0.18863 -0.61725 1.68867
110020019 -0.19113 -0.61725 1.68555
110020020 -0.19362 -0.61725 1.68242
110020021 -0.19611 -0.61725 1.67929
110020022 -0.19860 -0.61725 1.67616
110020023 -0.20110 -0.61725 1.67303
110020024 -0.20359 -0.61725 1.66991
110020025 -0.20608 -0.61725 1.66678
110020026 -0.20858 -0.61725 1.66365
110020027 -0.21107 -0.61725 1.66052
110020028 -0.21356 -0.61725 1.65739
110020029 -0.21606 -0.61725 1.65426
110020030 -0.21855 -0.61725 1.65114
110020031 -0.22104 -0.61725 1.64801
110020032 -0.22353 -0.61725 1.64488
110020033 -0.22603 -0.61725 1.64175
110020034 -0.22852 -0.61725 1.63862
110020035 -0.23101 -0.61725 1.63550
110020036 -0.23351 -0.61725 1.63237
110020037 -0.23600 -0.61725 1.62924
110020038 -0.23849 -0.61725 1.62611
110020039 -0.24099 -0.61725 1.62298
110020040 -0.24348 -0.61725 1.61986
110020041 -0.24597 -0.61725 1.61673
110020042 -0.24847 -0.61725 1.61360
110020043 -0.25096 -0.61725 1.61047
110020044 -0.25345 -0.61725 1.60734
110020045 -0.25594 -0.61725 1.60422
110020046 -0.25844 -0.61725 1.60109
110020047 -0.26093 -0.61725 1.59796
110020048 -0.26342 -0.61725 1.59483
110020049 -0.26592 -0.61725 1.59170
110020050 -0.26841 -0.61725 1.58858
110020051 -0.27090 -0.61725 1.58545
110020052 -0.27340 -0.61725 1.58232
110020053 -0.27589 -0.61725 1.57919
110020054 -0.27838 -0.61725 1.57606
110020055 -0.28088 -0.61725 1.57294
110020056 -0.28337 -0.61725 1.56981
110020057 -0.28586 -0.61725 1.56668
110020058 -0.28835 -0.61725 1.56355
110020059 -0.29085 -0.61725 1.56042
110020060 -0.29334 -0.61725 1.55730
110020061 -0.29583 -0.61725 1.55417
110020062 -0.29833 -0.61725 1.55104
110020063 -0.30082 -0.61725 1.54791
110020064 -0.30331 -0.61725 1.54478
110020065 -0.30581 -0.61725 1.54166
110020066 -0.30830 -0.61725 1.53853
110020067 -0.31079 -0.61725 1.53540
110020068 -0.31329 -0.61725 1.53227
110020069 -0.31578 -0.61725 1.52914
110020070 -0.31827 -0.61725 1.52602
110020071 -0.32076 -0.61725 1.52289
110020072 -0.32326 -0.61725 1.51976
110020073 -0.32575 -0.61725 1.51663
110020074 -0.32824 -0.61725 1.51350
110020075 -0.33074 -0.61725 1.51037
110020076 -0.33323 -0.61725 1.50725
110020077 -0.33572 -0.61725 1.50412
110020078 -0.33822 -0.61725 1.50099
110020079 -0.34071 -0.61725 1.49786
110020080 -0.34320 -0.61725 1.49473
110020081 -0.34569 -0.61725 1.49161
110020082 -0.34819 -0.61725 1.48848
110020083 -0.35068 -0.61725 1.48535
110020084 -0.35317 -0.61725 1.48222
110020085 -0.35567 -0.61725 1.47909
110020086 -0.35816 -0.61725 1.47597
110020087 -0.36065 -0.61725 1.47284
110020088 -0.36315 -0.61725 1.46971
110020089 -0.36564 -0.61725 1.46658
110020090 -0.36813 -0.61725 1.46345
110020091 -0.37063 -0.61725 1.46033
110020092 -0.37312 -0.61725 1.45720
110020093 -0.37561 -0.61725 1.45407
110020094 -0.37810 -0.61725 1.45094
110020095 -0.38060 -0.61725 1.44781
110020096 -0.38309 -0.61725 1.44469
110020097 -0.38558 -0.61725 1.44156
110020098 -0.38808 -0.61725 1.43843
110020099 -0.39057 -0.61725 1.43530
110020100 -0.39306 -0.61725 1.43217
110020101 -0.39556 -0.61725 1.42905
110020102 -0.39805 -0.61725 1.42592
110020103 -0.40054 -0.61725 1.42279
110020104 -0.40304 -0.61725 1.41966
110020105 -0.40553 -0.61725 1.41653
110020106 -0.40802 -0.61725 1.41341
110020107 -0.41051 -0.61725 1.41028
110020108 -0.41301 -0.61725 1.40715
110020109 -0.41550 -0.61725 1.40402
110020110 -0.41799 -0.61725 1.40089
110020111 -0.42049 -0.61725 1.39777
110020112 -0.42298 -0.61725 1.39464
110020113 -0.42547 -0.61725 1.39151
110020114 -0.42797 -0.61725 1.38838
110020115 -0.43046 -0.61725 1.38525
110020116 -0.43295 -0.61725 1.38213
110020117 -0.43545 -0.61725 1.37900
110020118 -0.43794 -0.61725 1.37587
110020119 -0.44043 -0.61725 1.37274
110020120 -0.44292 -0.61725 1.36961
110020121 -0.44542 -0.61725 1.36649
110020122 -0.44791 -0.61725 1.36336
110020123 -0.45040 -0.61725 1.36023
110020124 -0.45290 -0.61725 1.35710
110020125 -0.45539 -0.61725 1.35397
110020126 -0.45788 -0.61725 1.35084
110020127 -0.46038 -0.61725 1.34772
110020128 -0.46287 -0.61725 1.34459
110020129 -0.46536 -0.61725 1.34146
110020130 -0.46786 -0.61725 1.33833
110020131 -0.47035 -0.61725 1.33520
110020132 -0.47284 -0.61725 1.33208
110020133 -0.47533 -0.61725 1.32895
110020134 -0.47783 -0.61725 1.32582
110020135 -0.48032 -0.61725 1.32269
110020136 -0.48281 -0.61725 1.31956
110020137 -0.48531 -0.61725 1.31644
110020138 -0.48780 -0.61725 1.31331
110020139 -0.49029 -0.61725 1.31018
110020140 -0.49279 -0.61725 1.30705
110020141 -0.49528 -0.61725 1.30392
110020142 -0.49777 -0.61725 1.30080
110020143 -0.50026 -0.61725 1.29767
110020144 -0.50276 -0.61725 1.29454
110020145 -0.50525 -0.61725 1.29141
110020146 -0.50774 -0.61725 1.28828
110020147 -0.51024 -0.61725 1.28516
110020148 -0.51273 -0.61725 1.28203
110020149 -0.51522 -0.61725 1.27890
110020150 -0.51772 -0.61725 1.27577
110020151 -0.14625 -0.60375 1.74185
110020152 -0.14874 -0.60375 1.73872
110020153 -0.15124 -0.60375 1.73559
110020154 -0.15373 -0.60375 1.73247
110020155 -0.15622 -0.60375 1.72934
110020156 -0.15872 -0.60375 1.72621
110020157 -0.16121 -0.60375 1.72308
110020158 -0.16370 -0.60375 1.71995
110020159 -0.16619 -0.60375 1.71683
110020160 -0.16869 -0.60375 1.71370
110020161 -0.17118 -0.60375 1.71057
110020162 -0.17367 -0.60375 1.70744
110020163 -0.17617 -0.60375 1.70431
110020164 -0.17866 -0.60375 1.70119
110020165 -0.18115 -0.60375 1.69806
110020166 -0.18365 -0.60375 1.69493
110020167 -0.18614 -0.60375 1.69180
110020168 -0.18863 -0.60375 1.68867
110020169 -0.19113 -0.60375 1.68555
110020170 -0.19362 -0.60375 1.68242
110020171 -0.19611 -0.60375 1.67929
110020172 -0.19860 -0.60375 1.67616
110020173 -0.20110 -0.60375 1.67303
110020174 -0.20359 -0.60375 1.66991
110020175 -0.20608 -0.60375 1.66678
110020176 -0.20858 -0.60375 1.66365
110020177 -0.21107 -0.60375 1.66052
110020178 -0.21356 -0.60375 1.65739
110020179 -0.21606 -0.60375 1.65426
110020180 -0.21855 -0.60375 1.65114
110020181 -0.22104 -0.60375 1.64801
110020182 -0.22353 -0.60375 1.64488
110020183 -0.22603 -0.60375 1.64175
110020184 -0.22852 -0.60375 1.63862
110020185 -0.23101 -0.60375 1.63550
110020186 -0.23351 -0.60375 1.63237
110020187 -0.23600 -0.60375 1.62924
110020188 -0.23849 -0.60375 1.62611
110020189 -0.24099 -0.60375 1.62298
110020190 -0.24348 -0.60375 1.61986
110020191 -0.24597 -0.60375 1.61673
110020192 -0.24847 -0.60375 1.61360
110020193 -0.25096 -0.60375 1.61047
110020194 -0.25345 -0.60375 1.60734
110020195 -0.25594 -0.60375 1.60422
110020196 -0.25844 -0.60375 1.60109
110020197 -0.26093 -0.60375 1.59796
110020198 -0.26342 -0.60375 1.59483
110020199 -0.26592 -0.60375 1.59170
110020200 -0.26841 -0.60375 1.58858
110020201 -0.27090 -0.60375 1.58545
110020202 -0.27340 -0.60375 1.58232
110020203 -0.27589 -0.60375 1.57919
110020204 -0.27838 -0.60375 1.57606
110020205 -0.28088 -0.60375 1.57294
110020206 -0.28337 -0.60375 1.56981
110020207 -0.28586 -0.60375 1.56668
110020208 -0.28835 -0.60375 1.56355
110020209 -0.29085 -0.60375 1.56042
110020210 -0.29334 -0.60375 1.55730
110020211 -0.29583 -0.60375 1.55417
110020212 -0.29833 -0.60375 1.55104
110020213 -0.30082 -0.60375 1.54791
110020214 -0.30331 -0.60375 1.54478
110020215 -0.30581 -0.60375 1.54166
110020216 -0.30830 -0.60375 1.53853
110020217 -0.31079 -0.60375 1.53540
110020218 -0.31329 -0.60375 1.53227
110020219 -0.31578 -0.60375 1.52914
110020220 -0.31827 -0.60375 1.52602
110020221 -0.32076 -0.60375 1.52289
110020222 -0.32326 -0.60375 1.51976
110020223 -0.32575 -0.60375 1.51663
110020224 -0.32824 -0.60375 1.51350
110020225 -0.33074 -0.60375 1.51037
110020226 -0.33323 -0.60375 1.50725
110020227 -0.33572 -0.60375 1.50412
110020228 -0.33822 -0.60375 1.50099
110020229 -0.34071 -0.60375 1.49786
110020230 -0.34320 -0.60375 1.49473
110020231 -0.34569 -0.60375 1.49161
110020232 -0.34819 -0.60375 1.48848
110020233 -0.35068 -0.60375 1.48535
110020234 -0.35317 -0.60375 1.48222
110020235 -0.35567 -0.60375 1.47909
110020236 -0.35816 -0.60375 1.47597
110020237 -0.36065 -0.60375 1.47284
110020238 -0.36315 -0.60375 1.46971
110020239 -0.36564 -0.60375 1.46658
110020240 -0.36813 -0.60375 1.46345
110020241 -0.37063 -0.60375 1.46033
110020242 -0.37312 -0.60375 1.45720
110020243 -0.37561 -0.60375 1.45407
110020244 -0.37810 -0.60375 1.45094
110020245 -0.38060 -0.60375 1.44781
110020246 -0.38309 -0.60375 1.44469
110020247 -0.38558 -0.60375 1.44156
110020248 -0.38808 -0.60375 1.43843
110020249 -0.39057 -0.60375 1.43530
110020250 -0.39306 -0.60375 1.43217
110020251 -0.39556 -0.60375 1.42905
110020252 -0.39805 -0.60375 1.42592
110020253 -0.40054 -0.60375 1.42279
110020254 -0.40304 -0.60375 1.41966
110020255 -0.40553 -0.60375 1.41653
110020256 -0.40802 -0.60375 1.41341
110020257 -0.41051 -0.60375 1.41028
110020258 -0.41301 -0.60375 1.40715
110020259 -0.41550 -0.60375 1.40402
110020260 -0.41799 -0.60375 1.40089
110020261 -0.42049 -0.60375 1.39777
110020262 -0.42298 -0.60375 1.39464
110020263 -0.42547 -0.60375 1.39151
110020264 -0.42797 -0.60375 1.38838
110020265 -0.43046 -0.60375 1.38525
110020266 -0.43295 -0.60375 1.38213
110020267 -0.43545 -0.60375 1.37900
110020268 -0.43794 -0.60375 1.37587
110020269 -0.44043 -0.60375 1.37274
110020270 -0.44292 -0.60375 1.36961
110020271 -0.44542 -0.60375 1.36649
110020272 -0.44791 -0.60375 1.36336
110020273 -0.45040 -0.60375 1.36023
110020274 -0.45290 -0.60375 1.35710
110020275 -0.45539 -0.60375 1.35397
110020276 -0.45788 -0.60375 1.35084
110020277 -0.46038 -0.60375 1.34772
110020278 -0.46287 -0.60375 1.34459
110020279 -0.46536 -0.60375 1.34146
110020280 -0.46786 -0.60375 1.33833
110020281 -0.47035 -0.60375 1.33520
110020282 -0.47284 -0.60375 1.33208
110020283 -0.47533 -0.60375 1.32895
110020284 -0.47783 -0.60375 1.32582
110020285 -0.48032 -0.60375 1.32269
110020286 -0.48281 -0.60375 1.31956
110020287 -0.48531 -0.60375 1.31644
110020288 -0.48780 -0.60375 1.31331
110020289 -0.49029 -0.60375 1.31018
110020290 -0.49279 -0.60375 1.30705
110020291 -0.49528 -0.60375 1.30392
110020292 -0.49777 -0.60375 1.30080
110020293 -0.50026 -0.60375 1.29767
110020294 -0.50276 -0.60375 1.29454
110020295 -0.50525 -0.60375 1.29141
110020296 -0.50774 -0.60375 1.28828
110020297 -0.51024 -0.60375 1.28516
110020298 -0.51273 -0.60375 1.28203
110020299 -0.51522 -0.60375 1.27890
110020300 -0.51772 -0.60375 1.27577
110020301 -0.14625 -0.59025 1.74185
110020302 -0.14874 -0.59025 1.73872
110020303 -0.15124 -0.59025 1.73559
110020304 -0.15373 -0.59025 1.73247
110020305 -0.15622 -0.59025 1.72934
110020306 -0.15872 -0.59025 1.72621
110020307 -0.16121 -0.59025 1.72308
110020308 -0.16370 -0.59025 1.71995
110020309 -0.16619 -0.59025 1.71683
110020310 -0.16869 -0.59025 1.71370
110020311 -0.17118 -0.59025 1.71057
110020312 -0.17367 -0.59025 1.70744
110020313 -0.17617 -0.59025 1.70431
110020314 -0.17866 -0.59025 1.70119
110020315 -0.18115 -0.59025 1.69806
110020316 -0.18365 -0.59025 1.69493
110020317 -0.18614 -0.59025 1.69180
110020318 -0.18863 -0.59025 1.68867
110020319 -0.19113 -0.59025 1.68555
110020320 -0.19362 -0.59025 1.68242
110020321 -0.19611 -0.59025 1.67929
110020322 -0.19860 -0.59025 1.67616
110020323 -0.20110 -0.59025 1.67303
110020324 -0.20359 -0.59025 1.66991
110020325 -0.20608 -0.59025 1.66678
110020326 -0.20858 -0.59025 1.66365
110020327 -0.21107 -0.59025 1.66052
110020328 -0.21356 -0.59025 1.65739
110020329 -0.21606 -0.59025 1.65426
110020330 -0.21855 -0.59025 1.65114
110020331 -0.22104 -0.59025 1.64801
110020332 -0.22353 -0.59025 1.64488
110020333 -0.22603 -0.59025 1.64175
110020334 -0.22852 -0.59025 1.63862
110020335 -0.23101 -0.59025 1.63550
110020336 -0.23351 -0.59025 1.63237
110020337 -0.23600 -0.59025 1.62924
110020338 -0.23849 -0.59025 1.62611
110020339 -0.24099 -0.59025 1.62298
110020340 -0.24348 -0.59025 1.61986
110020341 -0.24597 -0.59025 1.61673
110020342 -0.24847 -0.59025 1.61360
110020343 -0.25096 -0.59025 1.61047
110020344 -0.25345 -0.59025 1.60734
110020345 -0.25594 -0.59025 1.60422
110020346 -0.25844 -0.59025 1.60109
110020347 -0.26093 -0.59025 1.59796
110020348 -0.26342 -0.59025 1.59483
110020349 -0.26592 -0.59025 1.59170
110020350 -0.26841 -0.59025 1.58858
110020351 -0.27090 -0.59025 1.58545
110020352 -0.27340 -0.59025 1.58232
110020353 -0.27589 -0.59025 1.57919
110020354 -0.27838 -0.59025 1.57606
110020355 -0.28088 -0.59025 1.57294
110020356 -0.28337 -0.59025 1.56981
110020357 -0.28586 -0.59025 1.56668
110020358 -0.28835 -0.59025 1.56355
110020359 -0.29085 -0.59025 1.56042
110020360 -0.29334 -0.59025 1.55730
110020361 -0.29583 -0.59025 1.55417
110020362 -0.29833 -0.59025 1.55104
110020363 -0.30082 -0.59025 1.54791
110020364 -0.30331 -0.59025 1.54478
110020365 -0.30581 -0.59025 1.54166
110020366 -0.30830 -0.59025 1.53853
110020367 -0.31079 -0.59025 1.53540
110020368 -0.31329 -0.59025 1.53227
110020369 -0.31578 -0.59025 1.52914
110020370 -0.31827 -0.59025 1.52602
110020371 -0.32076 -0.59025 1.52289
110020372 -0.32326 -0.59025 1.51976
110020373 -0.32575 -0.59025 1.51663
110020374 -0.32824 -0.59025 1.51350
110020375 -0.33074 -0.59025 1.51037
110020376 -0.33323 -0.59025 1.50725
110020377 -0.33572 -0.59025 1.50412
110020378 -0.33822 -0.59025 1.50099
110020379 -0.34071 -0.59025 1.49786
110020380 -0.34320 -0.59025 1.49473
110020381 -0.34569 -0.59025 1.49161
110020382 -0.34819 -0.59025 1.48848
110020383 -0.35068 -0.59025 1.48535
110020384 -0.35317 -0.59025 1.48222
110020385 -0.35567 -0.59025 1.47909
110020386 -0.35816 -0.59025 1.47597
110020387 -0.36065 -0.59025 1.47284
110020388 -0.36315 -0.59025 1.46971
110020389 -0.36564 -0.59025 1.46658
110020390 -0.36813 -0.59025 1.46345
110020391 -0.37063 -0.59025 1.46033
110020392 -0.37312 -0.59025 1.45720
110020393 -0.37561 -0.59025 1.45407
110020394 -0.37810 -0.59025 1.45094
110020395 -0.38060 -0.59025 1.44781
110020396 -0.38309 -0.59025 1.44469
110020397 -0.38558 -0.59025 1.44156
110020398 -0.38808 -0.59025 1.43843
110020399 -0.39057 -0.59025 1.43530
110020400 -0.39306 -0.59025 1.43217
110020401 -0.39556 -0.59025 1.42905
110020402 -0.39805 -0.59025 1.42592
110020403 -0.40054 -0.59025 1.42279
110020404 -0.40304 -0.59025 1.41966
110020405 -0.40553 -0.59025 1.41653
110020406 -0.40802 -0.59025 1.41341
110020407 -0.41051 -0.59025 1.41028
110020408 -0.41301 -0.59025 1.40715
110020409 -0.41550 -0.59025 1.40402
110020410 -0.41799 -0.59025 1.40089
110020411 -0.42049 -0.59025 1.39777
110020412 -0.42298 -0.59025 1.39464
110020413 -0.42547 -0.59025 1.39151
110020414 -0.42797 -0.59025 1.38838
110020415 -0.43046 -0.59025 1.38525
110020416 -0.43295 -0.59025 1.38213
110020417 -0.43545 -0.59025 1.37900
110020418 -0.43794 -0.59025 1.37587
110020419 -0.44043 -0.59025 1.37274
110020420 -0.44292 -0.59025 1.36961
110020421 -0.44542 -0.59025 1.36649
110020422 -0.44791 -0.59025 1.36336
110020423 -0.45040 -0.59025 1.36023
110020424 -0.45290 -0.59025 1.35710
110020425 -0.45539 -0.59025 1.35397
110020426 -0.45788 -0.59025 1.35084
110020427 -0.46038 -0.59025 1.34772
110020428 -0.46287 -0.59025 1.34459
110020429 -0.46536 -0.59025 1.34146
110020430 -0.46786 -0.59025 1.33833
110020431 -0.47035 -0.59025 1.33520
110020432 -0.47284 -0.59025 1.33208
110020433 -0.47533 -0.59025 1.32895
110020434 -0.47783 -0.59025 1.32582
110020435 -0.48032 -0.59025 1.32269
110020436 -0.48281 -0.59025 1.31956
110020437 -0.48531 -0.59025 1.31644
110020438 -0.48780 -0.59025 1.31331
110020439 -0.49029 -0.59025 1.31018
110020440 -0.49279 -0.59025 1.30705
110020441 -0.49528 -0.59025 1.30392
110020442 -0.49777 -0.59025 1.30080
110020443 -0.50026 -0.59025 1.29767
110020444 -0.50276 -0.59025 1.29454
110020445 -0.50525 -0.59025 1.29141
110020446 -0.50774 -0.59025 1.28828
110020447 -0.51024 -0.59025 1.28516
110020448 -0.51273 -0.59025 1.28203
110020449 -0.51522 -0.59025 1.27890
110020450 -0.51772 -0.59025 1.27577
110020451 -0.14625 -0.57675 1.74185
110020452 -0.14874 -0.57675 1.73872
110020453 -0.15124 -0.57675 1.73559
110020454 -0.15373 -0.57675 1.73247
110020455 -0.15622 -0.57675 1.72934
110020456 -0.15872 -0.57675 1.72621
110020457 -0.16121 -0.57675 1.72308
110020458 -0.16370 -0.57675 1.71995
110020459 -0.16619 -0.57675 1.71683
110020460 -0.16869 -0.57675 1.71370
110020461 -0.17118 -0.57675 1.71057
110020462 -0.17367 -0.57675 1.70744
110020463 -0.17617 -0.57675 1.70431
110020464 -0.17866 -0.57675 1.70119
110020465 -0.18115 -0.57675 1.69806
110020466 -0.18365 -0.57675 1.69493
110020467 -0.18614 -0.57675 1.69180
110020468 -0.18863 -0.57675 1.68867
110020469 -0.19113 -0.57675 1.68555
110020470 -0.19362 -0.57675 1.68242
110020471 -0.19611 -0.57675 1.67929
110020472 -0.19860 -0.57675 1.67616
110020473 -0.20110 -0.57675 1.67303
110020474 -0.20359 -0.57675 1.66991
110020475 -0.20608 -0.57675 1.66678
110020476 -0.20858 -0.57675 1.66365
110020477 -0.21107 -0.57675 1.66052
110020478 -0.21356 -0.57675 1.65739
110020479 -0.21606 -0.57675 1.65426
110020480 -0.21855 -0.57675 1.65114
110020481 -0.22104 -0.57675 1.64801
110020482 -0.22353 -0.57675 1.64488
110020483 -0.22603 -0.57675 1.64175
110020484 -0.22852 -0.57675 1.63862
110020485 -0.23101 -0.57675 1.63550
110020486 -0.23351 -0.57675 1.63237
110020487 -0.23600 -0.57675 1.62924
110020488 -0.23849 -0.57675 1.62611
110020489 -0.24099 -0.57675 1.62298
110020490 -0.24348 -0.57675 1.61986
110020491 -0.24597 -0.57675 1.61673
110020492 -0.24847 -0.57675 1.61360
110020493 -0.25096 -0.57675 1.61047
110020494 -0.25345 -0.57675 1.60734
110020495 -0.25594 -0.57675 1.60422
110020496 -0.25844 -0.57675 1.60109
110020497 -0.26093 -0.57675 1.59796
110020498 -0.26342 -0.57675 1.59483
110020499 -0.26592 -0.57675 1.59170
110020500 -0.26841 -0.57675 1.58858
110020501 -0.27090 -0.57675 1.58545
110020502 -0.27340 -0.57675 1.58232
110020503 -0.27589 -0.57675 1.57919
110020504 -0.27838 -0.57675 1.57606
110020505 -0.28088 -0.57675 1.57294
110020506 -0.28337 -0.57675 1.56981
110020507 -0.28586 -0.57675 1.56668
110020508 -0.28835 -0.57675 1.56355
110020509 -0.29085 -0.57675 1.56042
110020510 -0.29334 -0.57675 1.55730
110020511 -0.29583 -0.57675 1.55417
110020512 -0.29833 -0.57675 1.55104
110020513 -0.30082 -0.57675 1.54791
110020514 -0.30331 -0.57675 1.54478
110020515 -0.30581 -0.57675 1.54166
110020516 -0.30830 -0.57675 1.53853
110020517 -0.31079 -0.57675 1.53540
110020518 -0.31329 -0.57675 1.53227
110020519 -0.31578 -0.57675 1.52914
110020520 -0.31827 -0.57675 1.52602
110020521 -0.32076 -0.57675 1.52289
110020522 -0.32326 -0.57675 1.51976
110020523 -0.32575 -0.57675 1.51663
110020524 -0.32824 -0.57675 1.51350
110020525 -0.33074 -0.57675 1.51037
110020526 -0.33323 -0.57675 1.50725
110020527 -0.33572 -0.57675 1.50412
110020528 -0.33822 -0.57675 1.50099
110020529 -0.34071 -0.57675 1.49786
110020530 -0.34320 -0.57675 1.49473
110020531 -0.34569 -0.57675 1.49161
110020532 -0.34819 -0.57675 1.48848
110020533 -0.35068 -0.57675 1.48535
110020534 -0.35317 -0.57675 1.48222
110020535 -0.35567 -0.57675 1.47909
110020536 -0.35816 -0.57675 1.47597
110020537 -0.36065 -0.57675 1.47284
110020538 -0.36315 -0.57675 1.46971
110020539 -0.36564 -0.57675 1.46658
110020540 -0.36813 -0.57675 1.46345
110020541 -0.37063 -0.57675 1.46033
110020542 -0.37312 -0.57675 1.45720
110020543 -0.37561 -0.57675 1.45407
110020544 -0.37810 -0.57675 1.45094
110020545 -0.38060 -0.57675 1.44781
110020546 -0.38309 -0.57675 1.44469
110020547 -0.38558 -0.57675 1.44156
110020548 -0.38808 -0.57675 1.43843
110020549 -0.39057 -0.57675 1.43530
110020550 -0.39306 -0.57675 1.43217
110020551 -0.39556 -0.57675 1.42905
110020552 -0.39805 -0.57675 1.42592
110020553 -0.40054 -0.57675 1.42279
110020554 -0.40304 -0.57675 1.41966
110020555 -0.40553 -0.57675 1.41653
110020556 -0.40802 -0.57675 1.41341
110020557 -0.41051 -0.57675 1.41028
110020558 -0.41301 -0.57675 1.40715
110020559 -0.41550 -0.57675 1.40402
110020560 -0.41799 -0.57675 1.40089
110020561 -0.42049 -0.57675 1.39777
110020562 -0.42298 -0.57675 1.39464
110020563 -0.42547 -0.57675 1.39151
110020564 -0.42797 -0.57675 1.38838
110020565 -0.43046 -0.57675 1.38525
110020566 -0.43295 -0.57675 1.38213
110020567 -0.43545 -0.57675 1.37900
110020568 -0.43794 -0.57675 1.37587
110020569 -0.44043 -0.57675 1.37274
110020570 -0.44292 -0.57675 1.36961
110020571 -0.44542 -0.57675 1.36649
110020572 -0.44791 -0.57675 1.36336
110020573 -0.45040 -0.57675 1.36023
110020574 -0.45290 -0.57675 1.35710
110020575 -0.45539 -0.57675 1.35397
110020576 -0.45788 -0.57675 1.35084
110020577 -0.46038 -0.57675 1.34772
110020578 -0.46287 -0.57675 1.34459
110020579 -0.46536 -0.57675 1.34146
110020580 -0.46786 -0.57675 1.33833
110020581 -0.47035 -0.57675 1.33520
110020582 -0.47284 -0.57675 1.33208
110020583 -0.47533 -0.57675 1.32895
110020584 -0.47783 -0.57675 1.32582
110020585 -0.48032 -0.57675 1.32269
110020586 -0.48281 -0.57675 1.31956
110020587 -0.48531 -0.57675 1.31644
110020588 -0.48780 -0.57675 1.31331
110020589 -0.49029 -0.57675 1.31018
110020590 -0.49279 -0.57675 1.30705
110020591 -0.49528 -0.57675 1.30392
110020592 -0.49777 -0.57675 1.30080
110020593 -0.50026 -0.57675 1.29767
110020594 -0.50276 -0.57675 1.29454
110020595 -0.50525 -0.57675 1.29141
110020596 -0.50774 -0.57675 1.28828
110020597 -0.51024 -0.57675 1.28516
110020598 -0.51273 -0.57675 1.28203
110020599 -0.51522 -0.57675 1.27890
110020600 -0.51772 -0.57675 1.27577
110020601 -0.14625 -0.56325 1.74185
110020602 -0.14874 -0.56325 1.73872
110020603 -0.15124 -0.56325 1.73559
110020604 -0.15373 -0.56325 1.73247
110020605 -0.15622 -0.56325 1.72934
110020606 -0.15872 -0.56325 1.72621
110020607 -0.16121 -0.56325 1.72308
110020608 -0.16370 -0.56325 1.71995
110020609 -0.16619 -0.56325 1.71683
110020610 -0.16869 -0.56325 1.71370
110020611 -0.17118 -0.56325 1.71057
110020612 -0.17367 -0.56325 1.70744
110020613 -0.17617 -0.56325 1.70431
110020614 -0.17866 -0.56325 1.70119
110020615 -0.18115 -0.56325 1.69806
110020616 -0.18365 -0.56325 1.69493
110020617 -0.18614 -0.56325 1.69180
110020618 -0.18863 -0.56325 1.68867
110020619 -0.19113 -0.56325 1.68555
110020620 -0.19362 -0.56325 1.68242
110020621 -0.19611 -0.56325 1.67929
110020622 -0.19860 -0.56325 1.67616
110020623 -0.20110 -0.56325 1.67303
110020624 -0.20359 -0.56325 1.66991
110020625 -0.20608 -0.56325 1.66678
110020626 -0.20858 -0.56325 1.66365
110020627 -0.21107 -0.56325 1.66052
110020628 -0.21356 -0.56325 1.65739
110020629 -0.21606 -0.56325 1.65426
110020630 -0.21855 -0.56325 1.65114
110020631 -0.22104 -0.56325 1.64801
110020632 -0.22353 -0.56325 1.64488
110020633 -0.22603 -0.56325 1.64175
110020634 -0.22852 -0.56325 1.63862
110020635 -0.23101 -0.56325 1.63550
110020636 -0.23351 -0.56325 1.63237
110020637 -0.23600 -0.56325 1.62924
110020638 -0.23849 -0.56325 1.62611
110020639 -0.24099 -0.56325 1.62298
110020640 -0.24348 -0.56325 1.61986
110020641 -0.24597 -0.56325 1.61673
110020642 -0.24847 -0.56325 1.61360
110020643 -0.25096 -0.56325 1.61047
110020644 -0.25345 -0.56325 1.60734
110020645 -0.25594 -0.56325 1.60422
110020646 -0.25844 -0.56325 1.60109
110020647 -0.26093 -0.56325 1.59796
110020648 -0.26342 -0.56325 1.59483
110020649 -0.26592 -0.56325 1.59170
110020650 -0.26841 -0.56325 1.58858
110020651 -0.27090 -0.56325 1.58545
110020652 -0.27340 -0.56325 1.58232
110020653 -0.27589 -0.56325 1.57919
110020654 -0.27838 -0.56325 1.57606
110020655 -0.28088 -0.56325 1.57294
110020656 -0.28337 -0.56325 1.56981
110020657 -0.28586 -0.56325 1.56668
110020658 -0.28835 -0.56325 1.56355
110020659 -0.29085 -0.56325 1.56042
110020660 -0.29334 -0.56325 1.55730
110020661 -0.29583 -0.56325 1.55417
110020662 -0.29833 -0.56325 1.55104
110020663 -0.30082 -0.56325 1.54791
110020664 -0.30331 -0.56325 1.54478
110020665 -0.30581 -0.56325 1.54166
110020666 -0.30830 -0.56325 1.53853
110020667 -0.31079 -0.56325 1.53540
110020668 -0.31329 -0.56325 1.53227
110020669 -0.31578 -0.56325 1.52914
110020670 -0.31827 -0.56325 1.52602
110020671 -0.32076 -0.56325 1.52289
110020672 -0.32326 -0.56325 1.51976
110020673 -0.32575 -0.56325 1.51663
110020674 -0.32824 -0.56325 1.51350
110020675 -0.33074 -0.56325 1.51037
110020676 -0.33323 -0.56325 1.50725
110020677 -0.33572 -0.56325 1.50412
110020678 -0.33822 -0.56325 1.50099
110020679 -0.34071 -0.56325 1.49786
110020680 -0.34320 -0.56325 1.49473
110020681 -0.34569 -0.56325 1.49161
110020682 -0.34819 -0.56325 1.48848
110020683 -0.35068 -0.56325 1.48535
110020684 -0.35317 -0.56325 1.48222
110020685 -0.35567 -0.56325 1.47909
110020686 -0.35816 -0.56325 1.47597
110020687 -0.36065 -0.56325 1.47284
110020688 -0.36315 -0.56325 1.46971
110020689 -0.36564 -0.56325 1.46658
110020690 -0.36813 -0.56325 1.46345
110020691 -0.37063 -0.56325 1.46033
110020692 -0.37312 -0.56325 1.45720
110020693 -0.37561 -0.56325 1.45407
110020694 -0.37810 -0.56325 1.45094
110020695 -0.38060 -0.56325 1.44781
110020696 -0.38309 -0.56325 1.44469
110020697 -0.38558 -0.56325 1.44156
110020698 -0.38808 -0.56325 1.43843
110020699 -0.39057 -0.56325 1.43530
110020700 -0.39306 -0.56325 1.43217
110020701 -0.39556 -0.56325 1.42905
110020702 -0.39805 -0.56325 1.42592
110020703 -0.40054 -0.56325 1.42279
110020704 -0.40304 -0.56325 1.41966
110020705 -0.40553 -0.56325 1.41653
110020706 -0.40802 -0.56325 1.41341
110020707 -0.41051 -0.56325 1.41028
110020708 -0.41301 -0.56325 1.40715
110020709 -0.41550 -0.56325 1.40402
110020710 -0.41799 -0.56325 1.40089
110020711 -0.42049 -0.56325 1.39777
110020712 -0.42298 -0.56325 1.39464
110020713 -0.42547 -0.56325 1.39151
110020714 -0.42797 -0.56325 1.38838
110020715 -0.43046 -0.56325 1.38525
110020716 -0.43295 -0.56325 1.38213
110020717 -0.43545 -0.56325 1.37900
110020718 -0.43794 -0.56325 1.37587
110020719 -0.44043 -0.56325 1.37274
110020720 -0.44292 -0.56325 1.36961
110020721 -0.44542 -0.56325 1.36649
110020722 -0.44791 -0.56325 1.36336
110020723 -0.45040 -0.56325 1.36023
110020724 -0.45290 -0.56325 1.35710
110020725 -0.45539 -0.56325 1.35397
110020726 -0.45788 -0.56325 1.35084
110020727 -0.46038 -0.56325 1.34772
110020728 -0.46287 -0.56325 1.34459
110020729 -0.46536 -0.56325 1.34146
110020730 -0.46786 -0.56325 1.33833
110020731 -0.47035 -0.56325 1.33520
110020732 -0.47284 -0.56325 1.33208
110020733 -0.47533 -0.56325 1.32895
110020734 -0.47783 -0.56325 1.32582
110020735 -0.48032 -0.56325 1.32269
110020736 -0.48281 -0.56325 1.31956
110020737 -0.48531 -0.56325 1.31644
110020738 -0.48780 -0.56325 1.31331
110020739 -0.49029 -0.56325 1.31018
110020740 -0.49279 -0.56325 1.30705
110020741 -0.49528 -0.56325 1.30392
110020742 -0.49777 -0.56325 1.30080
110020743 -0.50026 -0.56325 1.29767
110020744 -0.50276 -0.56325 1.29454
110020745 -0.50525 -0.56325 1.29141
110020746 -0.50774 -0.56325 1.28828
110020747 -0.51024 -0.56325 1.28516
110020748 -0.51273 -0.56325 1.28203
110020749 -0.51522 -0.56325 1.27890
110020750 -0.51772 -0.56325 1.27577
110020751 -0.14625 -0.54975 1.74185
110020752 -0.14874 -0.54975 1.73872
110020753 -0.15124 -0.54975 1.73559
110020754 -0.15373 -0.54975 1.73247
110020755 -0.15622 -0.54975 1.72934
110020756 -0.15872 -0.54975 1.72621
110020757 -0.16121 -0.54975 1.72308
110020758 -0.16370 -0.54975 1.71995
110020759 -0.16619 -0.54975 1.71683
110020760 -0.16869 -0.54975 1.71370
110020761 -0.17118 -0.54975 1.71057
110020762 -0.17367 -0.54975 1.70744
110020763 -0.17617 -0.54975 1.70431
110020764 -0.17866 -0.54975 1.70119
110020765 -0.18115 -0.54975 1.69806
110020766 -0.18365 -0.54975 1.69493
110020767 -0.18614 -0.54975 1.69180
110020768 -0.18863 -0.54975 1.68867
110020769 -0.19113 -0.54975 1.68555
110020770 -0.19362 -0.54975 1.68242
110020771 -0.19611 -0.54975 1.67929
110020772 -0.19860 -0.54975 1.67616
110020773 -0.20110 -0.54975 1.67303
110020774 -0.20359 -0.54975 1.66991
110020775 -0.20608 -0.54975 1.66678
110020776 -0.20858 -0.54975 1.66365
110020777 -0.21107 -0.54975 1.66052
110020778 -0.21356 -0.54975 1.65739
110020779 -0.21606 -0.54975 1.65426
110020780 -0.21855 -0.54975 1.65114
110020781 -0.22104 -0.54975 1.64801
110020782 -0.22353 -0.54975 1.64488
110020783 -0.22603 -0.54975 1.64175
110020784 -0.22852 -0.54975 1.63862
110020785 -0.23101 -0.54975 1.63550
110020786 -0.23351 -0.54975 1.63237
110020787 -0.23600 -0.54975 1.62924
110020788 -0.23849 -0.54975 1.62611
110020789 -0.24099 -0.54975 1.62298
110020790 -0.24348 -0.54975 1.61986
110020791 -0.24597 -0.54975 1.61673
110020792 -0.24847 -0.54975 1.61360
110020793 -0.25096 -0.54975 1.61047
110020794 -0.25345 -0.54975 1.60734
110020795 -0.25594 -0.54975 1.60422
110020796 -0.25844 -0.54975 1.60109
110020797 -0.26093 -0.54975 1.59796
110020798 -0.26342 -0.54975 1.59483
110020799 -0.26592 -0.54975 1.59170
110020800 -0.26841 -0.54975 1.58858
110020801 -0.27090 -0.54975 1.58545
110020802 -0.27340 -0.54975 1.58232
110020803 -0.27589 -0.54975 1.57919
110020804 -0.27838 -0.54975 1.57606
110020805 -0.28088 -0.54975 1.57294
110020806 -0.28337 -0.54975 1.56981
110020807 -0.28586 -0.54975 1.56668
110020808 -0.28835 -0.54975 1.56355
110020809 -0.29085 -0.54975 1.56042
110020810 -0.29334 -0.54975 1.55730
110020811 -0.29583 -0.54975 1.55417
110020812 -0.29833 -0.54975 1.55104
110020813 -0.30082 -0.54975 1.54791
110020814 -0.30331 -0.54975 1.54478
110020815 -0.30581 -0.54975 1.54166
110020816 -0.30830 -0.54975 1.53853
110020817 -0.31079 -0.54975 1.53540
110020818 -0.31329 -0.54975 1.53227
110020819 -0.31578 -0.54975 1.52914
110020820 -0.31827 -0.54975 1.52602
110020821 -0.32076 -0.54975 1.52289
110020822 -0.32326 -0.54975 1.51976
110020823 -0.32575 -0.54975 1.51663
110020824 -0.32824 -0.54975 1.51350
110020825 -0.33074 -0.54975 1.51037
110020826 -0.33323 -0.54975 1.50725
110020827 -0.33572 -0.54975 1.50412
110020828 -0.33822 -0.54975 1.50099
110020829 -0.34071 -0.54975 1.49786
110020830 -0.34320 -0.54975 1.49473
110020831 -0.34569 -0.54975 1.49161
110020832 -0.34819 -0.54975 1.48848
110020833 -0.35068 -0.54975 1.48535
110020834 -0.35317 -0.54975 1.48222
110020835 -0.35567 -0.54975 1.47909
110020836 -0.35816 -0.54975 1.47597
110020837 -0.36065 -0.54975 1.47284
110020838 -0.36315 -0.54975 1.46971
110020839 -0.36564 -0.54975 1.46658
110020840 -0.36813 -0.54975 1.46345
110020841 -0.37063 -0.54975 1.46033
110020842 -0.37312 -0.54975 1.45720
110020843 -0.37561 -0.54975 1.45407
110020844 -0.37810 -0.54975 1.45094
110020845 -0.38060 -0.54975 1.44781
110020846 -0.38309 -0.54975 1.44469
110020847 -0.38558 -0.54975 1.44156
110020848 -0.38808 -0.54975 1.43843
110020849 -0.39057 -0.54975 1.43530
110020850 -0.39306 -0.54975 1.43217
110020851 -0.39556 -0.54975 1.42905
110020852 -0.39805 -0.54975 1.42592
110020853 -0.40054 -0.54975 1.42279
110020854 -0.40304 -0.54975 1.41966
110020855 -0.40553 -0.54975 1.41653
110020856 -0.40802 -0.54975 1.41341
110020857 -0.41051 -0.54975 1.41028
110020858 -0.41301 -0.54975 1.40715
110020859 -0.41550 -0.54975 1.40402
110020860 -0.41799 -0.54975 1.40089
110020861 -0.42049 -0.54975 1.39777
110020862 -0.42298 -0.54975 1.39464
110020863 -0.42547 -0.54975 1.39151
110020864 -0.42797 -0.54975 1.38838
110020865 -0.43046 -0.54975 1.38525
110020866 -0.43295 -0.54975 1.38213
110020867 -0.43545 -0.54975 1.37900
110020868 -0.43794 -0.54975 1.37587
110020869 -0.44043 -0.54975 1.37274
110020870 -0.44292 -0.54975 1.36961
110020871 -0.44542 -0.54975 1.36649
110020872 -0.44791 -0.54975 1.36336
110020873 -0.45040 -0.54975 1.36023
110020874 -0.45290 -0.54975 1.35710
110020875 -0.45539 -0.54975 1.35397
110020876 -0.45788 -0.54975 1.35084
110020877 -0.46038 -0.54975 1.34772
110020878 -0.46287 -0.54975 1.34459
110020879 -0.46536 -0.54975 1.34146
110020880 -0.46786 -0.54975 1.33833
110020881 -0.47035 -0.54975 1.33520
110020882 -0.47284 -0.54975 1.33208
110020883 -0.47533 -0.54975 1.32895
110020884 -0.47783 -0.54975 1.32582
110020885 -0.48032 -0.54975 1.32269
110020886 -0.48281 -0.54975 1.31956
110020887 -0.48531 -0.54975 1.31644
110020888 -0.48780 -0.54975 1.31331
110020889 -0.49029 -0.54975 1.31018
110020890 -0.49279 -0.54975 1.30705
110020891 -0.49528 -0.54975 1.30392
110020892 -0.49777 -0.54975 1.30080
110020893 -0.50026 -0.54975 1.29767
110020894 -0.50276 -0.54975 1.29454
110020895 -0.50525 -0.54975 1.29141
110020896 -0.50774 -0.54975 1.28828
110020897 -0.51024 -0.54975 1.28516
110020898 -0.51273 -0.54975 1.28203
110020899 -0.51522 -0.54975 1.27890
110020900 -0.51772 -0.54975 1.27577
110020901 -0.14625 -0.53625 1.74185
110020902 -0.14874 -0.53625 1.73872
110020903 -0.15124 -0.53625 1.73559
110020904 -0.15373 -0.53625 1.73247
110020905 -0.15622 -0.53625 1.72934
110020906 -0.15872 -0.53625 1.72621
110020907 -0.16121 -0.53625 1.72308
110020908 -0.16370 -0.53625 1.71995
110020909 -0.16619 -0.53625 1.71683
110020910 -0.16869 -0.53625 1.71370
110020911 -0.17118 -0.53625 1.71057
110020912 -0.17367 -0.53625 1.70744
110020913 -0.17617 -0.53625 1.70431
110020914 -0.17866 -0.53625 1.70119
110020915 -0.18115 -0.53625 1.69806
110020916 -0.18365 -0.53625 1.69493
110020917 -0.18614 -0.53625 1.69180
110020918 -0.18863 -0.53625 1.68867
110020919 -0.19113 -0.53625 1.68555
110020920 -0.19362 -0.53625 1.68242
110020921 -0.19611 -0.53625 1.67929
110020922 -0.19860 -0.53625 1.67616
110020923 -0.20110 -0.53625 1.67303
110020924 -0.20359 -0.53625 1.66991
110020925 -0.20608 -0.53625 1.66678
110020926 -0.20858 -0.53625 1.66365
110020927 -0.21107 -0.53625 1.66052
110020928 -0.21356 -0.53625 1.65739
110020929 -0.21606 -0.53625 1.65426
110020930 -0.21855 -0.53625 1.65114
110020931 -0.22104 -0.53625 1.64801
110020932 -0.22353 -0.53625 1.64488
110020933 -0.22603 -0.53625 1.64175
110020934 -0.22852 -0.53625 1.63862
110020935 -0.23101 -0.53625 1.63550
110020936 -0.23351 -0.53625 1.63237
110020937 -0.23600 -0.53625 1.62924
110020938 -0.23849 -0.53625 1.62611
110020939 -0.24099 -0.53625 1.62298
110020940 -0.24348 -0.53625 1.61986
110020941 -0.24597 -0.53625 1.61673
110020942 -0.24847 -0.53625 1.61360
110020943 -0.25096 -0.53625 1.61047
110020944 -0.25345 -0.53625 1.60734
110020945 -0.25594 -0.53625 1.60422
110020946 -0.25844 -0.53625 1.60109
110020947 -0.26093 -0.53625 1.59796
110020948 -0.26342 -0.53625 1.59483
110020949 -0.26592 -0.53625 1.59170
110020950 -0.26841 -0.53625 1.58858
110020951 -0.27090 -0.53625 1.58545
110020952 -0.27340 -0.53625 1.58232
110020953 -0.27589 -0.53625 1.57919
110020954 -0.27838 -0.53625 1.57606
110020955 -0.28088 -0.53625 1.57294
110020956 -0.28337 -0.53625 1.56981
110020957 -0.28586 -0.53625 1.56668
110020958 -0.28835 -0.53625 1.56355
110020959 -0.29085 -0.53625 1.56042
110020960 -0.29334 -0.53625 1.55730
110020961 -0.29583 -0.53625 1.55417
110020962 -0.29833 -0.53625 1.55104
110020963 -0.30082 -0.53625 1.54791
110020964 -0.30331 -0.53625 1.54478
110020965 -0.30581 -0.53625 1.54166
110020966 -0.30830 -0.53625 1.53853
110020967 -0.31079 -0.53625 1.53540
110020968 -0.31329 -0.53625 1.53227
110020969 -0.31578 -0.53625 1.52914
110020970 -0.31827 -0.53625 1.52602
110020971 -0.32076 -0.53625 1.52289
110020972 -0.32326 -0.53625 1.51976
110020973 -0.32575 -0.53625 1.51663
110020974 -0.32824 -0.53625 1.51350
110020975 -0.33074 -0.53625 1.51037
110020976 -0.33323 -0.53625 1.50725
110020977 -0.33572 -0.53625 1.50412
110020978 -0.33822 -0.53625 1.50099
110020979 -0.34071 -0.53625 1.49786
110020980 -0.34320 -0.53625 1.49473
110020981 -0.34569 -0.53625 1.49161
110020982 -0.34819 -0.53625 1.48848
110020983 -0.35068 -0.53625 1.48535
110020984 -0.35317 -0.53625 1.48222
110020985 -0.35567 -0.53625 1.47909
110020986 -0.35816 -0.53625 1.47597
110020987 -0.36065 -0.53625 1.47284
110020988 -0.36315 -0.53625 1.46971
110020989 -0.36564 -0.53625 1.46658
110020990 -0.36813 -0.53625 1.46345
110020991 -0.37063 -0.53625 1.46033
110020992 -0.37312 -0.53625 1.45720
110020993 -0.37561 -0.53625 1.45407
110020994 -0.37810 -0.53625 1.45094
110020995 -0.38060 -0.53625 1.44781
110020996 -0.38309 -0.53625 1.44469
110020997 -0.38558 -0.53625 1.44156
110020998 -0.38808 -0.53625 1.43843
110020999 -0.39057 -0.53625 1.43530
110021000 -0.39306 -0.53625 1.43217
110021001 -0.39556 -0.53625 1.42905
110021002 -0.39805 -0.53625 1.42592
110021003 -0.40054 -0.53625 1.42279
110021004 -0.40304 -0.53625 1.41966
110021005 -0.40553 -0.53625 1.41653
110021006 -0.40802 -0.53625 1.41341
110021007 -0.41051 -0.53625 1.41028
110021008 -0.41301 -0.53625 1.40715
110021009 -0.41550 -0.53625 1.40402
110021010 -0.41799 -0.53625 1.40089
110021011 -0.42049 -0.53625 1.39777
110021012 -0.42298 -0.53625 1.39464
110021013 -0.42547 -0.53625 1.39151
110021014 -0.42797 -0.53625 1.38838
110021015 -0.43046 -0.53625 1.38525
110021016 -0.43295 -0.53625 1.38213
110021017 -0.43545 -0.53625 1.37900
110021018 -0.43794 -0.53625 1.37587
110021019 -0.44043 -0.53625 1.37274
110021020 -0.44292 -0.53625 1.36961
110021021 -0.44542 -0.53625 1.36649
110021022 -0.44791 -0.53625 1.36336
110021023 -0.45040 -0.53625 1.36023
110021024 -0.45290 -0.53625 1.35710
110021025 -0.45539 -0.53625 1.35397
110021026 -0.45788 -0.53625 1.35084
110021027 -0.46038 -0.53625 1.34772
110021028 -0.46287 -0.53625 1.34459
110021029 -0.46536 -0.53625 1.34146
110021030 -0.46786 -0.53625 1.33833
110021031 -0.47035 -0.53625 1.33520
110021032 -0.47284 -0.53625 1.33208
110021033 -0.47533 -0.53625 1.32895
110021034 -0.47783 -0.53625 1.32582
110021035 -0.48032 -0.53625 1.32269
110021036 -0.48281 -0.53625 1.31956
110021037 -0.48531 -0.53625 1.31644
110021038 -0.48780 -0.53625 1.31331
110021039 -0.49029 -0.53625 1.31018
110021040 -0.49279 -0.53625 1.30705
110021041 -0.49528 -0.53625 1.30392
110021042 -0.49777 -0.53625 1.30080
110021043 -0.50026 -0.53625 1.29767
110021044 -0.50276 -0.53625 1.29454
110021045 -0.50525 -0.53625 1.29141
110021046 -0.50774 -0.53625 1.28828
110021047 -0.51024 -0.53625 1.28516
110021048 -0.51273 -0.53625 1.28203
110021049 -0.51522 -0.53625 1.27890
110021050 -0.51772 -0.53625 1.27577
110021051 -0.14625 -0.52275 1.74185
110021052 -0.14874 -0.52275 1.73872
110021053 -0.15124 -0.52275 1.73559
110021054 -0.15373 -0.52275 1.73247
110021055 -0.15622 -0.52275 1.72934
110021056 -0.15872 -0.52275 1.72621
110021057 -0.16121 -0.52275 1.72308
110021058 -0.16370 -0.52275 1.71995
110021059 -0.16619 -0.52275 1.71683
110021060 -0.16869 -0.52275 1.71370
110021061 -0.17118 -0.52275 1.71057
110021062 -0.17367 -0.52275 1.70744
110021063 -0.17617 -0.52275 1.70431
110021064 -0.17866 -0.52275 1.70119
110021065 -0.18115 -0.52275 1.69806
110021066 -0.18365 -0.52275 1.69493
110021067 -0.18614 -0.52275 1.69180
110021068 -0.18863 -0.52275 1.68867
110021069 -0.19113 -0.52275 1.68555
110021070 -0.19362 -0.52275 1.68242
110021071 -0.19611 -0.52275 1.67929
110021072 -0.19860 -0.52275 1.67616
110021073 -0.20110 -0.52275 1.67303
110021074 -0.20359 -0.52275 1.66991
110021075 -0.20608 -0.52275 1.66678
110021076 -0.20858 -0.52275 1.66365
110021077 -0.21107 -0.52275 1.66052
110021078 -0.21356 -0.52275 1.65739
110021079 -0.21606 -0.52275 1.65426
110021080 -0.21855 -0.52275 1.65114
110021081 -0.22104 -0.52275 1.64801
110021082 -0.22353 -0.52275 1.64488
110021083 -0.22603 -0.52275 1.64175
110021084 -0.22852 -0.52275 1.63862
110021085 -0.23101 -0.52275 1.63550
110021086 -0.23351 -0.52275 1.63237
110021087 -0.23600 -0.52275 1.62924
110021088 -0.23849 -0.52275 1.62611
110021089 -0.24099 -0.52275 1.62298
110021090 -0.24348 -0.52275 1.61986
110021091 -0.24597 -0.52275 1.61673
110021092 -0.24847 -0.52275 1.61360
110021093 -0.25096 -0.52275 1.61047
110021094 -0.25345 -0.52275 1.60734
110021095 -0.25594 -0.52275 1.60422
110021096 -0.25844 -0.52275 1.60109
110021097 -0.26093 -0.52275 1.59796
110021098 -0.26342 -0.52275 1.59483
110021099 -0.26592 -0.52275 1.59170
110021100 -0.26841 -0.52275 1.58858
110021101 -0.27090 -0.52275 1.58545
110021102 -0.27340 -0.52275 1.58232
110021103 -0.27589 -0.52275 1.57919
110021104 -0.27838 -0.52275 1.57606
110021105 -0.28088 -0.52275 1.57294
110021106 -0.28337 -0.52275 1.56981
110021107 -0.28586 -0.52275 1.56668
110021108 -0.28835 -0.52275 1.56355
110021109 -0.29085 -0.52275 1.56042
110021110 -0.29334 -0.52275 1.55730
110021111 -0.29583 -0.52275 1.55417
110021112 -0.29833 -0.52275 1.55104
110021113 -0.30082 -0.52275 1.54791
110021114 -0.30331 -0.52275 1.54478
110021115 -0.30581 -0.52275 1.54166
110021116 -0.30830 -0.52275 1.53853
110021117 -0.31079 -0.52275 1.53540
110021118 -0.31329 -0.52275 1.53227
110021119 -0.31578 -0.52275 1.52914
110021120 -0.31827 -0.52275 1.52602
110021121 -0.32076 -0.52275 1.52289
110021122 -0.32326 -0.52275 1.51976
110021123 -0.32575 -0.52275 1.51663
110021124 -0.32824 -0.52275 1.51350
110021125 -0.33074 -0.52275 1.51037
110021126 -0.33323 -0.52275 1.50725
110021127 -0.33572 -0.52275 1.50412
110021128 -0.33822 -0.52275 1.50099
110021129 -0.34071 -0.52275 1.49786
110021130 -0.34320 -0.52275 1.49473
110021131 -0.34569 -0.52275 1.49161
110021132 -0.34819 -0.52275 1.48848
110021133 -0.35068 -0.52275 1.48535
110021134 -0.35317 -0.52275 1.48222
110021135 -0.35567 -0.52275 1.47909
110021136 -0.35816 -0.52275 1.47597
110021137 -0.36065 -0.52275 1.47284
110021138 -0.36315 -0.52275 1.46971
110021139 -0.36564 -0.52275 1.46658
110021140 -0.36813 -0.52275 1.46345
110021141 -0.37063 -0.52275 1.46033
110021142 -0.37312 -0.52275 1.45720
110021143 -0.37561 -0.52275 1.45407
110021144 -0.37810 -0.52275 1.45094
110021145 -0.38060 -0.52275 1.44781
110021146 -0.38309 -0.52275 1.44469
110021147 -0.38558 -0.52275 1.44156
110021148 -0.38808 -0.52275 1.43843
110021149 -0.39057 -0.52275 1.43530
110021150 -0.39306 -0.52275 1.43217
110021151 -0.39556 -0.52275 1.42905
110021152 -0.39805 -0.52275 1.42592
110021153 -0.40054 -0.52275 1.42279
110021154 -0.40304 -0.52275 1.41966
110021155 -0.40553 -0.52275 1.41653
110021156 -0.40802 -0.52275 1.41341
110021157 -0.41051 -0.52275 1.41028
110021158 -0.41301 -0.52275 1.40715
110021159 -0.41550 -0.52275 1.40402
110021160 -0.41799 -0.52275 1.40089
110021161 -0.42049 -0.52275 1.39777
110021162 -0.42298 -0.52275 1.39464
110021163 -0.42547 -0.52275 1.39151
110021164 -0.42797 -0.52275 1.38838
110021165 -0.43046 -0.52275 1.38525
110021166 -0.43295 -0.52275 1.38213
110021167 -0.43545 -0.52275 1.37900
110021168 -0.43794 -0.52275 1.37587
110021169 -0.44043 -0.52275 1.37274
110021170 -0.44292 -0.52275 1.36961
110021171 -0.44542 -0.52275 1.36649
110021172 -0.44791 -0.52275 1.36336
110021173 -0.45040 -0.52275 1.36023
110021174 -0.45290 -0.52275 1.35710
110021175 -0.45539 -0.52275 1.35397
110021176 -0.45788 -0.52275 1.35084
110021177 -0.46038 -0.52275 1.34772
110021178 -0.46287 -0.52275 1.34459
110021179 -0.46536 -0.52275 1.34146
110021180 -0.46786 -0.52275 1.33833
110021181 -0.47035 -0.52275 1.33520
110021182 -0.47284 -0.52275 1.33208
110021183 -0.47533 -0.52275 1.32895
110021184 -0.47783 -0.52275 1.32582
110021185 -0.48032 -0.52275 1.32269
110021186 -0.48281 -0.52275 1.31956
110021187 -0.48531 -0.52275 1.31644
110021188 -0.48780 -0.52275 1.31331
110021189 -0.49029 -0.52275 1.31018
110021190 -0.49279 -0.52275 1.30705
110021191 -0.49528 -0.52275 1.30392
110021192 -0.49777 -0.52275 1.30080
110021193 -0.50026 -0.52275 1.29767
110021194 -0.50276 -0.52275 1.29454
110021195 -0.50525 -0.52275 1.29141
110021196 -0.50774 -0.52275 1.28828
110021197 -0.51024 -0.52275 1.28516
110021198 -0.51273 -0.52275 1.28203
110021199 -0.51522 -0.52275 1.27890
110021200 -0.51772 -0.52275 1.27577
