# pixelID  x  y  z
104100001 -0.76631 0.50200 -2.00000
104100002 -0.76631 0.50600 -2.00000
104100003 -0.76631 0.51000 -2.00000
104100004 -0.76631 0.51400 -2.00000
104100005 -0.76631 0.51800 -2.00000
104100006 -0.76631 0.52200 -2.00000
104100007 -0.76631 0.52600 -2.00000
104100008 -0.76631 0.53000 -2.00000
104100009 -0.76631 0.53400 -2.00000
104100010 -0.76631 0.53800 -2.00000
104100011 -0.76631 0.54200 -2.00000
104100012 -0.76631 0.54600 -2.00000
104100013 -0.76631 0.55000 -2.00000
104100014 -0.76631 0.55400 -2.00000
104100015 -0.76631 0.55800 -2.00000
104100016 -0.76631 0.56200 -2.00000
104100017 -0.76631 0.56600 -2.00000
104100018 -0.76631 0.57000 -2.00000
104100019 -0.76631 0.57400 -2.00000
104100020 -0.76631 0.57800 -2.00000
104100021 -0.76631 0.58200 -2.00000
104100022 -0.76631 0.58600 -2.00000
104100023 -0.76631 0.59000 -2.00000
104100024 -0.76631 0.59400 -2.00000
104100025 -0.76631 0.59800 -2.00000
104100026 -0.76631 0.60200 -2.00000
104100027 -0.76631 0.60600 -2.00000
104100028 -0.76631 0.61000 -2.00000
104100029 -0.76631 0.61400 -2.00000
104100030 -0.76631 0.61800 -2.00000
104100031 -0.76631 0.62200 -2.00000
104100032 -0.76631 0.62600 -2.00000
104100033 -0.76631 0.63000 -2.00000
104100034 -0.76631 0.63400 -2.00000
104100035 -0.76631 0.63800 -2.00000
104100036 -0.76631 0.64200 -2.00000
104100037 -0.76631 0.64600 -2.00000
104100038 -0.76631 0.65000 -2.00000
104100039 -0.76631 0.65400 -2.00000
104100040 -0.76631 0.65800 -2.00000
104100041 -0.76631 0.66200 -2.00000
104100042 -0.76631 0.66600 -2.00000
104100043 -0.76631 0.67000 -2.00000
104100044 -0.76631 0.67400 -2.00000
104100045 -0.76631 0.67800 -2.00000
104100046 -0.76631 0.68200 -2.00000
104100047 -0.76631 0.68600 -2.00000
104100048 -0.76631 0.69000 -2.00000
104100049 -0.76631 0.69400 -2.00000
104100050 -0.76631 0.69800 -2.00000
104100051 -0.76631 0.70200 -2.00000
104100052 -0.76631 0.70600 -2.00000
104100053 -0.76631 0.71000 -2.00000
104100054 -0.76631 0.71400 -2.00000
104100055 -0.76631 0.71800 -2.00000
104100056 -0.76631 0.72200 -2.00000
104100057 -0.76631 0.72600 -2.00000
104100058 -0.76631 0.73000 -2.00000
104100059 -0.76631 0.73400 -2.00000
104100060 -0.76631 0.73800 -2.00000
104100061 -0.76631 0.74200 -2.00000
104100062 -0.76631 0.74600 -2.00000
104100063 -0.76631 0.75000 -2.00000
104100064 -0.76631 0.75400 -2.00000
104100065 -0.76631 0.75800 -2.00000
104100066 -0.76631 0.76200 -2.00000
104100067 -0.76631 0.76600 -2.00000
104100068 -0.76631 0.77000 -2.00000
104100069 -0.76631 0.77400 -2.00000
104100070 -0.76631 0.77800 -2.00000
104100071 -0.76631 0.78200 -2.00000
104100072 -0.76631 0.78600 -2.00000
104100073 -0.76631 0.79000 -2.00000
104100074 -0.76631 0.79400 -2.00000
104100075 -0.76631 0.79800 -2.00000
104100076 -0.76631 0.80200 -2.00000
104100077 -0.76631 0.80600 -2.00000
104100078 -0.76631 0.81000 -2.00000
104100079 -0.76631 0.81400 -2.00000
104100080 -0.76631 0.81800 -2.00000
104100081 -0.76631 0.82200 -2.00000
104100082 -0.76631 0.82600 -2.00000
104100083 -0.76631 0.83000 -2.00000
104100084 -0.76631 0.83400 -2.00000
104100085 -0.76631 0.83800 -2.00000
104100086 -0.76631 0.84200 -2.00000
104100087 -0.76631 0.84600 -2.00000
104100088 -0.76631 0.85000 -2.00000
104100089 -0.76631 0.85400 -2.00000
104100090 -0.76631 0.85800 -2.00000
104100091 -0.76631 0.86200 -2.00000
104100092 -0.76631 0.86600 -2.00000
104100093 -0.76631 0.87000 -2.00000
104100094 -0.76631 0.87400 -2.00000
104100095 -0.76631 0.87800 -2.00000
104100096 -0.76631 0.88200 -2.00000
104100097 -0.76631 0.88600 -2.00000
104100098 -0.76631 0.89000 -2.00000
104100099 -0.76631 0.89400 -2.00000
104100100 -0.76631 0.89800 -2.00000
104100101 -0.76631 0.90200 -2.00000
104100102 -0.76631 0.90600 -2.00000
104100103 -0.76631 0.91000 -2.00000
104100104 -0.76631 0.91400 -2.00000
104100105 -0.76631 0.91800 -2.00000
104100106 -0.76631 0.92200 -2.00000
104100107 -0.76631 0.92600 -2.00000
104100108 -0.76631 0.93000 -2.00000
104100109 -0.76631 0.93400 -2.00000
104100110 -0.76631 0.93800 -2.00000
104100111 -0.76631 0.94200 -2.00000
104100112 -0.76631 0.94600 -2.00000
104100113 -0.76631 0.95000 -2.00000
104100114 -0.76631 0.95400 -2.00000
104100115 -0.76631 0.95800 -2.00000
104100116 -0.76631 0.96200 -2.00000
104100117 -0.76631 0.96600 -2.00000
104100118 -0.76631 0.97000 -2.00000
104100119 -0.76631 0.97400 -2.00000
104100120 -0.76631 0.97800 -2.00000
104100121 -0.76631 0.98200 -2.00000
104100122 -0.76631 0.98600 -2.00000
104100123 -0.76631 0.99000 -2.00000
104100124 -0.76631 0.99400 -2.00000
104100125 -0.76631 0.99800 -2.00000
104100126 -0.76631 1.00200 -2.00000
104100127 -0.76631 1.00600 -2.00000
104100128 -0.76631 1.01000 -2.00000
104100129 -0.76631 1.01400 -2.00000
104100130 -0.76631 1.01800 -2.00000
104100131 -0.76631 1.02200 -2.00000
104100132 -0.76631 1.02600 -2.00000
104100133 -0.76631 1.03000 -2.00000
104100134 -0.76631 1.03400 -2.00000
104100135 -0.76631 1.03800 -2.00000
104100136 -0.76631 1.04200 -2.00000
104100137 -0.76631 1.04600 -2.00000
104100138 -0.76631 1.05000 -2.00000
104100139 -0.76631 1.05400 -2.00000
104100140 -0.76631 1.05800 -2.00000
104100141 -0.76631 1.06200 -2.00000
104100142 -0.76631 1.06600 -2.00000
104100143 -0.76631 1.07000 -2.00000
104100144 -0.76631 1.07400 -2.00000
104100145 -0.76631 1.07800 -2.00000
104100146 -0.76631 1.08200 -2.00000
104100147 -0.76631 1.08600 -2.00000
104100148 -0.76631 1.09000 -2.00000
104100149 -0.76631 1.09400 -2.00000
104100150 -0.76631 1.09800 -2.00000
104100151 -0.75781 0.50200 -2.00000
104100152 -0.75781 0.50600 -2.00000
104100153 -0.75781 0.51000 -2.00000
104100154 -0.75781 0.51400 -2.00000
104100155 -0.75781 0.51800 -2.00000
104100156 -0.75781 0.52200 -2.00000
104100157 -0.75781 0.52600 -2.00000
104100158 -0.75781 0.53000 -2.00000
104100159 -0.75781 0.53400 -2.00000
104100160 -0.75781 0.53800 -2.00000
104100161 -0.75781 0.54200 -2.00000
104100162 -0.75781 0.54600 -2.00000
104100163 -0.75781 0.55000 -2.00000
104100164 -0.75781 0.55400 -2.00000
104100165 -0.75781 0.55800 -2.00000
104100166 -0.75781 0.56200 -2.00000
104100167 -0.75781 0.56600 -2.00000
104100168 -0.75781 0.57000 -2.00000
104100169 -0.75781 0.57400 -2.00000
104100170 -0.75781 0.57800 -2.00000
104100171 -0.75781 0.58200 -2.00000
104100172 -0.75781 0.58600 -2.00000
104100173 -0.75781 0.59000 -2.00000
104100174 -0.75781 0.59400 -2.00000
104100175 -0.75781 0.59800 -2.00000
104100176 -0.75781 0.60200 -2.00000
104100177 -0.75781 0.60600 -2.00000
104100178 -0.75781 0.61000 -2.00000
104100179 -0.75781 0.61400 -2.00000
104100180 -0.75781 0.61800 -2.00000
104100181 -0.75781 0.62200 -2.00000
104100182 -0.75781 0.62600 -2.00000
104100183 -0.75781 0.63000 -2.00000
104100184 -0.75781 0.63400 -2.00000
104100185 -0.75781 0.63800 -2.00000
104100186 -0.75781 0.64200 -2.00000
104100187 -0.75781 0.64600 -2.00000
104100188 -0.75781 0.65000 -2.00000
104100189 -0.75781 0.65400 -2.00000
104100190 -0.75781 0.65800 -2.00000
104100191 -0.75781 0.66200 -2.00000
104100192 -0.75781 0.66600 -2.00000
104100193 -0.75781 0.67000 -2.00000
104100194 -0.75781 0.67400 -2.00000
104100195 -0.75781 0.67800 -2.00000
104100196 -0.75781 0.68200 -2.00000
104100197 -0.75781 0.68600 -2.00000
104100198 -0.75781 0.69000 -2.00000
104100199 -0.75781 0.69400 -2.00000
104100200 -0.75781 0.69800 -2.00000
104100201 -0.75781 0.70200 -2.00000
104100202 -0.75781 0.70600 -2.00000
104100203 -0.75781 0.71000 -2.00000
104100204 -0.75781 0.71400 -2.00000
104100205 -0.75781 0.71800 -2.00000
104100206 -0.75781 0.72200 -2.00000
104100207 -0.75781 0.72600 -2.00000
104100208 -0.75781 0.73000 -2.00000
104100209 -0.75781 0.73400 -2.00000
104100210 -0.75781 0.73800 -2.00000
104100211 -0.75781 0.74200 -2.00000
104100212 -0.75781 0.74600 -2.00000
104100213 -0.75781 0.75000 -2.00000
104100214 -0.75781 0.75400 -2.00000
104100215 -0.75781 0.75800 -2.00000
104100216 -0.75781 0.76200 -2.00000
104100217 -0.75781 0.76600 -2.00000
104100218 -0.75781 0.77000 -2.00000
104100219 -0.75781 0.77400 -2.00000
104100220 -0.75781 0.77800 -2.00000
104100221 -0.75781 0.78200 -2.00000
104100222 -0.75781 0.78600 -2.00000
104100223 -0.75781 0.79000 -2.00000
104100224 -0.75781 0.79400 -2.00000
104100225 -0.75781 0.79800 -2.00000
104100226 -0.75781 0.80200 -2.00000
104100227 -0.75781 0.80600 -2.00000
104100228 -0.75781 0.81000 -2.00000
104100229 -0.75781 0.81400 -2.00000
104100230 -0.75781 0.81800 -2.00000
104100231 -0.75781 0.82200 -2.00000
104100232 -0.75781 0.82600 -2.00000
104100233 -0.75781 0.83000 -2.00000
104100234 -0.75781 0.83400 -2.00000
104100235 -0.75781 0.83800 -2.00000
104100236 -0.75781 0.84200 -2.00000
104100237 -0.75781 0.84600 -2.00000
104100238 -0.75781 0.85000 -2.00000
104100239 -0.75781 0.85400 -2.00000
104100240 -0.75781 0.85800 -2.00000
104100241 -0.75781 0.86200 -2.00000
104100242 -0.75781 0.86600 -2.00000
104100243 -0.75781 0.87000 -2.00000
104100244 -0.75781 0.87400 -2.00000
104100245 -0.75781 0.87800 -2.00000
104100246 -0.75781 0.88200 -2.00000
104100247 -0.75781 0.88600 -2.00000
104100248 -0.75781 0.89000 -2.00000
104100249 -0.75781 0.89400 -2.00000
104100250 -0.75781 0.89800 -2.00000
104100251 -0.75781 0.90200 -2.00000
104100252 -0.75781 0.90600 -2.00000
104100253 -0.75781 0.91000 -2.00000
104100254 -0.75781 0.91400 -2.00000
104100255 -0.75781 0.91800 -2.00000
104100256 -0.75781 0.92200 -2.00000
104100257 -0.75781 0.92600 -2.00000
104100258 -0.75781 0.93000 -2.00000
104100259 -0.75781 0.93400 -2.00000
104100260 -0.75781 0.93800 -2.00000
104100261 -0.75781 0.94200 -2.00000
104100262 -0.75781 0.94600 -2.00000
104100263 -0.75781 0.95000 -2.00000
104100264 -0.75781 0.95400 -2.00000
104100265 -0.75781 0.95800 -2.00000
104100266 -0.75781 0.96200 -2.00000
104100267 -0.75781 0.96600 -2.00000
104100268 -0.75781 0.97000 -2.00000
104100269 -0.75781 0.97400 -2.00000
104100270 -0.75781 0.97800 -2.00000
104100271 -0.75781 0.98200 -2.00000
104100272 -0.75781 0.98600 -2.00000
104100273 -0.75781 0.99000 -2.00000
104100274 -0.75781 0.99400 -2.00000
104100275 -0.75781 0.99800 -2.00000
104100276 -0.75781 1.00200 -2.00000
104100277 -0.75781 1.00600 -2.00000
104100278 -0.75781 1.01000 -2.00000
104100279 -0.75781 1.01400 -2.00000
104100280 -0.75781 1.01800 -2.00000
104100281 -0.75781 1.02200 -2.00000
104100282 -0.75781 1.02600 -2.00000
104100283 -0.75781 1.03000 -2.00000
104100284 -0.75781 1.03400 -2.00000
104100285 -0.75781 1.03800 -2.00000
104100286 -0.75781 1.04200 -2.00000
104100287 -0.75781 1.04600 -2.00000
104100288 -0.75781 1.05000 -2.00000
104100289 -0.75781 1.05400 -2.00000
104100290 -0.75781 1.05800 -2.00000
104100291 -0.75781 1.06200 -2.00000
104100292 -0.75781 1.06600 -2.00000
104100293 -0.75781 1.07000 -2.00000
104100294 -0.75781 1.07400 -2.00000
104100295 -0.75781 1.07800 -2.00000
104100296 -0.75781 1.08200 -2.00000
104100297 -0.75781 1.08600 -2.00000
104100298 -0.75781 1.09000 -2.00000
104100299 -0.75781 1.09400 -2.00000
104100300 -0.75781 1.09800 -2.00000
104100301 -0.74931 0.50200 -2.00000
104100302 -0.74931 0.50600 -2.00000
104100303 -0.74931 0.51000 -2.00000
104100304 -0.74931 0.51400 -2.00000
104100305 -0.74931 0.51800 -2.00000
104100306 -0.74931 0.52200 -2.00000
104100307 -0.74931 0.52600 -2.00000
104100308 -0.74931 0.53000 -2.00000
104100309 -0.74931 0.53400 -2.00000
104100310 -0.74931 0.53800 -2.00000
104100311 -0.74931 0.54200 -2.00000
104100312 -0.74931 0.54600 -2.00000
104100313 -0.74931 0.55000 -2.00000
104100314 -0.74931 0.55400 -2.00000
104100315 -0.74931 0.55800 -2.00000
104100316 -0.74931 0.56200 -2.00000
104100317 -0.74931 0.56600 -2.00000
104100318 -0.74931 0.57000 -2.00000
104100319 -0.74931 0.57400 -2.00000
104100320 -0.74931 0.57800 -2.00000
104100321 -0.74931 0.58200 -2.00000
104100322 -0.74931 0.58600 -2.00000
104100323 -0.74931 0.59000 -2.00000
104100324 -0.74931 0.59400 -2.00000
104100325 -0.74931 0.59800 -2.00000
104100326 -0.74931 0.60200 -2.00000
104100327 -0.74931 0.60600 -2.00000
104100328 -0.74931 0.61000 -2.00000
104100329 -0.74931 0.61400 -2.00000
104100330 -0.74931 0.61800 -2.00000
104100331 -0.74931 0.62200 -2.00000
104100332 -0.74931 0.62600 -2.00000
104100333 -0.74931 0.63000 -2.00000
104100334 -0.74931 0.63400 -2.00000
104100335 -0.74931 0.63800 -2.00000
104100336 -0.74931 0.64200 -2.00000
104100337 -0.74931 0.64600 -2.00000
104100338 -0.74931 0.65000 -2.00000
104100339 -0.74931 0.65400 -2.00000
104100340 -0.74931 0.65800 -2.00000
104100341 -0.74931 0.66200 -2.00000
104100342 -0.74931 0.66600 -2.00000
104100343 -0.74931 0.67000 -2.00000
104100344 -0.74931 0.67400 -2.00000
104100345 -0.74931 0.67800 -2.00000
104100346 -0.74931 0.68200 -2.00000
104100347 -0.74931 0.68600 -2.00000
104100348 -0.74931 0.69000 -2.00000
104100349 -0.74931 0.69400 -2.00000
104100350 -0.74931 0.69800 -2.00000
104100351 -0.74931 0.70200 -2.00000
104100352 -0.74931 0.70600 -2.00000
104100353 -0.74931 0.71000 -2.00000
104100354 -0.74931 0.71400 -2.00000
104100355 -0.74931 0.71800 -2.00000
104100356 -0.74931 0.72200 -2.00000
104100357 -0.74931 0.72600 -2.00000
104100358 -0.74931 0.73000 -2.00000
104100359 -0.74931 0.73400 -2.00000
104100360 -0.74931 0.73800 -2.00000
104100361 -0.74931 0.74200 -2.00000
104100362 -0.74931 0.74600 -2.00000
104100363 -0.74931 0.75000 -2.00000
104100364 -0.74931 0.75400 -2.00000
104100365 -0.74931 0.75800 -2.00000
104100366 -0.74931 0.76200 -2.00000
104100367 -0.74931 0.76600 -2.00000
104100368 -0.74931 0.77000 -2.00000
104100369 -0.74931 0.77400 -2.00000
104100370 -0.74931 0.77800 -2.00000
104100371 -0.74931 0.78200 -2.00000
104100372 -0.74931 0.78600 -2.00000
104100373 -0.74931 0.79000 -2.00000
104100374 -0.74931 0.79400 -2.00000
104100375 -0.74931 0.79800 -2.00000
104100376 -0.74931 0.80200 -2.00000
104100377 -0.74931 0.80600 -2.00000
104100378 -0.74931 0.81000 -2.00000
104100379 -0.74931 0.81400 -2.00000
104100380 -0.74931 0.81800 -2.00000
104100381 -0.74931 0.82200 -2.00000
104100382 -0.74931 0.82600 -2.00000
104100383 -0.74931 0.83000 -2.00000
104100384 -0.74931 0.83400 -2.00000
104100385 -0.74931 0.83800 -2.00000
104100386 -0.74931 0.84200 -2.00000
104100387 -0.74931 0.84600 -2.00000
104100388 -0.74931 0.85000 -2.00000
104100389 -0.74931 0.85400 -2.00000
104100390 -0.74931 0.85800 -2.00000
104100391 -0.74931 0.86200 -2.00000
104100392 -0.74931 0.86600 -2.00000
104100393 -0.74931 0.87000 -2.00000
104100394 -0.74931 0.87400 -2.00000
104100395 -0.74931 0.87800 -2.00000
104100396 -0.74931 0.88200 -2.00000
104100397 -0.74931 0.88600 -2.00000
104100398 -0.74931 0.89000 -2.00000
104100399 -0.74931 0.89400 -2.00000
104100400 -0.74931 0.89800 -2.00000
104100401 -0.74931 0.90200 -2.00000
104100402 -0.74931 0.90600 -2.00000
104100403 -0.74931 0.91000 -2.00000
104100404 -0.74931 0.91400 -2.00000
104100405 -0.74931 0.91800 -2.00000
104100406 -0.74931 0.92200 -2.00000
104100407 -0.74931 0.92600 -2.00000
104100408 -0.74931 0.93000 -2.00000
104100409 -0.74931 0.93400 -2.00000
104100410 -0.74931 0.93800 -2.00000
104100411 -0.74931 0.94200 -2.00000
104100412 -0.74931 0.94600 -2.00000
104100413 -0.74931 0.95000 -2.00000
104100414 -0.74931 0.95400 -2.00000
104100415 -0.74931 0.95800 -2.00000
104100416 -0.74931 0.96200 -2.00000
104100417 -0.74931 0.96600 -2.00000
104100418 -0.74931 0.97000 -2.00000
104100419 -0.74931 0.97400 -2.00000
104100420 -0.74931 0.97800 -2.00000
104100421 -0.74931 0.98200 -2.00000
104100422 -0.74931 0.98600 -2.00000
104100423 -0.74931 0.99000 -2.00000
104100424 -0.74931 0.99400 -2.00000
104100425 -0.74931 0.99800 -2.00000
104100426 -0.74931 1.00200 -2.00000
104100427 -0.74931 1.00600 -2.00000
104100428 -0.74931 1.01000 -2.00000
104100429 -0.74931 1.01400 -2.00000
104100430 -0.74931 1.01800 -2.00000
104100431 -0.74931 1.02200 -2.00000
104100432 -0.74931 1.02600 -2.00000
104100433 -0.74931 1.03000 -2.00000
104100434 -0.74931 1.03400 -2.00000
104100435 -0.74931 1.03800 -2.00000
104100436 -0.74931 1.04200 -2.00000
104100437 -0.74931 1.04600 -2.00000
104100438 -0.74931 1.05000 -2.00000
104100439 -0.74931 1.05400 -2.00000
104100440 -0.74931 1.05800 -2.00000
104100441 -0.74931 1.06200 -2.00000
104100442 -0.74931 1.06600 -2.00000
104100443 -0.74931 1.07000 -2.00000
104100444 -0.74931 1.07400 -2.00000
104100445 -0.74931 1.07800 -2.00000
104100446 -0.74931 1.08200 -2.00000
104100447 -0.74931 1.08600 -2.00000
104100448 -0.74931 1.09000 -2.00000
104100449 -0.74931 1.09400 -2.00000
104100450 -0.74931 1.09800 -2.00000
104100451 -0.74081 0.50200 -2.00000
104100452 -0.74081 0.50600 -2.00000
104100453 -0.74081 0.51000 -2.00000
104100454 -0.74081 0.51400 -2.00000
104100455 -0.74081 0.51800 -2.00000
104100456 -0.74081 0.52200 -2.00000
104100457 -0.74081 0.52600 -2.00000
104100458 -0.74081 0.53000 -2.00000
104100459 -0.74081 0.53400 -2.00000
104100460 -0.74081 0.53800 -2.00000
104100461 -0.74081 0.54200 -2.00000
104100462 -0.74081 0.54600 -2.00000
104100463 -0.74081 0.55000 -2.00000
104100464 -0.74081 0.55400 -2.00000
104100465 -0.74081 0.55800 -2.00000
104100466 -0.74081 0.56200 -2.00000
104100467 -0.74081 0.56600 -2.00000
104100468 -0.74081 0.57000 -2.00000
104100469 -0.74081 0.57400 -2.00000
104100470 -0.74081 0.57800 -2.00000
104100471 -0.74081 0.58200 -2.00000
104100472 -0.74081 0.58600 -2.00000
104100473 -0.74081 0.59000 -2.00000
104100474 -0.74081 0.59400 -2.00000
104100475 -0.74081 0.59800 -2.00000
104100476 -0.74081 0.60200 -2.00000
104100477 -0.74081 0.60600 -2.00000
104100478 -0.74081 0.61000 -2.00000
104100479 -0.74081 0.61400 -2.00000
104100480 -0.74081 0.61800 -2.00000
104100481 -0.74081 0.62200 -2.00000
104100482 -0.74081 0.62600 -2.00000
104100483 -0.74081 0.63000 -2.00000
104100484 -0.74081 0.63400 -2.00000
104100485 -0.74081 0.63800 -2.00000
104100486 -0.74081 0.64200 -2.00000
104100487 -0.74081 0.64600 -2.00000
104100488 -0.74081 0.65000 -2.00000
104100489 -0.74081 0.65400 -2.00000
104100490 -0.74081 0.65800 -2.00000
104100491 -0.74081 0.66200 -2.00000
104100492 -0.74081 0.66600 -2.00000
104100493 -0.74081 0.67000 -2.00000
104100494 -0.74081 0.67400 -2.00000
104100495 -0.74081 0.67800 -2.00000
104100496 -0.74081 0.68200 -2.00000
104100497 -0.74081 0.68600 -2.00000
104100498 -0.74081 0.69000 -2.00000
104100499 -0.74081 0.69400 -2.00000
104100500 -0.74081 0.69800 -2.00000
104100501 -0.74081 0.70200 -2.00000
104100502 -0.74081 0.70600 -2.00000
104100503 -0.74081 0.71000 -2.00000
104100504 -0.74081 0.71400 -2.00000
104100505 -0.74081 0.71800 -2.00000
104100506 -0.74081 0.72200 -2.00000
104100507 -0.74081 0.72600 -2.00000
104100508 -0.74081 0.73000 -2.00000
104100509 -0.74081 0.73400 -2.00000
104100510 -0.74081 0.73800 -2.00000
104100511 -0.74081 0.74200 -2.00000
104100512 -0.74081 0.74600 -2.00000
104100513 -0.74081 0.75000 -2.00000
104100514 -0.74081 0.75400 -2.00000
104100515 -0.74081 0.75800 -2.00000
104100516 -0.74081 0.76200 -2.00000
104100517 -0.74081 0.76600 -2.00000
104100518 -0.74081 0.77000 -2.00000
104100519 -0.74081 0.77400 -2.00000
104100520 -0.74081 0.77800 -2.00000
104100521 -0.74081 0.78200 -2.00000
104100522 -0.74081 0.78600 -2.00000
104100523 -0.74081 0.79000 -2.00000
104100524 -0.74081 0.79400 -2.00000
104100525 -0.74081 0.79800 -2.00000
104100526 -0.74081 0.80200 -2.00000
104100527 -0.74081 0.80600 -2.00000
104100528 -0.74081 0.81000 -2.00000
104100529 -0.74081 0.81400 -2.00000
104100530 -0.74081 0.81800 -2.00000
104100531 -0.74081 0.82200 -2.00000
104100532 -0.74081 0.82600 -2.00000
104100533 -0.74081 0.83000 -2.00000
104100534 -0.74081 0.83400 -2.00000
104100535 -0.74081 0.83800 -2.00000
104100536 -0.74081 0.84200 -2.00000
104100537 -0.74081 0.84600 -2.00000
104100538 -0.74081 0.85000 -2.00000
104100539 -0.74081 0.85400 -2.00000
104100540 -0.74081 0.85800 -2.00000
104100541 -0.74081 0.86200 -2.00000
104100542 -0.74081 0.86600 -2.00000
104100543 -0.74081 0.87000 -2.00000
104100544 -0.74081 0.87400 -2.00000
104100545 -0.74081 0.87800 -2.00000
104100546 -0.74081 0.88200 -2.00000
104100547 -0.74081 0.88600 -2.00000
104100548 -0.74081 0.89000 -2.00000
104100549 -0.74081 0.89400 -2.00000
104100550 -0.74081 0.89800 -2.00000
104100551 -0.74081 0.90200 -2.00000
104100552 -0.74081 0.90600 -2.00000
104100553 -0.74081 0.91000 -2.00000
104100554 -0.74081 0.91400 -2.00000
104100555 -0.74081 0.91800 -2.00000
104100556 -0.74081 0.92200 -2.00000
104100557 -0.74081 0.92600 -2.00000
104100558 -0.74081 0.93000 -2.00000
104100559 -0.74081 0.93400 -2.00000
104100560 -0.74081 0.93800 -2.00000
104100561 -0.74081 0.94200 -2.00000
104100562 -0.74081 0.94600 -2.00000
104100563 -0.74081 0.95000 -2.00000
104100564 -0.74081 0.95400 -2.00000
104100565 -0.74081 0.95800 -2.00000
104100566 -0.74081 0.96200 -2.00000
104100567 -0.74081 0.96600 -2.00000
104100568 -0.74081 0.97000 -2.00000
104100569 -0.74081 0.97400 -2.00000
104100570 -0.74081 0.97800 -2.00000
104100571 -0.74081 0.98200 -2.00000
104100572 -0.74081 0.98600 -2.00000
104100573 -0.74081 0.99000 -2.00000
104100574 -0.74081 0.99400 -2.00000
104100575 -0.74081 0.99800 -2.00000
104100576 -0.74081 1.00200 -2.00000
104100577 -0.74081 1.00600 -2.00000
104100578 -0.74081 1.01000 -2.00000
104100579 -0.74081 1.01400 -2.00000
104100580 -0.74081 1.01800 -2.00000
104100581 -0.74081 1.02200 -2.00000
104100582 -0.74081 1.02600 -2.00000
104100583 -0.74081 1.03000 -2.00000
104100584 -0.74081 1.03400 -2.00000
104100585 -0.74081 1.03800 -2.00000
104100586 -0.74081 1.04200 -2.00000
104100587 -0.74081 1.04600 -2.00000
104100588 -0.74081 1.05000 -2.00000
104100589 -0.74081 1.05400 -2.00000
104100590 -0.74081 1.05800 -2.00000
104100591 -0.74081 1.06200 -2.00000
104100592 -0.74081 1.06600 -2.00000
104100593 -0.74081 1.07000 -2.00000
104100594 -0.74081 1.07400 -2.00000
104100595 -0.74081 1.07800 -2.00000
104100596 -0.74081 1.08200 -2.00000
104100597 -0.74081 1.08600 -2.00000
104100598 -0.74081 1.09000 -2.00000
104100599 -0.74081 1.09400 -2.00000
104100600 -0.74081 1.09800 -2.00000
104100601 -0.73231 0.50200 -2.00000
104100602 -0.73231 0.50600 -2.00000
104100603 -0.73231 0.51000 -2.00000
104100604 -0.73231 0.51400 -2.00000
104100605 -0.73231 0.51800 -2.00000
104100606 -0.73231 0.52200 -2.00000
104100607 -0.73231 0.52600 -2.00000
104100608 -0.73231 0.53000 -2.00000
104100609 -0.73231 0.53400 -2.00000
104100610 -0.73231 0.53800 -2.00000
104100611 -0.73231 0.54200 -2.00000
104100612 -0.73231 0.54600 -2.00000
104100613 -0.73231 0.55000 -2.00000
104100614 -0.73231 0.55400 -2.00000
104100615 -0.73231 0.55800 -2.00000
104100616 -0.73231 0.56200 -2.00000
104100617 -0.73231 0.56600 -2.00000
104100618 -0.73231 0.57000 -2.00000
104100619 -0.73231 0.57400 -2.00000
104100620 -0.73231 0.57800 -2.00000
104100621 -0.73231 0.58200 -2.00000
104100622 -0.73231 0.58600 -2.00000
104100623 -0.73231 0.59000 -2.00000
104100624 -0.73231 0.59400 -2.00000
104100625 -0.73231 0.59800 -2.00000
104100626 -0.73231 0.60200 -2.00000
104100627 -0.73231 0.60600 -2.00000
104100628 -0.73231 0.61000 -2.00000
104100629 -0.73231 0.61400 -2.00000
104100630 -0.73231 0.61800 -2.00000
104100631 -0.73231 0.62200 -2.00000
104100632 -0.73231 0.62600 -2.00000
104100633 -0.73231 0.63000 -2.00000
104100634 -0.73231 0.63400 -2.00000
104100635 -0.73231 0.63800 -2.00000
104100636 -0.73231 0.64200 -2.00000
104100637 -0.73231 0.64600 -2.00000
104100638 -0.73231 0.65000 -2.00000
104100639 -0.73231 0.65400 -2.00000
104100640 -0.73231 0.65800 -2.00000
104100641 -0.73231 0.66200 -2.00000
104100642 -0.73231 0.66600 -2.00000
104100643 -0.73231 0.67000 -2.00000
104100644 -0.73231 0.67400 -2.00000
104100645 -0.73231 0.67800 -2.00000
104100646 -0.73231 0.68200 -2.00000
104100647 -0.73231 0.68600 -2.00000
104100648 -0.73231 0.69000 -2.00000
104100649 -0.73231 0.69400 -2.00000
104100650 -0.73231 0.69800 -2.00000
104100651 -0.73231 0.70200 -2.00000
104100652 -0.73231 0.70600 -2.00000
104100653 -0.73231 0.71000 -2.00000
104100654 -0.73231 0.71400 -2.00000
104100655 -0.73231 0.71800 -2.00000
104100656 -0.73231 0.72200 -2.00000
104100657 -0.73231 0.72600 -2.00000
104100658 -0.73231 0.73000 -2.00000
104100659 -0.73231 0.73400 -2.00000
104100660 -0.73231 0.73800 -2.00000
104100661 -0.73231 0.74200 -2.00000
104100662 -0.73231 0.74600 -2.00000
104100663 -0.73231 0.75000 -2.00000
104100664 -0.73231 0.75400 -2.00000
104100665 -0.73231 0.75800 -2.00000
104100666 -0.73231 0.76200 -2.00000
104100667 -0.73231 0.76600 -2.00000
104100668 -0.73231 0.77000 -2.00000
104100669 -0.73231 0.77400 -2.00000
104100670 -0.73231 0.77800 -2.00000
104100671 -0.73231 0.78200 -2.00000
104100672 -0.73231 0.78600 -2.00000
104100673 -0.73231 0.79000 -2.00000
104100674 -0.73231 0.79400 -2.00000
104100675 -0.73231 0.79800 -2.00000
104100676 -0.73231 0.80200 -2.00000
104100677 -0.73231 0.80600 -2.00000
104100678 -0.73231 0.81000 -2.00000
104100679 -0.73231 0.81400 -2.00000
104100680 -0.73231 0.81800 -2.00000
104100681 -0.73231 0.82200 -2.00000
104100682 -0.73231 0.82600 -2.00000
104100683 -0.73231 0.83000 -2.00000
104100684 -0.73231 0.83400 -2.00000
104100685 -0.73231 0.83800 -2.00000
104100686 -0.73231 0.84200 -2.00000
104100687 -0.73231 0.84600 -2.00000
104100688 -0.73231 0.85000 -2.00000
104100689 -0.73231 0.85400 -2.00000
104100690 -0.73231 0.85800 -2.00000
104100691 -0.73231 0.86200 -2.00000
104100692 -0.73231 0.86600 -2.00000
104100693 -0.73231 0.87000 -2.00000
104100694 -0.73231 0.87400 -2.00000
104100695 -0.73231 0.87800 -2.00000
104100696 -0.73231 0.88200 -2.00000
104100697 -0.73231 0.88600 -2.00000
104100698 -0.73231 0.89000 -2.00000
104100699 -0.73231 0.89400 -2.00000
104100700 -0.73231 0.89800 -2.00000
104100701 -0.73231 0.90200 -2.00000
104100702 -0.73231 0.90600 -2.00000
104100703 -0.73231 0.91000 -2.00000
104100704 -0.73231 0.91400 -2.00000
104100705 -0.73231 0.91800 -2.00000
104100706 -0.73231 0.92200 -2.00000
104100707 -0.73231 0.92600 -2.00000
104100708 -0.73231 0.93000 -2.00000
104100709 -0.73231 0.93400 -2.00000
104100710 -0.73231 0.93800 -2.00000
104100711 -0.73231 0.94200 -2.00000
104100712 -0.73231 0.94600 -2.00000
104100713 -0.73231 0.95000 -2.00000
104100714 -0.73231 0.95400 -2.00000
104100715 -0.73231 0.95800 -2.00000
104100716 -0.73231 0.96200 -2.00000
104100717 -0.73231 0.96600 -2.00000
104100718 -0.73231 0.97000 -2.00000
104100719 -0.73231 0.97400 -2.00000
104100720 -0.73231 0.97800 -2.00000
104100721 -0.73231 0.98200 -2.00000
104100722 -0.73231 0.98600 -2.00000
104100723 -0.73231 0.99000 -2.00000
104100724 -0.73231 0.99400 -2.00000
104100725 -0.73231 0.99800 -2.00000
104100726 -0.73231 1.00200 -2.00000
104100727 -0.73231 1.00600 -2.00000
104100728 -0.73231 1.01000 -2.00000
104100729 -0.73231 1.01400 -2.00000
104100730 -0.73231 1.01800 -2.00000
104100731 -0.73231 1.02200 -2.00000
104100732 -0.73231 1.02600 -2.00000
104100733 -0.73231 1.03000 -2.00000
104100734 -0.73231 1.03400 -2.00000
104100735 -0.73231 1.03800 -2.00000
104100736 -0.73231 1.04200 -2.00000
104100737 -0.73231 1.04600 -2.00000
104100738 -0.73231 1.05000 -2.00000
104100739 -0.73231 1.05400 -2.00000
104100740 -0.73231 1.05800 -2.00000
104100741 -0.73231 1.06200 -2.00000
104100742 -0.73231 1.06600 -2.00000
104100743 -0.73231 1.07000 -2.00000
104100744 -0.73231 1.07400 -2.00000
104100745 -0.73231 1.07800 -2.00000
104100746 -0.73231 1.08200 -2.00000
104100747 -0.73231 1.08600 -2.00000
104100748 -0.73231 1.09000 -2.00000
104100749 -0.73231 1.09400 -2.00000
104100750 -0.73231 1.09800 -2.00000
104100751 -0.72381 0.50200 -2.00000
104100752 -0.72381 0.50600 -2.00000
104100753 -0.72381 0.51000 -2.00000
104100754 -0.72381 0.51400 -2.00000
104100755 -0.72381 0.51800 -2.00000
104100756 -0.72381 0.52200 -2.00000
104100757 -0.72381 0.52600 -2.00000
104100758 -0.72381 0.53000 -2.00000
104100759 -0.72381 0.53400 -2.00000
104100760 -0.72381 0.53800 -2.00000
104100761 -0.72381 0.54200 -2.00000
104100762 -0.72381 0.54600 -2.00000
104100763 -0.72381 0.55000 -2.00000
104100764 -0.72381 0.55400 -2.00000
104100765 -0.72381 0.55800 -2.00000
104100766 -0.72381 0.56200 -2.00000
104100767 -0.72381 0.56600 -2.00000
104100768 -0.72381 0.57000 -2.00000
104100769 -0.72381 0.57400 -2.00000
104100770 -0.72381 0.57800 -2.00000
104100771 -0.72381 0.58200 -2.00000
104100772 -0.72381 0.58600 -2.00000
104100773 -0.72381 0.59000 -2.00000
104100774 -0.72381 0.59400 -2.00000
104100775 -0.72381 0.59800 -2.00000
104100776 -0.72381 0.60200 -2.00000
104100777 -0.72381 0.60600 -2.00000
104100778 -0.72381 0.61000 -2.00000
104100779 -0.72381 0.61400 -2.00000
104100780 -0.72381 0.61800 -2.00000
104100781 -0.72381 0.62200 -2.00000
104100782 -0.72381 0.62600 -2.00000
104100783 -0.72381 0.63000 -2.00000
104100784 -0.72381 0.63400 -2.00000
104100785 -0.72381 0.63800 -2.00000
104100786 -0.72381 0.64200 -2.00000
104100787 -0.72381 0.64600 -2.00000
104100788 -0.72381 0.65000 -2.00000
104100789 -0.72381 0.65400 -2.00000
104100790 -0.72381 0.65800 -2.00000
104100791 -0.72381 0.66200 -2.00000
104100792 -0.72381 0.66600 -2.00000
104100793 -0.72381 0.67000 -2.00000
104100794 -0.72381 0.67400 -2.00000
104100795 -0.72381 0.67800 -2.00000
104100796 -0.72381 0.68200 -2.00000
104100797 -0.72381 0.68600 -2.00000
104100798 -0.72381 0.69000 -2.00000
104100799 -0.72381 0.69400 -2.00000
104100800 -0.72381 0.69800 -2.00000
104100801 -0.72381 0.70200 -2.00000
104100802 -0.72381 0.70600 -2.00000
104100803 -0.72381 0.71000 -2.00000
104100804 -0.72381 0.71400 -2.00000
104100805 -0.72381 0.71800 -2.00000
104100806 -0.72381 0.72200 -2.00000
104100807 -0.72381 0.72600 -2.00000
104100808 -0.72381 0.73000 -2.00000
104100809 -0.72381 0.73400 -2.00000
104100810 -0.72381 0.73800 -2.00000
104100811 -0.72381 0.74200 -2.00000
104100812 -0.72381 0.74600 -2.00000
104100813 -0.72381 0.75000 -2.00000
104100814 -0.72381 0.75400 -2.00000
104100815 -0.72381 0.75800 -2.00000
104100816 -0.72381 0.76200 -2.00000
104100817 -0.72381 0.76600 -2.00000
104100818 -0.72381 0.77000 -2.00000
104100819 -0.72381 0.77400 -2.00000
104100820 -0.72381 0.77800 -2.00000
104100821 -0.72381 0.78200 -2.00000
104100822 -0.72381 0.78600 -2.00000
104100823 -0.72381 0.79000 -2.00000
104100824 -0.72381 0.79400 -2.00000
104100825 -0.72381 0.79800 -2.00000
104100826 -0.72381 0.80200 -2.00000
104100827 -0.72381 0.80600 -2.00000
104100828 -0.72381 0.81000 -2.00000
104100829 -0.72381 0.81400 -2.00000
104100830 -0.72381 0.81800 -2.00000
104100831 -0.72381 0.82200 -2.00000
104100832 -0.72381 0.82600 -2.00000
104100833 -0.72381 0.83000 -2.00000
104100834 -0.72381 0.83400 -2.00000
104100835 -0.72381 0.83800 -2.00000
104100836 -0.72381 0.84200 -2.00000
104100837 -0.72381 0.84600 -2.00000
104100838 -0.72381 0.85000 -2.00000
104100839 -0.72381 0.85400 -2.00000
104100840 -0.72381 0.85800 -2.00000
104100841 -0.72381 0.86200 -2.00000
104100842 -0.72381 0.86600 -2.00000
104100843 -0.72381 0.87000 -2.00000
104100844 -0.72381 0.87400 -2.00000
104100845 -0.72381 0.87800 -2.00000
104100846 -0.72381 0.88200 -2.00000
104100847 -0.72381 0.88600 -2.00000
104100848 -0.72381 0.89000 -2.00000
104100849 -0.72381 0.89400 -2.00000
104100850 -0.72381 0.89800 -2.00000
104100851 -0.72381 0.90200 -2.00000
104100852 -0.72381 0.90600 -2.00000
104100853 -0.72381 0.91000 -2.00000
104100854 -0.72381 0.91400 -2.00000
104100855 -0.72381 0.91800 -2.00000
104100856 -0.72381 0.92200 -2.00000
104100857 -0.72381 0.92600 -2.00000
104100858 -0.72381 0.93000 -2.00000
104100859 -0.72381 0.93400 -2.00000
104100860 -0.72381 0.93800 -2.00000
104100861 -0.72381 0.94200 -2.00000
104100862 -0.72381 0.94600 -2.00000
104100863 -0.72381 0.95000 -2.00000
104100864 -0.72381 0.95400 -2.00000
104100865 -0.72381 0.95800 -2.00000
104100866 -0.72381 0.96200 -2.00000
104100867 -0.72381 0.96600 -2.00000
104100868 -0.72381 0.97000 -2.00000
104100869 -0.72381 0.97400 -2.00000
104100870 -0.72381 0.97800 -2.00000
104100871 -0.72381 0.98200 -2.00000
104100872 -0.72381 0.98600 -2.00000
104100873 -0.72381 0.99000 -2.00000
104100874 -0.72381 0.99400 -2.00000
104100875 -0.72381 0.99800 -2.00000
104100876 -0.72381 1.00200 -2.00000
104100877 -0.72381 1.00600 -2.00000
104100878 -0.72381 1.01000 -2.00000
104100879 -0.72381 1.01400 -2.00000
104100880 -0.72381 1.01800 -2.00000
104100881 -0.72381 1.02200 -2.00000
104100882 -0.72381 1.02600 -2.00000
104100883 -0.72381 1.03000 -2.00000
104100884 -0.72381 1.03400 -2.00000
104100885 -0.72381 1.03800 -2.00000
104100886 -0.72381 1.04200 -2.00000
104100887 -0.72381 1.04600 -2.00000
104100888 -0.72381 1.05000 -2.00000
104100889 -0.72381 1.05400 -2.00000
104100890 -0.72381 1.05800 -2.00000
104100891 -0.72381 1.06200 -2.00000
104100892 -0.72381 1.06600 -2.00000
104100893 -0.72381 1.07000 -2.00000
104100894 -0.72381 1.07400 -2.00000
104100895 -0.72381 1.07800 -2.00000
104100896 -0.72381 1.08200 -2.00000
104100897 -0.72381 1.08600 -2.00000
104100898 -0.72381 1.09000 -2.00000
104100899 -0.72381 1.09400 -2.00000
104100900 -0.72381 1.09800 -2.00000
104100901 -0.71531 0.50200 -2.00000
104100902 -0.71531 0.50600 -2.00000
104100903 -0.71531 0.51000 -2.00000
104100904 -0.71531 0.51400 -2.00000
104100905 -0.71531 0.51800 -2.00000
104100906 -0.71531 0.52200 -2.00000
104100907 -0.71531 0.52600 -2.00000
104100908 -0.71531 0.53000 -2.00000
104100909 -0.71531 0.53400 -2.00000
104100910 -0.71531 0.53800 -2.00000
104100911 -0.71531 0.54200 -2.00000
104100912 -0.71531 0.54600 -2.00000
104100913 -0.71531 0.55000 -2.00000
104100914 -0.71531 0.55400 -2.00000
104100915 -0.71531 0.55800 -2.00000
104100916 -0.71531 0.56200 -2.00000
104100917 -0.71531 0.56600 -2.00000
104100918 -0.71531 0.57000 -2.00000
104100919 -0.71531 0.57400 -2.00000
104100920 -0.71531 0.57800 -2.00000
104100921 -0.71531 0.58200 -2.00000
104100922 -0.71531 0.58600 -2.00000
104100923 -0.71531 0.59000 -2.00000
104100924 -0.71531 0.59400 -2.00000
104100925 -0.71531 0.59800 -2.00000
104100926 -0.71531 0.60200 -2.00000
104100927 -0.71531 0.60600 -2.00000
104100928 -0.71531 0.61000 -2.00000
104100929 -0.71531 0.61400 -2.00000
104100930 -0.71531 0.61800 -2.00000
104100931 -0.71531 0.62200 -2.00000
104100932 -0.71531 0.62600 -2.00000
104100933 -0.71531 0.63000 -2.00000
104100934 -0.71531 0.63400 -2.00000
104100935 -0.71531 0.63800 -2.00000
104100936 -0.71531 0.64200 -2.00000
104100937 -0.71531 0.64600 -2.00000
104100938 -0.71531 0.65000 -2.00000
104100939 -0.71531 0.65400 -2.00000
104100940 -0.71531 0.65800 -2.00000
104100941 -0.71531 0.66200 -2.00000
104100942 -0.71531 0.66600 -2.00000
104100943 -0.71531 0.67000 -2.00000
104100944 -0.71531 0.67400 -2.00000
104100945 -0.71531 0.67800 -2.00000
104100946 -0.71531 0.68200 -2.00000
104100947 -0.71531 0.68600 -2.00000
104100948 -0.71531 0.69000 -2.00000
104100949 -0.71531 0.69400 -2.00000
104100950 -0.71531 0.69800 -2.00000
104100951 -0.71531 0.70200 -2.00000
104100952 -0.71531 0.70600 -2.00000
104100953 -0.71531 0.71000 -2.00000
104100954 -0.71531 0.71400 -2.00000
104100955 -0.71531 0.71800 -2.00000
104100956 -0.71531 0.72200 -2.00000
104100957 -0.71531 0.72600 -2.00000
104100958 -0.71531 0.73000 -2.00000
104100959 -0.71531 0.73400 -2.00000
104100960 -0.71531 0.73800 -2.00000
104100961 -0.71531 0.74200 -2.00000
104100962 -0.71531 0.74600 -2.00000
104100963 -0.71531 0.75000 -2.00000
104100964 -0.71531 0.75400 -2.00000
104100965 -0.71531 0.75800 -2.00000
104100966 -0.71531 0.76200 -2.00000
104100967 -0.71531 0.76600 -2.00000
104100968 -0.71531 0.77000 -2.00000
104100969 -0.71531 0.77400 -2.00000
104100970 -0.71531 0.77800 -2.00000
104100971 -0.71531 0.78200 -2.00000
104100972 -0.71531 0.78600 -2.00000
104100973 -0.71531 0.79000 -2.00000
104100974 -0.71531 0.79400 -2.00000
104100975 -0.71531 0.79800 -2.00000
104100976 -0.71531 0.80200 -2.00000
104100977 -0.71531 0.80600 -2.00000
104100978 -0.71531 0.81000 -2.00000
104100979 -0.71531 0.81400 -2.00000
104100980 -0.71531 0.81800 -2.00000
104100981 -0.71531 0.82200 -2.00000
104100982 -0.71531 0.82600 -2.00000
104100983 -0.71531 0.83000 -2.00000
104100984 -0.71531 0.83400 -2.00000
104100985 -0.71531 0.83800 -2.00000
104100986 -0.71531 0.84200 -2.00000
104100987 -0.71531 0.84600 -2.00000
104100988 -0.71531 0.85000 -2.00000
104100989 -0.71531 0.85400 -2.00000
104100990 -0.71531 0.85800 -2.00000
104100991 -0.71531 0.86200 -2.00000
104100992 -0.71531 0.86600 -2.00000
104100993 -0.71531 0.87000 -2.00000
104100994 -0.71531 0.87400 -2.00000
104100995 -0.71531 0.87800 -2.00000
104100996 -0.71531 0.88200 -2.00000
104100997 -0.71531 0.88600 -2.00000
104100998 -0.71531 0.89000 -2.00000
104100999 -0.71531 0.89400 -2.00000
104101000 -0.71531 0.89800 -2.00000
104101001 -0.71531 0.90200 -2.00000
104101002 -0.71531 0.90600 -2.00000
104101003 -0.71531 0.91000 -2.00000
104101004 -0.71531 0.91400 -2.00000
104101005 -0.71531 0.91800 -2.00000
104101006 -0.71531 0.92200 -2.00000
104101007 -0.71531 0.92600 -2.00000
104101008 -0.71531 0.93000 -2.00000
104101009 -0.71531 0.93400 -2.00000
104101010 -0.71531 0.93800 -2.00000
104101011 -0.71531 0.94200 -2.00000
104101012 -0.71531 0.94600 -2.00000
104101013 -0.71531 0.95000 -2.00000
104101014 -0.71531 0.95400 -2.00000
104101015 -0.71531 0.95800 -2.00000
104101016 -0.71531 0.96200 -2.00000
104101017 -0.71531 0.96600 -2.00000
104101018 -0.71531 0.97000 -2.00000
104101019 -0.71531 0.97400 -2.00000
104101020 -0.71531 0.97800 -2.00000
104101021 -0.71531 0.98200 -2.00000
104101022 -0.71531 0.98600 -2.00000
104101023 -0.71531 0.99000 -2.00000
104101024 -0.71531 0.99400 -2.00000
104101025 -0.71531 0.99800 -2.00000
104101026 -0.71531 1.00200 -2.00000
104101027 -0.71531 1.00600 -2.00000
104101028 -0.71531 1.01000 -2.00000
104101029 -0.71531 1.01400 -2.00000
104101030 -0.71531 1.01800 -2.00000
104101031 -0.71531 1.02200 -2.00000
104101032 -0.71531 1.02600 -2.00000
104101033 -0.71531 1.03000 -2.00000
104101034 -0.71531 1.03400 -2.00000
104101035 -0.71531 1.03800 -2.00000
104101036 -0.71531 1.04200 -2.00000
104101037 -0.71531 1.04600 -2.00000
104101038 -0.71531 1.05000 -2.00000
104101039 -0.71531 1.05400 -2.00000
104101040 -0.71531 1.05800 -2.00000
104101041 -0.71531 1.06200 -2.00000
104101042 -0.71531 1.06600 -2.00000
104101043 -0.71531 1.07000 -2.00000
104101044 -0.71531 1.07400 -2.00000
104101045 -0.71531 1.07800 -2.00000
104101046 -0.71531 1.08200 -2.00000
104101047 -0.71531 1.08600 -2.00000
104101048 -0.71531 1.09000 -2.00000
104101049 -0.71531 1.09400 -2.00000
104101050 -0.71531 1.09800 -2.00000
104101051 -0.70681 0.50200 -2.00000
104101052 -0.70681 0.50600 -2.00000
104101053 -0.70681 0.51000 -2.00000
104101054 -0.70681 0.51400 -2.00000
104101055 -0.70681 0.51800 -2.00000
104101056 -0.70681 0.52200 -2.00000
104101057 -0.70681 0.52600 -2.00000
104101058 -0.70681 0.53000 -2.00000
104101059 -0.70681 0.53400 -2.00000
104101060 -0.70681 0.53800 -2.00000
104101061 -0.70681 0.54200 -2.00000
104101062 -0.70681 0.54600 -2.00000
104101063 -0.70681 0.55000 -2.00000
104101064 -0.70681 0.55400 -2.00000
104101065 -0.70681 0.55800 -2.00000
104101066 -0.70681 0.56200 -2.00000
104101067 -0.70681 0.56600 -2.00000
104101068 -0.70681 0.57000 -2.00000
104101069 -0.70681 0.57400 -2.00000
104101070 -0.70681 0.57800 -2.00000
104101071 -0.70681 0.58200 -2.00000
104101072 -0.70681 0.58600 -2.00000
104101073 -0.70681 0.59000 -2.00000
104101074 -0.70681 0.59400 -2.00000
104101075 -0.70681 0.59800 -2.00000
104101076 -0.70681 0.60200 -2.00000
104101077 -0.70681 0.60600 -2.00000
104101078 -0.70681 0.61000 -2.00000
104101079 -0.70681 0.61400 -2.00000
104101080 -0.70681 0.61800 -2.00000
104101081 -0.70681 0.62200 -2.00000
104101082 -0.70681 0.62600 -2.00000
104101083 -0.70681 0.63000 -2.00000
104101084 -0.70681 0.63400 -2.00000
104101085 -0.70681 0.63800 -2.00000
104101086 -0.70681 0.64200 -2.00000
104101087 -0.70681 0.64600 -2.00000
104101088 -0.70681 0.65000 -2.00000
104101089 -0.70681 0.65400 -2.00000
104101090 -0.70681 0.65800 -2.00000
104101091 -0.70681 0.66200 -2.00000
104101092 -0.70681 0.66600 -2.00000
104101093 -0.70681 0.67000 -2.00000
104101094 -0.70681 0.67400 -2.00000
104101095 -0.70681 0.67800 -2.00000
104101096 -0.70681 0.68200 -2.00000
104101097 -0.70681 0.68600 -2.00000
104101098 -0.70681 0.69000 -2.00000
104101099 -0.70681 0.69400 -2.00000
104101100 -0.70681 0.69800 -2.00000
104101101 -0.70681 0.70200 -2.00000
104101102 -0.70681 0.70600 -2.00000
104101103 -0.70681 0.71000 -2.00000
104101104 -0.70681 0.71400 -2.00000
104101105 -0.70681 0.71800 -2.00000
104101106 -0.70681 0.72200 -2.00000
104101107 -0.70681 0.72600 -2.00000
104101108 -0.70681 0.73000 -2.00000
104101109 -0.70681 0.73400 -2.00000
104101110 -0.70681 0.73800 -2.00000
104101111 -0.70681 0.74200 -2.00000
104101112 -0.70681 0.74600 -2.00000
104101113 -0.70681 0.75000 -2.00000
104101114 -0.70681 0.75400 -2.00000
104101115 -0.70681 0.75800 -2.00000
104101116 -0.70681 0.76200 -2.00000
104101117 -0.70681 0.76600 -2.00000
104101118 -0.70681 0.77000 -2.00000
104101119 -0.70681 0.77400 -2.00000
104101120 -0.70681 0.77800 -2.00000
104101121 -0.70681 0.78200 -2.00000
104101122 -0.70681 0.78600 -2.00000
104101123 -0.70681 0.79000 -2.00000
104101124 -0.70681 0.79400 -2.00000
104101125 -0.70681 0.79800 -2.00000
104101126 -0.70681 0.80200 -2.00000
104101127 -0.70681 0.80600 -2.00000
104101128 -0.70681 0.81000 -2.00000
104101129 -0.70681 0.81400 -2.00000
104101130 -0.70681 0.81800 -2.00000
104101131 -0.70681 0.82200 -2.00000
104101132 -0.70681 0.82600 -2.00000
104101133 -0.70681 0.83000 -2.00000
104101134 -0.70681 0.83400 -2.00000
104101135 -0.70681 0.83800 -2.00000
104101136 -0.70681 0.84200 -2.00000
104101137 -0.70681 0.84600 -2.00000
104101138 -0.70681 0.85000 -2.00000
104101139 -0.70681 0.85400 -2.00000
104101140 -0.70681 0.85800 -2.00000
104101141 -0.70681 0.86200 -2.00000
104101142 -0.70681 0.86600 -2.00000
104101143 -0.70681 0.87000 -2.00000
104101144 -0.70681 0.87400 -2.00000
104101145 -0.70681 0.87800 -2.00000
104101146 -0.70681 0.88200 -2.00000
104101147 -0.70681 0.88600 -2.00000
104101148 -0.70681 0.89000 -2.00000
104101149 -0.70681 0.89400 -2.00000
104101150 -0.70681 0.89800 -2.00000
104101151 -0.70681 0.90200 -2.00000
104101152 -0.70681 0.90600 -2.00000
104101153 -0.70681 0.91000 -2.00000
104101154 -0.70681 0.91400 -2.00000
104101155 -0.70681 0.91800 -2.00000
104101156 -0.70681 0.92200 -2.00000
104101157 -0.70681 0.92600 -2.00000
104101158 -0.70681 0.93000 -2.00000
104101159 -0.70681 0.93400 -2.00000
104101160 -0.70681 0.93800 -2.00000
104101161 -0.70681 0.94200 -2.00000
104101162 -0.70681 0.94600 -2.00000
104101163 -0.70681 0.95000 -2.00000
104101164 -0.70681 0.95400 -2.00000
104101165 -0.70681 0.95800 -2.00000
104101166 -0.70681 0.96200 -2.00000
104101167 -0.70681 0.96600 -2.00000
104101168 -0.70681 0.97000 -2.00000
104101169 -0.70681 0.97400 -2.00000
104101170 -0.70681 0.97800 -2.00000
104101171 -0.70681 0.98200 -2.00000
104101172 -0.70681 0.98600 -2.00000
104101173 -0.70681 0.99000 -2.00000
104101174 -0.70681 0.99400 -2.00000
104101175 -0.70681 0.99800 -2.00000
104101176 -0.70681 1.00200 -2.00000
104101177 -0.70681 1.00600 -2.00000
104101178 -0.70681 1.01000 -2.00000
104101179 -0.70681 1.01400 -2.00000
104101180 -0.70681 1.01800 -2.00000
104101181 -0.70681 1.02200 -2.00000
104101182 -0.70681 1.02600 -2.00000
104101183 -0.70681 1.03000 -2.00000
104101184 -0.70681 1.03400 -2.00000
104101185 -0.70681 1.03800 -2.00000
104101186 -0.70681 1.04200 -2.00000
104101187 -0.70681 1.04600 -2.00000
104101188 -0.70681 1.05000 -2.00000
104101189 -0.70681 1.05400 -2.00000
104101190 -0.70681 1.05800 -2.00000
104101191 -0.70681 1.06200 -2.00000
104101192 -0.70681 1.06600 -2.00000
104101193 -0.70681 1.07000 -2.00000
104101194 -0.70681 1.07400 -2.00000
104101195 -0.70681 1.07800 -2.00000
104101196 -0.70681 1.08200 -2.00000
104101197 -0.70681 1.08600 -2.00000
104101198 -0.70681 1.09000 -2.00000
104101199 -0.70681 1.09400 -2.00000
104101200 -0.70681 1.09800 -2.00000
