# pixelID  x  y  z
106110001 -0.83631 -1.09800 -2.00000
106110002 -0.83631 -1.09400 -2.00000
106110003 -0.83631 -1.09000 -2.00000
106110004 -0.83631 -1.08600 -2.00000
106110005 -0.83631 -1.08200 -2.00000
106110006 -0.83631 -1.07800 -2.00000
106110007 -0.83631 -1.07400 -2.00000
106110008 -0.83631 -1.07000 -2.00000
106110009 -0.83631 -1.06600 -2.00000
106110010 -0.83631 -1.06200 -2.00000
106110011 -0.83631 -1.05800 -2.00000
106110012 -0.83631 -1.05400 -2.00000
106110013 -0.83631 -1.05000 -2.00000
106110014 -0.83631 -1.04600 -2.00000
106110015 -0.83631 -1.04200 -2.00000
106110016 -0.83631 -1.03800 -2.00000
106110017 -0.83631 -1.03400 -2.00000
106110018 -0.83631 -1.03000 -2.00000
106110019 -0.83631 -1.02600 -2.00000
106110020 -0.83631 -1.02200 -2.00000
106110021 -0.83631 -1.01800 -2.00000
106110022 -0.83631 -1.01400 -2.00000
106110023 -0.83631 -1.01000 -2.00000
106110024 -0.83631 -1.00600 -2.00000
106110025 -0.83631 -1.00200 -2.00000
106110026 -0.83631 -0.99800 -2.00000
106110027 -0.83631 -0.99400 -2.00000
106110028 -0.83631 -0.99000 -2.00000
106110029 -0.83631 -0.98600 -2.00000
106110030 -0.83631 -0.98200 -2.00000
106110031 -0.83631 -0.97800 -2.00000
106110032 -0.83631 -0.97400 -2.00000
106110033 -0.83631 -0.97000 -2.00000
106110034 -0.83631 -0.96600 -2.00000
106110035 -0.83631 -0.96200 -2.00000
106110036 -0.83631 -0.95800 -2.00000
106110037 -0.83631 -0.95400 -2.00000
106110038 -0.83631 -0.95000 -2.00000
106110039 -0.83631 -0.94600 -2.00000
106110040 -0.83631 -0.94200 -2.00000
106110041 -0.83631 -0.93800 -2.00000
106110042 -0.83631 -0.93400 -2.00000
106110043 -0.83631 -0.93000 -2.00000
106110044 -0.83631 -0.92600 -2.00000
106110045 -0.83631 -0.92200 -2.00000
106110046 -0.83631 -0.91800 -2.00000
106110047 -0.83631 -0.91400 -2.00000
106110048 -0.83631 -0.91000 -2.00000
106110049 -0.83631 -0.90600 -2.00000
106110050 -0.83631 -0.90200 -2.00000
106110051 -0.83631 -0.89800 -2.00000
106110052 -0.83631 -0.89400 -2.00000
106110053 -0.83631 -0.89000 -2.00000
106110054 -0.83631 -0.88600 -2.00000
106110055 -0.83631 -0.88200 -2.00000
106110056 -0.83631 -0.87800 -2.00000
106110057 -0.83631 -0.87400 -2.00000
106110058 -0.83631 -0.87000 -2.00000
106110059 -0.83631 -0.86600 -2.00000
106110060 -0.83631 -0.86200 -2.00000
106110061 -0.83631 -0.85800 -2.00000
106110062 -0.83631 -0.85400 -2.00000
106110063 -0.83631 -0.85000 -2.00000
106110064 -0.83631 -0.84600 -2.00000
106110065 -0.83631 -0.84200 -2.00000
106110066 -0.83631 -0.83800 -2.00000
106110067 -0.83631 -0.83400 -2.00000
106110068 -0.83631 -0.83000 -2.00000
106110069 -0.83631 -0.82600 -2.00000
106110070 -0.83631 -0.82200 -2.00000
106110071 -0.83631 -0.81800 -2.00000
106110072 -0.83631 -0.81400 -2.00000
106110073 -0.83631 -0.81000 -2.00000
106110074 -0.83631 -0.80600 -2.00000
106110075 -0.83631 -0.80200 -2.00000
106110076 -0.83631 -0.79800 -2.00000
106110077 -0.83631 -0.79400 -2.00000
106110078 -0.83631 -0.79000 -2.00000
106110079 -0.83631 -0.78600 -2.00000
106110080 -0.83631 -0.78200 -2.00000
106110081 -0.83631 -0.77800 -2.00000
106110082 -0.83631 -0.77400 -2.00000
106110083 -0.83631 -0.77000 -2.00000
106110084 -0.83631 -0.76600 -2.00000
106110085 -0.83631 -0.76200 -2.00000
106110086 -0.83631 -0.75800 -2.00000
106110087 -0.83631 -0.75400 -2.00000
106110088 -0.83631 -0.75000 -2.00000
106110089 -0.83631 -0.74600 -2.00000
106110090 -0.83631 -0.74200 -2.00000
106110091 -0.83631 -0.73800 -2.00000
106110092 -0.83631 -0.73400 -2.00000
106110093 -0.83631 -0.73000 -2.00000
106110094 -0.83631 -0.72600 -2.00000
106110095 -0.83631 -0.72200 -2.00000
106110096 -0.83631 -0.71800 -2.00000
106110097 -0.83631 -0.71400 -2.00000
106110098 -0.83631 -0.71000 -2.00000
106110099 -0.83631 -0.70600 -2.00000
106110100 -0.83631 -0.70200 -2.00000
106110101 -0.83631 -0.69800 -2.00000
106110102 -0.83631 -0.69400 -2.00000
106110103 -0.83631 -0.69000 -2.00000
106110104 -0.83631 -0.68600 -2.00000
106110105 -0.83631 -0.68200 -2.00000
106110106 -0.83631 -0.67800 -2.00000
106110107 -0.83631 -0.67400 -2.00000
106110108 -0.83631 -0.67000 -2.00000
106110109 -0.83631 -0.66600 -2.00000
106110110 -0.83631 -0.66200 -2.00000
106110111 -0.83631 -0.65800 -2.00000
106110112 -0.83631 -0.65400 -2.00000
106110113 -0.83631 -0.65000 -2.00000
106110114 -0.83631 -0.64600 -2.00000
106110115 -0.83631 -0.64200 -2.00000
106110116 -0.83631 -0.63800 -2.00000
106110117 -0.83631 -0.63400 -2.00000
106110118 -0.83631 -0.63000 -2.00000
106110119 -0.83631 -0.62600 -2.00000
106110120 -0.83631 -0.62200 -2.00000
106110121 -0.83631 -0.61800 -2.00000
106110122 -0.83631 -0.61400 -2.00000
106110123 -0.83631 -0.61000 -2.00000
106110124 -0.83631 -0.60600 -2.00000
106110125 -0.83631 -0.60200 -2.00000
106110126 -0.83631 -0.59800 -2.00000
106110127 -0.83631 -0.59400 -2.00000
106110128 -0.83631 -0.59000 -2.00000
106110129 -0.83631 -0.58600 -2.00000
106110130 -0.83631 -0.58200 -2.00000
106110131 -0.83631 -0.57800 -2.00000
106110132 -0.83631 -0.57400 -2.00000
106110133 -0.83631 -0.57000 -2.00000
106110134 -0.83631 -0.56600 -2.00000
106110135 -0.83631 -0.56200 -2.00000
106110136 -0.83631 -0.55800 -2.00000
106110137 -0.83631 -0.55400 -2.00000
106110138 -0.83631 -0.55000 -2.00000
106110139 -0.83631 -0.54600 -2.00000
106110140 -0.83631 -0.54200 -2.00000
106110141 -0.83631 -0.53800 -2.00000
106110142 -0.83631 -0.53400 -2.00000
106110143 -0.83631 -0.53000 -2.00000
106110144 -0.83631 -0.52600 -2.00000
106110145 -0.83631 -0.52200 -2.00000
106110146 -0.83631 -0.51800 -2.00000
106110147 -0.83631 -0.51400 -2.00000
106110148 -0.83631 -0.51000 -2.00000
106110149 -0.83631 -0.50600 -2.00000
106110150 -0.83631 -0.50200 -2.00000
106110151 -0.82781 -1.09800 -2.00000
106110152 -0.82781 -1.09400 -2.00000
106110153 -0.82781 -1.09000 -2.00000
106110154 -0.82781 -1.08600 -2.00000
106110155 -0.82781 -1.08200 -2.00000
106110156 -0.82781 -1.07800 -2.00000
106110157 -0.82781 -1.07400 -2.00000
106110158 -0.82781 -1.07000 -2.00000
106110159 -0.82781 -1.06600 -2.00000
106110160 -0.82781 -1.06200 -2.00000
106110161 -0.82781 -1.05800 -2.00000
106110162 -0.82781 -1.05400 -2.00000
106110163 -0.82781 -1.05000 -2.00000
106110164 -0.82781 -1.04600 -2.00000
106110165 -0.82781 -1.04200 -2.00000
106110166 -0.82781 -1.03800 -2.00000
106110167 -0.82781 -1.03400 -2.00000
106110168 -0.82781 -1.03000 -2.00000
106110169 -0.82781 -1.02600 -2.00000
106110170 -0.82781 -1.02200 -2.00000
106110171 -0.82781 -1.01800 -2.00000
106110172 -0.82781 -1.01400 -2.00000
106110173 -0.82781 -1.01000 -2.00000
106110174 -0.82781 -1.00600 -2.00000
106110175 -0.82781 -1.00200 -2.00000
106110176 -0.82781 -0.99800 -2.00000
106110177 -0.82781 -0.99400 -2.00000
106110178 -0.82781 -0.99000 -2.00000
106110179 -0.82781 -0.98600 -2.00000
106110180 -0.82781 -0.98200 -2.00000
106110181 -0.82781 -0.97800 -2.00000
106110182 -0.82781 -0.97400 -2.00000
106110183 -0.82781 -0.97000 -2.00000
106110184 -0.82781 -0.96600 -2.00000
106110185 -0.82781 -0.96200 -2.00000
106110186 -0.82781 -0.95800 -2.00000
106110187 -0.82781 -0.95400 -2.00000
106110188 -0.82781 -0.95000 -2.00000
106110189 -0.82781 -0.94600 -2.00000
106110190 -0.82781 -0.94200 -2.00000
106110191 -0.82781 -0.93800 -2.00000
106110192 -0.82781 -0.93400 -2.00000
106110193 -0.82781 -0.93000 -2.00000
106110194 -0.82781 -0.92600 -2.00000
106110195 -0.82781 -0.92200 -2.00000
106110196 -0.82781 -0.91800 -2.00000
106110197 -0.82781 -0.91400 -2.00000
106110198 -0.82781 -0.91000 -2.00000
106110199 -0.82781 -0.90600 -2.00000
106110200 -0.82781 -0.90200 -2.00000
106110201 -0.82781 -0.89800 -2.00000
106110202 -0.82781 -0.89400 -2.00000
106110203 -0.82781 -0.89000 -2.00000
106110204 -0.82781 -0.88600 -2.00000
106110205 -0.82781 -0.88200 -2.00000
106110206 -0.82781 -0.87800 -2.00000
106110207 -0.82781 -0.87400 -2.00000
106110208 -0.82781 -0.87000 -2.00000
106110209 -0.82781 -0.86600 -2.00000
106110210 -0.82781 -0.86200 -2.00000
106110211 -0.82781 -0.85800 -2.00000
106110212 -0.82781 -0.85400 -2.00000
106110213 -0.82781 -0.85000 -2.00000
106110214 -0.82781 -0.84600 -2.00000
106110215 -0.82781 -0.84200 -2.00000
106110216 -0.82781 -0.83800 -2.00000
106110217 -0.82781 -0.83400 -2.00000
106110218 -0.82781 -0.83000 -2.00000
106110219 -0.82781 -0.82600 -2.00000
106110220 -0.82781 -0.82200 -2.00000
106110221 -0.82781 -0.81800 -2.00000
106110222 -0.82781 -0.81400 -2.00000
106110223 -0.82781 -0.81000 -2.00000
106110224 -0.82781 -0.80600 -2.00000
106110225 -0.82781 -0.80200 -2.00000
106110226 -0.82781 -0.79800 -2.00000
106110227 -0.82781 -0.79400 -2.00000
106110228 -0.82781 -0.79000 -2.00000
106110229 -0.82781 -0.78600 -2.00000
106110230 -0.82781 -0.78200 -2.00000
106110231 -0.82781 -0.77800 -2.00000
106110232 -0.82781 -0.77400 -2.00000
106110233 -0.82781 -0.77000 -2.00000
106110234 -0.82781 -0.76600 -2.00000
106110235 -0.82781 -0.76200 -2.00000
106110236 -0.82781 -0.75800 -2.00000
106110237 -0.82781 -0.75400 -2.00000
106110238 -0.82781 -0.75000 -2.00000
106110239 -0.82781 -0.74600 -2.00000
106110240 -0.82781 -0.74200 -2.00000
106110241 -0.82781 -0.73800 -2.00000
106110242 -0.82781 -0.73400 -2.00000
106110243 -0.82781 -0.73000 -2.00000
106110244 -0.82781 -0.72600 -2.00000
106110245 -0.82781 -0.72200 -2.00000
106110246 -0.82781 -0.71800 -2.00000
106110247 -0.82781 -0.71400 -2.00000
106110248 -0.82781 -0.71000 -2.00000
106110249 -0.82781 -0.70600 -2.00000
106110250 -0.82781 -0.70200 -2.00000
106110251 -0.82781 -0.69800 -2.00000
106110252 -0.82781 -0.69400 -2.00000
106110253 -0.82781 -0.69000 -2.00000
106110254 -0.82781 -0.68600 -2.00000
106110255 -0.82781 -0.68200 -2.00000
106110256 -0.82781 -0.67800 -2.00000
106110257 -0.82781 -0.67400 -2.00000
106110258 -0.82781 -0.67000 -2.00000
106110259 -0.82781 -0.66600 -2.00000
106110260 -0.82781 -0.66200 -2.00000
106110261 -0.82781 -0.65800 -2.00000
106110262 -0.82781 -0.65400 -2.00000
106110263 -0.82781 -0.65000 -2.00000
106110264 -0.82781 -0.64600 -2.00000
106110265 -0.82781 -0.64200 -2.00000
106110266 -0.82781 -0.63800 -2.00000
106110267 -0.82781 -0.63400 -2.00000
106110268 -0.82781 -0.63000 -2.00000
106110269 -0.82781 -0.62600 -2.00000
106110270 -0.82781 -0.62200 -2.00000
106110271 -0.82781 -0.61800 -2.00000
106110272 -0.82781 -0.61400 -2.00000
106110273 -0.82781 -0.61000 -2.00000
106110274 -0.82781 -0.60600 -2.00000
106110275 -0.82781 -0.60200 -2.00000
106110276 -0.82781 -0.59800 -2.00000
106110277 -0.82781 -0.59400 -2.00000
106110278 -0.82781 -0.59000 -2.00000
106110279 -0.82781 -0.58600 -2.00000
106110280 -0.82781 -0.58200 -2.00000
106110281 -0.82781 -0.57800 -2.00000
106110282 -0.82781 -0.57400 -2.00000
106110283 -0.82781 -0.57000 -2.00000
106110284 -0.82781 -0.56600 -2.00000
106110285 -0.82781 -0.56200 -2.00000
106110286 -0.82781 -0.55800 -2.00000
106110287 -0.82781 -0.55400 -2.00000
106110288 -0.82781 -0.55000 -2.00000
106110289 -0.82781 -0.54600 -2.00000
106110290 -0.82781 -0.54200 -2.00000
106110291 -0.82781 -0.53800 -2.00000
106110292 -0.82781 -0.53400 -2.00000
106110293 -0.82781 -0.53000 -2.00000
106110294 -0.82781 -0.52600 -2.00000
106110295 -0.82781 -0.52200 -2.00000
106110296 -0.82781 -0.51800 -2.00000
106110297 -0.82781 -0.51400 -2.00000
106110298 -0.82781 -0.51000 -2.00000
106110299 -0.82781 -0.50600 -2.00000
106110300 -0.82781 -0.50200 -2.00000
106110301 -0.81931 -1.09800 -2.00000
106110302 -0.81931 -1.09400 -2.00000
106110303 -0.81931 -1.09000 -2.00000
106110304 -0.81931 -1.08600 -2.00000
106110305 -0.81931 -1.08200 -2.00000
106110306 -0.81931 -1.07800 -2.00000
106110307 -0.81931 -1.07400 -2.00000
106110308 -0.81931 -1.07000 -2.00000
106110309 -0.81931 -1.06600 -2.00000
106110310 -0.81931 -1.06200 -2.00000
106110311 -0.81931 -1.05800 -2.00000
106110312 -0.81931 -1.05400 -2.00000
106110313 -0.81931 -1.05000 -2.00000
106110314 -0.81931 -1.04600 -2.00000
106110315 -0.81931 -1.04200 -2.00000
106110316 -0.81931 -1.03800 -2.00000
106110317 -0.81931 -1.03400 -2.00000
106110318 -0.81931 -1.03000 -2.00000
106110319 -0.81931 -1.02600 -2.00000
106110320 -0.81931 -1.02200 -2.00000
106110321 -0.81931 -1.01800 -2.00000
106110322 -0.81931 -1.01400 -2.00000
106110323 -0.81931 -1.01000 -2.00000
106110324 -0.81931 -1.00600 -2.00000
106110325 -0.81931 -1.00200 -2.00000
106110326 -0.81931 -0.99800 -2.00000
106110327 -0.81931 -0.99400 -2.00000
106110328 -0.81931 -0.99000 -2.00000
106110329 -0.81931 -0.98600 -2.00000
106110330 -0.81931 -0.98200 -2.00000
106110331 -0.81931 -0.97800 -2.00000
106110332 -0.81931 -0.97400 -2.00000
106110333 -0.81931 -0.97000 -2.00000
106110334 -0.81931 -0.96600 -2.00000
106110335 -0.81931 -0.96200 -2.00000
106110336 -0.81931 -0.95800 -2.00000
106110337 -0.81931 -0.95400 -2.00000
106110338 -0.81931 -0.95000 -2.00000
106110339 -0.81931 -0.94600 -2.00000
106110340 -0.81931 -0.94200 -2.00000
106110341 -0.81931 -0.93800 -2.00000
106110342 -0.81931 -0.93400 -2.00000
106110343 -0.81931 -0.93000 -2.00000
106110344 -0.81931 -0.92600 -2.00000
106110345 -0.81931 -0.92200 -2.00000
106110346 -0.81931 -0.91800 -2.00000
106110347 -0.81931 -0.91400 -2.00000
106110348 -0.81931 -0.91000 -2.00000
106110349 -0.81931 -0.90600 -2.00000
106110350 -0.81931 -0.90200 -2.00000
106110351 -0.81931 -0.89800 -2.00000
106110352 -0.81931 -0.89400 -2.00000
106110353 -0.81931 -0.89000 -2.00000
106110354 -0.81931 -0.88600 -2.00000
106110355 -0.81931 -0.88200 -2.00000
106110356 -0.81931 -0.87800 -2.00000
106110357 -0.81931 -0.87400 -2.00000
106110358 -0.81931 -0.87000 -2.00000
106110359 -0.81931 -0.86600 -2.00000
106110360 -0.81931 -0.86200 -2.00000
106110361 -0.81931 -0.85800 -2.00000
106110362 -0.81931 -0.85400 -2.00000
106110363 -0.81931 -0.85000 -2.00000
106110364 -0.81931 -0.84600 -2.00000
106110365 -0.81931 -0.84200 -2.00000
106110366 -0.81931 -0.83800 -2.00000
106110367 -0.81931 -0.83400 -2.00000
106110368 -0.81931 -0.83000 -2.00000
106110369 -0.81931 -0.82600 -2.00000
106110370 -0.81931 -0.82200 -2.00000
106110371 -0.81931 -0.81800 -2.00000
106110372 -0.81931 -0.81400 -2.00000
106110373 -0.81931 -0.81000 -2.00000
106110374 -0.81931 -0.80600 -2.00000
106110375 -0.81931 -0.80200 -2.00000
106110376 -0.81931 -0.79800 -2.00000
106110377 -0.81931 -0.79400 -2.00000
106110378 -0.81931 -0.79000 -2.00000
106110379 -0.81931 -0.78600 -2.00000
106110380 -0.81931 -0.78200 -2.00000
106110381 -0.81931 -0.77800 -2.00000
106110382 -0.81931 -0.77400 -2.00000
106110383 -0.81931 -0.77000 -2.00000
106110384 -0.81931 -0.76600 -2.00000
106110385 -0.81931 -0.76200 -2.00000
106110386 -0.81931 -0.75800 -2.00000
106110387 -0.81931 -0.75400 -2.00000
106110388 -0.81931 -0.75000 -2.00000
106110389 -0.81931 -0.74600 -2.00000
106110390 -0.81931 -0.74200 -2.00000
106110391 -0.81931 -0.73800 -2.00000
106110392 -0.81931 -0.73400 -2.00000
106110393 -0.81931 -0.73000 -2.00000
106110394 -0.81931 -0.72600 -2.00000
106110395 -0.81931 -0.72200 -2.00000
106110396 -0.81931 -0.71800 -2.00000
106110397 -0.81931 -0.71400 -2.00000
106110398 -0.81931 -0.71000 -2.00000
106110399 -0.81931 -0.70600 -2.00000
106110400 -0.81931 -0.70200 -2.00000
106110401 -0.81931 -0.69800 -2.00000
106110402 -0.81931 -0.69400 -2.00000
106110403 -0.81931 -0.69000 -2.00000
106110404 -0.81931 -0.68600 -2.00000
106110405 -0.81931 -0.68200 -2.00000
106110406 -0.81931 -0.67800 -2.00000
106110407 -0.81931 -0.67400 -2.00000
106110408 -0.81931 -0.67000 -2.00000
106110409 -0.81931 -0.66600 -2.00000
106110410 -0.81931 -0.66200 -2.00000
106110411 -0.81931 -0.65800 -2.00000
106110412 -0.81931 -0.65400 -2.00000
106110413 -0.81931 -0.65000 -2.00000
106110414 -0.81931 -0.64600 -2.00000
106110415 -0.81931 -0.64200 -2.00000
106110416 -0.81931 -0.63800 -2.00000
106110417 -0.81931 -0.63400 -2.00000
106110418 -0.81931 -0.63000 -2.00000
106110419 -0.81931 -0.62600 -2.00000
106110420 -0.81931 -0.62200 -2.00000
106110421 -0.81931 -0.61800 -2.00000
106110422 -0.81931 -0.61400 -2.00000
106110423 -0.81931 -0.61000 -2.00000
106110424 -0.81931 -0.60600 -2.00000
106110425 -0.81931 -0.60200 -2.00000
106110426 -0.81931 -0.59800 -2.00000
106110427 -0.81931 -0.59400 -2.00000
106110428 -0.81931 -0.59000 -2.00000
106110429 -0.81931 -0.58600 -2.00000
106110430 -0.81931 -0.58200 -2.00000
106110431 -0.81931 -0.57800 -2.00000
106110432 -0.81931 -0.57400 -2.00000
106110433 -0.81931 -0.57000 -2.00000
106110434 -0.81931 -0.56600 -2.00000
106110435 -0.81931 -0.56200 -2.00000
106110436 -0.81931 -0.55800 -2.00000
106110437 -0.81931 -0.55400 -2.00000
106110438 -0.81931 -0.55000 -2.00000
106110439 -0.81931 -0.54600 -2.00000
106110440 -0.81931 -0.54200 -2.00000
106110441 -0.81931 -0.53800 -2.00000
106110442 -0.81931 -0.53400 -2.00000
106110443 -0.81931 -0.53000 -2.00000
106110444 -0.81931 -0.52600 -2.00000
106110445 -0.81931 -0.52200 -2.00000
106110446 -0.81931 -0.51800 -2.00000
106110447 -0.81931 -0.51400 -2.00000
106110448 -0.81931 -0.51000 -2.00000
106110449 -0.81931 -0.50600 -2.00000
106110450 -0.81931 -0.50200 -2.00000
106110451 -0.81081 -1.09800 -2.00000
106110452 -0.81081 -1.09400 -2.00000
106110453 -0.81081 -1.09000 -2.00000
106110454 -0.81081 -1.08600 -2.00000
106110455 -0.81081 -1.08200 -2.00000
106110456 -0.81081 -1.07800 -2.00000
106110457 -0.81081 -1.07400 -2.00000
106110458 -0.81081 -1.07000 -2.00000
106110459 -0.81081 -1.06600 -2.00000
106110460 -0.81081 -1.06200 -2.00000
106110461 -0.81081 -1.05800 -2.00000
106110462 -0.81081 -1.05400 -2.00000
106110463 -0.81081 -1.05000 -2.00000
106110464 -0.81081 -1.04600 -2.00000
106110465 -0.81081 -1.04200 -2.00000
106110466 -0.81081 -1.03800 -2.00000
106110467 -0.81081 -1.03400 -2.00000
106110468 -0.81081 -1.03000 -2.00000
106110469 -0.81081 -1.02600 -2.00000
106110470 -0.81081 -1.02200 -2.00000
106110471 -0.81081 -1.01800 -2.00000
106110472 -0.81081 -1.01400 -2.00000
106110473 -0.81081 -1.01000 -2.00000
106110474 -0.81081 -1.00600 -2.00000
106110475 -0.81081 -1.00200 -2.00000
106110476 -0.81081 -0.99800 -2.00000
106110477 -0.81081 -0.99400 -2.00000
106110478 -0.81081 -0.99000 -2.00000
106110479 -0.81081 -0.98600 -2.00000
106110480 -0.81081 -0.98200 -2.00000
106110481 -0.81081 -0.97800 -2.00000
106110482 -0.81081 -0.97400 -2.00000
106110483 -0.81081 -0.97000 -2.00000
106110484 -0.81081 -0.96600 -2.00000
106110485 -0.81081 -0.96200 -2.00000
106110486 -0.81081 -0.95800 -2.00000
106110487 -0.81081 -0.95400 -2.00000
106110488 -0.81081 -0.95000 -2.00000
106110489 -0.81081 -0.94600 -2.00000
106110490 -0.81081 -0.94200 -2.00000
106110491 -0.81081 -0.93800 -2.00000
106110492 -0.81081 -0.93400 -2.00000
106110493 -0.81081 -0.93000 -2.00000
106110494 -0.81081 -0.92600 -2.00000
106110495 -0.81081 -0.92200 -2.00000
106110496 -0.81081 -0.91800 -2.00000
106110497 -0.81081 -0.91400 -2.00000
106110498 -0.81081 -0.91000 -2.00000
106110499 -0.81081 -0.90600 -2.00000
106110500 -0.81081 -0.90200 -2.00000
106110501 -0.81081 -0.89800 -2.00000
106110502 -0.81081 -0.89400 -2.00000
106110503 -0.81081 -0.89000 -2.00000
106110504 -0.81081 -0.88600 -2.00000
106110505 -0.81081 -0.88200 -2.00000
106110506 -0.81081 -0.87800 -2.00000
106110507 -0.81081 -0.87400 -2.00000
106110508 -0.81081 -0.87000 -2.00000
106110509 -0.81081 -0.86600 -2.00000
106110510 -0.81081 -0.86200 -2.00000
106110511 -0.81081 -0.85800 -2.00000
106110512 -0.81081 -0.85400 -2.00000
106110513 -0.81081 -0.85000 -2.00000
106110514 -0.81081 -0.84600 -2.00000
106110515 -0.81081 -0.84200 -2.00000
106110516 -0.81081 -0.83800 -2.00000
106110517 -0.81081 -0.83400 -2.00000
106110518 -0.81081 -0.83000 -2.00000
106110519 -0.81081 -0.82600 -2.00000
106110520 -0.81081 -0.82200 -2.00000
106110521 -0.81081 -0.81800 -2.00000
106110522 -0.81081 -0.81400 -2.00000
106110523 -0.81081 -0.81000 -2.00000
106110524 -0.81081 -0.80600 -2.00000
106110525 -0.81081 -0.80200 -2.00000
106110526 -0.81081 -0.79800 -2.00000
106110527 -0.81081 -0.79400 -2.00000
106110528 -0.81081 -0.79000 -2.00000
106110529 -0.81081 -0.78600 -2.00000
106110530 -0.81081 -0.78200 -2.00000
106110531 -0.81081 -0.77800 -2.00000
106110532 -0.81081 -0.77400 -2.00000
106110533 -0.81081 -0.77000 -2.00000
106110534 -0.81081 -0.76600 -2.00000
106110535 -0.81081 -0.76200 -2.00000
106110536 -0.81081 -0.75800 -2.00000
106110537 -0.81081 -0.75400 -2.00000
106110538 -0.81081 -0.75000 -2.00000
106110539 -0.81081 -0.74600 -2.00000
106110540 -0.81081 -0.74200 -2.00000
106110541 -0.81081 -0.73800 -2.00000
106110542 -0.81081 -0.73400 -2.00000
106110543 -0.81081 -0.73000 -2.00000
106110544 -0.81081 -0.72600 -2.00000
106110545 -0.81081 -0.72200 -2.00000
106110546 -0.81081 -0.71800 -2.00000
106110547 -0.81081 -0.71400 -2.00000
106110548 -0.81081 -0.71000 -2.00000
106110549 -0.81081 -0.70600 -2.00000
106110550 -0.81081 -0.70200 -2.00000
106110551 -0.81081 -0.69800 -2.00000
106110552 -0.81081 -0.69400 -2.00000
106110553 -0.81081 -0.69000 -2.00000
106110554 -0.81081 -0.68600 -2.00000
106110555 -0.81081 -0.68200 -2.00000
106110556 -0.81081 -0.67800 -2.00000
106110557 -0.81081 -0.67400 -2.00000
106110558 -0.81081 -0.67000 -2.00000
106110559 -0.81081 -0.66600 -2.00000
106110560 -0.81081 -0.66200 -2.00000
106110561 -0.81081 -0.65800 -2.00000
106110562 -0.81081 -0.65400 -2.00000
106110563 -0.81081 -0.65000 -2.00000
106110564 -0.81081 -0.64600 -2.00000
106110565 -0.81081 -0.64200 -2.00000
106110566 -0.81081 -0.63800 -2.00000
106110567 -0.81081 -0.63400 -2.00000
106110568 -0.81081 -0.63000 -2.00000
106110569 -0.81081 -0.62600 -2.00000
106110570 -0.81081 -0.62200 -2.00000
106110571 -0.81081 -0.61800 -2.00000
106110572 -0.81081 -0.61400 -2.00000
106110573 -0.81081 -0.61000 -2.00000
106110574 -0.81081 -0.60600 -2.00000
106110575 -0.81081 -0.60200 -2.00000
106110576 -0.81081 -0.59800 -2.00000
106110577 -0.81081 -0.59400 -2.00000
106110578 -0.81081 -0.59000 -2.00000
106110579 -0.81081 -0.58600 -2.00000
106110580 -0.81081 -0.58200 -2.00000
106110581 -0.81081 -0.57800 -2.00000
106110582 -0.81081 -0.57400 -2.00000
106110583 -0.81081 -0.57000 -2.00000
106110584 -0.81081 -0.56600 -2.00000
106110585 -0.81081 -0.56200 -2.00000
106110586 -0.81081 -0.55800 -2.00000
106110587 -0.81081 -0.55400 -2.00000
106110588 -0.81081 -0.55000 -2.00000
106110589 -0.81081 -0.54600 -2.00000
106110590 -0.81081 -0.54200 -2.00000
106110591 -0.81081 -0.53800 -2.00000
106110592 -0.81081 -0.53400 -2.00000
106110593 -0.81081 -0.53000 -2.00000
106110594 -0.81081 -0.52600 -2.00000
106110595 -0.81081 -0.52200 -2.00000
106110596 -0.81081 -0.51800 -2.00000
106110597 -0.81081 -0.51400 -2.00000
106110598 -0.81081 -0.51000 -2.00000
106110599 -0.81081 -0.50600 -2.00000
106110600 -0.81081 -0.50200 -2.00000
106110601 -0.80231 -1.09800 -2.00000
106110602 -0.80231 -1.09400 -2.00000
106110603 -0.80231 -1.09000 -2.00000
106110604 -0.80231 -1.08600 -2.00000
106110605 -0.80231 -1.08200 -2.00000
106110606 -0.80231 -1.07800 -2.00000
106110607 -0.80231 -1.07400 -2.00000
106110608 -0.80231 -1.07000 -2.00000
106110609 -0.80231 -1.06600 -2.00000
106110610 -0.80231 -1.06200 -2.00000
106110611 -0.80231 -1.05800 -2.00000
106110612 -0.80231 -1.05400 -2.00000
106110613 -0.80231 -1.05000 -2.00000
106110614 -0.80231 -1.04600 -2.00000
106110615 -0.80231 -1.04200 -2.00000
106110616 -0.80231 -1.03800 -2.00000
106110617 -0.80231 -1.03400 -2.00000
106110618 -0.80231 -1.03000 -2.00000
106110619 -0.80231 -1.02600 -2.00000
106110620 -0.80231 -1.02200 -2.00000
106110621 -0.80231 -1.01800 -2.00000
106110622 -0.80231 -1.01400 -2.00000
106110623 -0.80231 -1.01000 -2.00000
106110624 -0.80231 -1.00600 -2.00000
106110625 -0.80231 -1.00200 -2.00000
106110626 -0.80231 -0.99800 -2.00000
106110627 -0.80231 -0.99400 -2.00000
106110628 -0.80231 -0.99000 -2.00000
106110629 -0.80231 -0.98600 -2.00000
106110630 -0.80231 -0.98200 -2.00000
106110631 -0.80231 -0.97800 -2.00000
106110632 -0.80231 -0.97400 -2.00000
106110633 -0.80231 -0.97000 -2.00000
106110634 -0.80231 -0.96600 -2.00000
106110635 -0.80231 -0.96200 -2.00000
106110636 -0.80231 -0.95800 -2.00000
106110637 -0.80231 -0.95400 -2.00000
106110638 -0.80231 -0.95000 -2.00000
106110639 -0.80231 -0.94600 -2.00000
106110640 -0.80231 -0.94200 -2.00000
106110641 -0.80231 -0.93800 -2.00000
106110642 -0.80231 -0.93400 -2.00000
106110643 -0.80231 -0.93000 -2.00000
106110644 -0.80231 -0.92600 -2.00000
106110645 -0.80231 -0.92200 -2.00000
106110646 -0.80231 -0.91800 -2.00000
106110647 -0.80231 -0.91400 -2.00000
106110648 -0.80231 -0.91000 -2.00000
106110649 -0.80231 -0.90600 -2.00000
106110650 -0.80231 -0.90200 -2.00000
106110651 -0.80231 -0.89800 -2.00000
106110652 -0.80231 -0.89400 -2.00000
106110653 -0.80231 -0.89000 -2.00000
106110654 -0.80231 -0.88600 -2.00000
106110655 -0.80231 -0.88200 -2.00000
106110656 -0.80231 -0.87800 -2.00000
106110657 -0.80231 -0.87400 -2.00000
106110658 -0.80231 -0.87000 -2.00000
106110659 -0.80231 -0.86600 -2.00000
106110660 -0.80231 -0.86200 -2.00000
106110661 -0.80231 -0.85800 -2.00000
106110662 -0.80231 -0.85400 -2.00000
106110663 -0.80231 -0.85000 -2.00000
106110664 -0.80231 -0.84600 -2.00000
106110665 -0.80231 -0.84200 -2.00000
106110666 -0.80231 -0.83800 -2.00000
106110667 -0.80231 -0.83400 -2.00000
106110668 -0.80231 -0.83000 -2.00000
106110669 -0.80231 -0.82600 -2.00000
106110670 -0.80231 -0.82200 -2.00000
106110671 -0.80231 -0.81800 -2.00000
106110672 -0.80231 -0.81400 -2.00000
106110673 -0.80231 -0.81000 -2.00000
106110674 -0.80231 -0.80600 -2.00000
106110675 -0.80231 -0.80200 -2.00000
106110676 -0.80231 -0.79800 -2.00000
106110677 -0.80231 -0.79400 -2.00000
106110678 -0.80231 -0.79000 -2.00000
106110679 -0.80231 -0.78600 -2.00000
106110680 -0.80231 -0.78200 -2.00000
106110681 -0.80231 -0.77800 -2.00000
106110682 -0.80231 -0.77400 -2.00000
106110683 -0.80231 -0.77000 -2.00000
106110684 -0.80231 -0.76600 -2.00000
106110685 -0.80231 -0.76200 -2.00000
106110686 -0.80231 -0.75800 -2.00000
106110687 -0.80231 -0.75400 -2.00000
106110688 -0.80231 -0.75000 -2.00000
106110689 -0.80231 -0.74600 -2.00000
106110690 -0.80231 -0.74200 -2.00000
106110691 -0.80231 -0.73800 -2.00000
106110692 -0.80231 -0.73400 -2.00000
106110693 -0.80231 -0.73000 -2.00000
106110694 -0.80231 -0.72600 -2.00000
106110695 -0.80231 -0.72200 -2.00000
106110696 -0.80231 -0.71800 -2.00000
106110697 -0.80231 -0.71400 -2.00000
106110698 -0.80231 -0.71000 -2.00000
106110699 -0.80231 -0.70600 -2.00000
106110700 -0.80231 -0.70200 -2.00000
106110701 -0.80231 -0.69800 -2.00000
106110702 -0.80231 -0.69400 -2.00000
106110703 -0.80231 -0.69000 -2.00000
106110704 -0.80231 -0.68600 -2.00000
106110705 -0.80231 -0.68200 -2.00000
106110706 -0.80231 -0.67800 -2.00000
106110707 -0.80231 -0.67400 -2.00000
106110708 -0.80231 -0.67000 -2.00000
106110709 -0.80231 -0.66600 -2.00000
106110710 -0.80231 -0.66200 -2.00000
106110711 -0.80231 -0.65800 -2.00000
106110712 -0.80231 -0.65400 -2.00000
106110713 -0.80231 -0.65000 -2.00000
106110714 -0.80231 -0.64600 -2.00000
106110715 -0.80231 -0.64200 -2.00000
106110716 -0.80231 -0.63800 -2.00000
106110717 -0.80231 -0.63400 -2.00000
106110718 -0.80231 -0.63000 -2.00000
106110719 -0.80231 -0.62600 -2.00000
106110720 -0.80231 -0.62200 -2.00000
106110721 -0.80231 -0.61800 -2.00000
106110722 -0.80231 -0.61400 -2.00000
106110723 -0.80231 -0.61000 -2.00000
106110724 -0.80231 -0.60600 -2.00000
106110725 -0.80231 -0.60200 -2.00000
106110726 -0.80231 -0.59800 -2.00000
106110727 -0.80231 -0.59400 -2.00000
106110728 -0.80231 -0.59000 -2.00000
106110729 -0.80231 -0.58600 -2.00000
106110730 -0.80231 -0.58200 -2.00000
106110731 -0.80231 -0.57800 -2.00000
106110732 -0.80231 -0.57400 -2.00000
106110733 -0.80231 -0.57000 -2.00000
106110734 -0.80231 -0.56600 -2.00000
106110735 -0.80231 -0.56200 -2.00000
106110736 -0.80231 -0.55800 -2.00000
106110737 -0.80231 -0.55400 -2.00000
106110738 -0.80231 -0.55000 -2.00000
106110739 -0.80231 -0.54600 -2.00000
106110740 -0.80231 -0.54200 -2.00000
106110741 -0.80231 -0.53800 -2.00000
106110742 -0.80231 -0.53400 -2.00000
106110743 -0.80231 -0.53000 -2.00000
106110744 -0.80231 -0.52600 -2.00000
106110745 -0.80231 -0.52200 -2.00000
106110746 -0.80231 -0.51800 -2.00000
106110747 -0.80231 -0.51400 -2.00000
106110748 -0.80231 -0.51000 -2.00000
106110749 -0.80231 -0.50600 -2.00000
106110750 -0.80231 -0.50200 -2.00000
106110751 -0.79381 -1.09800 -2.00000
106110752 -0.79381 -1.09400 -2.00000
106110753 -0.79381 -1.09000 -2.00000
106110754 -0.79381 -1.08600 -2.00000
106110755 -0.79381 -1.08200 -2.00000
106110756 -0.79381 -1.07800 -2.00000
106110757 -0.79381 -1.07400 -2.00000
106110758 -0.79381 -1.07000 -2.00000
106110759 -0.79381 -1.06600 -2.00000
106110760 -0.79381 -1.06200 -2.00000
106110761 -0.79381 -1.05800 -2.00000
106110762 -0.79381 -1.05400 -2.00000
106110763 -0.79381 -1.05000 -2.00000
106110764 -0.79381 -1.04600 -2.00000
106110765 -0.79381 -1.04200 -2.00000
106110766 -0.79381 -1.03800 -2.00000
106110767 -0.79381 -1.03400 -2.00000
106110768 -0.79381 -1.03000 -2.00000
106110769 -0.79381 -1.02600 -2.00000
106110770 -0.79381 -1.02200 -2.00000
106110771 -0.79381 -1.01800 -2.00000
106110772 -0.79381 -1.01400 -2.00000
106110773 -0.79381 -1.01000 -2.00000
106110774 -0.79381 -1.00600 -2.00000
106110775 -0.79381 -1.00200 -2.00000
106110776 -0.79381 -0.99800 -2.00000
106110777 -0.79381 -0.99400 -2.00000
106110778 -0.79381 -0.99000 -2.00000
106110779 -0.79381 -0.98600 -2.00000
106110780 -0.79381 -0.98200 -2.00000
106110781 -0.79381 -0.97800 -2.00000
106110782 -0.79381 -0.97400 -2.00000
106110783 -0.79381 -0.97000 -2.00000
106110784 -0.79381 -0.96600 -2.00000
106110785 -0.79381 -0.96200 -2.00000
106110786 -0.79381 -0.95800 -2.00000
106110787 -0.79381 -0.95400 -2.00000
106110788 -0.79381 -0.95000 -2.00000
106110789 -0.79381 -0.94600 -2.00000
106110790 -0.79381 -0.94200 -2.00000
106110791 -0.79381 -0.93800 -2.00000
106110792 -0.79381 -0.93400 -2.00000
106110793 -0.79381 -0.93000 -2.00000
106110794 -0.79381 -0.92600 -2.00000
106110795 -0.79381 -0.92200 -2.00000
106110796 -0.79381 -0.91800 -2.00000
106110797 -0.79381 -0.91400 -2.00000
106110798 -0.79381 -0.91000 -2.00000
106110799 -0.79381 -0.90600 -2.00000
106110800 -0.79381 -0.90200 -2.00000
106110801 -0.79381 -0.89800 -2.00000
106110802 -0.79381 -0.89400 -2.00000
106110803 -0.79381 -0.89000 -2.00000
106110804 -0.79381 -0.88600 -2.00000
106110805 -0.79381 -0.88200 -2.00000
106110806 -0.79381 -0.87800 -2.00000
106110807 -0.79381 -0.87400 -2.00000
106110808 -0.79381 -0.87000 -2.00000
106110809 -0.79381 -0.86600 -2.00000
106110810 -0.79381 -0.86200 -2.00000
106110811 -0.79381 -0.85800 -2.00000
106110812 -0.79381 -0.85400 -2.00000
106110813 -0.79381 -0.85000 -2.00000
106110814 -0.79381 -0.84600 -2.00000
106110815 -0.79381 -0.84200 -2.00000
106110816 -0.79381 -0.83800 -2.00000
106110817 -0.79381 -0.83400 -2.00000
106110818 -0.79381 -0.83000 -2.00000
106110819 -0.79381 -0.82600 -2.00000
106110820 -0.79381 -0.82200 -2.00000
106110821 -0.79381 -0.81800 -2.00000
106110822 -0.79381 -0.81400 -2.00000
106110823 -0.79381 -0.81000 -2.00000
106110824 -0.79381 -0.80600 -2.00000
106110825 -0.79381 -0.80200 -2.00000
106110826 -0.79381 -0.79800 -2.00000
106110827 -0.79381 -0.79400 -2.00000
106110828 -0.79381 -0.79000 -2.00000
106110829 -0.79381 -0.78600 -2.00000
106110830 -0.79381 -0.78200 -2.00000
106110831 -0.79381 -0.77800 -2.00000
106110832 -0.79381 -0.77400 -2.00000
106110833 -0.79381 -0.77000 -2.00000
106110834 -0.79381 -0.76600 -2.00000
106110835 -0.79381 -0.76200 -2.00000
106110836 -0.79381 -0.75800 -2.00000
106110837 -0.79381 -0.75400 -2.00000
106110838 -0.79381 -0.75000 -2.00000
106110839 -0.79381 -0.74600 -2.00000
106110840 -0.79381 -0.74200 -2.00000
106110841 -0.79381 -0.73800 -2.00000
106110842 -0.79381 -0.73400 -2.00000
106110843 -0.79381 -0.73000 -2.00000
106110844 -0.79381 -0.72600 -2.00000
106110845 -0.79381 -0.72200 -2.00000
106110846 -0.79381 -0.71800 -2.00000
106110847 -0.79381 -0.71400 -2.00000
106110848 -0.79381 -0.71000 -2.00000
106110849 -0.79381 -0.70600 -2.00000
106110850 -0.79381 -0.70200 -2.00000
106110851 -0.79381 -0.69800 -2.00000
106110852 -0.79381 -0.69400 -2.00000
106110853 -0.79381 -0.69000 -2.00000
106110854 -0.79381 -0.68600 -2.00000
106110855 -0.79381 -0.68200 -2.00000
106110856 -0.79381 -0.67800 -2.00000
106110857 -0.79381 -0.67400 -2.00000
106110858 -0.79381 -0.67000 -2.00000
106110859 -0.79381 -0.66600 -2.00000
106110860 -0.79381 -0.66200 -2.00000
106110861 -0.79381 -0.65800 -2.00000
106110862 -0.79381 -0.65400 -2.00000
106110863 -0.79381 -0.65000 -2.00000
106110864 -0.79381 -0.64600 -2.00000
106110865 -0.79381 -0.64200 -2.00000
106110866 -0.79381 -0.63800 -2.00000
106110867 -0.79381 -0.63400 -2.00000
106110868 -0.79381 -0.63000 -2.00000
106110869 -0.79381 -0.62600 -2.00000
106110870 -0.79381 -0.62200 -2.00000
106110871 -0.79381 -0.61800 -2.00000
106110872 -0.79381 -0.61400 -2.00000
106110873 -0.79381 -0.61000 -2.00000
106110874 -0.79381 -0.60600 -2.00000
106110875 -0.79381 -0.60200 -2.00000
106110876 -0.79381 -0.59800 -2.00000
106110877 -0.79381 -0.59400 -2.00000
106110878 -0.79381 -0.59000 -2.00000
106110879 -0.79381 -0.58600 -2.00000
106110880 -0.79381 -0.58200 -2.00000
106110881 -0.79381 -0.57800 -2.00000
106110882 -0.79381 -0.57400 -2.00000
106110883 -0.79381 -0.57000 -2.00000
106110884 -0.79381 -0.56600 -2.00000
106110885 -0.79381 -0.56200 -2.00000
106110886 -0.79381 -0.55800 -2.00000
106110887 -0.79381 -0.55400 -2.00000
106110888 -0.79381 -0.55000 -2.00000
106110889 -0.79381 -0.54600 -2.00000
106110890 -0.79381 -0.54200 -2.00000
106110891 -0.79381 -0.53800 -2.00000
106110892 -0.79381 -0.53400 -2.00000
106110893 -0.79381 -0.53000 -2.00000
106110894 -0.79381 -0.52600 -2.00000
106110895 -0.79381 -0.52200 -2.00000
106110896 -0.79381 -0.51800 -2.00000
106110897 -0.79381 -0.51400 -2.00000
106110898 -0.79381 -0.51000 -2.00000
106110899 -0.79381 -0.50600 -2.00000
106110900 -0.79381 -0.50200 -2.00000
106110901 -0.78531 -1.09800 -2.00000
106110902 -0.78531 -1.09400 -2.00000
106110903 -0.78531 -1.09000 -2.00000
106110904 -0.78531 -1.08600 -2.00000
106110905 -0.78531 -1.08200 -2.00000
106110906 -0.78531 -1.07800 -2.00000
106110907 -0.78531 -1.07400 -2.00000
106110908 -0.78531 -1.07000 -2.00000
106110909 -0.78531 -1.06600 -2.00000
106110910 -0.78531 -1.06200 -2.00000
106110911 -0.78531 -1.05800 -2.00000
106110912 -0.78531 -1.05400 -2.00000
106110913 -0.78531 -1.05000 -2.00000
106110914 -0.78531 -1.04600 -2.00000
106110915 -0.78531 -1.04200 -2.00000
106110916 -0.78531 -1.03800 -2.00000
106110917 -0.78531 -1.03400 -2.00000
106110918 -0.78531 -1.03000 -2.00000
106110919 -0.78531 -1.02600 -2.00000
106110920 -0.78531 -1.02200 -2.00000
106110921 -0.78531 -1.01800 -2.00000
106110922 -0.78531 -1.01400 -2.00000
106110923 -0.78531 -1.01000 -2.00000
106110924 -0.78531 -1.00600 -2.00000
106110925 -0.78531 -1.00200 -2.00000
106110926 -0.78531 -0.99800 -2.00000
106110927 -0.78531 -0.99400 -2.00000
106110928 -0.78531 -0.99000 -2.00000
106110929 -0.78531 -0.98600 -2.00000
106110930 -0.78531 -0.98200 -2.00000
106110931 -0.78531 -0.97800 -2.00000
106110932 -0.78531 -0.97400 -2.00000
106110933 -0.78531 -0.97000 -2.00000
106110934 -0.78531 -0.96600 -2.00000
106110935 -0.78531 -0.96200 -2.00000
106110936 -0.78531 -0.95800 -2.00000
106110937 -0.78531 -0.95400 -2.00000
106110938 -0.78531 -0.95000 -2.00000
106110939 -0.78531 -0.94600 -2.00000
106110940 -0.78531 -0.94200 -2.00000
106110941 -0.78531 -0.93800 -2.00000
106110942 -0.78531 -0.93400 -2.00000
106110943 -0.78531 -0.93000 -2.00000
106110944 -0.78531 -0.92600 -2.00000
106110945 -0.78531 -0.92200 -2.00000
106110946 -0.78531 -0.91800 -2.00000
106110947 -0.78531 -0.91400 -2.00000
106110948 -0.78531 -0.91000 -2.00000
106110949 -0.78531 -0.90600 -2.00000
106110950 -0.78531 -0.90200 -2.00000
106110951 -0.78531 -0.89800 -2.00000
106110952 -0.78531 -0.89400 -2.00000
106110953 -0.78531 -0.89000 -2.00000
106110954 -0.78531 -0.88600 -2.00000
106110955 -0.78531 -0.88200 -2.00000
106110956 -0.78531 -0.87800 -2.00000
106110957 -0.78531 -0.87400 -2.00000
106110958 -0.78531 -0.87000 -2.00000
106110959 -0.78531 -0.86600 -2.00000
106110960 -0.78531 -0.86200 -2.00000
106110961 -0.78531 -0.85800 -2.00000
106110962 -0.78531 -0.85400 -2.00000
106110963 -0.78531 -0.85000 -2.00000
106110964 -0.78531 -0.84600 -2.00000
106110965 -0.78531 -0.84200 -2.00000
106110966 -0.78531 -0.83800 -2.00000
106110967 -0.78531 -0.83400 -2.00000
106110968 -0.78531 -0.83000 -2.00000
106110969 -0.78531 -0.82600 -2.00000
106110970 -0.78531 -0.82200 -2.00000
106110971 -0.78531 -0.81800 -2.00000
106110972 -0.78531 -0.81400 -2.00000
106110973 -0.78531 -0.81000 -2.00000
106110974 -0.78531 -0.80600 -2.00000
106110975 -0.78531 -0.80200 -2.00000
106110976 -0.78531 -0.79800 -2.00000
106110977 -0.78531 -0.79400 -2.00000
106110978 -0.78531 -0.79000 -2.00000
106110979 -0.78531 -0.78600 -2.00000
106110980 -0.78531 -0.78200 -2.00000
106110981 -0.78531 -0.77800 -2.00000
106110982 -0.78531 -0.77400 -2.00000
106110983 -0.78531 -0.77000 -2.00000
106110984 -0.78531 -0.76600 -2.00000
106110985 -0.78531 -0.76200 -2.00000
106110986 -0.78531 -0.75800 -2.00000
106110987 -0.78531 -0.75400 -2.00000
106110988 -0.78531 -0.75000 -2.00000
106110989 -0.78531 -0.74600 -2.00000
106110990 -0.78531 -0.74200 -2.00000
106110991 -0.78531 -0.73800 -2.00000
106110992 -0.78531 -0.73400 -2.00000
106110993 -0.78531 -0.73000 -2.00000
106110994 -0.78531 -0.72600 -2.00000
106110995 -0.78531 -0.72200 -2.00000
106110996 -0.78531 -0.71800 -2.00000
106110997 -0.78531 -0.71400 -2.00000
106110998 -0.78531 -0.71000 -2.00000
106110999 -0.78531 -0.70600 -2.00000
106111000 -0.78531 -0.70200 -2.00000
106111001 -0.78531 -0.69800 -2.00000
106111002 -0.78531 -0.69400 -2.00000
106111003 -0.78531 -0.69000 -2.00000
106111004 -0.78531 -0.68600 -2.00000
106111005 -0.78531 -0.68200 -2.00000
106111006 -0.78531 -0.67800 -2.00000
106111007 -0.78531 -0.67400 -2.00000
106111008 -0.78531 -0.67000 -2.00000
106111009 -0.78531 -0.66600 -2.00000
106111010 -0.78531 -0.66200 -2.00000
106111011 -0.78531 -0.65800 -2.00000
106111012 -0.78531 -0.65400 -2.00000
106111013 -0.78531 -0.65000 -2.00000
106111014 -0.78531 -0.64600 -2.00000
106111015 -0.78531 -0.64200 -2.00000
106111016 -0.78531 -0.63800 -2.00000
106111017 -0.78531 -0.63400 -2.00000
106111018 -0.78531 -0.63000 -2.00000
106111019 -0.78531 -0.62600 -2.00000
106111020 -0.78531 -0.62200 -2.00000
106111021 -0.78531 -0.61800 -2.00000
106111022 -0.78531 -0.61400 -2.00000
106111023 -0.78531 -0.61000 -2.00000
106111024 -0.78531 -0.60600 -2.00000
106111025 -0.78531 -0.60200 -2.00000
106111026 -0.78531 -0.59800 -2.00000
106111027 -0.78531 -0.59400 -2.00000
106111028 -0.78531 -0.59000 -2.00000
106111029 -0.78531 -0.58600 -2.00000
106111030 -0.78531 -0.58200 -2.00000
106111031 -0.78531 -0.57800 -2.00000
106111032 -0.78531 -0.57400 -2.00000
106111033 -0.78531 -0.57000 -2.00000
106111034 -0.78531 -0.56600 -2.00000
106111035 -0.78531 -0.56200 -2.00000
106111036 -0.78531 -0.55800 -2.00000
106111037 -0.78531 -0.55400 -2.00000
106111038 -0.78531 -0.55000 -2.00000
106111039 -0.78531 -0.54600 -2.00000
106111040 -0.78531 -0.54200 -2.00000
106111041 -0.78531 -0.53800 -2.00000
106111042 -0.78531 -0.53400 -2.00000
106111043 -0.78531 -0.53000 -2.00000
106111044 -0.78531 -0.52600 -2.00000
106111045 -0.78531 -0.52200 -2.00000
106111046 -0.78531 -0.51800 -2.00000
106111047 -0.78531 -0.51400 -2.00000
106111048 -0.78531 -0.51000 -2.00000
106111049 -0.78531 -0.50600 -2.00000
106111050 -0.78531 -0.50200 -2.00000
106111051 -0.77681 -1.09800 -2.00000
106111052 -0.77681 -1.09400 -2.00000
106111053 -0.77681 -1.09000 -2.00000
106111054 -0.77681 -1.08600 -2.00000
106111055 -0.77681 -1.08200 -2.00000
106111056 -0.77681 -1.07800 -2.00000
106111057 -0.77681 -1.07400 -2.00000
106111058 -0.77681 -1.07000 -2.00000
106111059 -0.77681 -1.06600 -2.00000
106111060 -0.77681 -1.06200 -2.00000
106111061 -0.77681 -1.05800 -2.00000
106111062 -0.77681 -1.05400 -2.00000
106111063 -0.77681 -1.05000 -2.00000
106111064 -0.77681 -1.04600 -2.00000
106111065 -0.77681 -1.04200 -2.00000
106111066 -0.77681 -1.03800 -2.00000
106111067 -0.77681 -1.03400 -2.00000
106111068 -0.77681 -1.03000 -2.00000
106111069 -0.77681 -1.02600 -2.00000
106111070 -0.77681 -1.02200 -2.00000
106111071 -0.77681 -1.01800 -2.00000
106111072 -0.77681 -1.01400 -2.00000
106111073 -0.77681 -1.01000 -2.00000
106111074 -0.77681 -1.00600 -2.00000
106111075 -0.77681 -1.00200 -2.00000
106111076 -0.77681 -0.99800 -2.00000
106111077 -0.77681 -0.99400 -2.00000
106111078 -0.77681 -0.99000 -2.00000
106111079 -0.77681 -0.98600 -2.00000
106111080 -0.77681 -0.98200 -2.00000
106111081 -0.77681 -0.97800 -2.00000
106111082 -0.77681 -0.97400 -2.00000
106111083 -0.77681 -0.97000 -2.00000
106111084 -0.77681 -0.96600 -2.00000
106111085 -0.77681 -0.96200 -2.00000
106111086 -0.77681 -0.95800 -2.00000
106111087 -0.77681 -0.95400 -2.00000
106111088 -0.77681 -0.95000 -2.00000
106111089 -0.77681 -0.94600 -2.00000
106111090 -0.77681 -0.94200 -2.00000
106111091 -0.77681 -0.93800 -2.00000
106111092 -0.77681 -0.93400 -2.00000
106111093 -0.77681 -0.93000 -2.00000
106111094 -0.77681 -0.92600 -2.00000
106111095 -0.77681 -0.92200 -2.00000
106111096 -0.77681 -0.91800 -2.00000
106111097 -0.77681 -0.91400 -2.00000
106111098 -0.77681 -0.91000 -2.00000
106111099 -0.77681 -0.90600 -2.00000
106111100 -0.77681 -0.90200 -2.00000
106111101 -0.77681 -0.89800 -2.00000
106111102 -0.77681 -0.89400 -2.00000
106111103 -0.77681 -0.89000 -2.00000
106111104 -0.77681 -0.88600 -2.00000
106111105 -0.77681 -0.88200 -2.00000
106111106 -0.77681 -0.87800 -2.00000
106111107 -0.77681 -0.87400 -2.00000
106111108 -0.77681 -0.87000 -2.00000
106111109 -0.77681 -0.86600 -2.00000
106111110 -0.77681 -0.86200 -2.00000
106111111 -0.77681 -0.85800 -2.00000
106111112 -0.77681 -0.85400 -2.00000
106111113 -0.77681 -0.85000 -2.00000
106111114 -0.77681 -0.84600 -2.00000
106111115 -0.77681 -0.84200 -2.00000
106111116 -0.77681 -0.83800 -2.00000
106111117 -0.77681 -0.83400 -2.00000
106111118 -0.77681 -0.83000 -2.00000
106111119 -0.77681 -0.82600 -2.00000
106111120 -0.77681 -0.82200 -2.00000
106111121 -0.77681 -0.81800 -2.00000
106111122 -0.77681 -0.81400 -2.00000
106111123 -0.77681 -0.81000 -2.00000
106111124 -0.77681 -0.80600 -2.00000
106111125 -0.77681 -0.80200 -2.00000
106111126 -0.77681 -0.79800 -2.00000
106111127 -0.77681 -0.79400 -2.00000
106111128 -0.77681 -0.79000 -2.00000
106111129 -0.77681 -0.78600 -2.00000
106111130 -0.77681 -0.78200 -2.00000
106111131 -0.77681 -0.77800 -2.00000
106111132 -0.77681 -0.77400 -2.00000
106111133 -0.77681 -0.77000 -2.00000
106111134 -0.77681 -0.76600 -2.00000
106111135 -0.77681 -0.76200 -2.00000
106111136 -0.77681 -0.75800 -2.00000
106111137 -0.77681 -0.75400 -2.00000
106111138 -0.77681 -0.75000 -2.00000
106111139 -0.77681 -0.74600 -2.00000
106111140 -0.77681 -0.74200 -2.00000
106111141 -0.77681 -0.73800 -2.00000
106111142 -0.77681 -0.73400 -2.00000
106111143 -0.77681 -0.73000 -2.00000
106111144 -0.77681 -0.72600 -2.00000
106111145 -0.77681 -0.72200 -2.00000
106111146 -0.77681 -0.71800 -2.00000
106111147 -0.77681 -0.71400 -2.00000
106111148 -0.77681 -0.71000 -2.00000
106111149 -0.77681 -0.70600 -2.00000
106111150 -0.77681 -0.70200 -2.00000
106111151 -0.77681 -0.69800 -2.00000
106111152 -0.77681 -0.69400 -2.00000
106111153 -0.77681 -0.69000 -2.00000
106111154 -0.77681 -0.68600 -2.00000
106111155 -0.77681 -0.68200 -2.00000
106111156 -0.77681 -0.67800 -2.00000
106111157 -0.77681 -0.67400 -2.00000
106111158 -0.77681 -0.67000 -2.00000
106111159 -0.77681 -0.66600 -2.00000
106111160 -0.77681 -0.66200 -2.00000
106111161 -0.77681 -0.65800 -2.00000
106111162 -0.77681 -0.65400 -2.00000
106111163 -0.77681 -0.65000 -2.00000
106111164 -0.77681 -0.64600 -2.00000
106111165 -0.77681 -0.64200 -2.00000
106111166 -0.77681 -0.63800 -2.00000
106111167 -0.77681 -0.63400 -2.00000
106111168 -0.77681 -0.63000 -2.00000
106111169 -0.77681 -0.62600 -2.00000
106111170 -0.77681 -0.62200 -2.00000
106111171 -0.77681 -0.61800 -2.00000
106111172 -0.77681 -0.61400 -2.00000
106111173 -0.77681 -0.61000 -2.00000
106111174 -0.77681 -0.60600 -2.00000
106111175 -0.77681 -0.60200 -2.00000
106111176 -0.77681 -0.59800 -2.00000
106111177 -0.77681 -0.59400 -2.00000
106111178 -0.77681 -0.59000 -2.00000
106111179 -0.77681 -0.58600 -2.00000
106111180 -0.77681 -0.58200 -2.00000
106111181 -0.77681 -0.57800 -2.00000
106111182 -0.77681 -0.57400 -2.00000
106111183 -0.77681 -0.57000 -2.00000
106111184 -0.77681 -0.56600 -2.00000
106111185 -0.77681 -0.56200 -2.00000
106111186 -0.77681 -0.55800 -2.00000
106111187 -0.77681 -0.55400 -2.00000
106111188 -0.77681 -0.55000 -2.00000
106111189 -0.77681 -0.54600 -2.00000
106111190 -0.77681 -0.54200 -2.00000
106111191 -0.77681 -0.53800 -2.00000
106111192 -0.77681 -0.53400 -2.00000
106111193 -0.77681 -0.53000 -2.00000
106111194 -0.77681 -0.52600 -2.00000
106111195 -0.77681 -0.52200 -2.00000
106111196 -0.77681 -0.51800 -2.00000
106111197 -0.77681 -0.51400 -2.00000
106111198 -0.77681 -0.51000 -2.00000
106111199 -0.77681 -0.50600 -2.00000
106111200 -0.77681 -0.50200 -2.00000
