# pixelID  x  y  z
105130001 -0.97431 -0.29800 -2.00000
105130002 -0.97431 -0.29400 -2.00000
105130003 -0.97431 -0.29000 -2.00000
105130004 -0.97431 -0.28600 -2.00000
105130005 -0.97431 -0.28200 -2.00000
105130006 -0.97431 -0.27800 -2.00000
105130007 -0.97431 -0.27400 -2.00000
105130008 -0.97431 -0.27000 -2.00000
105130009 -0.97431 -0.26600 -2.00000
105130010 -0.97431 -0.26200 -2.00000
105130011 -0.97431 -0.25800 -2.00000
105130012 -0.97431 -0.25400 -2.00000
105130013 -0.97431 -0.25000 -2.00000
105130014 -0.97431 -0.24600 -2.00000
105130015 -0.97431 -0.24200 -2.00000
105130016 -0.97431 -0.23800 -2.00000
105130017 -0.97431 -0.23400 -2.00000
105130018 -0.97431 -0.23000 -2.00000
105130019 -0.97431 -0.22600 -2.00000
105130020 -0.97431 -0.22200 -2.00000
105130021 -0.97431 -0.21800 -2.00000
105130022 -0.97431 -0.21400 -2.00000
105130023 -0.97431 -0.21000 -2.00000
105130024 -0.97431 -0.20600 -2.00000
105130025 -0.97431 -0.20200 -2.00000
105130026 -0.97431 -0.19800 -2.00000
105130027 -0.97431 -0.19400 -2.00000
105130028 -0.97431 -0.19000 -2.00000
105130029 -0.97431 -0.18600 -2.00000
105130030 -0.97431 -0.18200 -2.00000
105130031 -0.97431 -0.17800 -2.00000
105130032 -0.97431 -0.17400 -2.00000
105130033 -0.97431 -0.17000 -2.00000
105130034 -0.97431 -0.16600 -2.00000
105130035 -0.97431 -0.16200 -2.00000
105130036 -0.97431 -0.15800 -2.00000
105130037 -0.97431 -0.15400 -2.00000
105130038 -0.97431 -0.15000 -2.00000
105130039 -0.97431 -0.14600 -2.00000
105130040 -0.97431 -0.14200 -2.00000
105130041 -0.97431 -0.13800 -2.00000
105130042 -0.97431 -0.13400 -2.00000
105130043 -0.97431 -0.13000 -2.00000
105130044 -0.97431 -0.12600 -2.00000
105130045 -0.97431 -0.12200 -2.00000
105130046 -0.97431 -0.11800 -2.00000
105130047 -0.97431 -0.11400 -2.00000
105130048 -0.97431 -0.11000 -2.00000
105130049 -0.97431 -0.10600 -2.00000
105130050 -0.97431 -0.10200 -2.00000
105130051 -0.97431 -0.09800 -2.00000
105130052 -0.97431 -0.09400 -2.00000
105130053 -0.97431 -0.09000 -2.00000
105130054 -0.97431 -0.08600 -2.00000
105130055 -0.97431 -0.08200 -2.00000
105130056 -0.97431 -0.07800 -2.00000
105130057 -0.97431 -0.07400 -2.00000
105130058 -0.97431 -0.07000 -2.00000
105130059 -0.97431 -0.06600 -2.00000
105130060 -0.97431 -0.06200 -2.00000
105130061 -0.97431 -0.05800 -2.00000
105130062 -0.97431 -0.05400 -2.00000
105130063 -0.97431 -0.05000 -2.00000
105130064 -0.97431 -0.04600 -2.00000
105130065 -0.97431 -0.04200 -2.00000
105130066 -0.97431 -0.03800 -2.00000
105130067 -0.97431 -0.03400 -2.00000
105130068 -0.97431 -0.03000 -2.00000
105130069 -0.97431 -0.02600 -2.00000
105130070 -0.97431 -0.02200 -2.00000
105130071 -0.97431 -0.01800 -2.00000
105130072 -0.97431 -0.01400 -2.00000
105130073 -0.97431 -0.01000 -2.00000
105130074 -0.97431 -0.00600 -2.00000
105130075 -0.97431 -0.00200 -2.00000
105130076 -0.97431 0.00200 -2.00000
105130077 -0.97431 0.00600 -2.00000
105130078 -0.97431 0.01000 -2.00000
105130079 -0.97431 0.01400 -2.00000
105130080 -0.97431 0.01800 -2.00000
105130081 -0.97431 0.02200 -2.00000
105130082 -0.97431 0.02600 -2.00000
105130083 -0.97431 0.03000 -2.00000
105130084 -0.97431 0.03400 -2.00000
105130085 -0.97431 0.03800 -2.00000
105130086 -0.97431 0.04200 -2.00000
105130087 -0.97431 0.04600 -2.00000
105130088 -0.97431 0.05000 -2.00000
105130089 -0.97431 0.05400 -2.00000
105130090 -0.97431 0.05800 -2.00000
105130091 -0.97431 0.06200 -2.00000
105130092 -0.97431 0.06600 -2.00000
105130093 -0.97431 0.07000 -2.00000
105130094 -0.97431 0.07400 -2.00000
105130095 -0.97431 0.07800 -2.00000
105130096 -0.97431 0.08200 -2.00000
105130097 -0.97431 0.08600 -2.00000
105130098 -0.97431 0.09000 -2.00000
105130099 -0.97431 0.09400 -2.00000
105130100 -0.97431 0.09800 -2.00000
105130101 -0.97431 0.10200 -2.00000
105130102 -0.97431 0.10600 -2.00000
105130103 -0.97431 0.11000 -2.00000
105130104 -0.97431 0.11400 -2.00000
105130105 -0.97431 0.11800 -2.00000
105130106 -0.97431 0.12200 -2.00000
105130107 -0.97431 0.12600 -2.00000
105130108 -0.97431 0.13000 -2.00000
105130109 -0.97431 0.13400 -2.00000
105130110 -0.97431 0.13800 -2.00000
105130111 -0.97431 0.14200 -2.00000
105130112 -0.97431 0.14600 -2.00000
105130113 -0.97431 0.15000 -2.00000
105130114 -0.97431 0.15400 -2.00000
105130115 -0.97431 0.15800 -2.00000
105130116 -0.97431 0.16200 -2.00000
105130117 -0.97431 0.16600 -2.00000
105130118 -0.97431 0.17000 -2.00000
105130119 -0.97431 0.17400 -2.00000
105130120 -0.97431 0.17800 -2.00000
105130121 -0.97431 0.18200 -2.00000
105130122 -0.97431 0.18600 -2.00000
105130123 -0.97431 0.19000 -2.00000
105130124 -0.97431 0.19400 -2.00000
105130125 -0.97431 0.19800 -2.00000
105130126 -0.97431 0.20200 -2.00000
105130127 -0.97431 0.20600 -2.00000
105130128 -0.97431 0.21000 -2.00000
105130129 -0.97431 0.21400 -2.00000
105130130 -0.97431 0.21800 -2.00000
105130131 -0.97431 0.22200 -2.00000
105130132 -0.97431 0.22600 -2.00000
105130133 -0.97431 0.23000 -2.00000
105130134 -0.97431 0.23400 -2.00000
105130135 -0.97431 0.23800 -2.00000
105130136 -0.97431 0.24200 -2.00000
105130137 -0.97431 0.24600 -2.00000
105130138 -0.97431 0.25000 -2.00000
105130139 -0.97431 0.25400 -2.00000
105130140 -0.97431 0.25800 -2.00000
105130141 -0.97431 0.26200 -2.00000
105130142 -0.97431 0.26600 -2.00000
105130143 -0.97431 0.27000 -2.00000
105130144 -0.97431 0.27400 -2.00000
105130145 -0.97431 0.27800 -2.00000
105130146 -0.97431 0.28200 -2.00000
105130147 -0.97431 0.28600 -2.00000
105130148 -0.97431 0.29000 -2.00000
105130149 -0.97431 0.29400 -2.00000
105130150 -0.97431 0.29800 -2.00000
105130151 -0.96581 -0.29800 -2.00000
105130152 -0.96581 -0.29400 -2.00000
105130153 -0.96581 -0.29000 -2.00000
105130154 -0.96581 -0.28600 -2.00000
105130155 -0.96581 -0.28200 -2.00000
105130156 -0.96581 -0.27800 -2.00000
105130157 -0.96581 -0.27400 -2.00000
105130158 -0.96581 -0.27000 -2.00000
105130159 -0.96581 -0.26600 -2.00000
105130160 -0.96581 -0.26200 -2.00000
105130161 -0.96581 -0.25800 -2.00000
105130162 -0.96581 -0.25400 -2.00000
105130163 -0.96581 -0.25000 -2.00000
105130164 -0.96581 -0.24600 -2.00000
105130165 -0.96581 -0.24200 -2.00000
105130166 -0.96581 -0.23800 -2.00000
105130167 -0.96581 -0.23400 -2.00000
105130168 -0.96581 -0.23000 -2.00000
105130169 -0.96581 -0.22600 -2.00000
105130170 -0.96581 -0.22200 -2.00000
105130171 -0.96581 -0.21800 -2.00000
105130172 -0.96581 -0.21400 -2.00000
105130173 -0.96581 -0.21000 -2.00000
105130174 -0.96581 -0.20600 -2.00000
105130175 -0.96581 -0.20200 -2.00000
105130176 -0.96581 -0.19800 -2.00000
105130177 -0.96581 -0.19400 -2.00000
105130178 -0.96581 -0.19000 -2.00000
105130179 -0.96581 -0.18600 -2.00000
105130180 -0.96581 -0.18200 -2.00000
105130181 -0.96581 -0.17800 -2.00000
105130182 -0.96581 -0.17400 -2.00000
105130183 -0.96581 -0.17000 -2.00000
105130184 -0.96581 -0.16600 -2.00000
105130185 -0.96581 -0.16200 -2.00000
105130186 -0.96581 -0.15800 -2.00000
105130187 -0.96581 -0.15400 -2.00000
105130188 -0.96581 -0.15000 -2.00000
105130189 -0.96581 -0.14600 -2.00000
105130190 -0.96581 -0.14200 -2.00000
105130191 -0.96581 -0.13800 -2.00000
105130192 -0.96581 -0.13400 -2.00000
105130193 -0.96581 -0.13000 -2.00000
105130194 -0.96581 -0.12600 -2.00000
105130195 -0.96581 -0.12200 -2.00000
105130196 -0.96581 -0.11800 -2.00000
105130197 -0.96581 -0.11400 -2.00000
105130198 -0.96581 -0.11000 -2.00000
105130199 -0.96581 -0.10600 -2.00000
105130200 -0.96581 -0.10200 -2.00000
105130201 -0.96581 -0.09800 -2.00000
105130202 -0.96581 -0.09400 -2.00000
105130203 -0.96581 -0.09000 -2.00000
105130204 -0.96581 -0.08600 -2.00000
105130205 -0.96581 -0.08200 -2.00000
105130206 -0.96581 -0.07800 -2.00000
105130207 -0.96581 -0.07400 -2.00000
105130208 -0.96581 -0.07000 -2.00000
105130209 -0.96581 -0.06600 -2.00000
105130210 -0.96581 -0.06200 -2.00000
105130211 -0.96581 -0.05800 -2.00000
105130212 -0.96581 -0.05400 -2.00000
105130213 -0.96581 -0.05000 -2.00000
105130214 -0.96581 -0.04600 -2.00000
105130215 -0.96581 -0.04200 -2.00000
105130216 -0.96581 -0.03800 -2.00000
105130217 -0.96581 -0.03400 -2.00000
105130218 -0.96581 -0.03000 -2.00000
105130219 -0.96581 -0.02600 -2.00000
105130220 -0.96581 -0.02200 -2.00000
105130221 -0.96581 -0.01800 -2.00000
105130222 -0.96581 -0.01400 -2.00000
105130223 -0.96581 -0.01000 -2.00000
105130224 -0.96581 -0.00600 -2.00000
105130225 -0.96581 -0.00200 -2.00000
105130226 -0.96581 0.00200 -2.00000
105130227 -0.96581 0.00600 -2.00000
105130228 -0.96581 0.01000 -2.00000
105130229 -0.96581 0.01400 -2.00000
105130230 -0.96581 0.01800 -2.00000
105130231 -0.96581 0.02200 -2.00000
105130232 -0.96581 0.02600 -2.00000
105130233 -0.96581 0.03000 -2.00000
105130234 -0.96581 0.03400 -2.00000
105130235 -0.96581 0.03800 -2.00000
105130236 -0.96581 0.04200 -2.00000
105130237 -0.96581 0.04600 -2.00000
105130238 -0.96581 0.05000 -2.00000
105130239 -0.96581 0.05400 -2.00000
105130240 -0.96581 0.05800 -2.00000
105130241 -0.96581 0.06200 -2.00000
105130242 -0.96581 0.06600 -2.00000
105130243 -0.96581 0.07000 -2.00000
105130244 -0.96581 0.07400 -2.00000
105130245 -0.96581 0.07800 -2.00000
105130246 -0.96581 0.08200 -2.00000
105130247 -0.96581 0.08600 -2.00000
105130248 -0.96581 0.09000 -2.00000
105130249 -0.96581 0.09400 -2.00000
105130250 -0.96581 0.09800 -2.00000
105130251 -0.96581 0.10200 -2.00000
105130252 -0.96581 0.10600 -2.00000
105130253 -0.96581 0.11000 -2.00000
105130254 -0.96581 0.11400 -2.00000
105130255 -0.96581 0.11800 -2.00000
105130256 -0.96581 0.12200 -2.00000
105130257 -0.96581 0.12600 -2.00000
105130258 -0.96581 0.13000 -2.00000
105130259 -0.96581 0.13400 -2.00000
105130260 -0.96581 0.13800 -2.00000
105130261 -0.96581 0.14200 -2.00000
105130262 -0.96581 0.14600 -2.00000
105130263 -0.96581 0.15000 -2.00000
105130264 -0.96581 0.15400 -2.00000
105130265 -0.96581 0.15800 -2.00000
105130266 -0.96581 0.16200 -2.00000
105130267 -0.96581 0.16600 -2.00000
105130268 -0.96581 0.17000 -2.00000
105130269 -0.96581 0.17400 -2.00000
105130270 -0.96581 0.17800 -2.00000
105130271 -0.96581 0.18200 -2.00000
105130272 -0.96581 0.18600 -2.00000
105130273 -0.96581 0.19000 -2.00000
105130274 -0.96581 0.19400 -2.00000
105130275 -0.96581 0.19800 -2.00000
105130276 -0.96581 0.20200 -2.00000
105130277 -0.96581 0.20600 -2.00000
105130278 -0.96581 0.21000 -2.00000
105130279 -0.96581 0.21400 -2.00000
105130280 -0.96581 0.21800 -2.00000
105130281 -0.96581 0.22200 -2.00000
105130282 -0.96581 0.22600 -2.00000
105130283 -0.96581 0.23000 -2.00000
105130284 -0.96581 0.23400 -2.00000
105130285 -0.96581 0.23800 -2.00000
105130286 -0.96581 0.24200 -2.00000
105130287 -0.96581 0.24600 -2.00000
105130288 -0.96581 0.25000 -2.00000
105130289 -0.96581 0.25400 -2.00000
105130290 -0.96581 0.25800 -2.00000
105130291 -0.96581 0.26200 -2.00000
105130292 -0.96581 0.26600 -2.00000
105130293 -0.96581 0.27000 -2.00000
105130294 -0.96581 0.27400 -2.00000
105130295 -0.96581 0.27800 -2.00000
105130296 -0.96581 0.28200 -2.00000
105130297 -0.96581 0.28600 -2.00000
105130298 -0.96581 0.29000 -2.00000
105130299 -0.96581 0.29400 -2.00000
105130300 -0.96581 0.29800 -2.00000
105130301 -0.95731 -0.29800 -2.00000
105130302 -0.95731 -0.29400 -2.00000
105130303 -0.95731 -0.29000 -2.00000
105130304 -0.95731 -0.28600 -2.00000
105130305 -0.95731 -0.28200 -2.00000
105130306 -0.95731 -0.27800 -2.00000
105130307 -0.95731 -0.27400 -2.00000
105130308 -0.95731 -0.27000 -2.00000
105130309 -0.95731 -0.26600 -2.00000
105130310 -0.95731 -0.26200 -2.00000
105130311 -0.95731 -0.25800 -2.00000
105130312 -0.95731 -0.25400 -2.00000
105130313 -0.95731 -0.25000 -2.00000
105130314 -0.95731 -0.24600 -2.00000
105130315 -0.95731 -0.24200 -2.00000
105130316 -0.95731 -0.23800 -2.00000
105130317 -0.95731 -0.23400 -2.00000
105130318 -0.95731 -0.23000 -2.00000
105130319 -0.95731 -0.22600 -2.00000
105130320 -0.95731 -0.22200 -2.00000
105130321 -0.95731 -0.21800 -2.00000
105130322 -0.95731 -0.21400 -2.00000
105130323 -0.95731 -0.21000 -2.00000
105130324 -0.95731 -0.20600 -2.00000
105130325 -0.95731 -0.20200 -2.00000
105130326 -0.95731 -0.19800 -2.00000
105130327 -0.95731 -0.19400 -2.00000
105130328 -0.95731 -0.19000 -2.00000
105130329 -0.95731 -0.18600 -2.00000
105130330 -0.95731 -0.18200 -2.00000
105130331 -0.95731 -0.17800 -2.00000
105130332 -0.95731 -0.17400 -2.00000
105130333 -0.95731 -0.17000 -2.00000
105130334 -0.95731 -0.16600 -2.00000
105130335 -0.95731 -0.16200 -2.00000
105130336 -0.95731 -0.15800 -2.00000
105130337 -0.95731 -0.15400 -2.00000
105130338 -0.95731 -0.15000 -2.00000
105130339 -0.95731 -0.14600 -2.00000
105130340 -0.95731 -0.14200 -2.00000
105130341 -0.95731 -0.13800 -2.00000
105130342 -0.95731 -0.13400 -2.00000
105130343 -0.95731 -0.13000 -2.00000
105130344 -0.95731 -0.12600 -2.00000
105130345 -0.95731 -0.12200 -2.00000
105130346 -0.95731 -0.11800 -2.00000
105130347 -0.95731 -0.11400 -2.00000
105130348 -0.95731 -0.11000 -2.00000
105130349 -0.95731 -0.10600 -2.00000
105130350 -0.95731 -0.10200 -2.00000
105130351 -0.95731 -0.09800 -2.00000
105130352 -0.95731 -0.09400 -2.00000
105130353 -0.95731 -0.09000 -2.00000
105130354 -0.95731 -0.08600 -2.00000
105130355 -0.95731 -0.08200 -2.00000
105130356 -0.95731 -0.07800 -2.00000
105130357 -0.95731 -0.07400 -2.00000
105130358 -0.95731 -0.07000 -2.00000
105130359 -0.95731 -0.06600 -2.00000
105130360 -0.95731 -0.06200 -2.00000
105130361 -0.95731 -0.05800 -2.00000
105130362 -0.95731 -0.05400 -2.00000
105130363 -0.95731 -0.05000 -2.00000
105130364 -0.95731 -0.04600 -2.00000
105130365 -0.95731 -0.04200 -2.00000
105130366 -0.95731 -0.03800 -2.00000
105130367 -0.95731 -0.03400 -2.00000
105130368 -0.95731 -0.03000 -2.00000
105130369 -0.95731 -0.02600 -2.00000
105130370 -0.95731 -0.02200 -2.00000
105130371 -0.95731 -0.01800 -2.00000
105130372 -0.95731 -0.01400 -2.00000
105130373 -0.95731 -0.01000 -2.00000
105130374 -0.95731 -0.00600 -2.00000
105130375 -0.95731 -0.00200 -2.00000
105130376 -0.95731 0.00200 -2.00000
105130377 -0.95731 0.00600 -2.00000
105130378 -0.95731 0.01000 -2.00000
105130379 -0.95731 0.01400 -2.00000
105130380 -0.95731 0.01800 -2.00000
105130381 -0.95731 0.02200 -2.00000
105130382 -0.95731 0.02600 -2.00000
105130383 -0.95731 0.03000 -2.00000
105130384 -0.95731 0.03400 -2.00000
105130385 -0.95731 0.03800 -2.00000
105130386 -0.95731 0.04200 -2.00000
105130387 -0.95731 0.04600 -2.00000
105130388 -0.95731 0.05000 -2.00000
105130389 -0.95731 0.05400 -2.00000
105130390 -0.95731 0.05800 -2.00000
105130391 -0.95731 0.06200 -2.00000
105130392 -0.95731 0.06600 -2.00000
105130393 -0.95731 0.07000 -2.00000
105130394 -0.95731 0.07400 -2.00000
105130395 -0.95731 0.07800 -2.00000
105130396 -0.95731 0.08200 -2.00000
105130397 -0.95731 0.08600 -2.00000
105130398 -0.95731 0.09000 -2.00000
105130399 -0.95731 0.09400 -2.00000
105130400 -0.95731 0.09800 -2.00000
105130401 -0.95731 0.10200 -2.00000
105130402 -0.95731 0.10600 -2.00000
105130403 -0.95731 0.11000 -2.00000
105130404 -0.95731 0.11400 -2.00000
105130405 -0.95731 0.11800 -2.00000
105130406 -0.95731 0.12200 -2.00000
105130407 -0.95731 0.12600 -2.00000
105130408 -0.95731 0.13000 -2.00000
105130409 -0.95731 0.13400 -2.00000
105130410 -0.95731 0.13800 -2.00000
105130411 -0.95731 0.14200 -2.00000
105130412 -0.95731 0.14600 -2.00000
105130413 -0.95731 0.15000 -2.00000
105130414 -0.95731 0.15400 -2.00000
105130415 -0.95731 0.15800 -2.00000
105130416 -0.95731 0.16200 -2.00000
105130417 -0.95731 0.16600 -2.00000
105130418 -0.95731 0.17000 -2.00000
105130419 -0.95731 0.17400 -2.00000
105130420 -0.95731 0.17800 -2.00000
105130421 -0.95731 0.18200 -2.00000
105130422 -0.95731 0.18600 -2.00000
105130423 -0.95731 0.19000 -2.00000
105130424 -0.95731 0.19400 -2.00000
105130425 -0.95731 0.19800 -2.00000
105130426 -0.95731 0.20200 -2.00000
105130427 -0.95731 0.20600 -2.00000
105130428 -0.95731 0.21000 -2.00000
105130429 -0.95731 0.21400 -2.00000
105130430 -0.95731 0.21800 -2.00000
105130431 -0.95731 0.22200 -2.00000
105130432 -0.95731 0.22600 -2.00000
105130433 -0.95731 0.23000 -2.00000
105130434 -0.95731 0.23400 -2.00000
105130435 -0.95731 0.23800 -2.00000
105130436 -0.95731 0.24200 -2.00000
105130437 -0.95731 0.24600 -2.00000
105130438 -0.95731 0.25000 -2.00000
105130439 -0.95731 0.25400 -2.00000
105130440 -0.95731 0.25800 -2.00000
105130441 -0.95731 0.26200 -2.00000
105130442 -0.95731 0.26600 -2.00000
105130443 -0.95731 0.27000 -2.00000
105130444 -0.95731 0.27400 -2.00000
105130445 -0.95731 0.27800 -2.00000
105130446 -0.95731 0.28200 -2.00000
105130447 -0.95731 0.28600 -2.00000
105130448 -0.95731 0.29000 -2.00000
105130449 -0.95731 0.29400 -2.00000
105130450 -0.95731 0.29800 -2.00000
105130451 -0.94881 -0.29800 -2.00000
105130452 -0.94881 -0.29400 -2.00000
105130453 -0.94881 -0.29000 -2.00000
105130454 -0.94881 -0.28600 -2.00000
105130455 -0.94881 -0.28200 -2.00000
105130456 -0.94881 -0.27800 -2.00000
105130457 -0.94881 -0.27400 -2.00000
105130458 -0.94881 -0.27000 -2.00000
105130459 -0.94881 -0.26600 -2.00000
105130460 -0.94881 -0.26200 -2.00000
105130461 -0.94881 -0.25800 -2.00000
105130462 -0.94881 -0.25400 -2.00000
105130463 -0.94881 -0.25000 -2.00000
105130464 -0.94881 -0.24600 -2.00000
105130465 -0.94881 -0.24200 -2.00000
105130466 -0.94881 -0.23800 -2.00000
105130467 -0.94881 -0.23400 -2.00000
105130468 -0.94881 -0.23000 -2.00000
105130469 -0.94881 -0.22600 -2.00000
105130470 -0.94881 -0.22200 -2.00000
105130471 -0.94881 -0.21800 -2.00000
105130472 -0.94881 -0.21400 -2.00000
105130473 -0.94881 -0.21000 -2.00000
105130474 -0.94881 -0.20600 -2.00000
105130475 -0.94881 -0.20200 -2.00000
105130476 -0.94881 -0.19800 -2.00000
105130477 -0.94881 -0.19400 -2.00000
105130478 -0.94881 -0.19000 -2.00000
105130479 -0.94881 -0.18600 -2.00000
105130480 -0.94881 -0.18200 -2.00000
105130481 -0.94881 -0.17800 -2.00000
105130482 -0.94881 -0.17400 -2.00000
105130483 -0.94881 -0.17000 -2.00000
105130484 -0.94881 -0.16600 -2.00000
105130485 -0.94881 -0.16200 -2.00000
105130486 -0.94881 -0.15800 -2.00000
105130487 -0.94881 -0.15400 -2.00000
105130488 -0.94881 -0.15000 -2.00000
105130489 -0.94881 -0.14600 -2.00000
105130490 -0.94881 -0.14200 -2.00000
105130491 -0.94881 -0.13800 -2.00000
105130492 -0.94881 -0.13400 -2.00000
105130493 -0.94881 -0.13000 -2.00000
105130494 -0.94881 -0.12600 -2.00000
105130495 -0.94881 -0.12200 -2.00000
105130496 -0.94881 -0.11800 -2.00000
105130497 -0.94881 -0.11400 -2.00000
105130498 -0.94881 -0.11000 -2.00000
105130499 -0.94881 -0.10600 -2.00000
105130500 -0.94881 -0.10200 -2.00000
105130501 -0.94881 -0.09800 -2.00000
105130502 -0.94881 -0.09400 -2.00000
105130503 -0.94881 -0.09000 -2.00000
105130504 -0.94881 -0.08600 -2.00000
105130505 -0.94881 -0.08200 -2.00000
105130506 -0.94881 -0.07800 -2.00000
105130507 -0.94881 -0.07400 -2.00000
105130508 -0.94881 -0.07000 -2.00000
105130509 -0.94881 -0.06600 -2.00000
105130510 -0.94881 -0.06200 -2.00000
105130511 -0.94881 -0.05800 -2.00000
105130512 -0.94881 -0.05400 -2.00000
105130513 -0.94881 -0.05000 -2.00000
105130514 -0.94881 -0.04600 -2.00000
105130515 -0.94881 -0.04200 -2.00000
105130516 -0.94881 -0.03800 -2.00000
105130517 -0.94881 -0.03400 -2.00000
105130518 -0.94881 -0.03000 -2.00000
105130519 -0.94881 -0.02600 -2.00000
105130520 -0.94881 -0.02200 -2.00000
105130521 -0.94881 -0.01800 -2.00000
105130522 -0.94881 -0.01400 -2.00000
105130523 -0.94881 -0.01000 -2.00000
105130524 -0.94881 -0.00600 -2.00000
105130525 -0.94881 -0.00200 -2.00000
105130526 -0.94881 0.00200 -2.00000
105130527 -0.94881 0.00600 -2.00000
105130528 -0.94881 0.01000 -2.00000
105130529 -0.94881 0.01400 -2.00000
105130530 -0.94881 0.01800 -2.00000
105130531 -0.94881 0.02200 -2.00000
105130532 -0.94881 0.02600 -2.00000
105130533 -0.94881 0.03000 -2.00000
105130534 -0.94881 0.03400 -2.00000
105130535 -0.94881 0.03800 -2.00000
105130536 -0.94881 0.04200 -2.00000
105130537 -0.94881 0.04600 -2.00000
105130538 -0.94881 0.05000 -2.00000
105130539 -0.94881 0.05400 -2.00000
105130540 -0.94881 0.05800 -2.00000
105130541 -0.94881 0.06200 -2.00000
105130542 -0.94881 0.06600 -2.00000
105130543 -0.94881 0.07000 -2.00000
105130544 -0.94881 0.07400 -2.00000
105130545 -0.94881 0.07800 -2.00000
105130546 -0.94881 0.08200 -2.00000
105130547 -0.94881 0.08600 -2.00000
105130548 -0.94881 0.09000 -2.00000
105130549 -0.94881 0.09400 -2.00000
105130550 -0.94881 0.09800 -2.00000
105130551 -0.94881 0.10200 -2.00000
105130552 -0.94881 0.10600 -2.00000
105130553 -0.94881 0.11000 -2.00000
105130554 -0.94881 0.11400 -2.00000
105130555 -0.94881 0.11800 -2.00000
105130556 -0.94881 0.12200 -2.00000
105130557 -0.94881 0.12600 -2.00000
105130558 -0.94881 0.13000 -2.00000
105130559 -0.94881 0.13400 -2.00000
105130560 -0.94881 0.13800 -2.00000
105130561 -0.94881 0.14200 -2.00000
105130562 -0.94881 0.14600 -2.00000
105130563 -0.94881 0.15000 -2.00000
105130564 -0.94881 0.15400 -2.00000
105130565 -0.94881 0.15800 -2.00000
105130566 -0.94881 0.16200 -2.00000
105130567 -0.94881 0.16600 -2.00000
105130568 -0.94881 0.17000 -2.00000
105130569 -0.94881 0.17400 -2.00000
105130570 -0.94881 0.17800 -2.00000
105130571 -0.94881 0.18200 -2.00000
105130572 -0.94881 0.18600 -2.00000
105130573 -0.94881 0.19000 -2.00000
105130574 -0.94881 0.19400 -2.00000
105130575 -0.94881 0.19800 -2.00000
105130576 -0.94881 0.20200 -2.00000
105130577 -0.94881 0.20600 -2.00000
105130578 -0.94881 0.21000 -2.00000
105130579 -0.94881 0.21400 -2.00000
105130580 -0.94881 0.21800 -2.00000
105130581 -0.94881 0.22200 -2.00000
105130582 -0.94881 0.22600 -2.00000
105130583 -0.94881 0.23000 -2.00000
105130584 -0.94881 0.23400 -2.00000
105130585 -0.94881 0.23800 -2.00000
105130586 -0.94881 0.24200 -2.00000
105130587 -0.94881 0.24600 -2.00000
105130588 -0.94881 0.25000 -2.00000
105130589 -0.94881 0.25400 -2.00000
105130590 -0.94881 0.25800 -2.00000
105130591 -0.94881 0.26200 -2.00000
105130592 -0.94881 0.26600 -2.00000
105130593 -0.94881 0.27000 -2.00000
105130594 -0.94881 0.27400 -2.00000
105130595 -0.94881 0.27800 -2.00000
105130596 -0.94881 0.28200 -2.00000
105130597 -0.94881 0.28600 -2.00000
105130598 -0.94881 0.29000 -2.00000
105130599 -0.94881 0.29400 -2.00000
105130600 -0.94881 0.29800 -2.00000
105130601 -0.94031 -0.29800 -2.00000
105130602 -0.94031 -0.29400 -2.00000
105130603 -0.94031 -0.29000 -2.00000
105130604 -0.94031 -0.28600 -2.00000
105130605 -0.94031 -0.28200 -2.00000
105130606 -0.94031 -0.27800 -2.00000
105130607 -0.94031 -0.27400 -2.00000
105130608 -0.94031 -0.27000 -2.00000
105130609 -0.94031 -0.26600 -2.00000
105130610 -0.94031 -0.26200 -2.00000
105130611 -0.94031 -0.25800 -2.00000
105130612 -0.94031 -0.25400 -2.00000
105130613 -0.94031 -0.25000 -2.00000
105130614 -0.94031 -0.24600 -2.00000
105130615 -0.94031 -0.24200 -2.00000
105130616 -0.94031 -0.23800 -2.00000
105130617 -0.94031 -0.23400 -2.00000
105130618 -0.94031 -0.23000 -2.00000
105130619 -0.94031 -0.22600 -2.00000
105130620 -0.94031 -0.22200 -2.00000
105130621 -0.94031 -0.21800 -2.00000
105130622 -0.94031 -0.21400 -2.00000
105130623 -0.94031 -0.21000 -2.00000
105130624 -0.94031 -0.20600 -2.00000
105130625 -0.94031 -0.20200 -2.00000
105130626 -0.94031 -0.19800 -2.00000
105130627 -0.94031 -0.19400 -2.00000
105130628 -0.94031 -0.19000 -2.00000
105130629 -0.94031 -0.18600 -2.00000
105130630 -0.94031 -0.18200 -2.00000
105130631 -0.94031 -0.17800 -2.00000
105130632 -0.94031 -0.17400 -2.00000
105130633 -0.94031 -0.17000 -2.00000
105130634 -0.94031 -0.16600 -2.00000
105130635 -0.94031 -0.16200 -2.00000
105130636 -0.94031 -0.15800 -2.00000
105130637 -0.94031 -0.15400 -2.00000
105130638 -0.94031 -0.15000 -2.00000
105130639 -0.94031 -0.14600 -2.00000
105130640 -0.94031 -0.14200 -2.00000
105130641 -0.94031 -0.13800 -2.00000
105130642 -0.94031 -0.13400 -2.00000
105130643 -0.94031 -0.13000 -2.00000
105130644 -0.94031 -0.12600 -2.00000
105130645 -0.94031 -0.12200 -2.00000
105130646 -0.94031 -0.11800 -2.00000
105130647 -0.94031 -0.11400 -2.00000
105130648 -0.94031 -0.11000 -2.00000
105130649 -0.94031 -0.10600 -2.00000
105130650 -0.94031 -0.10200 -2.00000
105130651 -0.94031 -0.09800 -2.00000
105130652 -0.94031 -0.09400 -2.00000
105130653 -0.94031 -0.09000 -2.00000
105130654 -0.94031 -0.08600 -2.00000
105130655 -0.94031 -0.08200 -2.00000
105130656 -0.94031 -0.07800 -2.00000
105130657 -0.94031 -0.07400 -2.00000
105130658 -0.94031 -0.07000 -2.00000
105130659 -0.94031 -0.06600 -2.00000
105130660 -0.94031 -0.06200 -2.00000
105130661 -0.94031 -0.05800 -2.00000
105130662 -0.94031 -0.05400 -2.00000
105130663 -0.94031 -0.05000 -2.00000
105130664 -0.94031 -0.04600 -2.00000
105130665 -0.94031 -0.04200 -2.00000
105130666 -0.94031 -0.03800 -2.00000
105130667 -0.94031 -0.03400 -2.00000
105130668 -0.94031 -0.03000 -2.00000
105130669 -0.94031 -0.02600 -2.00000
105130670 -0.94031 -0.02200 -2.00000
105130671 -0.94031 -0.01800 -2.00000
105130672 -0.94031 -0.01400 -2.00000
105130673 -0.94031 -0.01000 -2.00000
105130674 -0.94031 -0.00600 -2.00000
105130675 -0.94031 -0.00200 -2.00000
105130676 -0.94031 0.00200 -2.00000
105130677 -0.94031 0.00600 -2.00000
105130678 -0.94031 0.01000 -2.00000
105130679 -0.94031 0.01400 -2.00000
105130680 -0.94031 0.01800 -2.00000
105130681 -0.94031 0.02200 -2.00000
105130682 -0.94031 0.02600 -2.00000
105130683 -0.94031 0.03000 -2.00000
105130684 -0.94031 0.03400 -2.00000
105130685 -0.94031 0.03800 -2.00000
105130686 -0.94031 0.04200 -2.00000
105130687 -0.94031 0.04600 -2.00000
105130688 -0.94031 0.05000 -2.00000
105130689 -0.94031 0.05400 -2.00000
105130690 -0.94031 0.05800 -2.00000
105130691 -0.94031 0.06200 -2.00000
105130692 -0.94031 0.06600 -2.00000
105130693 -0.94031 0.07000 -2.00000
105130694 -0.94031 0.07400 -2.00000
105130695 -0.94031 0.07800 -2.00000
105130696 -0.94031 0.08200 -2.00000
105130697 -0.94031 0.08600 -2.00000
105130698 -0.94031 0.09000 -2.00000
105130699 -0.94031 0.09400 -2.00000
105130700 -0.94031 0.09800 -2.00000
105130701 -0.94031 0.10200 -2.00000
105130702 -0.94031 0.10600 -2.00000
105130703 -0.94031 0.11000 -2.00000
105130704 -0.94031 0.11400 -2.00000
105130705 -0.94031 0.11800 -2.00000
105130706 -0.94031 0.12200 -2.00000
105130707 -0.94031 0.12600 -2.00000
105130708 -0.94031 0.13000 -2.00000
105130709 -0.94031 0.13400 -2.00000
105130710 -0.94031 0.13800 -2.00000
105130711 -0.94031 0.14200 -2.00000
105130712 -0.94031 0.14600 -2.00000
105130713 -0.94031 0.15000 -2.00000
105130714 -0.94031 0.15400 -2.00000
105130715 -0.94031 0.15800 -2.00000
105130716 -0.94031 0.16200 -2.00000
105130717 -0.94031 0.16600 -2.00000
105130718 -0.94031 0.17000 -2.00000
105130719 -0.94031 0.17400 -2.00000
105130720 -0.94031 0.17800 -2.00000
105130721 -0.94031 0.18200 -2.00000
105130722 -0.94031 0.18600 -2.00000
105130723 -0.94031 0.19000 -2.00000
105130724 -0.94031 0.19400 -2.00000
105130725 -0.94031 0.19800 -2.00000
105130726 -0.94031 0.20200 -2.00000
105130727 -0.94031 0.20600 -2.00000
105130728 -0.94031 0.21000 -2.00000
105130729 -0.94031 0.21400 -2.00000
105130730 -0.94031 0.21800 -2.00000
105130731 -0.94031 0.22200 -2.00000
105130732 -0.94031 0.22600 -2.00000
105130733 -0.94031 0.23000 -2.00000
105130734 -0.94031 0.23400 -2.00000
105130735 -0.94031 0.23800 -2.00000
105130736 -0.94031 0.24200 -2.00000
105130737 -0.94031 0.24600 -2.00000
105130738 -0.94031 0.25000 -2.00000
105130739 -0.94031 0.25400 -2.00000
105130740 -0.94031 0.25800 -2.00000
105130741 -0.94031 0.26200 -2.00000
105130742 -0.94031 0.26600 -2.00000
105130743 -0.94031 0.27000 -2.00000
105130744 -0.94031 0.27400 -2.00000
105130745 -0.94031 0.27800 -2.00000
105130746 -0.94031 0.28200 -2.00000
105130747 -0.94031 0.28600 -2.00000
105130748 -0.94031 0.29000 -2.00000
105130749 -0.94031 0.29400 -2.00000
105130750 -0.94031 0.29800 -2.00000
105130751 -0.93181 -0.29800 -2.00000
105130752 -0.93181 -0.29400 -2.00000
105130753 -0.93181 -0.29000 -2.00000
105130754 -0.93181 -0.28600 -2.00000
105130755 -0.93181 -0.28200 -2.00000
105130756 -0.93181 -0.27800 -2.00000
105130757 -0.93181 -0.27400 -2.00000
105130758 -0.93181 -0.27000 -2.00000
105130759 -0.93181 -0.26600 -2.00000
105130760 -0.93181 -0.26200 -2.00000
105130761 -0.93181 -0.25800 -2.00000
105130762 -0.93181 -0.25400 -2.00000
105130763 -0.93181 -0.25000 -2.00000
105130764 -0.93181 -0.24600 -2.00000
105130765 -0.93181 -0.24200 -2.00000
105130766 -0.93181 -0.23800 -2.00000
105130767 -0.93181 -0.23400 -2.00000
105130768 -0.93181 -0.23000 -2.00000
105130769 -0.93181 -0.22600 -2.00000
105130770 -0.93181 -0.22200 -2.00000
105130771 -0.93181 -0.21800 -2.00000
105130772 -0.93181 -0.21400 -2.00000
105130773 -0.93181 -0.21000 -2.00000
105130774 -0.93181 -0.20600 -2.00000
105130775 -0.93181 -0.20200 -2.00000
105130776 -0.93181 -0.19800 -2.00000
105130777 -0.93181 -0.19400 -2.00000
105130778 -0.93181 -0.19000 -2.00000
105130779 -0.93181 -0.18600 -2.00000
105130780 -0.93181 -0.18200 -2.00000
105130781 -0.93181 -0.17800 -2.00000
105130782 -0.93181 -0.17400 -2.00000
105130783 -0.93181 -0.17000 -2.00000
105130784 -0.93181 -0.16600 -2.00000
105130785 -0.93181 -0.16200 -2.00000
105130786 -0.93181 -0.15800 -2.00000
105130787 -0.93181 -0.15400 -2.00000
105130788 -0.93181 -0.15000 -2.00000
105130789 -0.93181 -0.14600 -2.00000
105130790 -0.93181 -0.14200 -2.00000
105130791 -0.93181 -0.13800 -2.00000
105130792 -0.93181 -0.13400 -2.00000
105130793 -0.93181 -0.13000 -2.00000
105130794 -0.93181 -0.12600 -2.00000
105130795 -0.93181 -0.12200 -2.00000
105130796 -0.93181 -0.11800 -2.00000
105130797 -0.93181 -0.11400 -2.00000
105130798 -0.93181 -0.11000 -2.00000
105130799 -0.93181 -0.10600 -2.00000
105130800 -0.93181 -0.10200 -2.00000
105130801 -0.93181 -0.09800 -2.00000
105130802 -0.93181 -0.09400 -2.00000
105130803 -0.93181 -0.09000 -2.00000
105130804 -0.93181 -0.08600 -2.00000
105130805 -0.93181 -0.08200 -2.00000
105130806 -0.93181 -0.07800 -2.00000
105130807 -0.93181 -0.07400 -2.00000
105130808 -0.93181 -0.07000 -2.00000
105130809 -0.93181 -0.06600 -2.00000
105130810 -0.93181 -0.06200 -2.00000
105130811 -0.93181 -0.05800 -2.00000
105130812 -0.93181 -0.05400 -2.00000
105130813 -0.93181 -0.05000 -2.00000
105130814 -0.93181 -0.04600 -2.00000
105130815 -0.93181 -0.04200 -2.00000
105130816 -0.93181 -0.03800 -2.00000
105130817 -0.93181 -0.03400 -2.00000
105130818 -0.93181 -0.03000 -2.00000
105130819 -0.93181 -0.02600 -2.00000
105130820 -0.93181 -0.02200 -2.00000
105130821 -0.93181 -0.01800 -2.00000
105130822 -0.93181 -0.01400 -2.00000
105130823 -0.93181 -0.01000 -2.00000
105130824 -0.93181 -0.00600 -2.00000
105130825 -0.93181 -0.00200 -2.00000
105130826 -0.93181 0.00200 -2.00000
105130827 -0.93181 0.00600 -2.00000
105130828 -0.93181 0.01000 -2.00000
105130829 -0.93181 0.01400 -2.00000
105130830 -0.93181 0.01800 -2.00000
105130831 -0.93181 0.02200 -2.00000
105130832 -0.93181 0.02600 -2.00000
105130833 -0.93181 0.03000 -2.00000
105130834 -0.93181 0.03400 -2.00000
105130835 -0.93181 0.03800 -2.00000
105130836 -0.93181 0.04200 -2.00000
105130837 -0.93181 0.04600 -2.00000
105130838 -0.93181 0.05000 -2.00000
105130839 -0.93181 0.05400 -2.00000
105130840 -0.93181 0.05800 -2.00000
105130841 -0.93181 0.06200 -2.00000
105130842 -0.93181 0.06600 -2.00000
105130843 -0.93181 0.07000 -2.00000
105130844 -0.93181 0.07400 -2.00000
105130845 -0.93181 0.07800 -2.00000
105130846 -0.93181 0.08200 -2.00000
105130847 -0.93181 0.08600 -2.00000
105130848 -0.93181 0.09000 -2.00000
105130849 -0.93181 0.09400 -2.00000
105130850 -0.93181 0.09800 -2.00000
105130851 -0.93181 0.10200 -2.00000
105130852 -0.93181 0.10600 -2.00000
105130853 -0.93181 0.11000 -2.00000
105130854 -0.93181 0.11400 -2.00000
105130855 -0.93181 0.11800 -2.00000
105130856 -0.93181 0.12200 -2.00000
105130857 -0.93181 0.12600 -2.00000
105130858 -0.93181 0.13000 -2.00000
105130859 -0.93181 0.13400 -2.00000
105130860 -0.93181 0.13800 -2.00000
105130861 -0.93181 0.14200 -2.00000
105130862 -0.93181 0.14600 -2.00000
105130863 -0.93181 0.15000 -2.00000
105130864 -0.93181 0.15400 -2.00000
105130865 -0.93181 0.15800 -2.00000
105130866 -0.93181 0.16200 -2.00000
105130867 -0.93181 0.16600 -2.00000
105130868 -0.93181 0.17000 -2.00000
105130869 -0.93181 0.17400 -2.00000
105130870 -0.93181 0.17800 -2.00000
105130871 -0.93181 0.18200 -2.00000
105130872 -0.93181 0.18600 -2.00000
105130873 -0.93181 0.19000 -2.00000
105130874 -0.93181 0.19400 -2.00000
105130875 -0.93181 0.19800 -2.00000
105130876 -0.93181 0.20200 -2.00000
105130877 -0.93181 0.20600 -2.00000
105130878 -0.93181 0.21000 -2.00000
105130879 -0.93181 0.21400 -2.00000
105130880 -0.93181 0.21800 -2.00000
105130881 -0.93181 0.22200 -2.00000
105130882 -0.93181 0.22600 -2.00000
105130883 -0.93181 0.23000 -2.00000
105130884 -0.93181 0.23400 -2.00000
105130885 -0.93181 0.23800 -2.00000
105130886 -0.93181 0.24200 -2.00000
105130887 -0.93181 0.24600 -2.00000
105130888 -0.93181 0.25000 -2.00000
105130889 -0.93181 0.25400 -2.00000
105130890 -0.93181 0.25800 -2.00000
105130891 -0.93181 0.26200 -2.00000
105130892 -0.93181 0.26600 -2.00000
105130893 -0.93181 0.27000 -2.00000
105130894 -0.93181 0.27400 -2.00000
105130895 -0.93181 0.27800 -2.00000
105130896 -0.93181 0.28200 -2.00000
105130897 -0.93181 0.28600 -2.00000
105130898 -0.93181 0.29000 -2.00000
105130899 -0.93181 0.29400 -2.00000
105130900 -0.93181 0.29800 -2.00000
105130901 -0.92331 -0.29800 -2.00000
105130902 -0.92331 -0.29400 -2.00000
105130903 -0.92331 -0.29000 -2.00000
105130904 -0.92331 -0.28600 -2.00000
105130905 -0.92331 -0.28200 -2.00000
105130906 -0.92331 -0.27800 -2.00000
105130907 -0.92331 -0.27400 -2.00000
105130908 -0.92331 -0.27000 -2.00000
105130909 -0.92331 -0.26600 -2.00000
105130910 -0.92331 -0.26200 -2.00000
105130911 -0.92331 -0.25800 -2.00000
105130912 -0.92331 -0.25400 -2.00000
105130913 -0.92331 -0.25000 -2.00000
105130914 -0.92331 -0.24600 -2.00000
105130915 -0.92331 -0.24200 -2.00000
105130916 -0.92331 -0.23800 -2.00000
105130917 -0.92331 -0.23400 -2.00000
105130918 -0.92331 -0.23000 -2.00000
105130919 -0.92331 -0.22600 -2.00000
105130920 -0.92331 -0.22200 -2.00000
105130921 -0.92331 -0.21800 -2.00000
105130922 -0.92331 -0.21400 -2.00000
105130923 -0.92331 -0.21000 -2.00000
105130924 -0.92331 -0.20600 -2.00000
105130925 -0.92331 -0.20200 -2.00000
105130926 -0.92331 -0.19800 -2.00000
105130927 -0.92331 -0.19400 -2.00000
105130928 -0.92331 -0.19000 -2.00000
105130929 -0.92331 -0.18600 -2.00000
105130930 -0.92331 -0.18200 -2.00000
105130931 -0.92331 -0.17800 -2.00000
105130932 -0.92331 -0.17400 -2.00000
105130933 -0.92331 -0.17000 -2.00000
105130934 -0.92331 -0.16600 -2.00000
105130935 -0.92331 -0.16200 -2.00000
105130936 -0.92331 -0.15800 -2.00000
105130937 -0.92331 -0.15400 -2.00000
105130938 -0.92331 -0.15000 -2.00000
105130939 -0.92331 -0.14600 -2.00000
105130940 -0.92331 -0.14200 -2.00000
105130941 -0.92331 -0.13800 -2.00000
105130942 -0.92331 -0.13400 -2.00000
105130943 -0.92331 -0.13000 -2.00000
105130944 -0.92331 -0.12600 -2.00000
105130945 -0.92331 -0.12200 -2.00000
105130946 -0.92331 -0.11800 -2.00000
105130947 -0.92331 -0.11400 -2.00000
105130948 -0.92331 -0.11000 -2.00000
105130949 -0.92331 -0.10600 -2.00000
105130950 -0.92331 -0.10200 -2.00000
105130951 -0.92331 -0.09800 -2.00000
105130952 -0.92331 -0.09400 -2.00000
105130953 -0.92331 -0.09000 -2.00000
105130954 -0.92331 -0.08600 -2.00000
105130955 -0.92331 -0.08200 -2.00000
105130956 -0.92331 -0.07800 -2.00000
105130957 -0.92331 -0.07400 -2.00000
105130958 -0.92331 -0.07000 -2.00000
105130959 -0.92331 -0.06600 -2.00000
105130960 -0.92331 -0.06200 -2.00000
105130961 -0.92331 -0.05800 -2.00000
105130962 -0.92331 -0.05400 -2.00000
105130963 -0.92331 -0.05000 -2.00000
105130964 -0.92331 -0.04600 -2.00000
105130965 -0.92331 -0.04200 -2.00000
105130966 -0.92331 -0.03800 -2.00000
105130967 -0.92331 -0.03400 -2.00000
105130968 -0.92331 -0.03000 -2.00000
105130969 -0.92331 -0.02600 -2.00000
105130970 -0.92331 -0.02200 -2.00000
105130971 -0.92331 -0.01800 -2.00000
105130972 -0.92331 -0.01400 -2.00000
105130973 -0.92331 -0.01000 -2.00000
105130974 -0.92331 -0.00600 -2.00000
105130975 -0.92331 -0.00200 -2.00000
105130976 -0.92331 0.00200 -2.00000
105130977 -0.92331 0.00600 -2.00000
105130978 -0.92331 0.01000 -2.00000
105130979 -0.92331 0.01400 -2.00000
105130980 -0.92331 0.01800 -2.00000
105130981 -0.92331 0.02200 -2.00000
105130982 -0.92331 0.02600 -2.00000
105130983 -0.92331 0.03000 -2.00000
105130984 -0.92331 0.03400 -2.00000
105130985 -0.92331 0.03800 -2.00000
105130986 -0.92331 0.04200 -2.00000
105130987 -0.92331 0.04600 -2.00000
105130988 -0.92331 0.05000 -2.00000
105130989 -0.92331 0.05400 -2.00000
105130990 -0.92331 0.05800 -2.00000
105130991 -0.92331 0.06200 -2.00000
105130992 -0.92331 0.06600 -2.00000
105130993 -0.92331 0.07000 -2.00000
105130994 -0.92331 0.07400 -2.00000
105130995 -0.92331 0.07800 -2.00000
105130996 -0.92331 0.08200 -2.00000
105130997 -0.92331 0.08600 -2.00000
105130998 -0.92331 0.09000 -2.00000
105130999 -0.92331 0.09400 -2.00000
105131000 -0.92331 0.09800 -2.00000
105131001 -0.92331 0.10200 -2.00000
105131002 -0.92331 0.10600 -2.00000
105131003 -0.92331 0.11000 -2.00000
105131004 -0.92331 0.11400 -2.00000
105131005 -0.92331 0.11800 -2.00000
105131006 -0.92331 0.12200 -2.00000
105131007 -0.92331 0.12600 -2.00000
105131008 -0.92331 0.13000 -2.00000
105131009 -0.92331 0.13400 -2.00000
105131010 -0.92331 0.13800 -2.00000
105131011 -0.92331 0.14200 -2.00000
105131012 -0.92331 0.14600 -2.00000
105131013 -0.92331 0.15000 -2.00000
105131014 -0.92331 0.15400 -2.00000
105131015 -0.92331 0.15800 -2.00000
105131016 -0.92331 0.16200 -2.00000
105131017 -0.92331 0.16600 -2.00000
105131018 -0.92331 0.17000 -2.00000
105131019 -0.92331 0.17400 -2.00000
105131020 -0.92331 0.17800 -2.00000
105131021 -0.92331 0.18200 -2.00000
105131022 -0.92331 0.18600 -2.00000
105131023 -0.92331 0.19000 -2.00000
105131024 -0.92331 0.19400 -2.00000
105131025 -0.92331 0.19800 -2.00000
105131026 -0.92331 0.20200 -2.00000
105131027 -0.92331 0.20600 -2.00000
105131028 -0.92331 0.21000 -2.00000
105131029 -0.92331 0.21400 -2.00000
105131030 -0.92331 0.21800 -2.00000
105131031 -0.92331 0.22200 -2.00000
105131032 -0.92331 0.22600 -2.00000
105131033 -0.92331 0.23000 -2.00000
105131034 -0.92331 0.23400 -2.00000
105131035 -0.92331 0.23800 -2.00000
105131036 -0.92331 0.24200 -2.00000
105131037 -0.92331 0.24600 -2.00000
105131038 -0.92331 0.25000 -2.00000
105131039 -0.92331 0.25400 -2.00000
105131040 -0.92331 0.25800 -2.00000
105131041 -0.92331 0.26200 -2.00000
105131042 -0.92331 0.26600 -2.00000
105131043 -0.92331 0.27000 -2.00000
105131044 -0.92331 0.27400 -2.00000
105131045 -0.92331 0.27800 -2.00000
105131046 -0.92331 0.28200 -2.00000
105131047 -0.92331 0.28600 -2.00000
105131048 -0.92331 0.29000 -2.00000
105131049 -0.92331 0.29400 -2.00000
105131050 -0.92331 0.29800 -2.00000
105131051 -0.91481 -0.29800 -2.00000
105131052 -0.91481 -0.29400 -2.00000
105131053 -0.91481 -0.29000 -2.00000
105131054 -0.91481 -0.28600 -2.00000
105131055 -0.91481 -0.28200 -2.00000
105131056 -0.91481 -0.27800 -2.00000
105131057 -0.91481 -0.27400 -2.00000
105131058 -0.91481 -0.27000 -2.00000
105131059 -0.91481 -0.26600 -2.00000
105131060 -0.91481 -0.26200 -2.00000
105131061 -0.91481 -0.25800 -2.00000
105131062 -0.91481 -0.25400 -2.00000
105131063 -0.91481 -0.25000 -2.00000
105131064 -0.91481 -0.24600 -2.00000
105131065 -0.91481 -0.24200 -2.00000
105131066 -0.91481 -0.23800 -2.00000
105131067 -0.91481 -0.23400 -2.00000
105131068 -0.91481 -0.23000 -2.00000
105131069 -0.91481 -0.22600 -2.00000
105131070 -0.91481 -0.22200 -2.00000
105131071 -0.91481 -0.21800 -2.00000
105131072 -0.91481 -0.21400 -2.00000
105131073 -0.91481 -0.21000 -2.00000
105131074 -0.91481 -0.20600 -2.00000
105131075 -0.91481 -0.20200 -2.00000
105131076 -0.91481 -0.19800 -2.00000
105131077 -0.91481 -0.19400 -2.00000
105131078 -0.91481 -0.19000 -2.00000
105131079 -0.91481 -0.18600 -2.00000
105131080 -0.91481 -0.18200 -2.00000
105131081 -0.91481 -0.17800 -2.00000
105131082 -0.91481 -0.17400 -2.00000
105131083 -0.91481 -0.17000 -2.00000
105131084 -0.91481 -0.16600 -2.00000
105131085 -0.91481 -0.16200 -2.00000
105131086 -0.91481 -0.15800 -2.00000
105131087 -0.91481 -0.15400 -2.00000
105131088 -0.91481 -0.15000 -2.00000
105131089 -0.91481 -0.14600 -2.00000
105131090 -0.91481 -0.14200 -2.00000
105131091 -0.91481 -0.13800 -2.00000
105131092 -0.91481 -0.13400 -2.00000
105131093 -0.91481 -0.13000 -2.00000
105131094 -0.91481 -0.12600 -2.00000
105131095 -0.91481 -0.12200 -2.00000
105131096 -0.91481 -0.11800 -2.00000
105131097 -0.91481 -0.11400 -2.00000
105131098 -0.91481 -0.11000 -2.00000
105131099 -0.91481 -0.10600 -2.00000
105131100 -0.91481 -0.10200 -2.00000
105131101 -0.91481 -0.09800 -2.00000
105131102 -0.91481 -0.09400 -2.00000
105131103 -0.91481 -0.09000 -2.00000
105131104 -0.91481 -0.08600 -2.00000
105131105 -0.91481 -0.08200 -2.00000
105131106 -0.91481 -0.07800 -2.00000
105131107 -0.91481 -0.07400 -2.00000
105131108 -0.91481 -0.07000 -2.00000
105131109 -0.91481 -0.06600 -2.00000
105131110 -0.91481 -0.06200 -2.00000
105131111 -0.91481 -0.05800 -2.00000
105131112 -0.91481 -0.05400 -2.00000
105131113 -0.91481 -0.05000 -2.00000
105131114 -0.91481 -0.04600 -2.00000
105131115 -0.91481 -0.04200 -2.00000
105131116 -0.91481 -0.03800 -2.00000
105131117 -0.91481 -0.03400 -2.00000
105131118 -0.91481 -0.03000 -2.00000
105131119 -0.91481 -0.02600 -2.00000
105131120 -0.91481 -0.02200 -2.00000
105131121 -0.91481 -0.01800 -2.00000
105131122 -0.91481 -0.01400 -2.00000
105131123 -0.91481 -0.01000 -2.00000
105131124 -0.91481 -0.00600 -2.00000
105131125 -0.91481 -0.00200 -2.00000
105131126 -0.91481 0.00200 -2.00000
105131127 -0.91481 0.00600 -2.00000
105131128 -0.91481 0.01000 -2.00000
105131129 -0.91481 0.01400 -2.00000
105131130 -0.91481 0.01800 -2.00000
105131131 -0.91481 0.02200 -2.00000
105131132 -0.91481 0.02600 -2.00000
105131133 -0.91481 0.03000 -2.00000
105131134 -0.91481 0.03400 -2.00000
105131135 -0.91481 0.03800 -2.00000
105131136 -0.91481 0.04200 -2.00000
105131137 -0.91481 0.04600 -2.00000
105131138 -0.91481 0.05000 -2.00000
105131139 -0.91481 0.05400 -2.00000
105131140 -0.91481 0.05800 -2.00000
105131141 -0.91481 0.06200 -2.00000
105131142 -0.91481 0.06600 -2.00000
105131143 -0.91481 0.07000 -2.00000
105131144 -0.91481 0.07400 -2.00000
105131145 -0.91481 0.07800 -2.00000
105131146 -0.91481 0.08200 -2.00000
105131147 -0.91481 0.08600 -2.00000
105131148 -0.91481 0.09000 -2.00000
105131149 -0.91481 0.09400 -2.00000
105131150 -0.91481 0.09800 -2.00000
105131151 -0.91481 0.10200 -2.00000
105131152 -0.91481 0.10600 -2.00000
105131153 -0.91481 0.11000 -2.00000
105131154 -0.91481 0.11400 -2.00000
105131155 -0.91481 0.11800 -2.00000
105131156 -0.91481 0.12200 -2.00000
105131157 -0.91481 0.12600 -2.00000
105131158 -0.91481 0.13000 -2.00000
105131159 -0.91481 0.13400 -2.00000
105131160 -0.91481 0.13800 -2.00000
105131161 -0.91481 0.14200 -2.00000
105131162 -0.91481 0.14600 -2.00000
105131163 -0.91481 0.15000 -2.00000
105131164 -0.91481 0.15400 -2.00000
105131165 -0.91481 0.15800 -2.00000
105131166 -0.91481 0.16200 -2.00000
105131167 -0.91481 0.16600 -2.00000
105131168 -0.91481 0.17000 -2.00000
105131169 -0.91481 0.17400 -2.00000
105131170 -0.91481 0.17800 -2.00000
105131171 -0.91481 0.18200 -2.00000
105131172 -0.91481 0.18600 -2.00000
105131173 -0.91481 0.19000 -2.00000
105131174 -0.91481 0.19400 -2.00000
105131175 -0.91481 0.19800 -2.00000
105131176 -0.91481 0.20200 -2.00000
105131177 -0.91481 0.20600 -2.00000
105131178 -0.91481 0.21000 -2.00000
105131179 -0.91481 0.21400 -2.00000
105131180 -0.91481 0.21800 -2.00000
105131181 -0.91481 0.22200 -2.00000
105131182 -0.91481 0.22600 -2.00000
105131183 -0.91481 0.23000 -2.00000
105131184 -0.91481 0.23400 -2.00000
105131185 -0.91481 0.23800 -2.00000
105131186 -0.91481 0.24200 -2.00000
105131187 -0.91481 0.24600 -2.00000
105131188 -0.91481 0.25000 -2.00000
105131189 -0.91481 0.25400 -2.00000
105131190 -0.91481 0.25800 -2.00000
105131191 -0.91481 0.26200 -2.00000
105131192 -0.91481 0.26600 -2.00000
105131193 -0.91481 0.27000 -2.00000
105131194 -0.91481 0.27400 -2.00000
105131195 -0.91481 0.27800 -2.00000
105131196 -0.91481 0.28200 -2.00000
105131197 -0.91481 0.28600 -2.00000
105131198 -0.91481 0.29000 -2.00000
105131199 -0.91481 0.29400 -2.00000
105131200 -0.91481 0.29800 -2.00000
