# pixelID  x  y  z
102080001 0.50081 -0.29800 -2.00000
102080002 0.50081 -0.29400 -2.00000
102080003 0.50081 -0.29000 -2.00000
102080004 0.50081 -0.28600 -2.00000
102080005 0.50081 -0.28200 -2.00000
102080006 0.50081 -0.27800 -2.00000
102080007 0.50081 -0.27400 -2.00000
102080008 0.50081 -0.27000 -2.00000
102080009 0.50081 -0.26600 -2.00000
102080010 0.50081 -0.26200 -2.00000
102080011 0.50081 -0.25800 -2.00000
102080012 0.50081 -0.25400 -2.00000
102080013 0.50081 -0.25000 -2.00000
102080014 0.50081 -0.24600 -2.00000
102080015 0.50081 -0.24200 -2.00000
102080016 0.50081 -0.23800 -2.00000
102080017 0.50081 -0.23400 -2.00000
102080018 0.50081 -0.23000 -2.00000
102080019 0.50081 -0.22600 -2.00000
102080020 0.50081 -0.22200 -2.00000
102080021 0.50081 -0.21800 -2.00000
102080022 0.50081 -0.21400 -2.00000
102080023 0.50081 -0.21000 -2.00000
102080024 0.50081 -0.20600 -2.00000
102080025 0.50081 -0.20200 -2.00000
102080026 0.50081 -0.19800 -2.00000
102080027 0.50081 -0.19400 -2.00000
102080028 0.50081 -0.19000 -2.00000
102080029 0.50081 -0.18600 -2.00000
102080030 0.50081 -0.18200 -2.00000
102080031 0.50081 -0.17800 -2.00000
102080032 0.50081 -0.17400 -2.00000
102080033 0.50081 -0.17000 -2.00000
102080034 0.50081 -0.16600 -2.00000
102080035 0.50081 -0.16200 -2.00000
102080036 0.50081 -0.15800 -2.00000
102080037 0.50081 -0.15400 -2.00000
102080038 0.50081 -0.15000 -2.00000
102080039 0.50081 -0.14600 -2.00000
102080040 0.50081 -0.14200 -2.00000
102080041 0.50081 -0.13800 -2.00000
102080042 0.50081 -0.13400 -2.00000
102080043 0.50081 -0.13000 -2.00000
102080044 0.50081 -0.12600 -2.00000
102080045 0.50081 -0.12200 -2.00000
102080046 0.50081 -0.11800 -2.00000
102080047 0.50081 -0.11400 -2.00000
102080048 0.50081 -0.11000 -2.00000
102080049 0.50081 -0.10600 -2.00000
102080050 0.50081 -0.10200 -2.00000
102080051 0.50081 -0.09800 -2.00000
102080052 0.50081 -0.09400 -2.00000
102080053 0.50081 -0.09000 -2.00000
102080054 0.50081 -0.08600 -2.00000
102080055 0.50081 -0.08200 -2.00000
102080056 0.50081 -0.07800 -2.00000
102080057 0.50081 -0.07400 -2.00000
102080058 0.50081 -0.07000 -2.00000
102080059 0.50081 -0.06600 -2.00000
102080060 0.50081 -0.06200 -2.00000
102080061 0.50081 -0.05800 -2.00000
102080062 0.50081 -0.05400 -2.00000
102080063 0.50081 -0.05000 -2.00000
102080064 0.50081 -0.04600 -2.00000
102080065 0.50081 -0.04200 -2.00000
102080066 0.50081 -0.03800 -2.00000
102080067 0.50081 -0.03400 -2.00000
102080068 0.50081 -0.03000 -2.00000
102080069 0.50081 -0.02600 -2.00000
102080070 0.50081 -0.02200 -2.00000
102080071 0.50081 -0.01800 -2.00000
102080072 0.50081 -0.01400 -2.00000
102080073 0.50081 -0.01000 -2.00000
102080074 0.50081 -0.00600 -2.00000
102080075 0.50081 -0.00200 -2.00000
102080076 0.50081 0.00200 -2.00000
102080077 0.50081 0.00600 -2.00000
102080078 0.50081 0.01000 -2.00000
102080079 0.50081 0.01400 -2.00000
102080080 0.50081 0.01800 -2.00000
102080081 0.50081 0.02200 -2.00000
102080082 0.50081 0.02600 -2.00000
102080083 0.50081 0.03000 -2.00000
102080084 0.50081 0.03400 -2.00000
102080085 0.50081 0.03800 -2.00000
102080086 0.50081 0.04200 -2.00000
102080087 0.50081 0.04600 -2.00000
102080088 0.50081 0.05000 -2.00000
102080089 0.50081 0.05400 -2.00000
102080090 0.50081 0.05800 -2.00000
102080091 0.50081 0.06200 -2.00000
102080092 0.50081 0.06600 -2.00000
102080093 0.50081 0.07000 -2.00000
102080094 0.50081 0.07400 -2.00000
102080095 0.50081 0.07800 -2.00000
102080096 0.50081 0.08200 -2.00000
102080097 0.50081 0.08600 -2.00000
102080098 0.50081 0.09000 -2.00000
102080099 0.50081 0.09400 -2.00000
102080100 0.50081 0.09800 -2.00000
102080101 0.50081 0.10200 -2.00000
102080102 0.50081 0.10600 -2.00000
102080103 0.50081 0.11000 -2.00000
102080104 0.50081 0.11400 -2.00000
102080105 0.50081 0.11800 -2.00000
102080106 0.50081 0.12200 -2.00000
102080107 0.50081 0.12600 -2.00000
102080108 0.50081 0.13000 -2.00000
102080109 0.50081 0.13400 -2.00000
102080110 0.50081 0.13800 -2.00000
102080111 0.50081 0.14200 -2.00000
102080112 0.50081 0.14600 -2.00000
102080113 0.50081 0.15000 -2.00000
102080114 0.50081 0.15400 -2.00000
102080115 0.50081 0.15800 -2.00000
102080116 0.50081 0.16200 -2.00000
102080117 0.50081 0.16600 -2.00000
102080118 0.50081 0.17000 -2.00000
102080119 0.50081 0.17400 -2.00000
102080120 0.50081 0.17800 -2.00000
102080121 0.50081 0.18200 -2.00000
102080122 0.50081 0.18600 -2.00000
102080123 0.50081 0.19000 -2.00000
102080124 0.50081 0.19400 -2.00000
102080125 0.50081 0.19800 -2.00000
102080126 0.50081 0.20200 -2.00000
102080127 0.50081 0.20600 -2.00000
102080128 0.50081 0.21000 -2.00000
102080129 0.50081 0.21400 -2.00000
102080130 0.50081 0.21800 -2.00000
102080131 0.50081 0.22200 -2.00000
102080132 0.50081 0.22600 -2.00000
102080133 0.50081 0.23000 -2.00000
102080134 0.50081 0.23400 -2.00000
102080135 0.50081 0.23800 -2.00000
102080136 0.50081 0.24200 -2.00000
102080137 0.50081 0.24600 -2.00000
102080138 0.50081 0.25000 -2.00000
102080139 0.50081 0.25400 -2.00000
102080140 0.50081 0.25800 -2.00000
102080141 0.50081 0.26200 -2.00000
102080142 0.50081 0.26600 -2.00000
102080143 0.50081 0.27000 -2.00000
102080144 0.50081 0.27400 -2.00000
102080145 0.50081 0.27800 -2.00000
102080146 0.50081 0.28200 -2.00000
102080147 0.50081 0.28600 -2.00000
102080148 0.50081 0.29000 -2.00000
102080149 0.50081 0.29400 -2.00000
102080150 0.50081 0.29800 -2.00000
102080151 0.50931 -0.29800 -2.00000
102080152 0.50931 -0.29400 -2.00000
102080153 0.50931 -0.29000 -2.00000
102080154 0.50931 -0.28600 -2.00000
102080155 0.50931 -0.28200 -2.00000
102080156 0.50931 -0.27800 -2.00000
102080157 0.50931 -0.27400 -2.00000
102080158 0.50931 -0.27000 -2.00000
102080159 0.50931 -0.26600 -2.00000
102080160 0.50931 -0.26200 -2.00000
102080161 0.50931 -0.25800 -2.00000
102080162 0.50931 -0.25400 -2.00000
102080163 0.50931 -0.25000 -2.00000
102080164 0.50931 -0.24600 -2.00000
102080165 0.50931 -0.24200 -2.00000
102080166 0.50931 -0.23800 -2.00000
102080167 0.50931 -0.23400 -2.00000
102080168 0.50931 -0.23000 -2.00000
102080169 0.50931 -0.22600 -2.00000
102080170 0.50931 -0.22200 -2.00000
102080171 0.50931 -0.21800 -2.00000
102080172 0.50931 -0.21400 -2.00000
102080173 0.50931 -0.21000 -2.00000
102080174 0.50931 -0.20600 -2.00000
102080175 0.50931 -0.20200 -2.00000
102080176 0.50931 -0.19800 -2.00000
102080177 0.50931 -0.19400 -2.00000
102080178 0.50931 -0.19000 -2.00000
102080179 0.50931 -0.18600 -2.00000
102080180 0.50931 -0.18200 -2.00000
102080181 0.50931 -0.17800 -2.00000
102080182 0.50931 -0.17400 -2.00000
102080183 0.50931 -0.17000 -2.00000
102080184 0.50931 -0.16600 -2.00000
102080185 0.50931 -0.16200 -2.00000
102080186 0.50931 -0.15800 -2.00000
102080187 0.50931 -0.15400 -2.00000
102080188 0.50931 -0.15000 -2.00000
102080189 0.50931 -0.14600 -2.00000
102080190 0.50931 -0.14200 -2.00000
102080191 0.50931 -0.13800 -2.00000
102080192 0.50931 -0.13400 -2.00000
102080193 0.50931 -0.13000 -2.00000
102080194 0.50931 -0.12600 -2.00000
102080195 0.50931 -0.12200 -2.00000
102080196 0.50931 -0.11800 -2.00000
102080197 0.50931 -0.11400 -2.00000
102080198 0.50931 -0.11000 -2.00000
102080199 0.50931 -0.10600 -2.00000
102080200 0.50931 -0.10200 -2.00000
102080201 0.50931 -0.09800 -2.00000
102080202 0.50931 -0.09400 -2.00000
102080203 0.50931 -0.09000 -2.00000
102080204 0.50931 -0.08600 -2.00000
102080205 0.50931 -0.08200 -2.00000
102080206 0.50931 -0.07800 -2.00000
102080207 0.50931 -0.07400 -2.00000
102080208 0.50931 -0.07000 -2.00000
102080209 0.50931 -0.06600 -2.00000
102080210 0.50931 -0.06200 -2.00000
102080211 0.50931 -0.05800 -2.00000
102080212 0.50931 -0.05400 -2.00000
102080213 0.50931 -0.05000 -2.00000
102080214 0.50931 -0.04600 -2.00000
102080215 0.50931 -0.04200 -2.00000
102080216 0.50931 -0.03800 -2.00000
102080217 0.50931 -0.03400 -2.00000
102080218 0.50931 -0.03000 -2.00000
102080219 0.50931 -0.02600 -2.00000
102080220 0.50931 -0.02200 -2.00000
102080221 0.50931 -0.01800 -2.00000
102080222 0.50931 -0.01400 -2.00000
102080223 0.50931 -0.01000 -2.00000
102080224 0.50931 -0.00600 -2.00000
102080225 0.50931 -0.00200 -2.00000
102080226 0.50931 0.00200 -2.00000
102080227 0.50931 0.00600 -2.00000
102080228 0.50931 0.01000 -2.00000
102080229 0.50931 0.01400 -2.00000
102080230 0.50931 0.01800 -2.00000
102080231 0.50931 0.02200 -2.00000
102080232 0.50931 0.02600 -2.00000
102080233 0.50931 0.03000 -2.00000
102080234 0.50931 0.03400 -2.00000
102080235 0.50931 0.03800 -2.00000
102080236 0.50931 0.04200 -2.00000
102080237 0.50931 0.04600 -2.00000
102080238 0.50931 0.05000 -2.00000
102080239 0.50931 0.05400 -2.00000
102080240 0.50931 0.05800 -2.00000
102080241 0.50931 0.06200 -2.00000
102080242 0.50931 0.06600 -2.00000
102080243 0.50931 0.07000 -2.00000
102080244 0.50931 0.07400 -2.00000
102080245 0.50931 0.07800 -2.00000
102080246 0.50931 0.08200 -2.00000
102080247 0.50931 0.08600 -2.00000
102080248 0.50931 0.09000 -2.00000
102080249 0.50931 0.09400 -2.00000
102080250 0.50931 0.09800 -2.00000
102080251 0.50931 0.10200 -2.00000
102080252 0.50931 0.10600 -2.00000
102080253 0.50931 0.11000 -2.00000
102080254 0.50931 0.11400 -2.00000
102080255 0.50931 0.11800 -2.00000
102080256 0.50931 0.12200 -2.00000
102080257 0.50931 0.12600 -2.00000
102080258 0.50931 0.13000 -2.00000
102080259 0.50931 0.13400 -2.00000
102080260 0.50931 0.13800 -2.00000
102080261 0.50931 0.14200 -2.00000
102080262 0.50931 0.14600 -2.00000
102080263 0.50931 0.15000 -2.00000
102080264 0.50931 0.15400 -2.00000
102080265 0.50931 0.15800 -2.00000
102080266 0.50931 0.16200 -2.00000
102080267 0.50931 0.16600 -2.00000
102080268 0.50931 0.17000 -2.00000
102080269 0.50931 0.17400 -2.00000
102080270 0.50931 0.17800 -2.00000
102080271 0.50931 0.18200 -2.00000
102080272 0.50931 0.18600 -2.00000
102080273 0.50931 0.19000 -2.00000
102080274 0.50931 0.19400 -2.00000
102080275 0.50931 0.19800 -2.00000
102080276 0.50931 0.20200 -2.00000
102080277 0.50931 0.20600 -2.00000
102080278 0.50931 0.21000 -2.00000
102080279 0.50931 0.21400 -2.00000
102080280 0.50931 0.21800 -2.00000
102080281 0.50931 0.22200 -2.00000
102080282 0.50931 0.22600 -2.00000
102080283 0.50931 0.23000 -2.00000
102080284 0.50931 0.23400 -2.00000
102080285 0.50931 0.23800 -2.00000
102080286 0.50931 0.24200 -2.00000
102080287 0.50931 0.24600 -2.00000
102080288 0.50931 0.25000 -2.00000
102080289 0.50931 0.25400 -2.00000
102080290 0.50931 0.25800 -2.00000
102080291 0.50931 0.26200 -2.00000
102080292 0.50931 0.26600 -2.00000
102080293 0.50931 0.27000 -2.00000
102080294 0.50931 0.27400 -2.00000
102080295 0.50931 0.27800 -2.00000
102080296 0.50931 0.28200 -2.00000
102080297 0.50931 0.28600 -2.00000
102080298 0.50931 0.29000 -2.00000
102080299 0.50931 0.29400 -2.00000
102080300 0.50931 0.29800 -2.00000
102080301 0.51781 -0.29800 -2.00000
102080302 0.51781 -0.29400 -2.00000
102080303 0.51781 -0.29000 -2.00000
102080304 0.51781 -0.28600 -2.00000
102080305 0.51781 -0.28200 -2.00000
102080306 0.51781 -0.27800 -2.00000
102080307 0.51781 -0.27400 -2.00000
102080308 0.51781 -0.27000 -2.00000
102080309 0.51781 -0.26600 -2.00000
102080310 0.51781 -0.26200 -2.00000
102080311 0.51781 -0.25800 -2.00000
102080312 0.51781 -0.25400 -2.00000
102080313 0.51781 -0.25000 -2.00000
102080314 0.51781 -0.24600 -2.00000
102080315 0.51781 -0.24200 -2.00000
102080316 0.51781 -0.23800 -2.00000
102080317 0.51781 -0.23400 -2.00000
102080318 0.51781 -0.23000 -2.00000
102080319 0.51781 -0.22600 -2.00000
102080320 0.51781 -0.22200 -2.00000
102080321 0.51781 -0.21800 -2.00000
102080322 0.51781 -0.21400 -2.00000
102080323 0.51781 -0.21000 -2.00000
102080324 0.51781 -0.20600 -2.00000
102080325 0.51781 -0.20200 -2.00000
102080326 0.51781 -0.19800 -2.00000
102080327 0.51781 -0.19400 -2.00000
102080328 0.51781 -0.19000 -2.00000
102080329 0.51781 -0.18600 -2.00000
102080330 0.51781 -0.18200 -2.00000
102080331 0.51781 -0.17800 -2.00000
102080332 0.51781 -0.17400 -2.00000
102080333 0.51781 -0.17000 -2.00000
102080334 0.51781 -0.16600 -2.00000
102080335 0.51781 -0.16200 -2.00000
102080336 0.51781 -0.15800 -2.00000
102080337 0.51781 -0.15400 -2.00000
102080338 0.51781 -0.15000 -2.00000
102080339 0.51781 -0.14600 -2.00000
102080340 0.51781 -0.14200 -2.00000
102080341 0.51781 -0.13800 -2.00000
102080342 0.51781 -0.13400 -2.00000
102080343 0.51781 -0.13000 -2.00000
102080344 0.51781 -0.12600 -2.00000
102080345 0.51781 -0.12200 -2.00000
102080346 0.51781 -0.11800 -2.00000
102080347 0.51781 -0.11400 -2.00000
102080348 0.51781 -0.11000 -2.00000
102080349 0.51781 -0.10600 -2.00000
102080350 0.51781 -0.10200 -2.00000
102080351 0.51781 -0.09800 -2.00000
102080352 0.51781 -0.09400 -2.00000
102080353 0.51781 -0.09000 -2.00000
102080354 0.51781 -0.08600 -2.00000
102080355 0.51781 -0.08200 -2.00000
102080356 0.51781 -0.07800 -2.00000
102080357 0.51781 -0.07400 -2.00000
102080358 0.51781 -0.07000 -2.00000
102080359 0.51781 -0.06600 -2.00000
102080360 0.51781 -0.06200 -2.00000
102080361 0.51781 -0.05800 -2.00000
102080362 0.51781 -0.05400 -2.00000
102080363 0.51781 -0.05000 -2.00000
102080364 0.51781 -0.04600 -2.00000
102080365 0.51781 -0.04200 -2.00000
102080366 0.51781 -0.03800 -2.00000
102080367 0.51781 -0.03400 -2.00000
102080368 0.51781 -0.03000 -2.00000
102080369 0.51781 -0.02600 -2.00000
102080370 0.51781 -0.02200 -2.00000
102080371 0.51781 -0.01800 -2.00000
102080372 0.51781 -0.01400 -2.00000
102080373 0.51781 -0.01000 -2.00000
102080374 0.51781 -0.00600 -2.00000
102080375 0.51781 -0.00200 -2.00000
102080376 0.51781 0.00200 -2.00000
102080377 0.51781 0.00600 -2.00000
102080378 0.51781 0.01000 -2.00000
102080379 0.51781 0.01400 -2.00000
102080380 0.51781 0.01800 -2.00000
102080381 0.51781 0.02200 -2.00000
102080382 0.51781 0.02600 -2.00000
102080383 0.51781 0.03000 -2.00000
102080384 0.51781 0.03400 -2.00000
102080385 0.51781 0.03800 -2.00000
102080386 0.51781 0.04200 -2.00000
102080387 0.51781 0.04600 -2.00000
102080388 0.51781 0.05000 -2.00000
102080389 0.51781 0.05400 -2.00000
102080390 0.51781 0.05800 -2.00000
102080391 0.51781 0.06200 -2.00000
102080392 0.51781 0.06600 -2.00000
102080393 0.51781 0.07000 -2.00000
102080394 0.51781 0.07400 -2.00000
102080395 0.51781 0.07800 -2.00000
102080396 0.51781 0.08200 -2.00000
102080397 0.51781 0.08600 -2.00000
102080398 0.51781 0.09000 -2.00000
102080399 0.51781 0.09400 -2.00000
102080400 0.51781 0.09800 -2.00000
102080401 0.51781 0.10200 -2.00000
102080402 0.51781 0.10600 -2.00000
102080403 0.51781 0.11000 -2.00000
102080404 0.51781 0.11400 -2.00000
102080405 0.51781 0.11800 -2.00000
102080406 0.51781 0.12200 -2.00000
102080407 0.51781 0.12600 -2.00000
102080408 0.51781 0.13000 -2.00000
102080409 0.51781 0.13400 -2.00000
102080410 0.51781 0.13800 -2.00000
102080411 0.51781 0.14200 -2.00000
102080412 0.51781 0.14600 -2.00000
102080413 0.51781 0.15000 -2.00000
102080414 0.51781 0.15400 -2.00000
102080415 0.51781 0.15800 -2.00000
102080416 0.51781 0.16200 -2.00000
102080417 0.51781 0.16600 -2.00000
102080418 0.51781 0.17000 -2.00000
102080419 0.51781 0.17400 -2.00000
102080420 0.51781 0.17800 -2.00000
102080421 0.51781 0.18200 -2.00000
102080422 0.51781 0.18600 -2.00000
102080423 0.51781 0.19000 -2.00000
102080424 0.51781 0.19400 -2.00000
102080425 0.51781 0.19800 -2.00000
102080426 0.51781 0.20200 -2.00000
102080427 0.51781 0.20600 -2.00000
102080428 0.51781 0.21000 -2.00000
102080429 0.51781 0.21400 -2.00000
102080430 0.51781 0.21800 -2.00000
102080431 0.51781 0.22200 -2.00000
102080432 0.51781 0.22600 -2.00000
102080433 0.51781 0.23000 -2.00000
102080434 0.51781 0.23400 -2.00000
102080435 0.51781 0.23800 -2.00000
102080436 0.51781 0.24200 -2.00000
102080437 0.51781 0.24600 -2.00000
102080438 0.51781 0.25000 -2.00000
102080439 0.51781 0.25400 -2.00000
102080440 0.51781 0.25800 -2.00000
102080441 0.51781 0.26200 -2.00000
102080442 0.51781 0.26600 -2.00000
102080443 0.51781 0.27000 -2.00000
102080444 0.51781 0.27400 -2.00000
102080445 0.51781 0.27800 -2.00000
102080446 0.51781 0.28200 -2.00000
102080447 0.51781 0.28600 -2.00000
102080448 0.51781 0.29000 -2.00000
102080449 0.51781 0.29400 -2.00000
102080450 0.51781 0.29800 -2.00000
102080451 0.52631 -0.29800 -2.00000
102080452 0.52631 -0.29400 -2.00000
102080453 0.52631 -0.29000 -2.00000
102080454 0.52631 -0.28600 -2.00000
102080455 0.52631 -0.28200 -2.00000
102080456 0.52631 -0.27800 -2.00000
102080457 0.52631 -0.27400 -2.00000
102080458 0.52631 -0.27000 -2.00000
102080459 0.52631 -0.26600 -2.00000
102080460 0.52631 -0.26200 -2.00000
102080461 0.52631 -0.25800 -2.00000
102080462 0.52631 -0.25400 -2.00000
102080463 0.52631 -0.25000 -2.00000
102080464 0.52631 -0.24600 -2.00000
102080465 0.52631 -0.24200 -2.00000
102080466 0.52631 -0.23800 -2.00000
102080467 0.52631 -0.23400 -2.00000
102080468 0.52631 -0.23000 -2.00000
102080469 0.52631 -0.22600 -2.00000
102080470 0.52631 -0.22200 -2.00000
102080471 0.52631 -0.21800 -2.00000
102080472 0.52631 -0.21400 -2.00000
102080473 0.52631 -0.21000 -2.00000
102080474 0.52631 -0.20600 -2.00000
102080475 0.52631 -0.20200 -2.00000
102080476 0.52631 -0.19800 -2.00000
102080477 0.52631 -0.19400 -2.00000
102080478 0.52631 -0.19000 -2.00000
102080479 0.52631 -0.18600 -2.00000
102080480 0.52631 -0.18200 -2.00000
102080481 0.52631 -0.17800 -2.00000
102080482 0.52631 -0.17400 -2.00000
102080483 0.52631 -0.17000 -2.00000
102080484 0.52631 -0.16600 -2.00000
102080485 0.52631 -0.16200 -2.00000
102080486 0.52631 -0.15800 -2.00000
102080487 0.52631 -0.15400 -2.00000
102080488 0.52631 -0.15000 -2.00000
102080489 0.52631 -0.14600 -2.00000
102080490 0.52631 -0.14200 -2.00000
102080491 0.52631 -0.13800 -2.00000
102080492 0.52631 -0.13400 -2.00000
102080493 0.52631 -0.13000 -2.00000
102080494 0.52631 -0.12600 -2.00000
102080495 0.52631 -0.12200 -2.00000
102080496 0.52631 -0.11800 -2.00000
102080497 0.52631 -0.11400 -2.00000
102080498 0.52631 -0.11000 -2.00000
102080499 0.52631 -0.10600 -2.00000
102080500 0.52631 -0.10200 -2.00000
102080501 0.52631 -0.09800 -2.00000
102080502 0.52631 -0.09400 -2.00000
102080503 0.52631 -0.09000 -2.00000
102080504 0.52631 -0.08600 -2.00000
102080505 0.52631 -0.08200 -2.00000
102080506 0.52631 -0.07800 -2.00000
102080507 0.52631 -0.07400 -2.00000
102080508 0.52631 -0.07000 -2.00000
102080509 0.52631 -0.06600 -2.00000
102080510 0.52631 -0.06200 -2.00000
102080511 0.52631 -0.05800 -2.00000
102080512 0.52631 -0.05400 -2.00000
102080513 0.52631 -0.05000 -2.00000
102080514 0.52631 -0.04600 -2.00000
102080515 0.52631 -0.04200 -2.00000
102080516 0.52631 -0.03800 -2.00000
102080517 0.52631 -0.03400 -2.00000
102080518 0.52631 -0.03000 -2.00000
102080519 0.52631 -0.02600 -2.00000
102080520 0.52631 -0.02200 -2.00000
102080521 0.52631 -0.01800 -2.00000
102080522 0.52631 -0.01400 -2.00000
102080523 0.52631 -0.01000 -2.00000
102080524 0.52631 -0.00600 -2.00000
102080525 0.52631 -0.00200 -2.00000
102080526 0.52631 0.00200 -2.00000
102080527 0.52631 0.00600 -2.00000
102080528 0.52631 0.01000 -2.00000
102080529 0.52631 0.01400 -2.00000
102080530 0.52631 0.01800 -2.00000
102080531 0.52631 0.02200 -2.00000
102080532 0.52631 0.02600 -2.00000
102080533 0.52631 0.03000 -2.00000
102080534 0.52631 0.03400 -2.00000
102080535 0.52631 0.03800 -2.00000
102080536 0.52631 0.04200 -2.00000
102080537 0.52631 0.04600 -2.00000
102080538 0.52631 0.05000 -2.00000
102080539 0.52631 0.05400 -2.00000
102080540 0.52631 0.05800 -2.00000
102080541 0.52631 0.06200 -2.00000
102080542 0.52631 0.06600 -2.00000
102080543 0.52631 0.07000 -2.00000
102080544 0.52631 0.07400 -2.00000
102080545 0.52631 0.07800 -2.00000
102080546 0.52631 0.08200 -2.00000
102080547 0.52631 0.08600 -2.00000
102080548 0.52631 0.09000 -2.00000
102080549 0.52631 0.09400 -2.00000
102080550 0.52631 0.09800 -2.00000
102080551 0.52631 0.10200 -2.00000
102080552 0.52631 0.10600 -2.00000
102080553 0.52631 0.11000 -2.00000
102080554 0.52631 0.11400 -2.00000
102080555 0.52631 0.11800 -2.00000
102080556 0.52631 0.12200 -2.00000
102080557 0.52631 0.12600 -2.00000
102080558 0.52631 0.13000 -2.00000
102080559 0.52631 0.13400 -2.00000
102080560 0.52631 0.13800 -2.00000
102080561 0.52631 0.14200 -2.00000
102080562 0.52631 0.14600 -2.00000
102080563 0.52631 0.15000 -2.00000
102080564 0.52631 0.15400 -2.00000
102080565 0.52631 0.15800 -2.00000
102080566 0.52631 0.16200 -2.00000
102080567 0.52631 0.16600 -2.00000
102080568 0.52631 0.17000 -2.00000
102080569 0.52631 0.17400 -2.00000
102080570 0.52631 0.17800 -2.00000
102080571 0.52631 0.18200 -2.00000
102080572 0.52631 0.18600 -2.00000
102080573 0.52631 0.19000 -2.00000
102080574 0.52631 0.19400 -2.00000
102080575 0.52631 0.19800 -2.00000
102080576 0.52631 0.20200 -2.00000
102080577 0.52631 0.20600 -2.00000
102080578 0.52631 0.21000 -2.00000
102080579 0.52631 0.21400 -2.00000
102080580 0.52631 0.21800 -2.00000
102080581 0.52631 0.22200 -2.00000
102080582 0.52631 0.22600 -2.00000
102080583 0.52631 0.23000 -2.00000
102080584 0.52631 0.23400 -2.00000
102080585 0.52631 0.23800 -2.00000
102080586 0.52631 0.24200 -2.00000
102080587 0.52631 0.24600 -2.00000
102080588 0.52631 0.25000 -2.00000
102080589 0.52631 0.25400 -2.00000
102080590 0.52631 0.25800 -2.00000
102080591 0.52631 0.26200 -2.00000
102080592 0.52631 0.26600 -2.00000
102080593 0.52631 0.27000 -2.00000
102080594 0.52631 0.27400 -2.00000
102080595 0.52631 0.27800 -2.00000
102080596 0.52631 0.28200 -2.00000
102080597 0.52631 0.28600 -2.00000
102080598 0.52631 0.29000 -2.00000
102080599 0.52631 0.29400 -2.00000
102080600 0.52631 0.29800 -2.00000
102080601 0.53481 -0.29800 -2.00000
102080602 0.53481 -0.29400 -2.00000
102080603 0.53481 -0.29000 -2.00000
102080604 0.53481 -0.28600 -2.00000
102080605 0.53481 -0.28200 -2.00000
102080606 0.53481 -0.27800 -2.00000
102080607 0.53481 -0.27400 -2.00000
102080608 0.53481 -0.27000 -2.00000
102080609 0.53481 -0.26600 -2.00000
102080610 0.53481 -0.26200 -2.00000
102080611 0.53481 -0.25800 -2.00000
102080612 0.53481 -0.25400 -2.00000
102080613 0.53481 -0.25000 -2.00000
102080614 0.53481 -0.24600 -2.00000
102080615 0.53481 -0.24200 -2.00000
102080616 0.53481 -0.23800 -2.00000
102080617 0.53481 -0.23400 -2.00000
102080618 0.53481 -0.23000 -2.00000
102080619 0.53481 -0.22600 -2.00000
102080620 0.53481 -0.22200 -2.00000
102080621 0.53481 -0.21800 -2.00000
102080622 0.53481 -0.21400 -2.00000
102080623 0.53481 -0.21000 -2.00000
102080624 0.53481 -0.20600 -2.00000
102080625 0.53481 -0.20200 -2.00000
102080626 0.53481 -0.19800 -2.00000
102080627 0.53481 -0.19400 -2.00000
102080628 0.53481 -0.19000 -2.00000
102080629 0.53481 -0.18600 -2.00000
102080630 0.53481 -0.18200 -2.00000
102080631 0.53481 -0.17800 -2.00000
102080632 0.53481 -0.17400 -2.00000
102080633 0.53481 -0.17000 -2.00000
102080634 0.53481 -0.16600 -2.00000
102080635 0.53481 -0.16200 -2.00000
102080636 0.53481 -0.15800 -2.00000
102080637 0.53481 -0.15400 -2.00000
102080638 0.53481 -0.15000 -2.00000
102080639 0.53481 -0.14600 -2.00000
102080640 0.53481 -0.14200 -2.00000
102080641 0.53481 -0.13800 -2.00000
102080642 0.53481 -0.13400 -2.00000
102080643 0.53481 -0.13000 -2.00000
102080644 0.53481 -0.12600 -2.00000
102080645 0.53481 -0.12200 -2.00000
102080646 0.53481 -0.11800 -2.00000
102080647 0.53481 -0.11400 -2.00000
102080648 0.53481 -0.11000 -2.00000
102080649 0.53481 -0.10600 -2.00000
102080650 0.53481 -0.10200 -2.00000
102080651 0.53481 -0.09800 -2.00000
102080652 0.53481 -0.09400 -2.00000
102080653 0.53481 -0.09000 -2.00000
102080654 0.53481 -0.08600 -2.00000
102080655 0.53481 -0.08200 -2.00000
102080656 0.53481 -0.07800 -2.00000
102080657 0.53481 -0.07400 -2.00000
102080658 0.53481 -0.07000 -2.00000
102080659 0.53481 -0.06600 -2.00000
102080660 0.53481 -0.06200 -2.00000
102080661 0.53481 -0.05800 -2.00000
102080662 0.53481 -0.05400 -2.00000
102080663 0.53481 -0.05000 -2.00000
102080664 0.53481 -0.04600 -2.00000
102080665 0.53481 -0.04200 -2.00000
102080666 0.53481 -0.03800 -2.00000
102080667 0.53481 -0.03400 -2.00000
102080668 0.53481 -0.03000 -2.00000
102080669 0.53481 -0.02600 -2.00000
102080670 0.53481 -0.02200 -2.00000
102080671 0.53481 -0.01800 -2.00000
102080672 0.53481 -0.01400 -2.00000
102080673 0.53481 -0.01000 -2.00000
102080674 0.53481 -0.00600 -2.00000
102080675 0.53481 -0.00200 -2.00000
102080676 0.53481 0.00200 -2.00000
102080677 0.53481 0.00600 -2.00000
102080678 0.53481 0.01000 -2.00000
102080679 0.53481 0.01400 -2.00000
102080680 0.53481 0.01800 -2.00000
102080681 0.53481 0.02200 -2.00000
102080682 0.53481 0.02600 -2.00000
102080683 0.53481 0.03000 -2.00000
102080684 0.53481 0.03400 -2.00000
102080685 0.53481 0.03800 -2.00000
102080686 0.53481 0.04200 -2.00000
102080687 0.53481 0.04600 -2.00000
102080688 0.53481 0.05000 -2.00000
102080689 0.53481 0.05400 -2.00000
102080690 0.53481 0.05800 -2.00000
102080691 0.53481 0.06200 -2.00000
102080692 0.53481 0.06600 -2.00000
102080693 0.53481 0.07000 -2.00000
102080694 0.53481 0.07400 -2.00000
102080695 0.53481 0.07800 -2.00000
102080696 0.53481 0.08200 -2.00000
102080697 0.53481 0.08600 -2.00000
102080698 0.53481 0.09000 -2.00000
102080699 0.53481 0.09400 -2.00000
102080700 0.53481 0.09800 -2.00000
102080701 0.53481 0.10200 -2.00000
102080702 0.53481 0.10600 -2.00000
102080703 0.53481 0.11000 -2.00000
102080704 0.53481 0.11400 -2.00000
102080705 0.53481 0.11800 -2.00000
102080706 0.53481 0.12200 -2.00000
102080707 0.53481 0.12600 -2.00000
102080708 0.53481 0.13000 -2.00000
102080709 0.53481 0.13400 -2.00000
102080710 0.53481 0.13800 -2.00000
102080711 0.53481 0.14200 -2.00000
102080712 0.53481 0.14600 -2.00000
102080713 0.53481 0.15000 -2.00000
102080714 0.53481 0.15400 -2.00000
102080715 0.53481 0.15800 -2.00000
102080716 0.53481 0.16200 -2.00000
102080717 0.53481 0.16600 -2.00000
102080718 0.53481 0.17000 -2.00000
102080719 0.53481 0.17400 -2.00000
102080720 0.53481 0.17800 -2.00000
102080721 0.53481 0.18200 -2.00000
102080722 0.53481 0.18600 -2.00000
102080723 0.53481 0.19000 -2.00000
102080724 0.53481 0.19400 -2.00000
102080725 0.53481 0.19800 -2.00000
102080726 0.53481 0.20200 -2.00000
102080727 0.53481 0.20600 -2.00000
102080728 0.53481 0.21000 -2.00000
102080729 0.53481 0.21400 -2.00000
102080730 0.53481 0.21800 -2.00000
102080731 0.53481 0.22200 -2.00000
102080732 0.53481 0.22600 -2.00000
102080733 0.53481 0.23000 -2.00000
102080734 0.53481 0.23400 -2.00000
102080735 0.53481 0.23800 -2.00000
102080736 0.53481 0.24200 -2.00000
102080737 0.53481 0.24600 -2.00000
102080738 0.53481 0.25000 -2.00000
102080739 0.53481 0.25400 -2.00000
102080740 0.53481 0.25800 -2.00000
102080741 0.53481 0.26200 -2.00000
102080742 0.53481 0.26600 -2.00000
102080743 0.53481 0.27000 -2.00000
102080744 0.53481 0.27400 -2.00000
102080745 0.53481 0.27800 -2.00000
102080746 0.53481 0.28200 -2.00000
102080747 0.53481 0.28600 -2.00000
102080748 0.53481 0.29000 -2.00000
102080749 0.53481 0.29400 -2.00000
102080750 0.53481 0.29800 -2.00000
102080751 0.54331 -0.29800 -2.00000
102080752 0.54331 -0.29400 -2.00000
102080753 0.54331 -0.29000 -2.00000
102080754 0.54331 -0.28600 -2.00000
102080755 0.54331 -0.28200 -2.00000
102080756 0.54331 -0.27800 -2.00000
102080757 0.54331 -0.27400 -2.00000
102080758 0.54331 -0.27000 -2.00000
102080759 0.54331 -0.26600 -2.00000
102080760 0.54331 -0.26200 -2.00000
102080761 0.54331 -0.25800 -2.00000
102080762 0.54331 -0.25400 -2.00000
102080763 0.54331 -0.25000 -2.00000
102080764 0.54331 -0.24600 -2.00000
102080765 0.54331 -0.24200 -2.00000
102080766 0.54331 -0.23800 -2.00000
102080767 0.54331 -0.23400 -2.00000
102080768 0.54331 -0.23000 -2.00000
102080769 0.54331 -0.22600 -2.00000
102080770 0.54331 -0.22200 -2.00000
102080771 0.54331 -0.21800 -2.00000
102080772 0.54331 -0.21400 -2.00000
102080773 0.54331 -0.21000 -2.00000
102080774 0.54331 -0.20600 -2.00000
102080775 0.54331 -0.20200 -2.00000
102080776 0.54331 -0.19800 -2.00000
102080777 0.54331 -0.19400 -2.00000
102080778 0.54331 -0.19000 -2.00000
102080779 0.54331 -0.18600 -2.00000
102080780 0.54331 -0.18200 -2.00000
102080781 0.54331 -0.17800 -2.00000
102080782 0.54331 -0.17400 -2.00000
102080783 0.54331 -0.17000 -2.00000
102080784 0.54331 -0.16600 -2.00000
102080785 0.54331 -0.16200 -2.00000
102080786 0.54331 -0.15800 -2.00000
102080787 0.54331 -0.15400 -2.00000
102080788 0.54331 -0.15000 -2.00000
102080789 0.54331 -0.14600 -2.00000
102080790 0.54331 -0.14200 -2.00000
102080791 0.54331 -0.13800 -2.00000
102080792 0.54331 -0.13400 -2.00000
102080793 0.54331 -0.13000 -2.00000
102080794 0.54331 -0.12600 -2.00000
102080795 0.54331 -0.12200 -2.00000
102080796 0.54331 -0.11800 -2.00000
102080797 0.54331 -0.11400 -2.00000
102080798 0.54331 -0.11000 -2.00000
102080799 0.54331 -0.10600 -2.00000
102080800 0.54331 -0.10200 -2.00000
102080801 0.54331 -0.09800 -2.00000
102080802 0.54331 -0.09400 -2.00000
102080803 0.54331 -0.09000 -2.00000
102080804 0.54331 -0.08600 -2.00000
102080805 0.54331 -0.08200 -2.00000
102080806 0.54331 -0.07800 -2.00000
102080807 0.54331 -0.07400 -2.00000
102080808 0.54331 -0.07000 -2.00000
102080809 0.54331 -0.06600 -2.00000
102080810 0.54331 -0.06200 -2.00000
102080811 0.54331 -0.05800 -2.00000
102080812 0.54331 -0.05400 -2.00000
102080813 0.54331 -0.05000 -2.00000
102080814 0.54331 -0.04600 -2.00000
102080815 0.54331 -0.04200 -2.00000
102080816 0.54331 -0.03800 -2.00000
102080817 0.54331 -0.03400 -2.00000
102080818 0.54331 -0.03000 -2.00000
102080819 0.54331 -0.02600 -2.00000
102080820 0.54331 -0.02200 -2.00000
102080821 0.54331 -0.01800 -2.00000
102080822 0.54331 -0.01400 -2.00000
102080823 0.54331 -0.01000 -2.00000
102080824 0.54331 -0.00600 -2.00000
102080825 0.54331 -0.00200 -2.00000
102080826 0.54331 0.00200 -2.00000
102080827 0.54331 0.00600 -2.00000
102080828 0.54331 0.01000 -2.00000
102080829 0.54331 0.01400 -2.00000
102080830 0.54331 0.01800 -2.00000
102080831 0.54331 0.02200 -2.00000
102080832 0.54331 0.02600 -2.00000
102080833 0.54331 0.03000 -2.00000
102080834 0.54331 0.03400 -2.00000
102080835 0.54331 0.03800 -2.00000
102080836 0.54331 0.04200 -2.00000
102080837 0.54331 0.04600 -2.00000
102080838 0.54331 0.05000 -2.00000
102080839 0.54331 0.05400 -2.00000
102080840 0.54331 0.05800 -2.00000
102080841 0.54331 0.06200 -2.00000
102080842 0.54331 0.06600 -2.00000
102080843 0.54331 0.07000 -2.00000
102080844 0.54331 0.07400 -2.00000
102080845 0.54331 0.07800 -2.00000
102080846 0.54331 0.08200 -2.00000
102080847 0.54331 0.08600 -2.00000
102080848 0.54331 0.09000 -2.00000
102080849 0.54331 0.09400 -2.00000
102080850 0.54331 0.09800 -2.00000
102080851 0.54331 0.10200 -2.00000
102080852 0.54331 0.10600 -2.00000
102080853 0.54331 0.11000 -2.00000
102080854 0.54331 0.11400 -2.00000
102080855 0.54331 0.11800 -2.00000
102080856 0.54331 0.12200 -2.00000
102080857 0.54331 0.12600 -2.00000
102080858 0.54331 0.13000 -2.00000
102080859 0.54331 0.13400 -2.00000
102080860 0.54331 0.13800 -2.00000
102080861 0.54331 0.14200 -2.00000
102080862 0.54331 0.14600 -2.00000
102080863 0.54331 0.15000 -2.00000
102080864 0.54331 0.15400 -2.00000
102080865 0.54331 0.15800 -2.00000
102080866 0.54331 0.16200 -2.00000
102080867 0.54331 0.16600 -2.00000
102080868 0.54331 0.17000 -2.00000
102080869 0.54331 0.17400 -2.00000
102080870 0.54331 0.17800 -2.00000
102080871 0.54331 0.18200 -2.00000
102080872 0.54331 0.18600 -2.00000
102080873 0.54331 0.19000 -2.00000
102080874 0.54331 0.19400 -2.00000
102080875 0.54331 0.19800 -2.00000
102080876 0.54331 0.20200 -2.00000
102080877 0.54331 0.20600 -2.00000
102080878 0.54331 0.21000 -2.00000
102080879 0.54331 0.21400 -2.00000
102080880 0.54331 0.21800 -2.00000
102080881 0.54331 0.22200 -2.00000
102080882 0.54331 0.22600 -2.00000
102080883 0.54331 0.23000 -2.00000
102080884 0.54331 0.23400 -2.00000
102080885 0.54331 0.23800 -2.00000
102080886 0.54331 0.24200 -2.00000
102080887 0.54331 0.24600 -2.00000
102080888 0.54331 0.25000 -2.00000
102080889 0.54331 0.25400 -2.00000
102080890 0.54331 0.25800 -2.00000
102080891 0.54331 0.26200 -2.00000
102080892 0.54331 0.26600 -2.00000
102080893 0.54331 0.27000 -2.00000
102080894 0.54331 0.27400 -2.00000
102080895 0.54331 0.27800 -2.00000
102080896 0.54331 0.28200 -2.00000
102080897 0.54331 0.28600 -2.00000
102080898 0.54331 0.29000 -2.00000
102080899 0.54331 0.29400 -2.00000
102080900 0.54331 0.29800 -2.00000
102080901 0.55181 -0.29800 -2.00000
102080902 0.55181 -0.29400 -2.00000
102080903 0.55181 -0.29000 -2.00000
102080904 0.55181 -0.28600 -2.00000
102080905 0.55181 -0.28200 -2.00000
102080906 0.55181 -0.27800 -2.00000
102080907 0.55181 -0.27400 -2.00000
102080908 0.55181 -0.27000 -2.00000
102080909 0.55181 -0.26600 -2.00000
102080910 0.55181 -0.26200 -2.00000
102080911 0.55181 -0.25800 -2.00000
102080912 0.55181 -0.25400 -2.00000
102080913 0.55181 -0.25000 -2.00000
102080914 0.55181 -0.24600 -2.00000
102080915 0.55181 -0.24200 -2.00000
102080916 0.55181 -0.23800 -2.00000
102080917 0.55181 -0.23400 -2.00000
102080918 0.55181 -0.23000 -2.00000
102080919 0.55181 -0.22600 -2.00000
102080920 0.55181 -0.22200 -2.00000
102080921 0.55181 -0.21800 -2.00000
102080922 0.55181 -0.21400 -2.00000
102080923 0.55181 -0.21000 -2.00000
102080924 0.55181 -0.20600 -2.00000
102080925 0.55181 -0.20200 -2.00000
102080926 0.55181 -0.19800 -2.00000
102080927 0.55181 -0.19400 -2.00000
102080928 0.55181 -0.19000 -2.00000
102080929 0.55181 -0.18600 -2.00000
102080930 0.55181 -0.18200 -2.00000
102080931 0.55181 -0.17800 -2.00000
102080932 0.55181 -0.17400 -2.00000
102080933 0.55181 -0.17000 -2.00000
102080934 0.55181 -0.16600 -2.00000
102080935 0.55181 -0.16200 -2.00000
102080936 0.55181 -0.15800 -2.00000
102080937 0.55181 -0.15400 -2.00000
102080938 0.55181 -0.15000 -2.00000
102080939 0.55181 -0.14600 -2.00000
102080940 0.55181 -0.14200 -2.00000
102080941 0.55181 -0.13800 -2.00000
102080942 0.55181 -0.13400 -2.00000
102080943 0.55181 -0.13000 -2.00000
102080944 0.55181 -0.12600 -2.00000
102080945 0.55181 -0.12200 -2.00000
102080946 0.55181 -0.11800 -2.00000
102080947 0.55181 -0.11400 -2.00000
102080948 0.55181 -0.11000 -2.00000
102080949 0.55181 -0.10600 -2.00000
102080950 0.55181 -0.10200 -2.00000
102080951 0.55181 -0.09800 -2.00000
102080952 0.55181 -0.09400 -2.00000
102080953 0.55181 -0.09000 -2.00000
102080954 0.55181 -0.08600 -2.00000
102080955 0.55181 -0.08200 -2.00000
102080956 0.55181 -0.07800 -2.00000
102080957 0.55181 -0.07400 -2.00000
102080958 0.55181 -0.07000 -2.00000
102080959 0.55181 -0.06600 -2.00000
102080960 0.55181 -0.06200 -2.00000
102080961 0.55181 -0.05800 -2.00000
102080962 0.55181 -0.05400 -2.00000
102080963 0.55181 -0.05000 -2.00000
102080964 0.55181 -0.04600 -2.00000
102080965 0.55181 -0.04200 -2.00000
102080966 0.55181 -0.03800 -2.00000
102080967 0.55181 -0.03400 -2.00000
102080968 0.55181 -0.03000 -2.00000
102080969 0.55181 -0.02600 -2.00000
102080970 0.55181 -0.02200 -2.00000
102080971 0.55181 -0.01800 -2.00000
102080972 0.55181 -0.01400 -2.00000
102080973 0.55181 -0.01000 -2.00000
102080974 0.55181 -0.00600 -2.00000
102080975 0.55181 -0.00200 -2.00000
102080976 0.55181 0.00200 -2.00000
102080977 0.55181 0.00600 -2.00000
102080978 0.55181 0.01000 -2.00000
102080979 0.55181 0.01400 -2.00000
102080980 0.55181 0.01800 -2.00000
102080981 0.55181 0.02200 -2.00000
102080982 0.55181 0.02600 -2.00000
102080983 0.55181 0.03000 -2.00000
102080984 0.55181 0.03400 -2.00000
102080985 0.55181 0.03800 -2.00000
102080986 0.55181 0.04200 -2.00000
102080987 0.55181 0.04600 -2.00000
102080988 0.55181 0.05000 -2.00000
102080989 0.55181 0.05400 -2.00000
102080990 0.55181 0.05800 -2.00000
102080991 0.55181 0.06200 -2.00000
102080992 0.55181 0.06600 -2.00000
102080993 0.55181 0.07000 -2.00000
102080994 0.55181 0.07400 -2.00000
102080995 0.55181 0.07800 -2.00000
102080996 0.55181 0.08200 -2.00000
102080997 0.55181 0.08600 -2.00000
102080998 0.55181 0.09000 -2.00000
102080999 0.55181 0.09400 -2.00000
102081000 0.55181 0.09800 -2.00000
102081001 0.55181 0.10200 -2.00000
102081002 0.55181 0.10600 -2.00000
102081003 0.55181 0.11000 -2.00000
102081004 0.55181 0.11400 -2.00000
102081005 0.55181 0.11800 -2.00000
102081006 0.55181 0.12200 -2.00000
102081007 0.55181 0.12600 -2.00000
102081008 0.55181 0.13000 -2.00000
102081009 0.55181 0.13400 -2.00000
102081010 0.55181 0.13800 -2.00000
102081011 0.55181 0.14200 -2.00000
102081012 0.55181 0.14600 -2.00000
102081013 0.55181 0.15000 -2.00000
102081014 0.55181 0.15400 -2.00000
102081015 0.55181 0.15800 -2.00000
102081016 0.55181 0.16200 -2.00000
102081017 0.55181 0.16600 -2.00000
102081018 0.55181 0.17000 -2.00000
102081019 0.55181 0.17400 -2.00000
102081020 0.55181 0.17800 -2.00000
102081021 0.55181 0.18200 -2.00000
102081022 0.55181 0.18600 -2.00000
102081023 0.55181 0.19000 -2.00000
102081024 0.55181 0.19400 -2.00000
102081025 0.55181 0.19800 -2.00000
102081026 0.55181 0.20200 -2.00000
102081027 0.55181 0.20600 -2.00000
102081028 0.55181 0.21000 -2.00000
102081029 0.55181 0.21400 -2.00000
102081030 0.55181 0.21800 -2.00000
102081031 0.55181 0.22200 -2.00000
102081032 0.55181 0.22600 -2.00000
102081033 0.55181 0.23000 -2.00000
102081034 0.55181 0.23400 -2.00000
102081035 0.55181 0.23800 -2.00000
102081036 0.55181 0.24200 -2.00000
102081037 0.55181 0.24600 -2.00000
102081038 0.55181 0.25000 -2.00000
102081039 0.55181 0.25400 -2.00000
102081040 0.55181 0.25800 -2.00000
102081041 0.55181 0.26200 -2.00000
102081042 0.55181 0.26600 -2.00000
102081043 0.55181 0.27000 -2.00000
102081044 0.55181 0.27400 -2.00000
102081045 0.55181 0.27800 -2.00000
102081046 0.55181 0.28200 -2.00000
102081047 0.55181 0.28600 -2.00000
102081048 0.55181 0.29000 -2.00000
102081049 0.55181 0.29400 -2.00000
102081050 0.55181 0.29800 -2.00000
102081051 0.56031 -0.29800 -2.00000
102081052 0.56031 -0.29400 -2.00000
102081053 0.56031 -0.29000 -2.00000
102081054 0.56031 -0.28600 -2.00000
102081055 0.56031 -0.28200 -2.00000
102081056 0.56031 -0.27800 -2.00000
102081057 0.56031 -0.27400 -2.00000
102081058 0.56031 -0.27000 -2.00000
102081059 0.56031 -0.26600 -2.00000
102081060 0.56031 -0.26200 -2.00000
102081061 0.56031 -0.25800 -2.00000
102081062 0.56031 -0.25400 -2.00000
102081063 0.56031 -0.25000 -2.00000
102081064 0.56031 -0.24600 -2.00000
102081065 0.56031 -0.24200 -2.00000
102081066 0.56031 -0.23800 -2.00000
102081067 0.56031 -0.23400 -2.00000
102081068 0.56031 -0.23000 -2.00000
102081069 0.56031 -0.22600 -2.00000
102081070 0.56031 -0.22200 -2.00000
102081071 0.56031 -0.21800 -2.00000
102081072 0.56031 -0.21400 -2.00000
102081073 0.56031 -0.21000 -2.00000
102081074 0.56031 -0.20600 -2.00000
102081075 0.56031 -0.20200 -2.00000
102081076 0.56031 -0.19800 -2.00000
102081077 0.56031 -0.19400 -2.00000
102081078 0.56031 -0.19000 -2.00000
102081079 0.56031 -0.18600 -2.00000
102081080 0.56031 -0.18200 -2.00000
102081081 0.56031 -0.17800 -2.00000
102081082 0.56031 -0.17400 -2.00000
102081083 0.56031 -0.17000 -2.00000
102081084 0.56031 -0.16600 -2.00000
102081085 0.56031 -0.16200 -2.00000
102081086 0.56031 -0.15800 -2.00000
102081087 0.56031 -0.15400 -2.00000
102081088 0.56031 -0.15000 -2.00000
102081089 0.56031 -0.14600 -2.00000
102081090 0.56031 -0.14200 -2.00000
102081091 0.56031 -0.13800 -2.00000
102081092 0.56031 -0.13400 -2.00000
102081093 0.56031 -0.13000 -2.00000
102081094 0.56031 -0.12600 -2.00000
102081095 0.56031 -0.12200 -2.00000
102081096 0.56031 -0.11800 -2.00000
102081097 0.56031 -0.11400 -2.00000
102081098 0.56031 -0.11000 -2.00000
102081099 0.56031 -0.10600 -2.00000
102081100 0.56031 -0.10200 -2.00000
102081101 0.56031 -0.09800 -2.00000
102081102 0.56031 -0.09400 -2.00000
102081103 0.56031 -0.09000 -2.00000
102081104 0.56031 -0.08600 -2.00000
102081105 0.56031 -0.08200 -2.00000
102081106 0.56031 -0.07800 -2.00000
102081107 0.56031 -0.07400 -2.00000
102081108 0.56031 -0.07000 -2.00000
102081109 0.56031 -0.06600 -2.00000
102081110 0.56031 -0.06200 -2.00000
102081111 0.56031 -0.05800 -2.00000
102081112 0.56031 -0.05400 -2.00000
102081113 0.56031 -0.05000 -2.00000
102081114 0.56031 -0.04600 -2.00000
102081115 0.56031 -0.04200 -2.00000
102081116 0.56031 -0.03800 -2.00000
102081117 0.56031 -0.03400 -2.00000
102081118 0.56031 -0.03000 -2.00000
102081119 0.56031 -0.02600 -2.00000
102081120 0.56031 -0.02200 -2.00000
102081121 0.56031 -0.01800 -2.00000
102081122 0.56031 -0.01400 -2.00000
102081123 0.56031 -0.01000 -2.00000
102081124 0.56031 -0.00600 -2.00000
102081125 0.56031 -0.00200 -2.00000
102081126 0.56031 0.00200 -2.00000
102081127 0.56031 0.00600 -2.00000
102081128 0.56031 0.01000 -2.00000
102081129 0.56031 0.01400 -2.00000
102081130 0.56031 0.01800 -2.00000
102081131 0.56031 0.02200 -2.00000
102081132 0.56031 0.02600 -2.00000
102081133 0.56031 0.03000 -2.00000
102081134 0.56031 0.03400 -2.00000
102081135 0.56031 0.03800 -2.00000
102081136 0.56031 0.04200 -2.00000
102081137 0.56031 0.04600 -2.00000
102081138 0.56031 0.05000 -2.00000
102081139 0.56031 0.05400 -2.00000
102081140 0.56031 0.05800 -2.00000
102081141 0.56031 0.06200 -2.00000
102081142 0.56031 0.06600 -2.00000
102081143 0.56031 0.07000 -2.00000
102081144 0.56031 0.07400 -2.00000
102081145 0.56031 0.07800 -2.00000
102081146 0.56031 0.08200 -2.00000
102081147 0.56031 0.08600 -2.00000
102081148 0.56031 0.09000 -2.00000
102081149 0.56031 0.09400 -2.00000
102081150 0.56031 0.09800 -2.00000
102081151 0.56031 0.10200 -2.00000
102081152 0.56031 0.10600 -2.00000
102081153 0.56031 0.11000 -2.00000
102081154 0.56031 0.11400 -2.00000
102081155 0.56031 0.11800 -2.00000
102081156 0.56031 0.12200 -2.00000
102081157 0.56031 0.12600 -2.00000
102081158 0.56031 0.13000 -2.00000
102081159 0.56031 0.13400 -2.00000
102081160 0.56031 0.13800 -2.00000
102081161 0.56031 0.14200 -2.00000
102081162 0.56031 0.14600 -2.00000
102081163 0.56031 0.15000 -2.00000
102081164 0.56031 0.15400 -2.00000
102081165 0.56031 0.15800 -2.00000
102081166 0.56031 0.16200 -2.00000
102081167 0.56031 0.16600 -2.00000
102081168 0.56031 0.17000 -2.00000
102081169 0.56031 0.17400 -2.00000
102081170 0.56031 0.17800 -2.00000
102081171 0.56031 0.18200 -2.00000
102081172 0.56031 0.18600 -2.00000
102081173 0.56031 0.19000 -2.00000
102081174 0.56031 0.19400 -2.00000
102081175 0.56031 0.19800 -2.00000
102081176 0.56031 0.20200 -2.00000
102081177 0.56031 0.20600 -2.00000
102081178 0.56031 0.21000 -2.00000
102081179 0.56031 0.21400 -2.00000
102081180 0.56031 0.21800 -2.00000
102081181 0.56031 0.22200 -2.00000
102081182 0.56031 0.22600 -2.00000
102081183 0.56031 0.23000 -2.00000
102081184 0.56031 0.23400 -2.00000
102081185 0.56031 0.23800 -2.00000
102081186 0.56031 0.24200 -2.00000
102081187 0.56031 0.24600 -2.00000
102081188 0.56031 0.25000 -2.00000
102081189 0.56031 0.25400 -2.00000
102081190 0.56031 0.25800 -2.00000
102081191 0.56031 0.26200 -2.00000
102081192 0.56031 0.26600 -2.00000
102081193 0.56031 0.27000 -2.00000
102081194 0.56031 0.27400 -2.00000
102081195 0.56031 0.27800 -2.00000
102081196 0.56031 0.28200 -2.00000
102081197 0.56031 0.28600 -2.00000
102081198 0.56031 0.29000 -2.00000
102081199 0.56031 0.29400 -2.00000
102081200 0.56031 0.29800 -2.00000
