# pixelID  x  y  z
103110001 0.15481 -1.09800 -2.00000
103110002 0.15481 -1.09400 -2.00000
103110003 0.15481 -1.09000 -2.00000
103110004 0.15481 -1.08600 -2.00000
103110005 0.15481 -1.08200 -2.00000
103110006 0.15481 -1.07800 -2.00000
103110007 0.15481 -1.07400 -2.00000
103110008 0.15481 -1.07000 -2.00000
103110009 0.15481 -1.06600 -2.00000
103110010 0.15481 -1.06200 -2.00000
103110011 0.15481 -1.05800 -2.00000
103110012 0.15481 -1.05400 -2.00000
103110013 0.15481 -1.05000 -2.00000
103110014 0.15481 -1.04600 -2.00000
103110015 0.15481 -1.04200 -2.00000
103110016 0.15481 -1.03800 -2.00000
103110017 0.15481 -1.03400 -2.00000
103110018 0.15481 -1.03000 -2.00000
103110019 0.15481 -1.02600 -2.00000
103110020 0.15481 -1.02200 -2.00000
103110021 0.15481 -1.01800 -2.00000
103110022 0.15481 -1.01400 -2.00000
103110023 0.15481 -1.01000 -2.00000
103110024 0.15481 -1.00600 -2.00000
103110025 0.15481 -1.00200 -2.00000
103110026 0.15481 -0.99800 -2.00000
103110027 0.15481 -0.99400 -2.00000
103110028 0.15481 -0.99000 -2.00000
103110029 0.15481 -0.98600 -2.00000
103110030 0.15481 -0.98200 -2.00000
103110031 0.15481 -0.97800 -2.00000
103110032 0.15481 -0.97400 -2.00000
103110033 0.15481 -0.97000 -2.00000
103110034 0.15481 -0.96600 -2.00000
103110035 0.15481 -0.96200 -2.00000
103110036 0.15481 -0.95800 -2.00000
103110037 0.15481 -0.95400 -2.00000
103110038 0.15481 -0.95000 -2.00000
103110039 0.15481 -0.94600 -2.00000
103110040 0.15481 -0.94200 -2.00000
103110041 0.15481 -0.93800 -2.00000
103110042 0.15481 -0.93400 -2.00000
103110043 0.15481 -0.93000 -2.00000
103110044 0.15481 -0.92600 -2.00000
103110045 0.15481 -0.92200 -2.00000
103110046 0.15481 -0.91800 -2.00000
103110047 0.15481 -0.91400 -2.00000
103110048 0.15481 -0.91000 -2.00000
103110049 0.15481 -0.90600 -2.00000
103110050 0.15481 -0.90200 -2.00000
103110051 0.15481 -0.89800 -2.00000
103110052 0.15481 -0.89400 -2.00000
103110053 0.15481 -0.89000 -2.00000
103110054 0.15481 -0.88600 -2.00000
103110055 0.15481 -0.88200 -2.00000
103110056 0.15481 -0.87800 -2.00000
103110057 0.15481 -0.87400 -2.00000
103110058 0.15481 -0.87000 -2.00000
103110059 0.15481 -0.86600 -2.00000
103110060 0.15481 -0.86200 -2.00000
103110061 0.15481 -0.85800 -2.00000
103110062 0.15481 -0.85400 -2.00000
103110063 0.15481 -0.85000 -2.00000
103110064 0.15481 -0.84600 -2.00000
103110065 0.15481 -0.84200 -2.00000
103110066 0.15481 -0.83800 -2.00000
103110067 0.15481 -0.83400 -2.00000
103110068 0.15481 -0.83000 -2.00000
103110069 0.15481 -0.82600 -2.00000
103110070 0.15481 -0.82200 -2.00000
103110071 0.15481 -0.81800 -2.00000
103110072 0.15481 -0.81400 -2.00000
103110073 0.15481 -0.81000 -2.00000
103110074 0.15481 -0.80600 -2.00000
103110075 0.15481 -0.80200 -2.00000
103110076 0.15481 -0.79800 -2.00000
103110077 0.15481 -0.79400 -2.00000
103110078 0.15481 -0.79000 -2.00000
103110079 0.15481 -0.78600 -2.00000
103110080 0.15481 -0.78200 -2.00000
103110081 0.15481 -0.77800 -2.00000
103110082 0.15481 -0.77400 -2.00000
103110083 0.15481 -0.77000 -2.00000
103110084 0.15481 -0.76600 -2.00000
103110085 0.15481 -0.76200 -2.00000
103110086 0.15481 -0.75800 -2.00000
103110087 0.15481 -0.75400 -2.00000
103110088 0.15481 -0.75000 -2.00000
103110089 0.15481 -0.74600 -2.00000
103110090 0.15481 -0.74200 -2.00000
103110091 0.15481 -0.73800 -2.00000
103110092 0.15481 -0.73400 -2.00000
103110093 0.15481 -0.73000 -2.00000
103110094 0.15481 -0.72600 -2.00000
103110095 0.15481 -0.72200 -2.00000
103110096 0.15481 -0.71800 -2.00000
103110097 0.15481 -0.71400 -2.00000
103110098 0.15481 -0.71000 -2.00000
103110099 0.15481 -0.70600 -2.00000
103110100 0.15481 -0.70200 -2.00000
103110101 0.15481 -0.69800 -2.00000
103110102 0.15481 -0.69400 -2.00000
103110103 0.15481 -0.69000 -2.00000
103110104 0.15481 -0.68600 -2.00000
103110105 0.15481 -0.68200 -2.00000
103110106 0.15481 -0.67800 -2.00000
103110107 0.15481 -0.67400 -2.00000
103110108 0.15481 -0.67000 -2.00000
103110109 0.15481 -0.66600 -2.00000
103110110 0.15481 -0.66200 -2.00000
103110111 0.15481 -0.65800 -2.00000
103110112 0.15481 -0.65400 -2.00000
103110113 0.15481 -0.65000 -2.00000
103110114 0.15481 -0.64600 -2.00000
103110115 0.15481 -0.64200 -2.00000
103110116 0.15481 -0.63800 -2.00000
103110117 0.15481 -0.63400 -2.00000
103110118 0.15481 -0.63000 -2.00000
103110119 0.15481 -0.62600 -2.00000
103110120 0.15481 -0.62200 -2.00000
103110121 0.15481 -0.61800 -2.00000
103110122 0.15481 -0.61400 -2.00000
103110123 0.15481 -0.61000 -2.00000
103110124 0.15481 -0.60600 -2.00000
103110125 0.15481 -0.60200 -2.00000
103110126 0.15481 -0.59800 -2.00000
103110127 0.15481 -0.59400 -2.00000
103110128 0.15481 -0.59000 -2.00000
103110129 0.15481 -0.58600 -2.00000
103110130 0.15481 -0.58200 -2.00000
103110131 0.15481 -0.57800 -2.00000
103110132 0.15481 -0.57400 -2.00000
103110133 0.15481 -0.57000 -2.00000
103110134 0.15481 -0.56600 -2.00000
103110135 0.15481 -0.56200 -2.00000
103110136 0.15481 -0.55800 -2.00000
103110137 0.15481 -0.55400 -2.00000
103110138 0.15481 -0.55000 -2.00000
103110139 0.15481 -0.54600 -2.00000
103110140 0.15481 -0.54200 -2.00000
103110141 0.15481 -0.53800 -2.00000
103110142 0.15481 -0.53400 -2.00000
103110143 0.15481 -0.53000 -2.00000
103110144 0.15481 -0.52600 -2.00000
103110145 0.15481 -0.52200 -2.00000
103110146 0.15481 -0.51800 -2.00000
103110147 0.15481 -0.51400 -2.00000
103110148 0.15481 -0.51000 -2.00000
103110149 0.15481 -0.50600 -2.00000
103110150 0.15481 -0.50200 -2.00000
103110151 0.16331 -1.09800 -2.00000
103110152 0.16331 -1.09400 -2.00000
103110153 0.16331 -1.09000 -2.00000
103110154 0.16331 -1.08600 -2.00000
103110155 0.16331 -1.08200 -2.00000
103110156 0.16331 -1.07800 -2.00000
103110157 0.16331 -1.07400 -2.00000
103110158 0.16331 -1.07000 -2.00000
103110159 0.16331 -1.06600 -2.00000
103110160 0.16331 -1.06200 -2.00000
103110161 0.16331 -1.05800 -2.00000
103110162 0.16331 -1.05400 -2.00000
103110163 0.16331 -1.05000 -2.00000
103110164 0.16331 -1.04600 -2.00000
103110165 0.16331 -1.04200 -2.00000
103110166 0.16331 -1.03800 -2.00000
103110167 0.16331 -1.03400 -2.00000
103110168 0.16331 -1.03000 -2.00000
103110169 0.16331 -1.02600 -2.00000
103110170 0.16331 -1.02200 -2.00000
103110171 0.16331 -1.01800 -2.00000
103110172 0.16331 -1.01400 -2.00000
103110173 0.16331 -1.01000 -2.00000
103110174 0.16331 -1.00600 -2.00000
103110175 0.16331 -1.00200 -2.00000
103110176 0.16331 -0.99800 -2.00000
103110177 0.16331 -0.99400 -2.00000
103110178 0.16331 -0.99000 -2.00000
103110179 0.16331 -0.98600 -2.00000
103110180 0.16331 -0.98200 -2.00000
103110181 0.16331 -0.97800 -2.00000
103110182 0.16331 -0.97400 -2.00000
103110183 0.16331 -0.97000 -2.00000
103110184 0.16331 -0.96600 -2.00000
103110185 0.16331 -0.96200 -2.00000
103110186 0.16331 -0.95800 -2.00000
103110187 0.16331 -0.95400 -2.00000
103110188 0.16331 -0.95000 -2.00000
103110189 0.16331 -0.94600 -2.00000
103110190 0.16331 -0.94200 -2.00000
103110191 0.16331 -0.93800 -2.00000
103110192 0.16331 -0.93400 -2.00000
103110193 0.16331 -0.93000 -2.00000
103110194 0.16331 -0.92600 -2.00000
103110195 0.16331 -0.92200 -2.00000
103110196 0.16331 -0.91800 -2.00000
103110197 0.16331 -0.91400 -2.00000
103110198 0.16331 -0.91000 -2.00000
103110199 0.16331 -0.90600 -2.00000
103110200 0.16331 -0.90200 -2.00000
103110201 0.16331 -0.89800 -2.00000
103110202 0.16331 -0.89400 -2.00000
103110203 0.16331 -0.89000 -2.00000
103110204 0.16331 -0.88600 -2.00000
103110205 0.16331 -0.88200 -2.00000
103110206 0.16331 -0.87800 -2.00000
103110207 0.16331 -0.87400 -2.00000
103110208 0.16331 -0.87000 -2.00000
103110209 0.16331 -0.86600 -2.00000
103110210 0.16331 -0.86200 -2.00000
103110211 0.16331 -0.85800 -2.00000
103110212 0.16331 -0.85400 -2.00000
103110213 0.16331 -0.85000 -2.00000
103110214 0.16331 -0.84600 -2.00000
103110215 0.16331 -0.84200 -2.00000
103110216 0.16331 -0.83800 -2.00000
103110217 0.16331 -0.83400 -2.00000
103110218 0.16331 -0.83000 -2.00000
103110219 0.16331 -0.82600 -2.00000
103110220 0.16331 -0.82200 -2.00000
103110221 0.16331 -0.81800 -2.00000
103110222 0.16331 -0.81400 -2.00000
103110223 0.16331 -0.81000 -2.00000
103110224 0.16331 -0.80600 -2.00000
103110225 0.16331 -0.80200 -2.00000
103110226 0.16331 -0.79800 -2.00000
103110227 0.16331 -0.79400 -2.00000
103110228 0.16331 -0.79000 -2.00000
103110229 0.16331 -0.78600 -2.00000
103110230 0.16331 -0.78200 -2.00000
103110231 0.16331 -0.77800 -2.00000
103110232 0.16331 -0.77400 -2.00000
103110233 0.16331 -0.77000 -2.00000
103110234 0.16331 -0.76600 -2.00000
103110235 0.16331 -0.76200 -2.00000
103110236 0.16331 -0.75800 -2.00000
103110237 0.16331 -0.75400 -2.00000
103110238 0.16331 -0.75000 -2.00000
103110239 0.16331 -0.74600 -2.00000
103110240 0.16331 -0.74200 -2.00000
103110241 0.16331 -0.73800 -2.00000
103110242 0.16331 -0.73400 -2.00000
103110243 0.16331 -0.73000 -2.00000
103110244 0.16331 -0.72600 -2.00000
103110245 0.16331 -0.72200 -2.00000
103110246 0.16331 -0.71800 -2.00000
103110247 0.16331 -0.71400 -2.00000
103110248 0.16331 -0.71000 -2.00000
103110249 0.16331 -0.70600 -2.00000
103110250 0.16331 -0.70200 -2.00000
103110251 0.16331 -0.69800 -2.00000
103110252 0.16331 -0.69400 -2.00000
103110253 0.16331 -0.69000 -2.00000
103110254 0.16331 -0.68600 -2.00000
103110255 0.16331 -0.68200 -2.00000
103110256 0.16331 -0.67800 -2.00000
103110257 0.16331 -0.67400 -2.00000
103110258 0.16331 -0.67000 -2.00000
103110259 0.16331 -0.66600 -2.00000
103110260 0.16331 -0.66200 -2.00000
103110261 0.16331 -0.65800 -2.00000
103110262 0.16331 -0.65400 -2.00000
103110263 0.16331 -0.65000 -2.00000
103110264 0.16331 -0.64600 -2.00000
103110265 0.16331 -0.64200 -2.00000
103110266 0.16331 -0.63800 -2.00000
103110267 0.16331 -0.63400 -2.00000
103110268 0.16331 -0.63000 -2.00000
103110269 0.16331 -0.62600 -2.00000
103110270 0.16331 -0.62200 -2.00000
103110271 0.16331 -0.61800 -2.00000
103110272 0.16331 -0.61400 -2.00000
103110273 0.16331 -0.61000 -2.00000
103110274 0.16331 -0.60600 -2.00000
103110275 0.16331 -0.60200 -2.00000
103110276 0.16331 -0.59800 -2.00000
103110277 0.16331 -0.59400 -2.00000
103110278 0.16331 -0.59000 -2.00000
103110279 0.16331 -0.58600 -2.00000
103110280 0.16331 -0.58200 -2.00000
103110281 0.16331 -0.57800 -2.00000
103110282 0.16331 -0.57400 -2.00000
103110283 0.16331 -0.57000 -2.00000
103110284 0.16331 -0.56600 -2.00000
103110285 0.16331 -0.56200 -2.00000
103110286 0.16331 -0.55800 -2.00000
103110287 0.16331 -0.55400 -2.00000
103110288 0.16331 -0.55000 -2.00000
103110289 0.16331 -0.54600 -2.00000
103110290 0.16331 -0.54200 -2.00000
103110291 0.16331 -0.53800 -2.00000
103110292 0.16331 -0.53400 -2.00000
103110293 0.16331 -0.53000 -2.00000
103110294 0.16331 -0.52600 -2.00000
103110295 0.16331 -0.52200 -2.00000
103110296 0.16331 -0.51800 -2.00000
103110297 0.16331 -0.51400 -2.00000
103110298 0.16331 -0.51000 -2.00000
103110299 0.16331 -0.50600 -2.00000
103110300 0.16331 -0.50200 -2.00000
103110301 0.17181 -1.09800 -2.00000
103110302 0.17181 -1.09400 -2.00000
103110303 0.17181 -1.09000 -2.00000
103110304 0.17181 -1.08600 -2.00000
103110305 0.17181 -1.08200 -2.00000
103110306 0.17181 -1.07800 -2.00000
103110307 0.17181 -1.07400 -2.00000
103110308 0.17181 -1.07000 -2.00000
103110309 0.17181 -1.06600 -2.00000
103110310 0.17181 -1.06200 -2.00000
103110311 0.17181 -1.05800 -2.00000
103110312 0.17181 -1.05400 -2.00000
103110313 0.17181 -1.05000 -2.00000
103110314 0.17181 -1.04600 -2.00000
103110315 0.17181 -1.04200 -2.00000
103110316 0.17181 -1.03800 -2.00000
103110317 0.17181 -1.03400 -2.00000
103110318 0.17181 -1.03000 -2.00000
103110319 0.17181 -1.02600 -2.00000
103110320 0.17181 -1.02200 -2.00000
103110321 0.17181 -1.01800 -2.00000
103110322 0.17181 -1.01400 -2.00000
103110323 0.17181 -1.01000 -2.00000
103110324 0.17181 -1.00600 -2.00000
103110325 0.17181 -1.00200 -2.00000
103110326 0.17181 -0.99800 -2.00000
103110327 0.17181 -0.99400 -2.00000
103110328 0.17181 -0.99000 -2.00000
103110329 0.17181 -0.98600 -2.00000
103110330 0.17181 -0.98200 -2.00000
103110331 0.17181 -0.97800 -2.00000
103110332 0.17181 -0.97400 -2.00000
103110333 0.17181 -0.97000 -2.00000
103110334 0.17181 -0.96600 -2.00000
103110335 0.17181 -0.96200 -2.00000
103110336 0.17181 -0.95800 -2.00000
103110337 0.17181 -0.95400 -2.00000
103110338 0.17181 -0.95000 -2.00000
103110339 0.17181 -0.94600 -2.00000
103110340 0.17181 -0.94200 -2.00000
103110341 0.17181 -0.93800 -2.00000
103110342 0.17181 -0.93400 -2.00000
103110343 0.17181 -0.93000 -2.00000
103110344 0.17181 -0.92600 -2.00000
103110345 0.17181 -0.92200 -2.00000
103110346 0.17181 -0.91800 -2.00000
103110347 0.17181 -0.91400 -2.00000
103110348 0.17181 -0.91000 -2.00000
103110349 0.17181 -0.90600 -2.00000
103110350 0.17181 -0.90200 -2.00000
103110351 0.17181 -0.89800 -2.00000
103110352 0.17181 -0.89400 -2.00000
103110353 0.17181 -0.89000 -2.00000
103110354 0.17181 -0.88600 -2.00000
103110355 0.17181 -0.88200 -2.00000
103110356 0.17181 -0.87800 -2.00000
103110357 0.17181 -0.87400 -2.00000
103110358 0.17181 -0.87000 -2.00000
103110359 0.17181 -0.86600 -2.00000
103110360 0.17181 -0.86200 -2.00000
103110361 0.17181 -0.85800 -2.00000
103110362 0.17181 -0.85400 -2.00000
103110363 0.17181 -0.85000 -2.00000
103110364 0.17181 -0.84600 -2.00000
103110365 0.17181 -0.84200 -2.00000
103110366 0.17181 -0.83800 -2.00000
103110367 0.17181 -0.83400 -2.00000
103110368 0.17181 -0.83000 -2.00000
103110369 0.17181 -0.82600 -2.00000
103110370 0.17181 -0.82200 -2.00000
103110371 0.17181 -0.81800 -2.00000
103110372 0.17181 -0.81400 -2.00000
103110373 0.17181 -0.81000 -2.00000
103110374 0.17181 -0.80600 -2.00000
103110375 0.17181 -0.80200 -2.00000
103110376 0.17181 -0.79800 -2.00000
103110377 0.17181 -0.79400 -2.00000
103110378 0.17181 -0.79000 -2.00000
103110379 0.17181 -0.78600 -2.00000
103110380 0.17181 -0.78200 -2.00000
103110381 0.17181 -0.77800 -2.00000
103110382 0.17181 -0.77400 -2.00000
103110383 0.17181 -0.77000 -2.00000
103110384 0.17181 -0.76600 -2.00000
103110385 0.17181 -0.76200 -2.00000
103110386 0.17181 -0.75800 -2.00000
103110387 0.17181 -0.75400 -2.00000
103110388 0.17181 -0.75000 -2.00000
103110389 0.17181 -0.74600 -2.00000
103110390 0.17181 -0.74200 -2.00000
103110391 0.17181 -0.73800 -2.00000
103110392 0.17181 -0.73400 -2.00000
103110393 0.17181 -0.73000 -2.00000
103110394 0.17181 -0.72600 -2.00000
103110395 0.17181 -0.72200 -2.00000
103110396 0.17181 -0.71800 -2.00000
103110397 0.17181 -0.71400 -2.00000
103110398 0.17181 -0.71000 -2.00000
103110399 0.17181 -0.70600 -2.00000
103110400 0.17181 -0.70200 -2.00000
103110401 0.17181 -0.69800 -2.00000
103110402 0.17181 -0.69400 -2.00000
103110403 0.17181 -0.69000 -2.00000
103110404 0.17181 -0.68600 -2.00000
103110405 0.17181 -0.68200 -2.00000
103110406 0.17181 -0.67800 -2.00000
103110407 0.17181 -0.67400 -2.00000
103110408 0.17181 -0.67000 -2.00000
103110409 0.17181 -0.66600 -2.00000
103110410 0.17181 -0.66200 -2.00000
103110411 0.17181 -0.65800 -2.00000
103110412 0.17181 -0.65400 -2.00000
103110413 0.17181 -0.65000 -2.00000
103110414 0.17181 -0.64600 -2.00000
103110415 0.17181 -0.64200 -2.00000
103110416 0.17181 -0.63800 -2.00000
103110417 0.17181 -0.63400 -2.00000
103110418 0.17181 -0.63000 -2.00000
103110419 0.17181 -0.62600 -2.00000
103110420 0.17181 -0.62200 -2.00000
103110421 0.17181 -0.61800 -2.00000
103110422 0.17181 -0.61400 -2.00000
103110423 0.17181 -0.61000 -2.00000
103110424 0.17181 -0.60600 -2.00000
103110425 0.17181 -0.60200 -2.00000
103110426 0.17181 -0.59800 -2.00000
103110427 0.17181 -0.59400 -2.00000
103110428 0.17181 -0.59000 -2.00000
103110429 0.17181 -0.58600 -2.00000
103110430 0.17181 -0.58200 -2.00000
103110431 0.17181 -0.57800 -2.00000
103110432 0.17181 -0.57400 -2.00000
103110433 0.17181 -0.57000 -2.00000
103110434 0.17181 -0.56600 -2.00000
103110435 0.17181 -0.56200 -2.00000
103110436 0.17181 -0.55800 -2.00000
103110437 0.17181 -0.55400 -2.00000
103110438 0.17181 -0.55000 -2.00000
103110439 0.17181 -0.54600 -2.00000
103110440 0.17181 -0.54200 -2.00000
103110441 0.17181 -0.53800 -2.00000
103110442 0.17181 -0.53400 -2.00000
103110443 0.17181 -0.53000 -2.00000
103110444 0.17181 -0.52600 -2.00000
103110445 0.17181 -0.52200 -2.00000
103110446 0.17181 -0.51800 -2.00000
103110447 0.17181 -0.51400 -2.00000
103110448 0.17181 -0.51000 -2.00000
103110449 0.17181 -0.50600 -2.00000
103110450 0.17181 -0.50200 -2.00000
103110451 0.18031 -1.09800 -2.00000
103110452 0.18031 -1.09400 -2.00000
103110453 0.18031 -1.09000 -2.00000
103110454 0.18031 -1.08600 -2.00000
103110455 0.18031 -1.08200 -2.00000
103110456 0.18031 -1.07800 -2.00000
103110457 0.18031 -1.07400 -2.00000
103110458 0.18031 -1.07000 -2.00000
103110459 0.18031 -1.06600 -2.00000
103110460 0.18031 -1.06200 -2.00000
103110461 0.18031 -1.05800 -2.00000
103110462 0.18031 -1.05400 -2.00000
103110463 0.18031 -1.05000 -2.00000
103110464 0.18031 -1.04600 -2.00000
103110465 0.18031 -1.04200 -2.00000
103110466 0.18031 -1.03800 -2.00000
103110467 0.18031 -1.03400 -2.00000
103110468 0.18031 -1.03000 -2.00000
103110469 0.18031 -1.02600 -2.00000
103110470 0.18031 -1.02200 -2.00000
103110471 0.18031 -1.01800 -2.00000
103110472 0.18031 -1.01400 -2.00000
103110473 0.18031 -1.01000 -2.00000
103110474 0.18031 -1.00600 -2.00000
103110475 0.18031 -1.00200 -2.00000
103110476 0.18031 -0.99800 -2.00000
103110477 0.18031 -0.99400 -2.00000
103110478 0.18031 -0.99000 -2.00000
103110479 0.18031 -0.98600 -2.00000
103110480 0.18031 -0.98200 -2.00000
103110481 0.18031 -0.97800 -2.00000
103110482 0.18031 -0.97400 -2.00000
103110483 0.18031 -0.97000 -2.00000
103110484 0.18031 -0.96600 -2.00000
103110485 0.18031 -0.96200 -2.00000
103110486 0.18031 -0.95800 -2.00000
103110487 0.18031 -0.95400 -2.00000
103110488 0.18031 -0.95000 -2.00000
103110489 0.18031 -0.94600 -2.00000
103110490 0.18031 -0.94200 -2.00000
103110491 0.18031 -0.93800 -2.00000
103110492 0.18031 -0.93400 -2.00000
103110493 0.18031 -0.93000 -2.00000
103110494 0.18031 -0.92600 -2.00000
103110495 0.18031 -0.92200 -2.00000
103110496 0.18031 -0.91800 -2.00000
103110497 0.18031 -0.91400 -2.00000
103110498 0.18031 -0.91000 -2.00000
103110499 0.18031 -0.90600 -2.00000
103110500 0.18031 -0.90200 -2.00000
103110501 0.18031 -0.89800 -2.00000
103110502 0.18031 -0.89400 -2.00000
103110503 0.18031 -0.89000 -2.00000
103110504 0.18031 -0.88600 -2.00000
103110505 0.18031 -0.88200 -2.00000
103110506 0.18031 -0.87800 -2.00000
103110507 0.18031 -0.87400 -2.00000
103110508 0.18031 -0.87000 -2.00000
103110509 0.18031 -0.86600 -2.00000
103110510 0.18031 -0.86200 -2.00000
103110511 0.18031 -0.85800 -2.00000
103110512 0.18031 -0.85400 -2.00000
103110513 0.18031 -0.85000 -2.00000
103110514 0.18031 -0.84600 -2.00000
103110515 0.18031 -0.84200 -2.00000
103110516 0.18031 -0.83800 -2.00000
103110517 0.18031 -0.83400 -2.00000
103110518 0.18031 -0.83000 -2.00000
103110519 0.18031 -0.82600 -2.00000
103110520 0.18031 -0.82200 -2.00000
103110521 0.18031 -0.81800 -2.00000
103110522 0.18031 -0.81400 -2.00000
103110523 0.18031 -0.81000 -2.00000
103110524 0.18031 -0.80600 -2.00000
103110525 0.18031 -0.80200 -2.00000
103110526 0.18031 -0.79800 -2.00000
103110527 0.18031 -0.79400 -2.00000
103110528 0.18031 -0.79000 -2.00000
103110529 0.18031 -0.78600 -2.00000
103110530 0.18031 -0.78200 -2.00000
103110531 0.18031 -0.77800 -2.00000
103110532 0.18031 -0.77400 -2.00000
103110533 0.18031 -0.77000 -2.00000
103110534 0.18031 -0.76600 -2.00000
103110535 0.18031 -0.76200 -2.00000
103110536 0.18031 -0.75800 -2.00000
103110537 0.18031 -0.75400 -2.00000
103110538 0.18031 -0.75000 -2.00000
103110539 0.18031 -0.74600 -2.00000
103110540 0.18031 -0.74200 -2.00000
103110541 0.18031 -0.73800 -2.00000
103110542 0.18031 -0.73400 -2.00000
103110543 0.18031 -0.73000 -2.00000
103110544 0.18031 -0.72600 -2.00000
103110545 0.18031 -0.72200 -2.00000
103110546 0.18031 -0.71800 -2.00000
103110547 0.18031 -0.71400 -2.00000
103110548 0.18031 -0.71000 -2.00000
103110549 0.18031 -0.70600 -2.00000
103110550 0.18031 -0.70200 -2.00000
103110551 0.18031 -0.69800 -2.00000
103110552 0.18031 -0.69400 -2.00000
103110553 0.18031 -0.69000 -2.00000
103110554 0.18031 -0.68600 -2.00000
103110555 0.18031 -0.68200 -2.00000
103110556 0.18031 -0.67800 -2.00000
103110557 0.18031 -0.67400 -2.00000
103110558 0.18031 -0.67000 -2.00000
103110559 0.18031 -0.66600 -2.00000
103110560 0.18031 -0.66200 -2.00000
103110561 0.18031 -0.65800 -2.00000
103110562 0.18031 -0.65400 -2.00000
103110563 0.18031 -0.65000 -2.00000
103110564 0.18031 -0.64600 -2.00000
103110565 0.18031 -0.64200 -2.00000
103110566 0.18031 -0.63800 -2.00000
103110567 0.18031 -0.63400 -2.00000
103110568 0.18031 -0.63000 -2.00000
103110569 0.18031 -0.62600 -2.00000
103110570 0.18031 -0.62200 -2.00000
103110571 0.18031 -0.61800 -2.00000
103110572 0.18031 -0.61400 -2.00000
103110573 0.18031 -0.61000 -2.00000
103110574 0.18031 -0.60600 -2.00000
103110575 0.18031 -0.60200 -2.00000
103110576 0.18031 -0.59800 -2.00000
103110577 0.18031 -0.59400 -2.00000
103110578 0.18031 -0.59000 -2.00000
103110579 0.18031 -0.58600 -2.00000
103110580 0.18031 -0.58200 -2.00000
103110581 0.18031 -0.57800 -2.00000
103110582 0.18031 -0.57400 -2.00000
103110583 0.18031 -0.57000 -2.00000
103110584 0.18031 -0.56600 -2.00000
103110585 0.18031 -0.56200 -2.00000
103110586 0.18031 -0.55800 -2.00000
103110587 0.18031 -0.55400 -2.00000
103110588 0.18031 -0.55000 -2.00000
103110589 0.18031 -0.54600 -2.00000
103110590 0.18031 -0.54200 -2.00000
103110591 0.18031 -0.53800 -2.00000
103110592 0.18031 -0.53400 -2.00000
103110593 0.18031 -0.53000 -2.00000
103110594 0.18031 -0.52600 -2.00000
103110595 0.18031 -0.52200 -2.00000
103110596 0.18031 -0.51800 -2.00000
103110597 0.18031 -0.51400 -2.00000
103110598 0.18031 -0.51000 -2.00000
103110599 0.18031 -0.50600 -2.00000
103110600 0.18031 -0.50200 -2.00000
103110601 0.18881 -1.09800 -2.00000
103110602 0.18881 -1.09400 -2.00000
103110603 0.18881 -1.09000 -2.00000
103110604 0.18881 -1.08600 -2.00000
103110605 0.18881 -1.08200 -2.00000
103110606 0.18881 -1.07800 -2.00000
103110607 0.18881 -1.07400 -2.00000
103110608 0.18881 -1.07000 -2.00000
103110609 0.18881 -1.06600 -2.00000
103110610 0.18881 -1.06200 -2.00000
103110611 0.18881 -1.05800 -2.00000
103110612 0.18881 -1.05400 -2.00000
103110613 0.18881 -1.05000 -2.00000
103110614 0.18881 -1.04600 -2.00000
103110615 0.18881 -1.04200 -2.00000
103110616 0.18881 -1.03800 -2.00000
103110617 0.18881 -1.03400 -2.00000
103110618 0.18881 -1.03000 -2.00000
103110619 0.18881 -1.02600 -2.00000
103110620 0.18881 -1.02200 -2.00000
103110621 0.18881 -1.01800 -2.00000
103110622 0.18881 -1.01400 -2.00000
103110623 0.18881 -1.01000 -2.00000
103110624 0.18881 -1.00600 -2.00000
103110625 0.18881 -1.00200 -2.00000
103110626 0.18881 -0.99800 -2.00000
103110627 0.18881 -0.99400 -2.00000
103110628 0.18881 -0.99000 -2.00000
103110629 0.18881 -0.98600 -2.00000
103110630 0.18881 -0.98200 -2.00000
103110631 0.18881 -0.97800 -2.00000
103110632 0.18881 -0.97400 -2.00000
103110633 0.18881 -0.97000 -2.00000
103110634 0.18881 -0.96600 -2.00000
103110635 0.18881 -0.96200 -2.00000
103110636 0.18881 -0.95800 -2.00000
103110637 0.18881 -0.95400 -2.00000
103110638 0.18881 -0.95000 -2.00000
103110639 0.18881 -0.94600 -2.00000
103110640 0.18881 -0.94200 -2.00000
103110641 0.18881 -0.93800 -2.00000
103110642 0.18881 -0.93400 -2.00000
103110643 0.18881 -0.93000 -2.00000
103110644 0.18881 -0.92600 -2.00000
103110645 0.18881 -0.92200 -2.00000
103110646 0.18881 -0.91800 -2.00000
103110647 0.18881 -0.91400 -2.00000
103110648 0.18881 -0.91000 -2.00000
103110649 0.18881 -0.90600 -2.00000
103110650 0.18881 -0.90200 -2.00000
103110651 0.18881 -0.89800 -2.00000
103110652 0.18881 -0.89400 -2.00000
103110653 0.18881 -0.89000 -2.00000
103110654 0.18881 -0.88600 -2.00000
103110655 0.18881 -0.88200 -2.00000
103110656 0.18881 -0.87800 -2.00000
103110657 0.18881 -0.87400 -2.00000
103110658 0.18881 -0.87000 -2.00000
103110659 0.18881 -0.86600 -2.00000
103110660 0.18881 -0.86200 -2.00000
103110661 0.18881 -0.85800 -2.00000
103110662 0.18881 -0.85400 -2.00000
103110663 0.18881 -0.85000 -2.00000
103110664 0.18881 -0.84600 -2.00000
103110665 0.18881 -0.84200 -2.00000
103110666 0.18881 -0.83800 -2.00000
103110667 0.18881 -0.83400 -2.00000
103110668 0.18881 -0.83000 -2.00000
103110669 0.18881 -0.82600 -2.00000
103110670 0.18881 -0.82200 -2.00000
103110671 0.18881 -0.81800 -2.00000
103110672 0.18881 -0.81400 -2.00000
103110673 0.18881 -0.81000 -2.00000
103110674 0.18881 -0.80600 -2.00000
103110675 0.18881 -0.80200 -2.00000
103110676 0.18881 -0.79800 -2.00000
103110677 0.18881 -0.79400 -2.00000
103110678 0.18881 -0.79000 -2.00000
103110679 0.18881 -0.78600 -2.00000
103110680 0.18881 -0.78200 -2.00000
103110681 0.18881 -0.77800 -2.00000
103110682 0.18881 -0.77400 -2.00000
103110683 0.18881 -0.77000 -2.00000
103110684 0.18881 -0.76600 -2.00000
103110685 0.18881 -0.76200 -2.00000
103110686 0.18881 -0.75800 -2.00000
103110687 0.18881 -0.75400 -2.00000
103110688 0.18881 -0.75000 -2.00000
103110689 0.18881 -0.74600 -2.00000
103110690 0.18881 -0.74200 -2.00000
103110691 0.18881 -0.73800 -2.00000
103110692 0.18881 -0.73400 -2.00000
103110693 0.18881 -0.73000 -2.00000
103110694 0.18881 -0.72600 -2.00000
103110695 0.18881 -0.72200 -2.00000
103110696 0.18881 -0.71800 -2.00000
103110697 0.18881 -0.71400 -2.00000
103110698 0.18881 -0.71000 -2.00000
103110699 0.18881 -0.70600 -2.00000
103110700 0.18881 -0.70200 -2.00000
103110701 0.18881 -0.69800 -2.00000
103110702 0.18881 -0.69400 -2.00000
103110703 0.18881 -0.69000 -2.00000
103110704 0.18881 -0.68600 -2.00000
103110705 0.18881 -0.68200 -2.00000
103110706 0.18881 -0.67800 -2.00000
103110707 0.18881 -0.67400 -2.00000
103110708 0.18881 -0.67000 -2.00000
103110709 0.18881 -0.66600 -2.00000
103110710 0.18881 -0.66200 -2.00000
103110711 0.18881 -0.65800 -2.00000
103110712 0.18881 -0.65400 -2.00000
103110713 0.18881 -0.65000 -2.00000
103110714 0.18881 -0.64600 -2.00000
103110715 0.18881 -0.64200 -2.00000
103110716 0.18881 -0.63800 -2.00000
103110717 0.18881 -0.63400 -2.00000
103110718 0.18881 -0.63000 -2.00000
103110719 0.18881 -0.62600 -2.00000
103110720 0.18881 -0.62200 -2.00000
103110721 0.18881 -0.61800 -2.00000
103110722 0.18881 -0.61400 -2.00000
103110723 0.18881 -0.61000 -2.00000
103110724 0.18881 -0.60600 -2.00000
103110725 0.18881 -0.60200 -2.00000
103110726 0.18881 -0.59800 -2.00000
103110727 0.18881 -0.59400 -2.00000
103110728 0.18881 -0.59000 -2.00000
103110729 0.18881 -0.58600 -2.00000
103110730 0.18881 -0.58200 -2.00000
103110731 0.18881 -0.57800 -2.00000
103110732 0.18881 -0.57400 -2.00000
103110733 0.18881 -0.57000 -2.00000
103110734 0.18881 -0.56600 -2.00000
103110735 0.18881 -0.56200 -2.00000
103110736 0.18881 -0.55800 -2.00000
103110737 0.18881 -0.55400 -2.00000
103110738 0.18881 -0.55000 -2.00000
103110739 0.18881 -0.54600 -2.00000
103110740 0.18881 -0.54200 -2.00000
103110741 0.18881 -0.53800 -2.00000
103110742 0.18881 -0.53400 -2.00000
103110743 0.18881 -0.53000 -2.00000
103110744 0.18881 -0.52600 -2.00000
103110745 0.18881 -0.52200 -2.00000
103110746 0.18881 -0.51800 -2.00000
103110747 0.18881 -0.51400 -2.00000
103110748 0.18881 -0.51000 -2.00000
103110749 0.18881 -0.50600 -2.00000
103110750 0.18881 -0.50200 -2.00000
103110751 0.19731 -1.09800 -2.00000
103110752 0.19731 -1.09400 -2.00000
103110753 0.19731 -1.09000 -2.00000
103110754 0.19731 -1.08600 -2.00000
103110755 0.19731 -1.08200 -2.00000
103110756 0.19731 -1.07800 -2.00000
103110757 0.19731 -1.07400 -2.00000
103110758 0.19731 -1.07000 -2.00000
103110759 0.19731 -1.06600 -2.00000
103110760 0.19731 -1.06200 -2.00000
103110761 0.19731 -1.05800 -2.00000
103110762 0.19731 -1.05400 -2.00000
103110763 0.19731 -1.05000 -2.00000
103110764 0.19731 -1.04600 -2.00000
103110765 0.19731 -1.04200 -2.00000
103110766 0.19731 -1.03800 -2.00000
103110767 0.19731 -1.03400 -2.00000
103110768 0.19731 -1.03000 -2.00000
103110769 0.19731 -1.02600 -2.00000
103110770 0.19731 -1.02200 -2.00000
103110771 0.19731 -1.01800 -2.00000
103110772 0.19731 -1.01400 -2.00000
103110773 0.19731 -1.01000 -2.00000
103110774 0.19731 -1.00600 -2.00000
103110775 0.19731 -1.00200 -2.00000
103110776 0.19731 -0.99800 -2.00000
103110777 0.19731 -0.99400 -2.00000
103110778 0.19731 -0.99000 -2.00000
103110779 0.19731 -0.98600 -2.00000
103110780 0.19731 -0.98200 -2.00000
103110781 0.19731 -0.97800 -2.00000
103110782 0.19731 -0.97400 -2.00000
103110783 0.19731 -0.97000 -2.00000
103110784 0.19731 -0.96600 -2.00000
103110785 0.19731 -0.96200 -2.00000
103110786 0.19731 -0.95800 -2.00000
103110787 0.19731 -0.95400 -2.00000
103110788 0.19731 -0.95000 -2.00000
103110789 0.19731 -0.94600 -2.00000
103110790 0.19731 -0.94200 -2.00000
103110791 0.19731 -0.93800 -2.00000
103110792 0.19731 -0.93400 -2.00000
103110793 0.19731 -0.93000 -2.00000
103110794 0.19731 -0.92600 -2.00000
103110795 0.19731 -0.92200 -2.00000
103110796 0.19731 -0.91800 -2.00000
103110797 0.19731 -0.91400 -2.00000
103110798 0.19731 -0.91000 -2.00000
103110799 0.19731 -0.90600 -2.00000
103110800 0.19731 -0.90200 -2.00000
103110801 0.19731 -0.89800 -2.00000
103110802 0.19731 -0.89400 -2.00000
103110803 0.19731 -0.89000 -2.00000
103110804 0.19731 -0.88600 -2.00000
103110805 0.19731 -0.88200 -2.00000
103110806 0.19731 -0.87800 -2.00000
103110807 0.19731 -0.87400 -2.00000
103110808 0.19731 -0.87000 -2.00000
103110809 0.19731 -0.86600 -2.00000
103110810 0.19731 -0.86200 -2.00000
103110811 0.19731 -0.85800 -2.00000
103110812 0.19731 -0.85400 -2.00000
103110813 0.19731 -0.85000 -2.00000
103110814 0.19731 -0.84600 -2.00000
103110815 0.19731 -0.84200 -2.00000
103110816 0.19731 -0.83800 -2.00000
103110817 0.19731 -0.83400 -2.00000
103110818 0.19731 -0.83000 -2.00000
103110819 0.19731 -0.82600 -2.00000
103110820 0.19731 -0.82200 -2.00000
103110821 0.19731 -0.81800 -2.00000
103110822 0.19731 -0.81400 -2.00000
103110823 0.19731 -0.81000 -2.00000
103110824 0.19731 -0.80600 -2.00000
103110825 0.19731 -0.80200 -2.00000
103110826 0.19731 -0.79800 -2.00000
103110827 0.19731 -0.79400 -2.00000
103110828 0.19731 -0.79000 -2.00000
103110829 0.19731 -0.78600 -2.00000
103110830 0.19731 -0.78200 -2.00000
103110831 0.19731 -0.77800 -2.00000
103110832 0.19731 -0.77400 -2.00000
103110833 0.19731 -0.77000 -2.00000
103110834 0.19731 -0.76600 -2.00000
103110835 0.19731 -0.76200 -2.00000
103110836 0.19731 -0.75800 -2.00000
103110837 0.19731 -0.75400 -2.00000
103110838 0.19731 -0.75000 -2.00000
103110839 0.19731 -0.74600 -2.00000
103110840 0.19731 -0.74200 -2.00000
103110841 0.19731 -0.73800 -2.00000
103110842 0.19731 -0.73400 -2.00000
103110843 0.19731 -0.73000 -2.00000
103110844 0.19731 -0.72600 -2.00000
103110845 0.19731 -0.72200 -2.00000
103110846 0.19731 -0.71800 -2.00000
103110847 0.19731 -0.71400 -2.00000
103110848 0.19731 -0.71000 -2.00000
103110849 0.19731 -0.70600 -2.00000
103110850 0.19731 -0.70200 -2.00000
103110851 0.19731 -0.69800 -2.00000
103110852 0.19731 -0.69400 -2.00000
103110853 0.19731 -0.69000 -2.00000
103110854 0.19731 -0.68600 -2.00000
103110855 0.19731 -0.68200 -2.00000
103110856 0.19731 -0.67800 -2.00000
103110857 0.19731 -0.67400 -2.00000
103110858 0.19731 -0.67000 -2.00000
103110859 0.19731 -0.66600 -2.00000
103110860 0.19731 -0.66200 -2.00000
103110861 0.19731 -0.65800 -2.00000
103110862 0.19731 -0.65400 -2.00000
103110863 0.19731 -0.65000 -2.00000
103110864 0.19731 -0.64600 -2.00000
103110865 0.19731 -0.64200 -2.00000
103110866 0.19731 -0.63800 -2.00000
103110867 0.19731 -0.63400 -2.00000
103110868 0.19731 -0.63000 -2.00000
103110869 0.19731 -0.62600 -2.00000
103110870 0.19731 -0.62200 -2.00000
103110871 0.19731 -0.61800 -2.00000
103110872 0.19731 -0.61400 -2.00000
103110873 0.19731 -0.61000 -2.00000
103110874 0.19731 -0.60600 -2.00000
103110875 0.19731 -0.60200 -2.00000
103110876 0.19731 -0.59800 -2.00000
103110877 0.19731 -0.59400 -2.00000
103110878 0.19731 -0.59000 -2.00000
103110879 0.19731 -0.58600 -2.00000
103110880 0.19731 -0.58200 -2.00000
103110881 0.19731 -0.57800 -2.00000
103110882 0.19731 -0.57400 -2.00000
103110883 0.19731 -0.57000 -2.00000
103110884 0.19731 -0.56600 -2.00000
103110885 0.19731 -0.56200 -2.00000
103110886 0.19731 -0.55800 -2.00000
103110887 0.19731 -0.55400 -2.00000
103110888 0.19731 -0.55000 -2.00000
103110889 0.19731 -0.54600 -2.00000
103110890 0.19731 -0.54200 -2.00000
103110891 0.19731 -0.53800 -2.00000
103110892 0.19731 -0.53400 -2.00000
103110893 0.19731 -0.53000 -2.00000
103110894 0.19731 -0.52600 -2.00000
103110895 0.19731 -0.52200 -2.00000
103110896 0.19731 -0.51800 -2.00000
103110897 0.19731 -0.51400 -2.00000
103110898 0.19731 -0.51000 -2.00000
103110899 0.19731 -0.50600 -2.00000
103110900 0.19731 -0.50200 -2.00000
103110901 0.20581 -1.09800 -2.00000
103110902 0.20581 -1.09400 -2.00000
103110903 0.20581 -1.09000 -2.00000
103110904 0.20581 -1.08600 -2.00000
103110905 0.20581 -1.08200 -2.00000
103110906 0.20581 -1.07800 -2.00000
103110907 0.20581 -1.07400 -2.00000
103110908 0.20581 -1.07000 -2.00000
103110909 0.20581 -1.06600 -2.00000
103110910 0.20581 -1.06200 -2.00000
103110911 0.20581 -1.05800 -2.00000
103110912 0.20581 -1.05400 -2.00000
103110913 0.20581 -1.05000 -2.00000
103110914 0.20581 -1.04600 -2.00000
103110915 0.20581 -1.04200 -2.00000
103110916 0.20581 -1.03800 -2.00000
103110917 0.20581 -1.03400 -2.00000
103110918 0.20581 -1.03000 -2.00000
103110919 0.20581 -1.02600 -2.00000
103110920 0.20581 -1.02200 -2.00000
103110921 0.20581 -1.01800 -2.00000
103110922 0.20581 -1.01400 -2.00000
103110923 0.20581 -1.01000 -2.00000
103110924 0.20581 -1.00600 -2.00000
103110925 0.20581 -1.00200 -2.00000
103110926 0.20581 -0.99800 -2.00000
103110927 0.20581 -0.99400 -2.00000
103110928 0.20581 -0.99000 -2.00000
103110929 0.20581 -0.98600 -2.00000
103110930 0.20581 -0.98200 -2.00000
103110931 0.20581 -0.97800 -2.00000
103110932 0.20581 -0.97400 -2.00000
103110933 0.20581 -0.97000 -2.00000
103110934 0.20581 -0.96600 -2.00000
103110935 0.20581 -0.96200 -2.00000
103110936 0.20581 -0.95800 -2.00000
103110937 0.20581 -0.95400 -2.00000
103110938 0.20581 -0.95000 -2.00000
103110939 0.20581 -0.94600 -2.00000
103110940 0.20581 -0.94200 -2.00000
103110941 0.20581 -0.93800 -2.00000
103110942 0.20581 -0.93400 -2.00000
103110943 0.20581 -0.93000 -2.00000
103110944 0.20581 -0.92600 -2.00000
103110945 0.20581 -0.92200 -2.00000
103110946 0.20581 -0.91800 -2.00000
103110947 0.20581 -0.91400 -2.00000
103110948 0.20581 -0.91000 -2.00000
103110949 0.20581 -0.90600 -2.00000
103110950 0.20581 -0.90200 -2.00000
103110951 0.20581 -0.89800 -2.00000
103110952 0.20581 -0.89400 -2.00000
103110953 0.20581 -0.89000 -2.00000
103110954 0.20581 -0.88600 -2.00000
103110955 0.20581 -0.88200 -2.00000
103110956 0.20581 -0.87800 -2.00000
103110957 0.20581 -0.87400 -2.00000
103110958 0.20581 -0.87000 -2.00000
103110959 0.20581 -0.86600 -2.00000
103110960 0.20581 -0.86200 -2.00000
103110961 0.20581 -0.85800 -2.00000
103110962 0.20581 -0.85400 -2.00000
103110963 0.20581 -0.85000 -2.00000
103110964 0.20581 -0.84600 -2.00000
103110965 0.20581 -0.84200 -2.00000
103110966 0.20581 -0.83800 -2.00000
103110967 0.20581 -0.83400 -2.00000
103110968 0.20581 -0.83000 -2.00000
103110969 0.20581 -0.82600 -2.00000
103110970 0.20581 -0.82200 -2.00000
103110971 0.20581 -0.81800 -2.00000
103110972 0.20581 -0.81400 -2.00000
103110973 0.20581 -0.81000 -2.00000
103110974 0.20581 -0.80600 -2.00000
103110975 0.20581 -0.80200 -2.00000
103110976 0.20581 -0.79800 -2.00000
103110977 0.20581 -0.79400 -2.00000
103110978 0.20581 -0.79000 -2.00000
103110979 0.20581 -0.78600 -2.00000
103110980 0.20581 -0.78200 -2.00000
103110981 0.20581 -0.77800 -2.00000
103110982 0.20581 -0.77400 -2.00000
103110983 0.20581 -0.77000 -2.00000
103110984 0.20581 -0.76600 -2.00000
103110985 0.20581 -0.76200 -2.00000
103110986 0.20581 -0.75800 -2.00000
103110987 0.20581 -0.75400 -2.00000
103110988 0.20581 -0.75000 -2.00000
103110989 0.20581 -0.74600 -2.00000
103110990 0.20581 -0.74200 -2.00000
103110991 0.20581 -0.73800 -2.00000
103110992 0.20581 -0.73400 -2.00000
103110993 0.20581 -0.73000 -2.00000
103110994 0.20581 -0.72600 -2.00000
103110995 0.20581 -0.72200 -2.00000
103110996 0.20581 -0.71800 -2.00000
103110997 0.20581 -0.71400 -2.00000
103110998 0.20581 -0.71000 -2.00000
103110999 0.20581 -0.70600 -2.00000
103111000 0.20581 -0.70200 -2.00000
103111001 0.20581 -0.69800 -2.00000
103111002 0.20581 -0.69400 -2.00000
103111003 0.20581 -0.69000 -2.00000
103111004 0.20581 -0.68600 -2.00000
103111005 0.20581 -0.68200 -2.00000
103111006 0.20581 -0.67800 -2.00000
103111007 0.20581 -0.67400 -2.00000
103111008 0.20581 -0.67000 -2.00000
103111009 0.20581 -0.66600 -2.00000
103111010 0.20581 -0.66200 -2.00000
103111011 0.20581 -0.65800 -2.00000
103111012 0.20581 -0.65400 -2.00000
103111013 0.20581 -0.65000 -2.00000
103111014 0.20581 -0.64600 -2.00000
103111015 0.20581 -0.64200 -2.00000
103111016 0.20581 -0.63800 -2.00000
103111017 0.20581 -0.63400 -2.00000
103111018 0.20581 -0.63000 -2.00000
103111019 0.20581 -0.62600 -2.00000
103111020 0.20581 -0.62200 -2.00000
103111021 0.20581 -0.61800 -2.00000
103111022 0.20581 -0.61400 -2.00000
103111023 0.20581 -0.61000 -2.00000
103111024 0.20581 -0.60600 -2.00000
103111025 0.20581 -0.60200 -2.00000
103111026 0.20581 -0.59800 -2.00000
103111027 0.20581 -0.59400 -2.00000
103111028 0.20581 -0.59000 -2.00000
103111029 0.20581 -0.58600 -2.00000
103111030 0.20581 -0.58200 -2.00000
103111031 0.20581 -0.57800 -2.00000
103111032 0.20581 -0.57400 -2.00000
103111033 0.20581 -0.57000 -2.00000
103111034 0.20581 -0.56600 -2.00000
103111035 0.20581 -0.56200 -2.00000
103111036 0.20581 -0.55800 -2.00000
103111037 0.20581 -0.55400 -2.00000
103111038 0.20581 -0.55000 -2.00000
103111039 0.20581 -0.54600 -2.00000
103111040 0.20581 -0.54200 -2.00000
103111041 0.20581 -0.53800 -2.00000
103111042 0.20581 -0.53400 -2.00000
103111043 0.20581 -0.53000 -2.00000
103111044 0.20581 -0.52600 -2.00000
103111045 0.20581 -0.52200 -2.00000
103111046 0.20581 -0.51800 -2.00000
103111047 0.20581 -0.51400 -2.00000
103111048 0.20581 -0.51000 -2.00000
103111049 0.20581 -0.50600 -2.00000
103111050 0.20581 -0.50200 -2.00000
103111051 0.21431 -1.09800 -2.00000
103111052 0.21431 -1.09400 -2.00000
103111053 0.21431 -1.09000 -2.00000
103111054 0.21431 -1.08600 -2.00000
103111055 0.21431 -1.08200 -2.00000
103111056 0.21431 -1.07800 -2.00000
103111057 0.21431 -1.07400 -2.00000
103111058 0.21431 -1.07000 -2.00000
103111059 0.21431 -1.06600 -2.00000
103111060 0.21431 -1.06200 -2.00000
103111061 0.21431 -1.05800 -2.00000
103111062 0.21431 -1.05400 -2.00000
103111063 0.21431 -1.05000 -2.00000
103111064 0.21431 -1.04600 -2.00000
103111065 0.21431 -1.04200 -2.00000
103111066 0.21431 -1.03800 -2.00000
103111067 0.21431 -1.03400 -2.00000
103111068 0.21431 -1.03000 -2.00000
103111069 0.21431 -1.02600 -2.00000
103111070 0.21431 -1.02200 -2.00000
103111071 0.21431 -1.01800 -2.00000
103111072 0.21431 -1.01400 -2.00000
103111073 0.21431 -1.01000 -2.00000
103111074 0.21431 -1.00600 -2.00000
103111075 0.21431 -1.00200 -2.00000
103111076 0.21431 -0.99800 -2.00000
103111077 0.21431 -0.99400 -2.00000
103111078 0.21431 -0.99000 -2.00000
103111079 0.21431 -0.98600 -2.00000
103111080 0.21431 -0.98200 -2.00000
103111081 0.21431 -0.97800 -2.00000
103111082 0.21431 -0.97400 -2.00000
103111083 0.21431 -0.97000 -2.00000
103111084 0.21431 -0.96600 -2.00000
103111085 0.21431 -0.96200 -2.00000
103111086 0.21431 -0.95800 -2.00000
103111087 0.21431 -0.95400 -2.00000
103111088 0.21431 -0.95000 -2.00000
103111089 0.21431 -0.94600 -2.00000
103111090 0.21431 -0.94200 -2.00000
103111091 0.21431 -0.93800 -2.00000
103111092 0.21431 -0.93400 -2.00000
103111093 0.21431 -0.93000 -2.00000
103111094 0.21431 -0.92600 -2.00000
103111095 0.21431 -0.92200 -2.00000
103111096 0.21431 -0.91800 -2.00000
103111097 0.21431 -0.91400 -2.00000
103111098 0.21431 -0.91000 -2.00000
103111099 0.21431 -0.90600 -2.00000
103111100 0.21431 -0.90200 -2.00000
103111101 0.21431 -0.89800 -2.00000
103111102 0.21431 -0.89400 -2.00000
103111103 0.21431 -0.89000 -2.00000
103111104 0.21431 -0.88600 -2.00000
103111105 0.21431 -0.88200 -2.00000
103111106 0.21431 -0.87800 -2.00000
103111107 0.21431 -0.87400 -2.00000
103111108 0.21431 -0.87000 -2.00000
103111109 0.21431 -0.86600 -2.00000
103111110 0.21431 -0.86200 -2.00000
103111111 0.21431 -0.85800 -2.00000
103111112 0.21431 -0.85400 -2.00000
103111113 0.21431 -0.85000 -2.00000
103111114 0.21431 -0.84600 -2.00000
103111115 0.21431 -0.84200 -2.00000
103111116 0.21431 -0.83800 -2.00000
103111117 0.21431 -0.83400 -2.00000
103111118 0.21431 -0.83000 -2.00000
103111119 0.21431 -0.82600 -2.00000
103111120 0.21431 -0.82200 -2.00000
103111121 0.21431 -0.81800 -2.00000
103111122 0.21431 -0.81400 -2.00000
103111123 0.21431 -0.81000 -2.00000
103111124 0.21431 -0.80600 -2.00000
103111125 0.21431 -0.80200 -2.00000
103111126 0.21431 -0.79800 -2.00000
103111127 0.21431 -0.79400 -2.00000
103111128 0.21431 -0.79000 -2.00000
103111129 0.21431 -0.78600 -2.00000
103111130 0.21431 -0.78200 -2.00000
103111131 0.21431 -0.77800 -2.00000
103111132 0.21431 -0.77400 -2.00000
103111133 0.21431 -0.77000 -2.00000
103111134 0.21431 -0.76600 -2.00000
103111135 0.21431 -0.76200 -2.00000
103111136 0.21431 -0.75800 -2.00000
103111137 0.21431 -0.75400 -2.00000
103111138 0.21431 -0.75000 -2.00000
103111139 0.21431 -0.74600 -2.00000
103111140 0.21431 -0.74200 -2.00000
103111141 0.21431 -0.73800 -2.00000
103111142 0.21431 -0.73400 -2.00000
103111143 0.21431 -0.73000 -2.00000
103111144 0.21431 -0.72600 -2.00000
103111145 0.21431 -0.72200 -2.00000
103111146 0.21431 -0.71800 -2.00000
103111147 0.21431 -0.71400 -2.00000
103111148 0.21431 -0.71000 -2.00000
103111149 0.21431 -0.70600 -2.00000
103111150 0.21431 -0.70200 -2.00000
103111151 0.21431 -0.69800 -2.00000
103111152 0.21431 -0.69400 -2.00000
103111153 0.21431 -0.69000 -2.00000
103111154 0.21431 -0.68600 -2.00000
103111155 0.21431 -0.68200 -2.00000
103111156 0.21431 -0.67800 -2.00000
103111157 0.21431 -0.67400 -2.00000
103111158 0.21431 -0.67000 -2.00000
103111159 0.21431 -0.66600 -2.00000
103111160 0.21431 -0.66200 -2.00000
103111161 0.21431 -0.65800 -2.00000
103111162 0.21431 -0.65400 -2.00000
103111163 0.21431 -0.65000 -2.00000
103111164 0.21431 -0.64600 -2.00000
103111165 0.21431 -0.64200 -2.00000
103111166 0.21431 -0.63800 -2.00000
103111167 0.21431 -0.63400 -2.00000
103111168 0.21431 -0.63000 -2.00000
103111169 0.21431 -0.62600 -2.00000
103111170 0.21431 -0.62200 -2.00000
103111171 0.21431 -0.61800 -2.00000
103111172 0.21431 -0.61400 -2.00000
103111173 0.21431 -0.61000 -2.00000
103111174 0.21431 -0.60600 -2.00000
103111175 0.21431 -0.60200 -2.00000
103111176 0.21431 -0.59800 -2.00000
103111177 0.21431 -0.59400 -2.00000
103111178 0.21431 -0.59000 -2.00000
103111179 0.21431 -0.58600 -2.00000
103111180 0.21431 -0.58200 -2.00000
103111181 0.21431 -0.57800 -2.00000
103111182 0.21431 -0.57400 -2.00000
103111183 0.21431 -0.57000 -2.00000
103111184 0.21431 -0.56600 -2.00000
103111185 0.21431 -0.56200 -2.00000
103111186 0.21431 -0.55800 -2.00000
103111187 0.21431 -0.55400 -2.00000
103111188 0.21431 -0.55000 -2.00000
103111189 0.21431 -0.54600 -2.00000
103111190 0.21431 -0.54200 -2.00000
103111191 0.21431 -0.53800 -2.00000
103111192 0.21431 -0.53400 -2.00000
103111193 0.21431 -0.53000 -2.00000
103111194 0.21431 -0.52600 -2.00000
103111195 0.21431 -0.52200 -2.00000
103111196 0.21431 -0.51800 -2.00000
103111197 0.21431 -0.51400 -2.00000
103111198 0.21431 -0.51000 -2.00000
103111199 0.21431 -0.50600 -2.00000
103111200 0.21431 -0.50200 -2.00000
