# pixelID  x  y  z
113050001 1.20000 -0.21225 -0.29800
113050002 1.20000 -0.21225 -0.29400
113050003 1.20000 -0.21225 -0.29000
113050004 1.20000 -0.21225 -0.28600
113050005 1.20000 -0.21225 -0.28200
113050006 1.20000 -0.21225 -0.27800
113050007 1.20000 -0.21225 -0.27400
113050008 1.20000 -0.21225 -0.27000
113050009 1.20000 -0.21225 -0.26600
113050010 1.20000 -0.21225 -0.26200
113050011 1.20000 -0.21225 -0.25800
113050012 1.20000 -0.21225 -0.25400
113050013 1.20000 -0.21225 -0.25000
113050014 1.20000 -0.21225 -0.24600
113050015 1.20000 -0.21225 -0.24200
113050016 1.20000 -0.21225 -0.23800
113050017 1.20000 -0.21225 -0.23400
113050018 1.20000 -0.21225 -0.23000
113050019 1.20000 -0.21225 -0.22600
113050020 1.20000 -0.21225 -0.22200
113050021 1.20000 -0.21225 -0.21800
113050022 1.20000 -0.21225 -0.21400
113050023 1.20000 -0.21225 -0.21000
113050024 1.20000 -0.21225 -0.20600
113050025 1.20000 -0.21225 -0.20200
113050026 1.20000 -0.21225 -0.19800
113050027 1.20000 -0.21225 -0.19400
113050028 1.20000 -0.21225 -0.19000
113050029 1.20000 -0.21225 -0.18600
113050030 1.20000 -0.21225 -0.18200
113050031 1.20000 -0.21225 -0.17800
113050032 1.20000 -0.21225 -0.17400
113050033 1.20000 -0.21225 -0.17000
113050034 1.20000 -0.21225 -0.16600
113050035 1.20000 -0.21225 -0.16200
113050036 1.20000 -0.21225 -0.15800
113050037 1.20000 -0.21225 -0.15400
113050038 1.20000 -0.21225 -0.15000
113050039 1.20000 -0.21225 -0.14600
113050040 1.20000 -0.21225 -0.14200
113050041 1.20000 -0.21225 -0.13800
113050042 1.20000 -0.21225 -0.13400
113050043 1.20000 -0.21225 -0.13000
113050044 1.20000 -0.21225 -0.12600
113050045 1.20000 -0.21225 -0.12200
113050046 1.20000 -0.21225 -0.11800
113050047 1.20000 -0.21225 -0.11400
113050048 1.20000 -0.21225 -0.11000
113050049 1.20000 -0.21225 -0.10600
113050050 1.20000 -0.21225 -0.10200
113050051 1.20000 -0.21225 -0.09800
113050052 1.20000 -0.21225 -0.09400
113050053 1.20000 -0.21225 -0.09000
113050054 1.20000 -0.21225 -0.08600
113050055 1.20000 -0.21225 -0.08200
113050056 1.20000 -0.21225 -0.07800
113050057 1.20000 -0.21225 -0.07400
113050058 1.20000 -0.21225 -0.07000
113050059 1.20000 -0.21225 -0.06600
113050060 1.20000 -0.21225 -0.06200
113050061 1.20000 -0.21225 -0.05800
113050062 1.20000 -0.21225 -0.05400
113050063 1.20000 -0.21225 -0.05000
113050064 1.20000 -0.21225 -0.04600
113050065 1.20000 -0.21225 -0.04200
113050066 1.20000 -0.21225 -0.03800
113050067 1.20000 -0.21225 -0.03400
113050068 1.20000 -0.21225 -0.03000
113050069 1.20000 -0.21225 -0.02600
113050070 1.20000 -0.21225 -0.02200
113050071 1.20000 -0.21225 -0.01800
113050072 1.20000 -0.21225 -0.01400
113050073 1.20000 -0.21225 -0.01000
113050074 1.20000 -0.21225 -0.00600
113050075 1.20000 -0.21225 -0.00200
113050076 1.20000 -0.21225 0.00200
113050077 1.20000 -0.21225 0.00600
113050078 1.20000 -0.21225 0.01000
113050079 1.20000 -0.21225 0.01400
113050080 1.20000 -0.21225 0.01800
113050081 1.20000 -0.21225 0.02200
113050082 1.20000 -0.21225 0.02600
113050083 1.20000 -0.21225 0.03000
113050084 1.20000 -0.21225 0.03400
113050085 1.20000 -0.21225 0.03800
113050086 1.20000 -0.21225 0.04200
113050087 1.20000 -0.21225 0.04600
113050088 1.20000 -0.21225 0.05000
113050089 1.20000 -0.21225 0.05400
113050090 1.20000 -0.21225 0.05800
113050091 1.20000 -0.21225 0.06200
113050092 1.20000 -0.21225 0.06600
113050093 1.20000 -0.21225 0.07000
113050094 1.20000 -0.21225 0.07400
113050095 1.20000 -0.21225 0.07800
113050096 1.20000 -0.21225 0.08200
113050097 1.20000 -0.21225 0.08600
113050098 1.20000 -0.21225 0.09000
113050099 1.20000 -0.21225 0.09400
113050100 1.20000 -0.21225 0.09800
113050101 1.20000 -0.21225 0.10200
113050102 1.20000 -0.21225 0.10600
113050103 1.20000 -0.21225 0.11000
113050104 1.20000 -0.21225 0.11400
113050105 1.20000 -0.21225 0.11800
113050106 1.20000 -0.21225 0.12200
113050107 1.20000 -0.21225 0.12600
113050108 1.20000 -0.21225 0.13000
113050109 1.20000 -0.21225 0.13400
113050110 1.20000 -0.21225 0.13800
113050111 1.20000 -0.21225 0.14200
113050112 1.20000 -0.21225 0.14600
113050113 1.20000 -0.21225 0.15000
113050114 1.20000 -0.21225 0.15400
113050115 1.20000 -0.21225 0.15800
113050116 1.20000 -0.21225 0.16200
113050117 1.20000 -0.21225 0.16600
113050118 1.20000 -0.21225 0.17000
113050119 1.20000 -0.21225 0.17400
113050120 1.20000 -0.21225 0.17800
113050121 1.20000 -0.21225 0.18200
113050122 1.20000 -0.21225 0.18600
113050123 1.20000 -0.21225 0.19000
113050124 1.20000 -0.21225 0.19400
113050125 1.20000 -0.21225 0.19800
113050126 1.20000 -0.21225 0.20200
113050127 1.20000 -0.21225 0.20600
113050128 1.20000 -0.21225 0.21000
113050129 1.20000 -0.21225 0.21400
113050130 1.20000 -0.21225 0.21800
113050131 1.20000 -0.21225 0.22200
113050132 1.20000 -0.21225 0.22600
113050133 1.20000 -0.21225 0.23000
113050134 1.20000 -0.21225 0.23400
113050135 1.20000 -0.21225 0.23800
113050136 1.20000 -0.21225 0.24200
113050137 1.20000 -0.21225 0.24600
113050138 1.20000 -0.21225 0.25000
113050139 1.20000 -0.21225 0.25400
113050140 1.20000 -0.21225 0.25800
113050141 1.20000 -0.21225 0.26200
113050142 1.20000 -0.21225 0.26600
113050143 1.20000 -0.21225 0.27000
113050144 1.20000 -0.21225 0.27400
113050145 1.20000 -0.21225 0.27800
113050146 1.20000 -0.21225 0.28200
113050147 1.20000 -0.21225 0.28600
113050148 1.20000 -0.21225 0.29000
113050149 1.20000 -0.21225 0.29400
113050150 1.20000 -0.21225 0.29800
113050151 1.20000 -0.19875 -0.29800
113050152 1.20000 -0.19875 -0.29400
113050153 1.20000 -0.19875 -0.29000
113050154 1.20000 -0.19875 -0.28600
113050155 1.20000 -0.19875 -0.28200
113050156 1.20000 -0.19875 -0.27800
113050157 1.20000 -0.19875 -0.27400
113050158 1.20000 -0.19875 -0.27000
113050159 1.20000 -0.19875 -0.26600
113050160 1.20000 -0.19875 -0.26200
113050161 1.20000 -0.19875 -0.25800
113050162 1.20000 -0.19875 -0.25400
113050163 1.20000 -0.19875 -0.25000
113050164 1.20000 -0.19875 -0.24600
113050165 1.20000 -0.19875 -0.24200
113050166 1.20000 -0.19875 -0.23800
113050167 1.20000 -0.19875 -0.23400
113050168 1.20000 -0.19875 -0.23000
113050169 1.20000 -0.19875 -0.22600
113050170 1.20000 -0.19875 -0.22200
113050171 1.20000 -0.19875 -0.21800
113050172 1.20000 -0.19875 -0.21400
113050173 1.20000 -0.19875 -0.21000
113050174 1.20000 -0.19875 -0.20600
113050175 1.20000 -0.19875 -0.20200
113050176 1.20000 -0.19875 -0.19800
113050177 1.20000 -0.19875 -0.19400
113050178 1.20000 -0.19875 -0.19000
113050179 1.20000 -0.19875 -0.18600
113050180 1.20000 -0.19875 -0.18200
113050181 1.20000 -0.19875 -0.17800
113050182 1.20000 -0.19875 -0.17400
113050183 1.20000 -0.19875 -0.17000
113050184 1.20000 -0.19875 -0.16600
113050185 1.20000 -0.19875 -0.16200
113050186 1.20000 -0.19875 -0.15800
113050187 1.20000 -0.19875 -0.15400
113050188 1.20000 -0.19875 -0.15000
113050189 1.20000 -0.19875 -0.14600
113050190 1.20000 -0.19875 -0.14200
113050191 1.20000 -0.19875 -0.13800
113050192 1.20000 -0.19875 -0.13400
113050193 1.20000 -0.19875 -0.13000
113050194 1.20000 -0.19875 -0.12600
113050195 1.20000 -0.19875 -0.12200
113050196 1.20000 -0.19875 -0.11800
113050197 1.20000 -0.19875 -0.11400
113050198 1.20000 -0.19875 -0.11000
113050199 1.20000 -0.19875 -0.10600
113050200 1.20000 -0.19875 -0.10200
113050201 1.20000 -0.19875 -0.09800
113050202 1.20000 -0.19875 -0.09400
113050203 1.20000 -0.19875 -0.09000
113050204 1.20000 -0.19875 -0.08600
113050205 1.20000 -0.19875 -0.08200
113050206 1.20000 -0.19875 -0.07800
113050207 1.20000 -0.19875 -0.07400
113050208 1.20000 -0.19875 -0.07000
113050209 1.20000 -0.19875 -0.06600
113050210 1.20000 -0.19875 -0.06200
113050211 1.20000 -0.19875 -0.05800
113050212 1.20000 -0.19875 -0.05400
113050213 1.20000 -0.19875 -0.05000
113050214 1.20000 -0.19875 -0.04600
113050215 1.20000 -0.19875 -0.04200
113050216 1.20000 -0.19875 -0.03800
113050217 1.20000 -0.19875 -0.03400
113050218 1.20000 -0.19875 -0.03000
113050219 1.20000 -0.19875 -0.02600
113050220 1.20000 -0.19875 -0.02200
113050221 1.20000 -0.19875 -0.01800
113050222 1.20000 -0.19875 -0.01400
113050223 1.20000 -0.19875 -0.01000
113050224 1.20000 -0.19875 -0.00600
113050225 1.20000 -0.19875 -0.00200
113050226 1.20000 -0.19875 0.00200
113050227 1.20000 -0.19875 0.00600
113050228 1.20000 -0.19875 0.01000
113050229 1.20000 -0.19875 0.01400
113050230 1.20000 -0.19875 0.01800
113050231 1.20000 -0.19875 0.02200
113050232 1.20000 -0.19875 0.02600
113050233 1.20000 -0.19875 0.03000
113050234 1.20000 -0.19875 0.03400
113050235 1.20000 -0.19875 0.03800
113050236 1.20000 -0.19875 0.04200
113050237 1.20000 -0.19875 0.04600
113050238 1.20000 -0.19875 0.05000
113050239 1.20000 -0.19875 0.05400
113050240 1.20000 -0.19875 0.05800
113050241 1.20000 -0.19875 0.06200
113050242 1.20000 -0.19875 0.06600
113050243 1.20000 -0.19875 0.07000
113050244 1.20000 -0.19875 0.07400
113050245 1.20000 -0.19875 0.07800
113050246 1.20000 -0.19875 0.08200
113050247 1.20000 -0.19875 0.08600
113050248 1.20000 -0.19875 0.09000
113050249 1.20000 -0.19875 0.09400
113050250 1.20000 -0.19875 0.09800
113050251 1.20000 -0.19875 0.10200
113050252 1.20000 -0.19875 0.10600
113050253 1.20000 -0.19875 0.11000
113050254 1.20000 -0.19875 0.11400
113050255 1.20000 -0.19875 0.11800
113050256 1.20000 -0.19875 0.12200
113050257 1.20000 -0.19875 0.12600
113050258 1.20000 -0.19875 0.13000
113050259 1.20000 -0.19875 0.13400
113050260 1.20000 -0.19875 0.13800
113050261 1.20000 -0.19875 0.14200
113050262 1.20000 -0.19875 0.14600
113050263 1.20000 -0.19875 0.15000
113050264 1.20000 -0.19875 0.15400
113050265 1.20000 -0.19875 0.15800
113050266 1.20000 -0.19875 0.16200
113050267 1.20000 -0.19875 0.16600
113050268 1.20000 -0.19875 0.17000
113050269 1.20000 -0.19875 0.17400
113050270 1.20000 -0.19875 0.17800
113050271 1.20000 -0.19875 0.18200
113050272 1.20000 -0.19875 0.18600
113050273 1.20000 -0.19875 0.19000
113050274 1.20000 -0.19875 0.19400
113050275 1.20000 -0.19875 0.19800
113050276 1.20000 -0.19875 0.20200
113050277 1.20000 -0.19875 0.20600
113050278 1.20000 -0.19875 0.21000
113050279 1.20000 -0.19875 0.21400
113050280 1.20000 -0.19875 0.21800
113050281 1.20000 -0.19875 0.22200
113050282 1.20000 -0.19875 0.22600
113050283 1.20000 -0.19875 0.23000
113050284 1.20000 -0.19875 0.23400
113050285 1.20000 -0.19875 0.23800
113050286 1.20000 -0.19875 0.24200
113050287 1.20000 -0.19875 0.24600
113050288 1.20000 -0.19875 0.25000
113050289 1.20000 -0.19875 0.25400
113050290 1.20000 -0.19875 0.25800
113050291 1.20000 -0.19875 0.26200
113050292 1.20000 -0.19875 0.26600
113050293 1.20000 -0.19875 0.27000
113050294 1.20000 -0.19875 0.27400
113050295 1.20000 -0.19875 0.27800
113050296 1.20000 -0.19875 0.28200
113050297 1.20000 -0.19875 0.28600
113050298 1.20000 -0.19875 0.29000
113050299 1.20000 -0.19875 0.29400
113050300 1.20000 -0.19875 0.29800
113050301 1.20000 -0.18525 -0.29800
113050302 1.20000 -0.18525 -0.29400
113050303 1.20000 -0.18525 -0.29000
113050304 1.20000 -0.18525 -0.28600
113050305 1.20000 -0.18525 -0.28200
113050306 1.20000 -0.18525 -0.27800
113050307 1.20000 -0.18525 -0.27400
113050308 1.20000 -0.18525 -0.27000
113050309 1.20000 -0.18525 -0.26600
113050310 1.20000 -0.18525 -0.26200
113050311 1.20000 -0.18525 -0.25800
113050312 1.20000 -0.18525 -0.25400
113050313 1.20000 -0.18525 -0.25000
113050314 1.20000 -0.18525 -0.24600
113050315 1.20000 -0.18525 -0.24200
113050316 1.20000 -0.18525 -0.23800
113050317 1.20000 -0.18525 -0.23400
113050318 1.20000 -0.18525 -0.23000
113050319 1.20000 -0.18525 -0.22600
113050320 1.20000 -0.18525 -0.22200
113050321 1.20000 -0.18525 -0.21800
113050322 1.20000 -0.18525 -0.21400
113050323 1.20000 -0.18525 -0.21000
113050324 1.20000 -0.18525 -0.20600
113050325 1.20000 -0.18525 -0.20200
113050326 1.20000 -0.18525 -0.19800
113050327 1.20000 -0.18525 -0.19400
113050328 1.20000 -0.18525 -0.19000
113050329 1.20000 -0.18525 -0.18600
113050330 1.20000 -0.18525 -0.18200
113050331 1.20000 -0.18525 -0.17800
113050332 1.20000 -0.18525 -0.17400
113050333 1.20000 -0.18525 -0.17000
113050334 1.20000 -0.18525 -0.16600
113050335 1.20000 -0.18525 -0.16200
113050336 1.20000 -0.18525 -0.15800
113050337 1.20000 -0.18525 -0.15400
113050338 1.20000 -0.18525 -0.15000
113050339 1.20000 -0.18525 -0.14600
113050340 1.20000 -0.18525 -0.14200
113050341 1.20000 -0.18525 -0.13800
113050342 1.20000 -0.18525 -0.13400
113050343 1.20000 -0.18525 -0.13000
113050344 1.20000 -0.18525 -0.12600
113050345 1.20000 -0.18525 -0.12200
113050346 1.20000 -0.18525 -0.11800
113050347 1.20000 -0.18525 -0.11400
113050348 1.20000 -0.18525 -0.11000
113050349 1.20000 -0.18525 -0.10600
113050350 1.20000 -0.18525 -0.10200
113050351 1.20000 -0.18525 -0.09800
113050352 1.20000 -0.18525 -0.09400
113050353 1.20000 -0.18525 -0.09000
113050354 1.20000 -0.18525 -0.08600
113050355 1.20000 -0.18525 -0.08200
113050356 1.20000 -0.18525 -0.07800
113050357 1.20000 -0.18525 -0.07400
113050358 1.20000 -0.18525 -0.07000
113050359 1.20000 -0.18525 -0.06600
113050360 1.20000 -0.18525 -0.06200
113050361 1.20000 -0.18525 -0.05800
113050362 1.20000 -0.18525 -0.05400
113050363 1.20000 -0.18525 -0.05000
113050364 1.20000 -0.18525 -0.04600
113050365 1.20000 -0.18525 -0.04200
113050366 1.20000 -0.18525 -0.03800
113050367 1.20000 -0.18525 -0.03400
113050368 1.20000 -0.18525 -0.03000
113050369 1.20000 -0.18525 -0.02600
113050370 1.20000 -0.18525 -0.02200
113050371 1.20000 -0.18525 -0.01800
113050372 1.20000 -0.18525 -0.01400
113050373 1.20000 -0.18525 -0.01000
113050374 1.20000 -0.18525 -0.00600
113050375 1.20000 -0.18525 -0.00200
113050376 1.20000 -0.18525 0.00200
113050377 1.20000 -0.18525 0.00600
113050378 1.20000 -0.18525 0.01000
113050379 1.20000 -0.18525 0.01400
113050380 1.20000 -0.18525 0.01800
113050381 1.20000 -0.18525 0.02200
113050382 1.20000 -0.18525 0.02600
113050383 1.20000 -0.18525 0.03000
113050384 1.20000 -0.18525 0.03400
113050385 1.20000 -0.18525 0.03800
113050386 1.20000 -0.18525 0.04200
113050387 1.20000 -0.18525 0.04600
113050388 1.20000 -0.18525 0.05000
113050389 1.20000 -0.18525 0.05400
113050390 1.20000 -0.18525 0.05800
113050391 1.20000 -0.18525 0.06200
113050392 1.20000 -0.18525 0.06600
113050393 1.20000 -0.18525 0.07000
113050394 1.20000 -0.18525 0.07400
113050395 1.20000 -0.18525 0.07800
113050396 1.20000 -0.18525 0.08200
113050397 1.20000 -0.18525 0.08600
113050398 1.20000 -0.18525 0.09000
113050399 1.20000 -0.18525 0.09400
113050400 1.20000 -0.18525 0.09800
113050401 1.20000 -0.18525 0.10200
113050402 1.20000 -0.18525 0.10600
113050403 1.20000 -0.18525 0.11000
113050404 1.20000 -0.18525 0.11400
113050405 1.20000 -0.18525 0.11800
113050406 1.20000 -0.18525 0.12200
113050407 1.20000 -0.18525 0.12600
113050408 1.20000 -0.18525 0.13000
113050409 1.20000 -0.18525 0.13400
113050410 1.20000 -0.18525 0.13800
113050411 1.20000 -0.18525 0.14200
113050412 1.20000 -0.18525 0.14600
113050413 1.20000 -0.18525 0.15000
113050414 1.20000 -0.18525 0.15400
113050415 1.20000 -0.18525 0.15800
113050416 1.20000 -0.18525 0.16200
113050417 1.20000 -0.18525 0.16600
113050418 1.20000 -0.18525 0.17000
113050419 1.20000 -0.18525 0.17400
113050420 1.20000 -0.18525 0.17800
113050421 1.20000 -0.18525 0.18200
113050422 1.20000 -0.18525 0.18600
113050423 1.20000 -0.18525 0.19000
113050424 1.20000 -0.18525 0.19400
113050425 1.20000 -0.18525 0.19800
113050426 1.20000 -0.18525 0.20200
113050427 1.20000 -0.18525 0.20600
113050428 1.20000 -0.18525 0.21000
113050429 1.20000 -0.18525 0.21400
113050430 1.20000 -0.18525 0.21800
113050431 1.20000 -0.18525 0.22200
113050432 1.20000 -0.18525 0.22600
113050433 1.20000 -0.18525 0.23000
113050434 1.20000 -0.18525 0.23400
113050435 1.20000 -0.18525 0.23800
113050436 1.20000 -0.18525 0.24200
113050437 1.20000 -0.18525 0.24600
113050438 1.20000 -0.18525 0.25000
113050439 1.20000 -0.18525 0.25400
113050440 1.20000 -0.18525 0.25800
113050441 1.20000 -0.18525 0.26200
113050442 1.20000 -0.18525 0.26600
113050443 1.20000 -0.18525 0.27000
113050444 1.20000 -0.18525 0.27400
113050445 1.20000 -0.18525 0.27800
113050446 1.20000 -0.18525 0.28200
113050447 1.20000 -0.18525 0.28600
113050448 1.20000 -0.18525 0.29000
113050449 1.20000 -0.18525 0.29400
113050450 1.20000 -0.18525 0.29800
113050451 1.20000 -0.17175 -0.29800
113050452 1.20000 -0.17175 -0.29400
113050453 1.20000 -0.17175 -0.29000
113050454 1.20000 -0.17175 -0.28600
113050455 1.20000 -0.17175 -0.28200
113050456 1.20000 -0.17175 -0.27800
113050457 1.20000 -0.17175 -0.27400
113050458 1.20000 -0.17175 -0.27000
113050459 1.20000 -0.17175 -0.26600
113050460 1.20000 -0.17175 -0.26200
113050461 1.20000 -0.17175 -0.25800
113050462 1.20000 -0.17175 -0.25400
113050463 1.20000 -0.17175 -0.25000
113050464 1.20000 -0.17175 -0.24600
113050465 1.20000 -0.17175 -0.24200
113050466 1.20000 -0.17175 -0.23800
113050467 1.20000 -0.17175 -0.23400
113050468 1.20000 -0.17175 -0.23000
113050469 1.20000 -0.17175 -0.22600
113050470 1.20000 -0.17175 -0.22200
113050471 1.20000 -0.17175 -0.21800
113050472 1.20000 -0.17175 -0.21400
113050473 1.20000 -0.17175 -0.21000
113050474 1.20000 -0.17175 -0.20600
113050475 1.20000 -0.17175 -0.20200
113050476 1.20000 -0.17175 -0.19800
113050477 1.20000 -0.17175 -0.19400
113050478 1.20000 -0.17175 -0.19000
113050479 1.20000 -0.17175 -0.18600
113050480 1.20000 -0.17175 -0.18200
113050481 1.20000 -0.17175 -0.17800
113050482 1.20000 -0.17175 -0.17400
113050483 1.20000 -0.17175 -0.17000
113050484 1.20000 -0.17175 -0.16600
113050485 1.20000 -0.17175 -0.16200
113050486 1.20000 -0.17175 -0.15800
113050487 1.20000 -0.17175 -0.15400
113050488 1.20000 -0.17175 -0.15000
113050489 1.20000 -0.17175 -0.14600
113050490 1.20000 -0.17175 -0.14200
113050491 1.20000 -0.17175 -0.13800
113050492 1.20000 -0.17175 -0.13400
113050493 1.20000 -0.17175 -0.13000
113050494 1.20000 -0.17175 -0.12600
113050495 1.20000 -0.17175 -0.12200
113050496 1.20000 -0.17175 -0.11800
113050497 1.20000 -0.17175 -0.11400
113050498 1.20000 -0.17175 -0.11000
113050499 1.20000 -0.17175 -0.10600
113050500 1.20000 -0.17175 -0.10200
113050501 1.20000 -0.17175 -0.09800
113050502 1.20000 -0.17175 -0.09400
113050503 1.20000 -0.17175 -0.09000
113050504 1.20000 -0.17175 -0.08600
113050505 1.20000 -0.17175 -0.08200
113050506 1.20000 -0.17175 -0.07800
113050507 1.20000 -0.17175 -0.07400
113050508 1.20000 -0.17175 -0.07000
113050509 1.20000 -0.17175 -0.06600
113050510 1.20000 -0.17175 -0.06200
113050511 1.20000 -0.17175 -0.05800
113050512 1.20000 -0.17175 -0.05400
113050513 1.20000 -0.17175 -0.05000
113050514 1.20000 -0.17175 -0.04600
113050515 1.20000 -0.17175 -0.04200
113050516 1.20000 -0.17175 -0.03800
113050517 1.20000 -0.17175 -0.03400
113050518 1.20000 -0.17175 -0.03000
113050519 1.20000 -0.17175 -0.02600
113050520 1.20000 -0.17175 -0.02200
113050521 1.20000 -0.17175 -0.01800
113050522 1.20000 -0.17175 -0.01400
113050523 1.20000 -0.17175 -0.01000
113050524 1.20000 -0.17175 -0.00600
113050525 1.20000 -0.17175 -0.00200
113050526 1.20000 -0.17175 0.00200
113050527 1.20000 -0.17175 0.00600
113050528 1.20000 -0.17175 0.01000
113050529 1.20000 -0.17175 0.01400
113050530 1.20000 -0.17175 0.01800
113050531 1.20000 -0.17175 0.02200
113050532 1.20000 -0.17175 0.02600
113050533 1.20000 -0.17175 0.03000
113050534 1.20000 -0.17175 0.03400
113050535 1.20000 -0.17175 0.03800
113050536 1.20000 -0.17175 0.04200
113050537 1.20000 -0.17175 0.04600
113050538 1.20000 -0.17175 0.05000
113050539 1.20000 -0.17175 0.05400
113050540 1.20000 -0.17175 0.05800
113050541 1.20000 -0.17175 0.06200
113050542 1.20000 -0.17175 0.06600
113050543 1.20000 -0.17175 0.07000
113050544 1.20000 -0.17175 0.07400
113050545 1.20000 -0.17175 0.07800
113050546 1.20000 -0.17175 0.08200
113050547 1.20000 -0.17175 0.08600
113050548 1.20000 -0.17175 0.09000
113050549 1.20000 -0.17175 0.09400
113050550 1.20000 -0.17175 0.09800
113050551 1.20000 -0.17175 0.10200
113050552 1.20000 -0.17175 0.10600
113050553 1.20000 -0.17175 0.11000
113050554 1.20000 -0.17175 0.11400
113050555 1.20000 -0.17175 0.11800
113050556 1.20000 -0.17175 0.12200
113050557 1.20000 -0.17175 0.12600
113050558 1.20000 -0.17175 0.13000
113050559 1.20000 -0.17175 0.13400
113050560 1.20000 -0.17175 0.13800
113050561 1.20000 -0.17175 0.14200
113050562 1.20000 -0.17175 0.14600
113050563 1.20000 -0.17175 0.15000
113050564 1.20000 -0.17175 0.15400
113050565 1.20000 -0.17175 0.15800
113050566 1.20000 -0.17175 0.16200
113050567 1.20000 -0.17175 0.16600
113050568 1.20000 -0.17175 0.17000
113050569 1.20000 -0.17175 0.17400
113050570 1.20000 -0.17175 0.17800
113050571 1.20000 -0.17175 0.18200
113050572 1.20000 -0.17175 0.18600
113050573 1.20000 -0.17175 0.19000
113050574 1.20000 -0.17175 0.19400
113050575 1.20000 -0.17175 0.19800
113050576 1.20000 -0.17175 0.20200
113050577 1.20000 -0.17175 0.20600
113050578 1.20000 -0.17175 0.21000
113050579 1.20000 -0.17175 0.21400
113050580 1.20000 -0.17175 0.21800
113050581 1.20000 -0.17175 0.22200
113050582 1.20000 -0.17175 0.22600
113050583 1.20000 -0.17175 0.23000
113050584 1.20000 -0.17175 0.23400
113050585 1.20000 -0.17175 0.23800
113050586 1.20000 -0.17175 0.24200
113050587 1.20000 -0.17175 0.24600
113050588 1.20000 -0.17175 0.25000
113050589 1.20000 -0.17175 0.25400
113050590 1.20000 -0.17175 0.25800
113050591 1.20000 -0.17175 0.26200
113050592 1.20000 -0.17175 0.26600
113050593 1.20000 -0.17175 0.27000
113050594 1.20000 -0.17175 0.27400
113050595 1.20000 -0.17175 0.27800
113050596 1.20000 -0.17175 0.28200
113050597 1.20000 -0.17175 0.28600
113050598 1.20000 -0.17175 0.29000
113050599 1.20000 -0.17175 0.29400
113050600 1.20000 -0.17175 0.29800
113050601 1.20000 -0.15825 -0.29800
113050602 1.20000 -0.15825 -0.29400
113050603 1.20000 -0.15825 -0.29000
113050604 1.20000 -0.15825 -0.28600
113050605 1.20000 -0.15825 -0.28200
113050606 1.20000 -0.15825 -0.27800
113050607 1.20000 -0.15825 -0.27400
113050608 1.20000 -0.15825 -0.27000
113050609 1.20000 -0.15825 -0.26600
113050610 1.20000 -0.15825 -0.26200
113050611 1.20000 -0.15825 -0.25800
113050612 1.20000 -0.15825 -0.25400
113050613 1.20000 -0.15825 -0.25000
113050614 1.20000 -0.15825 -0.24600
113050615 1.20000 -0.15825 -0.24200
113050616 1.20000 -0.15825 -0.23800
113050617 1.20000 -0.15825 -0.23400
113050618 1.20000 -0.15825 -0.23000
113050619 1.20000 -0.15825 -0.22600
113050620 1.20000 -0.15825 -0.22200
113050621 1.20000 -0.15825 -0.21800
113050622 1.20000 -0.15825 -0.21400
113050623 1.20000 -0.15825 -0.21000
113050624 1.20000 -0.15825 -0.20600
113050625 1.20000 -0.15825 -0.20200
113050626 1.20000 -0.15825 -0.19800
113050627 1.20000 -0.15825 -0.19400
113050628 1.20000 -0.15825 -0.19000
113050629 1.20000 -0.15825 -0.18600
113050630 1.20000 -0.15825 -0.18200
113050631 1.20000 -0.15825 -0.17800
113050632 1.20000 -0.15825 -0.17400
113050633 1.20000 -0.15825 -0.17000
113050634 1.20000 -0.15825 -0.16600
113050635 1.20000 -0.15825 -0.16200
113050636 1.20000 -0.15825 -0.15800
113050637 1.20000 -0.15825 -0.15400
113050638 1.20000 -0.15825 -0.15000
113050639 1.20000 -0.15825 -0.14600
113050640 1.20000 -0.15825 -0.14200
113050641 1.20000 -0.15825 -0.13800
113050642 1.20000 -0.15825 -0.13400
113050643 1.20000 -0.15825 -0.13000
113050644 1.20000 -0.15825 -0.12600
113050645 1.20000 -0.15825 -0.12200
113050646 1.20000 -0.15825 -0.11800
113050647 1.20000 -0.15825 -0.11400
113050648 1.20000 -0.15825 -0.11000
113050649 1.20000 -0.15825 -0.10600
113050650 1.20000 -0.15825 -0.10200
113050651 1.20000 -0.15825 -0.09800
113050652 1.20000 -0.15825 -0.09400
113050653 1.20000 -0.15825 -0.09000
113050654 1.20000 -0.15825 -0.08600
113050655 1.20000 -0.15825 -0.08200
113050656 1.20000 -0.15825 -0.07800
113050657 1.20000 -0.15825 -0.07400
113050658 1.20000 -0.15825 -0.07000
113050659 1.20000 -0.15825 -0.06600
113050660 1.20000 -0.15825 -0.06200
113050661 1.20000 -0.15825 -0.05800
113050662 1.20000 -0.15825 -0.05400
113050663 1.20000 -0.15825 -0.05000
113050664 1.20000 -0.15825 -0.04600
113050665 1.20000 -0.15825 -0.04200
113050666 1.20000 -0.15825 -0.03800
113050667 1.20000 -0.15825 -0.03400
113050668 1.20000 -0.15825 -0.03000
113050669 1.20000 -0.15825 -0.02600
113050670 1.20000 -0.15825 -0.02200
113050671 1.20000 -0.15825 -0.01800
113050672 1.20000 -0.15825 -0.01400
113050673 1.20000 -0.15825 -0.01000
113050674 1.20000 -0.15825 -0.00600
113050675 1.20000 -0.15825 -0.00200
113050676 1.20000 -0.15825 0.00200
113050677 1.20000 -0.15825 0.00600
113050678 1.20000 -0.15825 0.01000
113050679 1.20000 -0.15825 0.01400
113050680 1.20000 -0.15825 0.01800
113050681 1.20000 -0.15825 0.02200
113050682 1.20000 -0.15825 0.02600
113050683 1.20000 -0.15825 0.03000
113050684 1.20000 -0.15825 0.03400
113050685 1.20000 -0.15825 0.03800
113050686 1.20000 -0.15825 0.04200
113050687 1.20000 -0.15825 0.04600
113050688 1.20000 -0.15825 0.05000
113050689 1.20000 -0.15825 0.05400
113050690 1.20000 -0.15825 0.05800
113050691 1.20000 -0.15825 0.06200
113050692 1.20000 -0.15825 0.06600
113050693 1.20000 -0.15825 0.07000
113050694 1.20000 -0.15825 0.07400
113050695 1.20000 -0.15825 0.07800
113050696 1.20000 -0.15825 0.08200
113050697 1.20000 -0.15825 0.08600
113050698 1.20000 -0.15825 0.09000
113050699 1.20000 -0.15825 0.09400
113050700 1.20000 -0.15825 0.09800
113050701 1.20000 -0.15825 0.10200
113050702 1.20000 -0.15825 0.10600
113050703 1.20000 -0.15825 0.11000
113050704 1.20000 -0.15825 0.11400
113050705 1.20000 -0.15825 0.11800
113050706 1.20000 -0.15825 0.12200
113050707 1.20000 -0.15825 0.12600
113050708 1.20000 -0.15825 0.13000
113050709 1.20000 -0.15825 0.13400
113050710 1.20000 -0.15825 0.13800
113050711 1.20000 -0.15825 0.14200
113050712 1.20000 -0.15825 0.14600
113050713 1.20000 -0.15825 0.15000
113050714 1.20000 -0.15825 0.15400
113050715 1.20000 -0.15825 0.15800
113050716 1.20000 -0.15825 0.16200
113050717 1.20000 -0.15825 0.16600
113050718 1.20000 -0.15825 0.17000
113050719 1.20000 -0.15825 0.17400
113050720 1.20000 -0.15825 0.17800
113050721 1.20000 -0.15825 0.18200
113050722 1.20000 -0.15825 0.18600
113050723 1.20000 -0.15825 0.19000
113050724 1.20000 -0.15825 0.19400
113050725 1.20000 -0.15825 0.19800
113050726 1.20000 -0.15825 0.20200
113050727 1.20000 -0.15825 0.20600
113050728 1.20000 -0.15825 0.21000
113050729 1.20000 -0.15825 0.21400
113050730 1.20000 -0.15825 0.21800
113050731 1.20000 -0.15825 0.22200
113050732 1.20000 -0.15825 0.22600
113050733 1.20000 -0.15825 0.23000
113050734 1.20000 -0.15825 0.23400
113050735 1.20000 -0.15825 0.23800
113050736 1.20000 -0.15825 0.24200
113050737 1.20000 -0.15825 0.24600
113050738 1.20000 -0.15825 0.25000
113050739 1.20000 -0.15825 0.25400
113050740 1.20000 -0.15825 0.25800
113050741 1.20000 -0.15825 0.26200
113050742 1.20000 -0.15825 0.26600
113050743 1.20000 -0.15825 0.27000
113050744 1.20000 -0.15825 0.27400
113050745 1.20000 -0.15825 0.27800
113050746 1.20000 -0.15825 0.28200
113050747 1.20000 -0.15825 0.28600
113050748 1.20000 -0.15825 0.29000
113050749 1.20000 -0.15825 0.29400
113050750 1.20000 -0.15825 0.29800
113050751 1.20000 -0.14475 -0.29800
113050752 1.20000 -0.14475 -0.29400
113050753 1.20000 -0.14475 -0.29000
113050754 1.20000 -0.14475 -0.28600
113050755 1.20000 -0.14475 -0.28200
113050756 1.20000 -0.14475 -0.27800
113050757 1.20000 -0.14475 -0.27400
113050758 1.20000 -0.14475 -0.27000
113050759 1.20000 -0.14475 -0.26600
113050760 1.20000 -0.14475 -0.26200
113050761 1.20000 -0.14475 -0.25800
113050762 1.20000 -0.14475 -0.25400
113050763 1.20000 -0.14475 -0.25000
113050764 1.20000 -0.14475 -0.24600
113050765 1.20000 -0.14475 -0.24200
113050766 1.20000 -0.14475 -0.23800
113050767 1.20000 -0.14475 -0.23400
113050768 1.20000 -0.14475 -0.23000
113050769 1.20000 -0.14475 -0.22600
113050770 1.20000 -0.14475 -0.22200
113050771 1.20000 -0.14475 -0.21800
113050772 1.20000 -0.14475 -0.21400
113050773 1.20000 -0.14475 -0.21000
113050774 1.20000 -0.14475 -0.20600
113050775 1.20000 -0.14475 -0.20200
113050776 1.20000 -0.14475 -0.19800
113050777 1.20000 -0.14475 -0.19400
113050778 1.20000 -0.14475 -0.19000
113050779 1.20000 -0.14475 -0.18600
113050780 1.20000 -0.14475 -0.18200
113050781 1.20000 -0.14475 -0.17800
113050782 1.20000 -0.14475 -0.17400
113050783 1.20000 -0.14475 -0.17000
113050784 1.20000 -0.14475 -0.16600
113050785 1.20000 -0.14475 -0.16200
113050786 1.20000 -0.14475 -0.15800
113050787 1.20000 -0.14475 -0.15400
113050788 1.20000 -0.14475 -0.15000
113050789 1.20000 -0.14475 -0.14600
113050790 1.20000 -0.14475 -0.14200
113050791 1.20000 -0.14475 -0.13800
113050792 1.20000 -0.14475 -0.13400
113050793 1.20000 -0.14475 -0.13000
113050794 1.20000 -0.14475 -0.12600
113050795 1.20000 -0.14475 -0.12200
113050796 1.20000 -0.14475 -0.11800
113050797 1.20000 -0.14475 -0.11400
113050798 1.20000 -0.14475 -0.11000
113050799 1.20000 -0.14475 -0.10600
113050800 1.20000 -0.14475 -0.10200
113050801 1.20000 -0.14475 -0.09800
113050802 1.20000 -0.14475 -0.09400
113050803 1.20000 -0.14475 -0.09000
113050804 1.20000 -0.14475 -0.08600
113050805 1.20000 -0.14475 -0.08200
113050806 1.20000 -0.14475 -0.07800
113050807 1.20000 -0.14475 -0.07400
113050808 1.20000 -0.14475 -0.07000
113050809 1.20000 -0.14475 -0.06600
113050810 1.20000 -0.14475 -0.06200
113050811 1.20000 -0.14475 -0.05800
113050812 1.20000 -0.14475 -0.05400
113050813 1.20000 -0.14475 -0.05000
113050814 1.20000 -0.14475 -0.04600
113050815 1.20000 -0.14475 -0.04200
113050816 1.20000 -0.14475 -0.03800
113050817 1.20000 -0.14475 -0.03400
113050818 1.20000 -0.14475 -0.03000
113050819 1.20000 -0.14475 -0.02600
113050820 1.20000 -0.14475 -0.02200
113050821 1.20000 -0.14475 -0.01800
113050822 1.20000 -0.14475 -0.01400
113050823 1.20000 -0.14475 -0.01000
113050824 1.20000 -0.14475 -0.00600
113050825 1.20000 -0.14475 -0.00200
113050826 1.20000 -0.14475 0.00200
113050827 1.20000 -0.14475 0.00600
113050828 1.20000 -0.14475 0.01000
113050829 1.20000 -0.14475 0.01400
113050830 1.20000 -0.14475 0.01800
113050831 1.20000 -0.14475 0.02200
113050832 1.20000 -0.14475 0.02600
113050833 1.20000 -0.14475 0.03000
113050834 1.20000 -0.14475 0.03400
113050835 1.20000 -0.14475 0.03800
113050836 1.20000 -0.14475 0.04200
113050837 1.20000 -0.14475 0.04600
113050838 1.20000 -0.14475 0.05000
113050839 1.20000 -0.14475 0.05400
113050840 1.20000 -0.14475 0.05800
113050841 1.20000 -0.14475 0.06200
113050842 1.20000 -0.14475 0.06600
113050843 1.20000 -0.14475 0.07000
113050844 1.20000 -0.14475 0.07400
113050845 1.20000 -0.14475 0.07800
113050846 1.20000 -0.14475 0.08200
113050847 1.20000 -0.14475 0.08600
113050848 1.20000 -0.14475 0.09000
113050849 1.20000 -0.14475 0.09400
113050850 1.20000 -0.14475 0.09800
113050851 1.20000 -0.14475 0.10200
113050852 1.20000 -0.14475 0.10600
113050853 1.20000 -0.14475 0.11000
113050854 1.20000 -0.14475 0.11400
113050855 1.20000 -0.14475 0.11800
113050856 1.20000 -0.14475 0.12200
113050857 1.20000 -0.14475 0.12600
113050858 1.20000 -0.14475 0.13000
113050859 1.20000 -0.14475 0.13400
113050860 1.20000 -0.14475 0.13800
113050861 1.20000 -0.14475 0.14200
113050862 1.20000 -0.14475 0.14600
113050863 1.20000 -0.14475 0.15000
113050864 1.20000 -0.14475 0.15400
113050865 1.20000 -0.14475 0.15800
113050866 1.20000 -0.14475 0.16200
113050867 1.20000 -0.14475 0.16600
113050868 1.20000 -0.14475 0.17000
113050869 1.20000 -0.14475 0.17400
113050870 1.20000 -0.14475 0.17800
113050871 1.20000 -0.14475 0.18200
113050872 1.20000 -0.14475 0.18600
113050873 1.20000 -0.14475 0.19000
113050874 1.20000 -0.14475 0.19400
113050875 1.20000 -0.14475 0.19800
113050876 1.20000 -0.14475 0.20200
113050877 1.20000 -0.14475 0.20600
113050878 1.20000 -0.14475 0.21000
113050879 1.20000 -0.14475 0.21400
113050880 1.20000 -0.14475 0.21800
113050881 1.20000 -0.14475 0.22200
113050882 1.20000 -0.14475 0.22600
113050883 1.20000 -0.14475 0.23000
113050884 1.20000 -0.14475 0.23400
113050885 1.20000 -0.14475 0.23800
113050886 1.20000 -0.14475 0.24200
113050887 1.20000 -0.14475 0.24600
113050888 1.20000 -0.14475 0.25000
113050889 1.20000 -0.14475 0.25400
113050890 1.20000 -0.14475 0.25800
113050891 1.20000 -0.14475 0.26200
113050892 1.20000 -0.14475 0.26600
113050893 1.20000 -0.14475 0.27000
113050894 1.20000 -0.14475 0.27400
113050895 1.20000 -0.14475 0.27800
113050896 1.20000 -0.14475 0.28200
113050897 1.20000 -0.14475 0.28600
113050898 1.20000 -0.14475 0.29000
113050899 1.20000 -0.14475 0.29400
113050900 1.20000 -0.14475 0.29800
113050901 1.20000 -0.13125 -0.29800
113050902 1.20000 -0.13125 -0.29400
113050903 1.20000 -0.13125 -0.29000
113050904 1.20000 -0.13125 -0.28600
113050905 1.20000 -0.13125 -0.28200
113050906 1.20000 -0.13125 -0.27800
113050907 1.20000 -0.13125 -0.27400
113050908 1.20000 -0.13125 -0.27000
113050909 1.20000 -0.13125 -0.26600
113050910 1.20000 -0.13125 -0.26200
113050911 1.20000 -0.13125 -0.25800
113050912 1.20000 -0.13125 -0.25400
113050913 1.20000 -0.13125 -0.25000
113050914 1.20000 -0.13125 -0.24600
113050915 1.20000 -0.13125 -0.24200
113050916 1.20000 -0.13125 -0.23800
113050917 1.20000 -0.13125 -0.23400
113050918 1.20000 -0.13125 -0.23000
113050919 1.20000 -0.13125 -0.22600
113050920 1.20000 -0.13125 -0.22200
113050921 1.20000 -0.13125 -0.21800
113050922 1.20000 -0.13125 -0.21400
113050923 1.20000 -0.13125 -0.21000
113050924 1.20000 -0.13125 -0.20600
113050925 1.20000 -0.13125 -0.20200
113050926 1.20000 -0.13125 -0.19800
113050927 1.20000 -0.13125 -0.19400
113050928 1.20000 -0.13125 -0.19000
113050929 1.20000 -0.13125 -0.18600
113050930 1.20000 -0.13125 -0.18200
113050931 1.20000 -0.13125 -0.17800
113050932 1.20000 -0.13125 -0.17400
113050933 1.20000 -0.13125 -0.17000
113050934 1.20000 -0.13125 -0.16600
113050935 1.20000 -0.13125 -0.16200
113050936 1.20000 -0.13125 -0.15800
113050937 1.20000 -0.13125 -0.15400
113050938 1.20000 -0.13125 -0.15000
113050939 1.20000 -0.13125 -0.14600
113050940 1.20000 -0.13125 -0.14200
113050941 1.20000 -0.13125 -0.13800
113050942 1.20000 -0.13125 -0.13400
113050943 1.20000 -0.13125 -0.13000
113050944 1.20000 -0.13125 -0.12600
113050945 1.20000 -0.13125 -0.12200
113050946 1.20000 -0.13125 -0.11800
113050947 1.20000 -0.13125 -0.11400
113050948 1.20000 -0.13125 -0.11000
113050949 1.20000 -0.13125 -0.10600
113050950 1.20000 -0.13125 -0.10200
113050951 1.20000 -0.13125 -0.09800
113050952 1.20000 -0.13125 -0.09400
113050953 1.20000 -0.13125 -0.09000
113050954 1.20000 -0.13125 -0.08600
113050955 1.20000 -0.13125 -0.08200
113050956 1.20000 -0.13125 -0.07800
113050957 1.20000 -0.13125 -0.07400
113050958 1.20000 -0.13125 -0.07000
113050959 1.20000 -0.13125 -0.06600
113050960 1.20000 -0.13125 -0.06200
113050961 1.20000 -0.13125 -0.05800
113050962 1.20000 -0.13125 -0.05400
113050963 1.20000 -0.13125 -0.05000
113050964 1.20000 -0.13125 -0.04600
113050965 1.20000 -0.13125 -0.04200
113050966 1.20000 -0.13125 -0.03800
113050967 1.20000 -0.13125 -0.03400
113050968 1.20000 -0.13125 -0.03000
113050969 1.20000 -0.13125 -0.02600
113050970 1.20000 -0.13125 -0.02200
113050971 1.20000 -0.13125 -0.01800
113050972 1.20000 -0.13125 -0.01400
113050973 1.20000 -0.13125 -0.01000
113050974 1.20000 -0.13125 -0.00600
113050975 1.20000 -0.13125 -0.00200
113050976 1.20000 -0.13125 0.00200
113050977 1.20000 -0.13125 0.00600
113050978 1.20000 -0.13125 0.01000
113050979 1.20000 -0.13125 0.01400
113050980 1.20000 -0.13125 0.01800
113050981 1.20000 -0.13125 0.02200
113050982 1.20000 -0.13125 0.02600
113050983 1.20000 -0.13125 0.03000
113050984 1.20000 -0.13125 0.03400
113050985 1.20000 -0.13125 0.03800
113050986 1.20000 -0.13125 0.04200
113050987 1.20000 -0.13125 0.04600
113050988 1.20000 -0.13125 0.05000
113050989 1.20000 -0.13125 0.05400
113050990 1.20000 -0.13125 0.05800
113050991 1.20000 -0.13125 0.06200
113050992 1.20000 -0.13125 0.06600
113050993 1.20000 -0.13125 0.07000
113050994 1.20000 -0.13125 0.07400
113050995 1.20000 -0.13125 0.07800
113050996 1.20000 -0.13125 0.08200
113050997 1.20000 -0.13125 0.08600
113050998 1.20000 -0.13125 0.09000
113050999 1.20000 -0.13125 0.09400
113051000 1.20000 -0.13125 0.09800
113051001 1.20000 -0.13125 0.10200
113051002 1.20000 -0.13125 0.10600
113051003 1.20000 -0.13125 0.11000
113051004 1.20000 -0.13125 0.11400
113051005 1.20000 -0.13125 0.11800
113051006 1.20000 -0.13125 0.12200
113051007 1.20000 -0.13125 0.12600
113051008 1.20000 -0.13125 0.13000
113051009 1.20000 -0.13125 0.13400
113051010 1.20000 -0.13125 0.13800
113051011 1.20000 -0.13125 0.14200
113051012 1.20000 -0.13125 0.14600
113051013 1.20000 -0.13125 0.15000
113051014 1.20000 -0.13125 0.15400
113051015 1.20000 -0.13125 0.15800
113051016 1.20000 -0.13125 0.16200
113051017 1.20000 -0.13125 0.16600
113051018 1.20000 -0.13125 0.17000
113051019 1.20000 -0.13125 0.17400
113051020 1.20000 -0.13125 0.17800
113051021 1.20000 -0.13125 0.18200
113051022 1.20000 -0.13125 0.18600
113051023 1.20000 -0.13125 0.19000
113051024 1.20000 -0.13125 0.19400
113051025 1.20000 -0.13125 0.19800
113051026 1.20000 -0.13125 0.20200
113051027 1.20000 -0.13125 0.20600
113051028 1.20000 -0.13125 0.21000
113051029 1.20000 -0.13125 0.21400
113051030 1.20000 -0.13125 0.21800
113051031 1.20000 -0.13125 0.22200
113051032 1.20000 -0.13125 0.22600
113051033 1.20000 -0.13125 0.23000
113051034 1.20000 -0.13125 0.23400
113051035 1.20000 -0.13125 0.23800
113051036 1.20000 -0.13125 0.24200
113051037 1.20000 -0.13125 0.24600
113051038 1.20000 -0.13125 0.25000
113051039 1.20000 -0.13125 0.25400
113051040 1.20000 -0.13125 0.25800
113051041 1.20000 -0.13125 0.26200
113051042 1.20000 -0.13125 0.26600
113051043 1.20000 -0.13125 0.27000
113051044 1.20000 -0.13125 0.27400
113051045 1.20000 -0.13125 0.27800
113051046 1.20000 -0.13125 0.28200
113051047 1.20000 -0.13125 0.28600
113051048 1.20000 -0.13125 0.29000
113051049 1.20000 -0.13125 0.29400
113051050 1.20000 -0.13125 0.29800
113051051 1.20000 -0.11775 -0.29800
113051052 1.20000 -0.11775 -0.29400
113051053 1.20000 -0.11775 -0.29000
113051054 1.20000 -0.11775 -0.28600
113051055 1.20000 -0.11775 -0.28200
113051056 1.20000 -0.11775 -0.27800
113051057 1.20000 -0.11775 -0.27400
113051058 1.20000 -0.11775 -0.27000
113051059 1.20000 -0.11775 -0.26600
113051060 1.20000 -0.11775 -0.26200
113051061 1.20000 -0.11775 -0.25800
113051062 1.20000 -0.11775 -0.25400
113051063 1.20000 -0.11775 -0.25000
113051064 1.20000 -0.11775 -0.24600
113051065 1.20000 -0.11775 -0.24200
113051066 1.20000 -0.11775 -0.23800
113051067 1.20000 -0.11775 -0.23400
113051068 1.20000 -0.11775 -0.23000
113051069 1.20000 -0.11775 -0.22600
113051070 1.20000 -0.11775 -0.22200
113051071 1.20000 -0.11775 -0.21800
113051072 1.20000 -0.11775 -0.21400
113051073 1.20000 -0.11775 -0.21000
113051074 1.20000 -0.11775 -0.20600
113051075 1.20000 -0.11775 -0.20200
113051076 1.20000 -0.11775 -0.19800
113051077 1.20000 -0.11775 -0.19400
113051078 1.20000 -0.11775 -0.19000
113051079 1.20000 -0.11775 -0.18600
113051080 1.20000 -0.11775 -0.18200
113051081 1.20000 -0.11775 -0.17800
113051082 1.20000 -0.11775 -0.17400
113051083 1.20000 -0.11775 -0.17000
113051084 1.20000 -0.11775 -0.16600
113051085 1.20000 -0.11775 -0.16200
113051086 1.20000 -0.11775 -0.15800
113051087 1.20000 -0.11775 -0.15400
113051088 1.20000 -0.11775 -0.15000
113051089 1.20000 -0.11775 -0.14600
113051090 1.20000 -0.11775 -0.14200
113051091 1.20000 -0.11775 -0.13800
113051092 1.20000 -0.11775 -0.13400
113051093 1.20000 -0.11775 -0.13000
113051094 1.20000 -0.11775 -0.12600
113051095 1.20000 -0.11775 -0.12200
113051096 1.20000 -0.11775 -0.11800
113051097 1.20000 -0.11775 -0.11400
113051098 1.20000 -0.11775 -0.11000
113051099 1.20000 -0.11775 -0.10600
113051100 1.20000 -0.11775 -0.10200
113051101 1.20000 -0.11775 -0.09800
113051102 1.20000 -0.11775 -0.09400
113051103 1.20000 -0.11775 -0.09000
113051104 1.20000 -0.11775 -0.08600
113051105 1.20000 -0.11775 -0.08200
113051106 1.20000 -0.11775 -0.07800
113051107 1.20000 -0.11775 -0.07400
113051108 1.20000 -0.11775 -0.07000
113051109 1.20000 -0.11775 -0.06600
113051110 1.20000 -0.11775 -0.06200
113051111 1.20000 -0.11775 -0.05800
113051112 1.20000 -0.11775 -0.05400
113051113 1.20000 -0.11775 -0.05000
113051114 1.20000 -0.11775 -0.04600
113051115 1.20000 -0.11775 -0.04200
113051116 1.20000 -0.11775 -0.03800
113051117 1.20000 -0.11775 -0.03400
113051118 1.20000 -0.11775 -0.03000
113051119 1.20000 -0.11775 -0.02600
113051120 1.20000 -0.11775 -0.02200
113051121 1.20000 -0.11775 -0.01800
113051122 1.20000 -0.11775 -0.01400
113051123 1.20000 -0.11775 -0.01000
113051124 1.20000 -0.11775 -0.00600
113051125 1.20000 -0.11775 -0.00200
113051126 1.20000 -0.11775 0.00200
113051127 1.20000 -0.11775 0.00600
113051128 1.20000 -0.11775 0.01000
113051129 1.20000 -0.11775 0.01400
113051130 1.20000 -0.11775 0.01800
113051131 1.20000 -0.11775 0.02200
113051132 1.20000 -0.11775 0.02600
113051133 1.20000 -0.11775 0.03000
113051134 1.20000 -0.11775 0.03400
113051135 1.20000 -0.11775 0.03800
113051136 1.20000 -0.11775 0.04200
113051137 1.20000 -0.11775 0.04600
113051138 1.20000 -0.11775 0.05000
113051139 1.20000 -0.11775 0.05400
113051140 1.20000 -0.11775 0.05800
113051141 1.20000 -0.11775 0.06200
113051142 1.20000 -0.11775 0.06600
113051143 1.20000 -0.11775 0.07000
113051144 1.20000 -0.11775 0.07400
113051145 1.20000 -0.11775 0.07800
113051146 1.20000 -0.11775 0.08200
113051147 1.20000 -0.11775 0.08600
113051148 1.20000 -0.11775 0.09000
113051149 1.20000 -0.11775 0.09400
113051150 1.20000 -0.11775 0.09800
113051151 1.20000 -0.11775 0.10200
113051152 1.20000 -0.11775 0.10600
113051153 1.20000 -0.11775 0.11000
113051154 1.20000 -0.11775 0.11400
113051155 1.20000 -0.11775 0.11800
113051156 1.20000 -0.11775 0.12200
113051157 1.20000 -0.11775 0.12600
113051158 1.20000 -0.11775 0.13000
113051159 1.20000 -0.11775 0.13400
113051160 1.20000 -0.11775 0.13800
113051161 1.20000 -0.11775 0.14200
113051162 1.20000 -0.11775 0.14600
113051163 1.20000 -0.11775 0.15000
113051164 1.20000 -0.11775 0.15400
113051165 1.20000 -0.11775 0.15800
113051166 1.20000 -0.11775 0.16200
113051167 1.20000 -0.11775 0.16600
113051168 1.20000 -0.11775 0.17000
113051169 1.20000 -0.11775 0.17400
113051170 1.20000 -0.11775 0.17800
113051171 1.20000 -0.11775 0.18200
113051172 1.20000 -0.11775 0.18600
113051173 1.20000 -0.11775 0.19000
113051174 1.20000 -0.11775 0.19400
113051175 1.20000 -0.11775 0.19800
113051176 1.20000 -0.11775 0.20200
113051177 1.20000 -0.11775 0.20600
113051178 1.20000 -0.11775 0.21000
113051179 1.20000 -0.11775 0.21400
113051180 1.20000 -0.11775 0.21800
113051181 1.20000 -0.11775 0.22200
113051182 1.20000 -0.11775 0.22600
113051183 1.20000 -0.11775 0.23000
113051184 1.20000 -0.11775 0.23400
113051185 1.20000 -0.11775 0.23800
113051186 1.20000 -0.11775 0.24200
113051187 1.20000 -0.11775 0.24600
113051188 1.20000 -0.11775 0.25000
113051189 1.20000 -0.11775 0.25400
113051190 1.20000 -0.11775 0.25800
113051191 1.20000 -0.11775 0.26200
113051192 1.20000 -0.11775 0.26600
113051193 1.20000 -0.11775 0.27000
113051194 1.20000 -0.11775 0.27400
113051195 1.20000 -0.11775 0.27800
113051196 1.20000 -0.11775 0.28200
113051197 1.20000 -0.11775 0.28600
113051198 1.20000 -0.11775 0.29000
113051199 1.20000 -0.11775 0.29400
113051200 1.20000 -0.11775 0.29800
