# pixelID  x  y  z
112110001 1.08549 0.52275 0.56338
112110002 1.08300 0.52275 0.56651
112110003 1.08050 0.52275 0.56964
112110004 1.07801 0.52275 0.57276
112110005 1.07552 0.52275 0.57589
112110006 1.07302 0.52275 0.57902
112110007 1.07053 0.52275 0.58215
112110008 1.06804 0.52275 0.58528
112110009 1.06555 0.52275 0.58840
112110010 1.06305 0.52275 0.59153
112110011 1.06056 0.52275 0.59466
112110012 1.05807 0.52275 0.59779
112110013 1.05557 0.52275 0.60092
112110014 1.05308 0.52275 0.60404
112110015 1.05059 0.52275 0.60717
112110016 1.04809 0.52275 0.61030
112110017 1.04560 0.52275 0.61343
112110018 1.04311 0.52275 0.61656
112110019 1.04061 0.52275 0.61968
112110020 1.03812 0.52275 0.62281
112110021 1.03563 0.52275 0.62594
112110022 1.03314 0.52275 0.62907
112110023 1.03064 0.52275 0.63220
112110024 1.02815 0.52275 0.63532
112110025 1.02566 0.52275 0.63845
112110026 1.02316 0.52275 0.64158
112110027 1.02067 0.52275 0.64471
112110028 1.01818 0.52275 0.64784
112110029 1.01568 0.52275 0.65097
112110030 1.01319 0.52275 0.65409
112110031 1.01070 0.52275 0.65722
112110032 1.00821 0.52275 0.66035
112110033 1.00571 0.52275 0.66348
112110034 1.00322 0.52275 0.66661
112110035 1.00073 0.52275 0.66973
112110036 0.99823 0.52275 0.67286
112110037 0.99574 0.52275 0.67599
112110038 0.99325 0.52275 0.67912
112110039 0.99075 0.52275 0.68225
112110040 0.98826 0.52275 0.68537
112110041 0.98577 0.52275 0.68850
112110042 0.98327 0.52275 0.69163
112110043 0.98078 0.52275 0.69476
112110044 0.97829 0.52275 0.69789
112110045 0.97580 0.52275 0.70101
112110046 0.97330 0.52275 0.70414
112110047 0.97081 0.52275 0.70727
112110048 0.96832 0.52275 0.71040
112110049 0.96582 0.52275 0.71353
112110050 0.96333 0.52275 0.71665
112110051 0.96084 0.52275 0.71978
112110052 0.95834 0.52275 0.72291
112110053 0.95585 0.52275 0.72604
112110054 0.95336 0.52275 0.72917
112110055 0.95086 0.52275 0.73229
112110056 0.94837 0.52275 0.73542
112110057 0.94588 0.52275 0.73855
112110058 0.94339 0.52275 0.74168
112110059 0.94089 0.52275 0.74481
112110060 0.93840 0.52275 0.74793
112110061 0.93591 0.52275 0.75106
112110062 0.93341 0.52275 0.75419
112110063 0.93092 0.52275 0.75732
112110064 0.92843 0.52275 0.76045
112110065 0.92593 0.52275 0.76357
112110066 0.92344 0.52275 0.76670
112110067 0.92095 0.52275 0.76983
112110068 0.91845 0.52275 0.77296
112110069 0.91596 0.52275 0.77609
112110070 0.91347 0.52275 0.77921
112110071 0.91098 0.52275 0.78234
112110072 0.90848 0.52275 0.78547
112110073 0.90599 0.52275 0.78860
112110074 0.90350 0.52275 0.79173
112110075 0.90100 0.52275 0.79486
112110076 0.89851 0.52275 0.79798
112110077 0.89602 0.52275 0.80111
112110078 0.89352 0.52275 0.80424
112110079 0.89103 0.52275 0.80737
112110080 0.88854 0.52275 0.81050
112110081 0.88605 0.52275 0.81362
112110082 0.88355 0.52275 0.81675
112110083 0.88106 0.52275 0.81988
112110084 0.87857 0.52275 0.82301
112110085 0.87607 0.52275 0.82614
112110086 0.87358 0.52275 0.82926
112110087 0.87109 0.52275 0.83239
112110088 0.86859 0.52275 0.83552
112110089 0.86610 0.52275 0.83865
112110090 0.86361 0.52275 0.84178
112110091 0.86111 0.52275 0.84490
112110092 0.85862 0.52275 0.84803
112110093 0.85613 0.52275 0.85116
112110094 0.85364 0.52275 0.85429
112110095 0.85114 0.52275 0.85742
112110096 0.84865 0.52275 0.86054
112110097 0.84616 0.52275 0.86367
112110098 0.84366 0.52275 0.86680
112110099 0.84117 0.52275 0.86993
112110100 0.83868 0.52275 0.87306
112110101 0.83618 0.52275 0.87618
112110102 0.83369 0.52275 0.87931
112110103 0.83120 0.52275 0.88244
112110104 0.82870 0.52275 0.88557
112110105 0.82621 0.52275 0.88870
112110106 0.82372 0.52275 0.89182
112110107 0.82123 0.52275 0.89495
112110108 0.81873 0.52275 0.89808
112110109 0.81624 0.52275 0.90121
112110110 0.81375 0.52275 0.90434
112110111 0.81125 0.52275 0.90746
112110112 0.80876 0.52275 0.91059
112110113 0.80627 0.52275 0.91372
112110114 0.80377 0.52275 0.91685
112110115 0.80128 0.52275 0.91998
112110116 0.79879 0.52275 0.92310
112110117 0.79629 0.52275 0.92623
112110118 0.79380 0.52275 0.92936
112110119 0.79131 0.52275 0.93249
112110120 0.78882 0.52275 0.93562
112110121 0.78632 0.52275 0.93874
112110122 0.78383 0.52275 0.94187
112110123 0.78134 0.52275 0.94500
112110124 0.77884 0.52275 0.94813
112110125 0.77635 0.52275 0.95126
112110126 0.77386 0.52275 0.95439
112110127 0.77136 0.52275 0.95751
112110128 0.76887 0.52275 0.96064
112110129 0.76638 0.52275 0.96377
112110130 0.76388 0.52275 0.96690
112110131 0.76139 0.52275 0.97003
112110132 0.75890 0.52275 0.97315
112110133 0.75641 0.52275 0.97628
112110134 0.75391 0.52275 0.97941
112110135 0.75142 0.52275 0.98254
112110136 0.74893 0.52275 0.98567
112110137 0.74643 0.52275 0.98879
112110138 0.74394 0.52275 0.99192
112110139 0.74145 0.52275 0.99505
112110140 0.73895 0.52275 0.99818
112110141 0.73646 0.52275 1.00131
112110142 0.73397 0.52275 1.00443
112110143 0.73148 0.52275 1.00756
112110144 0.72898 0.52275 1.01069
112110145 0.72649 0.52275 1.01382
112110146 0.72400 0.52275 1.01695
112110147 0.72150 0.52275 1.02007
112110148 0.71901 0.52275 1.02320
112110149 0.71652 0.52275 1.02633
112110150 0.71402 0.52275 1.02946
112110151 1.08549 0.53625 0.56338
112110152 1.08300 0.53625 0.56651
112110153 1.08050 0.53625 0.56964
112110154 1.07801 0.53625 0.57276
112110155 1.07552 0.53625 0.57589
112110156 1.07302 0.53625 0.57902
112110157 1.07053 0.53625 0.58215
112110158 1.06804 0.53625 0.58528
112110159 1.06555 0.53625 0.58840
112110160 1.06305 0.53625 0.59153
112110161 1.06056 0.53625 0.59466
112110162 1.05807 0.53625 0.59779
112110163 1.05557 0.53625 0.60092
112110164 1.05308 0.53625 0.60404
112110165 1.05059 0.53625 0.60717
112110166 1.04809 0.53625 0.61030
112110167 1.04560 0.53625 0.61343
112110168 1.04311 0.53625 0.61656
112110169 1.04061 0.53625 0.61968
112110170 1.03812 0.53625 0.62281
112110171 1.03563 0.53625 0.62594
112110172 1.03314 0.53625 0.62907
112110173 1.03064 0.53625 0.63220
112110174 1.02815 0.53625 0.63532
112110175 1.02566 0.53625 0.63845
112110176 1.02316 0.53625 0.64158
112110177 1.02067 0.53625 0.64471
112110178 1.01818 0.53625 0.64784
112110179 1.01568 0.53625 0.65097
112110180 1.01319 0.53625 0.65409
112110181 1.01070 0.53625 0.65722
112110182 1.00821 0.53625 0.66035
112110183 1.00571 0.53625 0.66348
112110184 1.00322 0.53625 0.66661
112110185 1.00073 0.53625 0.66973
112110186 0.99823 0.53625 0.67286
112110187 0.99574 0.53625 0.67599
112110188 0.99325 0.53625 0.67912
112110189 0.99075 0.53625 0.68225
112110190 0.98826 0.53625 0.68537
112110191 0.98577 0.53625 0.68850
112110192 0.98327 0.53625 0.69163
112110193 0.98078 0.53625 0.69476
112110194 0.97829 0.53625 0.69789
112110195 0.97580 0.53625 0.70101
112110196 0.97330 0.53625 0.70414
112110197 0.97081 0.53625 0.70727
112110198 0.96832 0.53625 0.71040
112110199 0.96582 0.53625 0.71353
112110200 0.96333 0.53625 0.71665
112110201 0.96084 0.53625 0.71978
112110202 0.95834 0.53625 0.72291
112110203 0.95585 0.53625 0.72604
112110204 0.95336 0.53625 0.72917
112110205 0.95086 0.53625 0.73229
112110206 0.94837 0.53625 0.73542
112110207 0.94588 0.53625 0.73855
112110208 0.94339 0.53625 0.74168
112110209 0.94089 0.53625 0.74481
112110210 0.93840 0.53625 0.74793
112110211 0.93591 0.53625 0.75106
112110212 0.93341 0.53625 0.75419
112110213 0.93092 0.53625 0.75732
112110214 0.92843 0.53625 0.76045
112110215 0.92593 0.53625 0.76357
112110216 0.92344 0.53625 0.76670
112110217 0.92095 0.53625 0.76983
112110218 0.91845 0.53625 0.77296
112110219 0.91596 0.53625 0.77609
112110220 0.91347 0.53625 0.77921
112110221 0.91098 0.53625 0.78234
112110222 0.90848 0.53625 0.78547
112110223 0.90599 0.53625 0.78860
112110224 0.90350 0.53625 0.79173
112110225 0.90100 0.53625 0.79486
112110226 0.89851 0.53625 0.79798
112110227 0.89602 0.53625 0.80111
112110228 0.89352 0.53625 0.80424
112110229 0.89103 0.53625 0.80737
112110230 0.88854 0.53625 0.81050
112110231 0.88605 0.53625 0.81362
112110232 0.88355 0.53625 0.81675
112110233 0.88106 0.53625 0.81988
112110234 0.87857 0.53625 0.82301
112110235 0.87607 0.53625 0.82614
112110236 0.87358 0.53625 0.82926
112110237 0.87109 0.53625 0.83239
112110238 0.86859 0.53625 0.83552
112110239 0.86610 0.53625 0.83865
112110240 0.86361 0.53625 0.84178
112110241 0.86111 0.53625 0.84490
112110242 0.85862 0.53625 0.84803
112110243 0.85613 0.53625 0.85116
112110244 0.85364 0.53625 0.85429
112110245 0.85114 0.53625 0.85742
112110246 0.84865 0.53625 0.86054
112110247 0.84616 0.53625 0.86367
112110248 0.84366 0.53625 0.86680
112110249 0.84117 0.53625 0.86993
112110250 0.83868 0.53625 0.87306
112110251 0.83618 0.53625 0.87618
112110252 0.83369 0.53625 0.87931
112110253 0.83120 0.53625 0.88244
112110254 0.82870 0.53625 0.88557
112110255 0.82621 0.53625 0.88870
112110256 0.82372 0.53625 0.89182
112110257 0.82123 0.53625 0.89495
112110258 0.81873 0.53625 0.89808
112110259 0.81624 0.53625 0.90121
112110260 0.81375 0.53625 0.90434
112110261 0.81125 0.53625 0.90746
112110262 0.80876 0.53625 0.91059
112110263 0.80627 0.53625 0.91372
112110264 0.80377 0.53625 0.91685
112110265 0.80128 0.53625 0.91998
112110266 0.79879 0.53625 0.92310
112110267 0.79629 0.53625 0.92623
112110268 0.79380 0.53625 0.92936
112110269 0.79131 0.53625 0.93249
112110270 0.78882 0.53625 0.93562
112110271 0.78632 0.53625 0.93874
112110272 0.78383 0.53625 0.94187
112110273 0.78134 0.53625 0.94500
112110274 0.77884 0.53625 0.94813
112110275 0.77635 0.53625 0.95126
112110276 0.77386 0.53625 0.95439
112110277 0.77136 0.53625 0.95751
112110278 0.76887 0.53625 0.96064
112110279 0.76638 0.53625 0.96377
112110280 0.76388 0.53625 0.96690
112110281 0.76139 0.53625 0.97003
112110282 0.75890 0.53625 0.97315
112110283 0.75641 0.53625 0.97628
112110284 0.75391 0.53625 0.97941
112110285 0.75142 0.53625 0.98254
112110286 0.74893 0.53625 0.98567
112110287 0.74643 0.53625 0.98879
112110288 0.74394 0.53625 0.99192
112110289 0.74145 0.53625 0.99505
112110290 0.73895 0.53625 0.99818
112110291 0.73646 0.53625 1.00131
112110292 0.73397 0.53625 1.00443
112110293 0.73148 0.53625 1.00756
112110294 0.72898 0.53625 1.01069
112110295 0.72649 0.53625 1.01382
112110296 0.72400 0.53625 1.01695
112110297 0.72150 0.53625 1.02007
112110298 0.71901 0.53625 1.02320
112110299 0.71652 0.53625 1.02633
112110300 0.71402 0.53625 1.02946
112110301 1.08549 0.54975 0.56338
112110302 1.08300 0.54975 0.56651
112110303 1.08050 0.54975 0.56964
112110304 1.07801 0.54975 0.57276
112110305 1.07552 0.54975 0.57589
112110306 1.07302 0.54975 0.57902
112110307 1.07053 0.54975 0.58215
112110308 1.06804 0.54975 0.58528
112110309 1.06555 0.54975 0.58840
112110310 1.06305 0.54975 0.59153
112110311 1.06056 0.54975 0.59466
112110312 1.05807 0.54975 0.59779
112110313 1.05557 0.54975 0.60092
112110314 1.05308 0.54975 0.60404
112110315 1.05059 0.54975 0.60717
112110316 1.04809 0.54975 0.61030
112110317 1.04560 0.54975 0.61343
112110318 1.04311 0.54975 0.61656
112110319 1.04061 0.54975 0.61968
112110320 1.03812 0.54975 0.62281
112110321 1.03563 0.54975 0.62594
112110322 1.03314 0.54975 0.62907
112110323 1.03064 0.54975 0.63220
112110324 1.02815 0.54975 0.63532
112110325 1.02566 0.54975 0.63845
112110326 1.02316 0.54975 0.64158
112110327 1.02067 0.54975 0.64471
112110328 1.01818 0.54975 0.64784
112110329 1.01568 0.54975 0.65097
112110330 1.01319 0.54975 0.65409
112110331 1.01070 0.54975 0.65722
112110332 1.00821 0.54975 0.66035
112110333 1.00571 0.54975 0.66348
112110334 1.00322 0.54975 0.66661
112110335 1.00073 0.54975 0.66973
112110336 0.99823 0.54975 0.67286
112110337 0.99574 0.54975 0.67599
112110338 0.99325 0.54975 0.67912
112110339 0.99075 0.54975 0.68225
112110340 0.98826 0.54975 0.68537
112110341 0.98577 0.54975 0.68850
112110342 0.98327 0.54975 0.69163
112110343 0.98078 0.54975 0.69476
112110344 0.97829 0.54975 0.69789
112110345 0.97580 0.54975 0.70101
112110346 0.97330 0.54975 0.70414
112110347 0.97081 0.54975 0.70727
112110348 0.96832 0.54975 0.71040
112110349 0.96582 0.54975 0.71353
112110350 0.96333 0.54975 0.71665
112110351 0.96084 0.54975 0.71978
112110352 0.95834 0.54975 0.72291
112110353 0.95585 0.54975 0.72604
112110354 0.95336 0.54975 0.72917
112110355 0.95086 0.54975 0.73229
112110356 0.94837 0.54975 0.73542
112110357 0.94588 0.54975 0.73855
112110358 0.94339 0.54975 0.74168
112110359 0.94089 0.54975 0.74481
112110360 0.93840 0.54975 0.74793
112110361 0.93591 0.54975 0.75106
112110362 0.93341 0.54975 0.75419
112110363 0.93092 0.54975 0.75732
112110364 0.92843 0.54975 0.76045
112110365 0.92593 0.54975 0.76357
112110366 0.92344 0.54975 0.76670
112110367 0.92095 0.54975 0.76983
112110368 0.91845 0.54975 0.77296
112110369 0.91596 0.54975 0.77609
112110370 0.91347 0.54975 0.77921
112110371 0.91098 0.54975 0.78234
112110372 0.90848 0.54975 0.78547
112110373 0.90599 0.54975 0.78860
112110374 0.90350 0.54975 0.79173
112110375 0.90100 0.54975 0.79486
112110376 0.89851 0.54975 0.79798
112110377 0.89602 0.54975 0.80111
112110378 0.89352 0.54975 0.80424
112110379 0.89103 0.54975 0.80737
112110380 0.88854 0.54975 0.81050
112110381 0.88605 0.54975 0.81362
112110382 0.88355 0.54975 0.81675
112110383 0.88106 0.54975 0.81988
112110384 0.87857 0.54975 0.82301
112110385 0.87607 0.54975 0.82614
112110386 0.87358 0.54975 0.82926
112110387 0.87109 0.54975 0.83239
112110388 0.86859 0.54975 0.83552
112110389 0.86610 0.54975 0.83865
112110390 0.86361 0.54975 0.84178
112110391 0.86111 0.54975 0.84490
112110392 0.85862 0.54975 0.84803
112110393 0.85613 0.54975 0.85116
112110394 0.85364 0.54975 0.85429
112110395 0.85114 0.54975 0.85742
112110396 0.84865 0.54975 0.86054
112110397 0.84616 0.54975 0.86367
112110398 0.84366 0.54975 0.86680
112110399 0.84117 0.54975 0.86993
112110400 0.83868 0.54975 0.87306
112110401 0.83618 0.54975 0.87618
112110402 0.83369 0.54975 0.87931
112110403 0.83120 0.54975 0.88244
112110404 0.82870 0.54975 0.88557
112110405 0.82621 0.54975 0.88870
112110406 0.82372 0.54975 0.89182
112110407 0.82123 0.54975 0.89495
112110408 0.81873 0.54975 0.89808
112110409 0.81624 0.54975 0.90121
112110410 0.81375 0.54975 0.90434
112110411 0.81125 0.54975 0.90746
112110412 0.80876 0.54975 0.91059
112110413 0.80627 0.54975 0.91372
112110414 0.80377 0.54975 0.91685
112110415 0.80128 0.54975 0.91998
112110416 0.79879 0.54975 0.92310
112110417 0.79629 0.54975 0.92623
112110418 0.79380 0.54975 0.92936
112110419 0.79131 0.54975 0.93249
112110420 0.78882 0.54975 0.93562
112110421 0.78632 0.54975 0.93874
112110422 0.78383 0.54975 0.94187
112110423 0.78134 0.54975 0.94500
112110424 0.77884 0.54975 0.94813
112110425 0.77635 0.54975 0.95126
112110426 0.77386 0.54975 0.95439
112110427 0.77136 0.54975 0.95751
112110428 0.76887 0.54975 0.96064
112110429 0.76638 0.54975 0.96377
112110430 0.76388 0.54975 0.96690
112110431 0.76139 0.54975 0.97003
112110432 0.75890 0.54975 0.97315
112110433 0.75641 0.54975 0.97628
112110434 0.75391 0.54975 0.97941
112110435 0.75142 0.54975 0.98254
112110436 0.74893 0.54975 0.98567
112110437 0.74643 0.54975 0.98879
112110438 0.74394 0.54975 0.99192
112110439 0.74145 0.54975 0.99505
112110440 0.73895 0.54975 0.99818
112110441 0.73646 0.54975 1.00131
112110442 0.73397 0.54975 1.00443
112110443 0.73148 0.54975 1.00756
112110444 0.72898 0.54975 1.01069
112110445 0.72649 0.54975 1.01382
112110446 0.72400 0.54975 1.01695
112110447 0.72150 0.54975 1.02007
112110448 0.71901 0.54975 1.02320
112110449 0.71652 0.54975 1.02633
112110450 0.71402 0.54975 1.02946
112110451 1.08549 0.56325 0.56338
112110452 1.08300 0.56325 0.56651
112110453 1.08050 0.56325 0.56964
112110454 1.07801 0.56325 0.57276
112110455 1.07552 0.56325 0.57589
112110456 1.07302 0.56325 0.57902
112110457 1.07053 0.56325 0.58215
112110458 1.06804 0.56325 0.58528
112110459 1.06555 0.56325 0.58840
112110460 1.06305 0.56325 0.59153
112110461 1.06056 0.56325 0.59466
112110462 1.05807 0.56325 0.59779
112110463 1.05557 0.56325 0.60092
112110464 1.05308 0.56325 0.60404
112110465 1.05059 0.56325 0.60717
112110466 1.04809 0.56325 0.61030
112110467 1.04560 0.56325 0.61343
112110468 1.04311 0.56325 0.61656
112110469 1.04061 0.56325 0.61968
112110470 1.03812 0.56325 0.62281
112110471 1.03563 0.56325 0.62594
112110472 1.03314 0.56325 0.62907
112110473 1.03064 0.56325 0.63220
112110474 1.02815 0.56325 0.63532
112110475 1.02566 0.56325 0.63845
112110476 1.02316 0.56325 0.64158
112110477 1.02067 0.56325 0.64471
112110478 1.01818 0.56325 0.64784
112110479 1.01568 0.56325 0.65097
112110480 1.01319 0.56325 0.65409
112110481 1.01070 0.56325 0.65722
112110482 1.00821 0.56325 0.66035
112110483 1.00571 0.56325 0.66348
112110484 1.00322 0.56325 0.66661
112110485 1.00073 0.56325 0.66973
112110486 0.99823 0.56325 0.67286
112110487 0.99574 0.56325 0.67599
112110488 0.99325 0.56325 0.67912
112110489 0.99075 0.56325 0.68225
112110490 0.98826 0.56325 0.68537
112110491 0.98577 0.56325 0.68850
112110492 0.98327 0.56325 0.69163
112110493 0.98078 0.56325 0.69476
112110494 0.97829 0.56325 0.69789
112110495 0.97580 0.56325 0.70101
112110496 0.97330 0.56325 0.70414
112110497 0.97081 0.56325 0.70727
112110498 0.96832 0.56325 0.71040
112110499 0.96582 0.56325 0.71353
112110500 0.96333 0.56325 0.71665
112110501 0.96084 0.56325 0.71978
112110502 0.95834 0.56325 0.72291
112110503 0.95585 0.56325 0.72604
112110504 0.95336 0.56325 0.72917
112110505 0.95086 0.56325 0.73229
112110506 0.94837 0.56325 0.73542
112110507 0.94588 0.56325 0.73855
112110508 0.94339 0.56325 0.74168
112110509 0.94089 0.56325 0.74481
112110510 0.93840 0.56325 0.74793
112110511 0.93591 0.56325 0.75106
112110512 0.93341 0.56325 0.75419
112110513 0.93092 0.56325 0.75732
112110514 0.92843 0.56325 0.76045
112110515 0.92593 0.56325 0.76357
112110516 0.92344 0.56325 0.76670
112110517 0.92095 0.56325 0.76983
112110518 0.91845 0.56325 0.77296
112110519 0.91596 0.56325 0.77609
112110520 0.91347 0.56325 0.77921
112110521 0.91098 0.56325 0.78234
112110522 0.90848 0.56325 0.78547
112110523 0.90599 0.56325 0.78860
112110524 0.90350 0.56325 0.79173
112110525 0.90100 0.56325 0.79486
112110526 0.89851 0.56325 0.79798
112110527 0.89602 0.56325 0.80111
112110528 0.89352 0.56325 0.80424
112110529 0.89103 0.56325 0.80737
112110530 0.88854 0.56325 0.81050
112110531 0.88605 0.56325 0.81362
112110532 0.88355 0.56325 0.81675
112110533 0.88106 0.56325 0.81988
112110534 0.87857 0.56325 0.82301
112110535 0.87607 0.56325 0.82614
112110536 0.87358 0.56325 0.82926
112110537 0.87109 0.56325 0.83239
112110538 0.86859 0.56325 0.83552
112110539 0.86610 0.56325 0.83865
112110540 0.86361 0.56325 0.84178
112110541 0.86111 0.56325 0.84490
112110542 0.85862 0.56325 0.84803
112110543 0.85613 0.56325 0.85116
112110544 0.85364 0.56325 0.85429
112110545 0.85114 0.56325 0.85742
112110546 0.84865 0.56325 0.86054
112110547 0.84616 0.56325 0.86367
112110548 0.84366 0.56325 0.86680
112110549 0.84117 0.56325 0.86993
112110550 0.83868 0.56325 0.87306
112110551 0.83618 0.56325 0.87618
112110552 0.83369 0.56325 0.87931
112110553 0.83120 0.56325 0.88244
112110554 0.82870 0.56325 0.88557
112110555 0.82621 0.56325 0.88870
112110556 0.82372 0.56325 0.89182
112110557 0.82123 0.56325 0.89495
112110558 0.81873 0.56325 0.89808
112110559 0.81624 0.56325 0.90121
112110560 0.81375 0.56325 0.90434
112110561 0.81125 0.56325 0.90746
112110562 0.80876 0.56325 0.91059
112110563 0.80627 0.56325 0.91372
112110564 0.80377 0.56325 0.91685
112110565 0.80128 0.56325 0.91998
112110566 0.79879 0.56325 0.92310
112110567 0.79629 0.56325 0.92623
112110568 0.79380 0.56325 0.92936
112110569 0.79131 0.56325 0.93249
112110570 0.78882 0.56325 0.93562
112110571 0.78632 0.56325 0.93874
112110572 0.78383 0.56325 0.94187
112110573 0.78134 0.56325 0.94500
112110574 0.77884 0.56325 0.94813
112110575 0.77635 0.56325 0.95126
112110576 0.77386 0.56325 0.95439
112110577 0.77136 0.56325 0.95751
112110578 0.76887 0.56325 0.96064
112110579 0.76638 0.56325 0.96377
112110580 0.76388 0.56325 0.96690
112110581 0.76139 0.56325 0.97003
112110582 0.75890 0.56325 0.97315
112110583 0.75641 0.56325 0.97628
112110584 0.75391 0.56325 0.97941
112110585 0.75142 0.56325 0.98254
112110586 0.74893 0.56325 0.98567
112110587 0.74643 0.56325 0.98879
112110588 0.74394 0.56325 0.99192
112110589 0.74145 0.56325 0.99505
112110590 0.73895 0.56325 0.99818
112110591 0.73646 0.56325 1.00131
112110592 0.73397 0.56325 1.00443
112110593 0.73148 0.56325 1.00756
112110594 0.72898 0.56325 1.01069
112110595 0.72649 0.56325 1.01382
112110596 0.72400 0.56325 1.01695
112110597 0.72150 0.56325 1.02007
112110598 0.71901 0.56325 1.02320
112110599 0.71652 0.56325 1.02633
112110600 0.71402 0.56325 1.02946
112110601 1.08549 0.57675 0.56338
112110602 1.08300 0.57675 0.56651
112110603 1.08050 0.57675 0.56964
112110604 1.07801 0.57675 0.57276
112110605 1.07552 0.57675 0.57589
112110606 1.07302 0.57675 0.57902
112110607 1.07053 0.57675 0.58215
112110608 1.06804 0.57675 0.58528
112110609 1.06555 0.57675 0.58840
112110610 1.06305 0.57675 0.59153
112110611 1.06056 0.57675 0.59466
112110612 1.05807 0.57675 0.59779
112110613 1.05557 0.57675 0.60092
112110614 1.05308 0.57675 0.60404
112110615 1.05059 0.57675 0.60717
112110616 1.04809 0.57675 0.61030
112110617 1.04560 0.57675 0.61343
112110618 1.04311 0.57675 0.61656
112110619 1.04061 0.57675 0.61968
112110620 1.03812 0.57675 0.62281
112110621 1.03563 0.57675 0.62594
112110622 1.03314 0.57675 0.62907
112110623 1.03064 0.57675 0.63220
112110624 1.02815 0.57675 0.63532
112110625 1.02566 0.57675 0.63845
112110626 1.02316 0.57675 0.64158
112110627 1.02067 0.57675 0.64471
112110628 1.01818 0.57675 0.64784
112110629 1.01568 0.57675 0.65097
112110630 1.01319 0.57675 0.65409
112110631 1.01070 0.57675 0.65722
112110632 1.00821 0.57675 0.66035
112110633 1.00571 0.57675 0.66348
112110634 1.00322 0.57675 0.66661
112110635 1.00073 0.57675 0.66973
112110636 0.99823 0.57675 0.67286
112110637 0.99574 0.57675 0.67599
112110638 0.99325 0.57675 0.67912
112110639 0.99075 0.57675 0.68225
112110640 0.98826 0.57675 0.68537
112110641 0.98577 0.57675 0.68850
112110642 0.98327 0.57675 0.69163
112110643 0.98078 0.57675 0.69476
112110644 0.97829 0.57675 0.69789
112110645 0.97580 0.57675 0.70101
112110646 0.97330 0.57675 0.70414
112110647 0.97081 0.57675 0.70727
112110648 0.96832 0.57675 0.71040
112110649 0.96582 0.57675 0.71353
112110650 0.96333 0.57675 0.71665
112110651 0.96084 0.57675 0.71978
112110652 0.95834 0.57675 0.72291
112110653 0.95585 0.57675 0.72604
112110654 0.95336 0.57675 0.72917
112110655 0.95086 0.57675 0.73229
112110656 0.94837 0.57675 0.73542
112110657 0.94588 0.57675 0.73855
112110658 0.94339 0.57675 0.74168
112110659 0.94089 0.57675 0.74481
112110660 0.93840 0.57675 0.74793
112110661 0.93591 0.57675 0.75106
112110662 0.93341 0.57675 0.75419
112110663 0.93092 0.57675 0.75732
112110664 0.92843 0.57675 0.76045
112110665 0.92593 0.57675 0.76357
112110666 0.92344 0.57675 0.76670
112110667 0.92095 0.57675 0.76983
112110668 0.91845 0.57675 0.77296
112110669 0.91596 0.57675 0.77609
112110670 0.91347 0.57675 0.77921
112110671 0.91098 0.57675 0.78234
112110672 0.90848 0.57675 0.78547
112110673 0.90599 0.57675 0.78860
112110674 0.90350 0.57675 0.79173
112110675 0.90100 0.57675 0.79486
112110676 0.89851 0.57675 0.79798
112110677 0.89602 0.57675 0.80111
112110678 0.89352 0.57675 0.80424
112110679 0.89103 0.57675 0.80737
112110680 0.88854 0.57675 0.81050
112110681 0.88605 0.57675 0.81362
112110682 0.88355 0.57675 0.81675
112110683 0.88106 0.57675 0.81988
112110684 0.87857 0.57675 0.82301
112110685 0.87607 0.57675 0.82614
112110686 0.87358 0.57675 0.82926
112110687 0.87109 0.57675 0.83239
112110688 0.86859 0.57675 0.83552
112110689 0.86610 0.57675 0.83865
112110690 0.86361 0.57675 0.84178
112110691 0.86111 0.57675 0.84490
112110692 0.85862 0.57675 0.84803
112110693 0.85613 0.57675 0.85116
112110694 0.85364 0.57675 0.85429
112110695 0.85114 0.57675 0.85742
112110696 0.84865 0.57675 0.86054
112110697 0.84616 0.57675 0.86367
112110698 0.84366 0.57675 0.86680
112110699 0.84117 0.57675 0.86993
112110700 0.83868 0.57675 0.87306
112110701 0.83618 0.57675 0.87618
112110702 0.83369 0.57675 0.87931
112110703 0.83120 0.57675 0.88244
112110704 0.82870 0.57675 0.88557
112110705 0.82621 0.57675 0.88870
112110706 0.82372 0.57675 0.89182
112110707 0.82123 0.57675 0.89495
112110708 0.81873 0.57675 0.89808
112110709 0.81624 0.57675 0.90121
112110710 0.81375 0.57675 0.90434
112110711 0.81125 0.57675 0.90746
112110712 0.80876 0.57675 0.91059
112110713 0.80627 0.57675 0.91372
112110714 0.80377 0.57675 0.91685
112110715 0.80128 0.57675 0.91998
112110716 0.79879 0.57675 0.92310
112110717 0.79629 0.57675 0.92623
112110718 0.79380 0.57675 0.92936
112110719 0.79131 0.57675 0.93249
112110720 0.78882 0.57675 0.93562
112110721 0.78632 0.57675 0.93874
112110722 0.78383 0.57675 0.94187
112110723 0.78134 0.57675 0.94500
112110724 0.77884 0.57675 0.94813
112110725 0.77635 0.57675 0.95126
112110726 0.77386 0.57675 0.95439
112110727 0.77136 0.57675 0.95751
112110728 0.76887 0.57675 0.96064
112110729 0.76638 0.57675 0.96377
112110730 0.76388 0.57675 0.96690
112110731 0.76139 0.57675 0.97003
112110732 0.75890 0.57675 0.97315
112110733 0.75641 0.57675 0.97628
112110734 0.75391 0.57675 0.97941
112110735 0.75142 0.57675 0.98254
112110736 0.74893 0.57675 0.98567
112110737 0.74643 0.57675 0.98879
112110738 0.74394 0.57675 0.99192
112110739 0.74145 0.57675 0.99505
112110740 0.73895 0.57675 0.99818
112110741 0.73646 0.57675 1.00131
112110742 0.73397 0.57675 1.00443
112110743 0.73148 0.57675 1.00756
112110744 0.72898 0.57675 1.01069
112110745 0.72649 0.57675 1.01382
112110746 0.72400 0.57675 1.01695
112110747 0.72150 0.57675 1.02007
112110748 0.71901 0.57675 1.02320
112110749 0.71652 0.57675 1.02633
112110750 0.71402 0.57675 1.02946
112110751 1.08549 0.59025 0.56338
112110752 1.08300 0.59025 0.56651
112110753 1.08050 0.59025 0.56964
112110754 1.07801 0.59025 0.57276
112110755 1.07552 0.59025 0.57589
112110756 1.07302 0.59025 0.57902
112110757 1.07053 0.59025 0.58215
112110758 1.06804 0.59025 0.58528
112110759 1.06555 0.59025 0.58840
112110760 1.06305 0.59025 0.59153
112110761 1.06056 0.59025 0.59466
112110762 1.05807 0.59025 0.59779
112110763 1.05557 0.59025 0.60092
112110764 1.05308 0.59025 0.60404
112110765 1.05059 0.59025 0.60717
112110766 1.04809 0.59025 0.61030
112110767 1.04560 0.59025 0.61343
112110768 1.04311 0.59025 0.61656
112110769 1.04061 0.59025 0.61968
112110770 1.03812 0.59025 0.62281
112110771 1.03563 0.59025 0.62594
112110772 1.03314 0.59025 0.62907
112110773 1.03064 0.59025 0.63220
112110774 1.02815 0.59025 0.63532
112110775 1.02566 0.59025 0.63845
112110776 1.02316 0.59025 0.64158
112110777 1.02067 0.59025 0.64471
112110778 1.01818 0.59025 0.64784
112110779 1.01568 0.59025 0.65097
112110780 1.01319 0.59025 0.65409
112110781 1.01070 0.59025 0.65722
112110782 1.00821 0.59025 0.66035
112110783 1.00571 0.59025 0.66348
112110784 1.00322 0.59025 0.66661
112110785 1.00073 0.59025 0.66973
112110786 0.99823 0.59025 0.67286
112110787 0.99574 0.59025 0.67599
112110788 0.99325 0.59025 0.67912
112110789 0.99075 0.59025 0.68225
112110790 0.98826 0.59025 0.68537
112110791 0.98577 0.59025 0.68850
112110792 0.98327 0.59025 0.69163
112110793 0.98078 0.59025 0.69476
112110794 0.97829 0.59025 0.69789
112110795 0.97580 0.59025 0.70101
112110796 0.97330 0.59025 0.70414
112110797 0.97081 0.59025 0.70727
112110798 0.96832 0.59025 0.71040
112110799 0.96582 0.59025 0.71353
112110800 0.96333 0.59025 0.71665
112110801 0.96084 0.59025 0.71978
112110802 0.95834 0.59025 0.72291
112110803 0.95585 0.59025 0.72604
112110804 0.95336 0.59025 0.72917
112110805 0.95086 0.59025 0.73229
112110806 0.94837 0.59025 0.73542
112110807 0.94588 0.59025 0.73855
112110808 0.94339 0.59025 0.74168
112110809 0.94089 0.59025 0.74481
112110810 0.93840 0.59025 0.74793
112110811 0.93591 0.59025 0.75106
112110812 0.93341 0.59025 0.75419
112110813 0.93092 0.59025 0.75732
112110814 0.92843 0.59025 0.76045
112110815 0.92593 0.59025 0.76357
112110816 0.92344 0.59025 0.76670
112110817 0.92095 0.59025 0.76983
112110818 0.91845 0.59025 0.77296
112110819 0.91596 0.59025 0.77609
112110820 0.91347 0.59025 0.77921
112110821 0.91098 0.59025 0.78234
112110822 0.90848 0.59025 0.78547
112110823 0.90599 0.59025 0.78860
112110824 0.90350 0.59025 0.79173
112110825 0.90100 0.59025 0.79486
112110826 0.89851 0.59025 0.79798
112110827 0.89602 0.59025 0.80111
112110828 0.89352 0.59025 0.80424
112110829 0.89103 0.59025 0.80737
112110830 0.88854 0.59025 0.81050
112110831 0.88605 0.59025 0.81362
112110832 0.88355 0.59025 0.81675
112110833 0.88106 0.59025 0.81988
112110834 0.87857 0.59025 0.82301
112110835 0.87607 0.59025 0.82614
112110836 0.87358 0.59025 0.82926
112110837 0.87109 0.59025 0.83239
112110838 0.86859 0.59025 0.83552
112110839 0.86610 0.59025 0.83865
112110840 0.86361 0.59025 0.84178
112110841 0.86111 0.59025 0.84490
112110842 0.85862 0.59025 0.84803
112110843 0.85613 0.59025 0.85116
112110844 0.85364 0.59025 0.85429
112110845 0.85114 0.59025 0.85742
112110846 0.84865 0.59025 0.86054
112110847 0.84616 0.59025 0.86367
112110848 0.84366 0.59025 0.86680
112110849 0.84117 0.59025 0.86993
112110850 0.83868 0.59025 0.87306
112110851 0.83618 0.59025 0.87618
112110852 0.83369 0.59025 0.87931
112110853 0.83120 0.59025 0.88244
112110854 0.82870 0.59025 0.88557
112110855 0.82621 0.59025 0.88870
112110856 0.82372 0.59025 0.89182
112110857 0.82123 0.59025 0.89495
112110858 0.81873 0.59025 0.89808
112110859 0.81624 0.59025 0.90121
112110860 0.81375 0.59025 0.90434
112110861 0.81125 0.59025 0.90746
112110862 0.80876 0.59025 0.91059
112110863 0.80627 0.59025 0.91372
112110864 0.80377 0.59025 0.91685
112110865 0.80128 0.59025 0.91998
112110866 0.79879 0.59025 0.92310
112110867 0.79629 0.59025 0.92623
112110868 0.79380 0.59025 0.92936
112110869 0.79131 0.59025 0.93249
112110870 0.78882 0.59025 0.93562
112110871 0.78632 0.59025 0.93874
112110872 0.78383 0.59025 0.94187
112110873 0.78134 0.59025 0.94500
112110874 0.77884 0.59025 0.94813
112110875 0.77635 0.59025 0.95126
112110876 0.77386 0.59025 0.95439
112110877 0.77136 0.59025 0.95751
112110878 0.76887 0.59025 0.96064
112110879 0.76638 0.59025 0.96377
112110880 0.76388 0.59025 0.96690
112110881 0.76139 0.59025 0.97003
112110882 0.75890 0.59025 0.97315
112110883 0.75641 0.59025 0.97628
112110884 0.75391 0.59025 0.97941
112110885 0.75142 0.59025 0.98254
112110886 0.74893 0.59025 0.98567
112110887 0.74643 0.59025 0.98879
112110888 0.74394 0.59025 0.99192
112110889 0.74145 0.59025 0.99505
112110890 0.73895 0.59025 0.99818
112110891 0.73646 0.59025 1.00131
112110892 0.73397 0.59025 1.00443
112110893 0.73148 0.59025 1.00756
112110894 0.72898 0.59025 1.01069
112110895 0.72649 0.59025 1.01382
112110896 0.72400 0.59025 1.01695
112110897 0.72150 0.59025 1.02007
112110898 0.71901 0.59025 1.02320
112110899 0.71652 0.59025 1.02633
112110900 0.71402 0.59025 1.02946
112110901 1.08549 0.60375 0.56338
112110902 1.08300 0.60375 0.56651
112110903 1.08050 0.60375 0.56964
112110904 1.07801 0.60375 0.57276
112110905 1.07552 0.60375 0.57589
112110906 1.07302 0.60375 0.57902
112110907 1.07053 0.60375 0.58215
112110908 1.06804 0.60375 0.58528
112110909 1.06555 0.60375 0.58840
112110910 1.06305 0.60375 0.59153
112110911 1.06056 0.60375 0.59466
112110912 1.05807 0.60375 0.59779
112110913 1.05557 0.60375 0.60092
112110914 1.05308 0.60375 0.60404
112110915 1.05059 0.60375 0.60717
112110916 1.04809 0.60375 0.61030
112110917 1.04560 0.60375 0.61343
112110918 1.04311 0.60375 0.61656
112110919 1.04061 0.60375 0.61968
112110920 1.03812 0.60375 0.62281
112110921 1.03563 0.60375 0.62594
112110922 1.03314 0.60375 0.62907
112110923 1.03064 0.60375 0.63220
112110924 1.02815 0.60375 0.63532
112110925 1.02566 0.60375 0.63845
112110926 1.02316 0.60375 0.64158
112110927 1.02067 0.60375 0.64471
112110928 1.01818 0.60375 0.64784
112110929 1.01568 0.60375 0.65097
112110930 1.01319 0.60375 0.65409
112110931 1.01070 0.60375 0.65722
112110932 1.00821 0.60375 0.66035
112110933 1.00571 0.60375 0.66348
112110934 1.00322 0.60375 0.66661
112110935 1.00073 0.60375 0.66973
112110936 0.99823 0.60375 0.67286
112110937 0.99574 0.60375 0.67599
112110938 0.99325 0.60375 0.67912
112110939 0.99075 0.60375 0.68225
112110940 0.98826 0.60375 0.68537
112110941 0.98577 0.60375 0.68850
112110942 0.98327 0.60375 0.69163
112110943 0.98078 0.60375 0.69476
112110944 0.97829 0.60375 0.69789
112110945 0.97580 0.60375 0.70101
112110946 0.97330 0.60375 0.70414
112110947 0.97081 0.60375 0.70727
112110948 0.96832 0.60375 0.71040
112110949 0.96582 0.60375 0.71353
112110950 0.96333 0.60375 0.71665
112110951 0.96084 0.60375 0.71978
112110952 0.95834 0.60375 0.72291
112110953 0.95585 0.60375 0.72604
112110954 0.95336 0.60375 0.72917
112110955 0.95086 0.60375 0.73229
112110956 0.94837 0.60375 0.73542
112110957 0.94588 0.60375 0.73855
112110958 0.94339 0.60375 0.74168
112110959 0.94089 0.60375 0.74481
112110960 0.93840 0.60375 0.74793
112110961 0.93591 0.60375 0.75106
112110962 0.93341 0.60375 0.75419
112110963 0.93092 0.60375 0.75732
112110964 0.92843 0.60375 0.76045
112110965 0.92593 0.60375 0.76357
112110966 0.92344 0.60375 0.76670
112110967 0.92095 0.60375 0.76983
112110968 0.91845 0.60375 0.77296
112110969 0.91596 0.60375 0.77609
112110970 0.91347 0.60375 0.77921
112110971 0.91098 0.60375 0.78234
112110972 0.90848 0.60375 0.78547
112110973 0.90599 0.60375 0.78860
112110974 0.90350 0.60375 0.79173
112110975 0.90100 0.60375 0.79486
112110976 0.89851 0.60375 0.79798
112110977 0.89602 0.60375 0.80111
112110978 0.89352 0.60375 0.80424
112110979 0.89103 0.60375 0.80737
112110980 0.88854 0.60375 0.81050
112110981 0.88605 0.60375 0.81362
112110982 0.88355 0.60375 0.81675
112110983 0.88106 0.60375 0.81988
112110984 0.87857 0.60375 0.82301
112110985 0.87607 0.60375 0.82614
112110986 0.87358 0.60375 0.82926
112110987 0.87109 0.60375 0.83239
112110988 0.86859 0.60375 0.83552
112110989 0.86610 0.60375 0.83865
112110990 0.86361 0.60375 0.84178
112110991 0.86111 0.60375 0.84490
112110992 0.85862 0.60375 0.84803
112110993 0.85613 0.60375 0.85116
112110994 0.85364 0.60375 0.85429
112110995 0.85114 0.60375 0.85742
112110996 0.84865 0.60375 0.86054
112110997 0.84616 0.60375 0.86367
112110998 0.84366 0.60375 0.86680
112110999 0.84117 0.60375 0.86993
112111000 0.83868 0.60375 0.87306
112111001 0.83618 0.60375 0.87618
112111002 0.83369 0.60375 0.87931
112111003 0.83120 0.60375 0.88244
112111004 0.82870 0.60375 0.88557
112111005 0.82621 0.60375 0.88870
112111006 0.82372 0.60375 0.89182
112111007 0.82123 0.60375 0.89495
112111008 0.81873 0.60375 0.89808
112111009 0.81624 0.60375 0.90121
112111010 0.81375 0.60375 0.90434
112111011 0.81125 0.60375 0.90746
112111012 0.80876 0.60375 0.91059
112111013 0.80627 0.60375 0.91372
112111014 0.80377 0.60375 0.91685
112111015 0.80128 0.60375 0.91998
112111016 0.79879 0.60375 0.92310
112111017 0.79629 0.60375 0.92623
112111018 0.79380 0.60375 0.92936
112111019 0.79131 0.60375 0.93249
112111020 0.78882 0.60375 0.93562
112111021 0.78632 0.60375 0.93874
112111022 0.78383 0.60375 0.94187
112111023 0.78134 0.60375 0.94500
112111024 0.77884 0.60375 0.94813
112111025 0.77635 0.60375 0.95126
112111026 0.77386 0.60375 0.95439
112111027 0.77136 0.60375 0.95751
112111028 0.76887 0.60375 0.96064
112111029 0.76638 0.60375 0.96377
112111030 0.76388 0.60375 0.96690
112111031 0.76139 0.60375 0.97003
112111032 0.75890 0.60375 0.97315
112111033 0.75641 0.60375 0.97628
112111034 0.75391 0.60375 0.97941
112111035 0.75142 0.60375 0.98254
112111036 0.74893 0.60375 0.98567
112111037 0.74643 0.60375 0.98879
112111038 0.74394 0.60375 0.99192
112111039 0.74145 0.60375 0.99505
112111040 0.73895 0.60375 0.99818
112111041 0.73646 0.60375 1.00131
112111042 0.73397 0.60375 1.00443
112111043 0.73148 0.60375 1.00756
112111044 0.72898 0.60375 1.01069
112111045 0.72649 0.60375 1.01382
112111046 0.72400 0.60375 1.01695
112111047 0.72150 0.60375 1.02007
112111048 0.71901 0.60375 1.02320
112111049 0.71652 0.60375 1.02633
112111050 0.71402 0.60375 1.02946
112111051 1.08549 0.61725 0.56338
112111052 1.08300 0.61725 0.56651
112111053 1.08050 0.61725 0.56964
112111054 1.07801 0.61725 0.57276
112111055 1.07552 0.61725 0.57589
112111056 1.07302 0.61725 0.57902
112111057 1.07053 0.61725 0.58215
112111058 1.06804 0.61725 0.58528
112111059 1.06555 0.61725 0.58840
112111060 1.06305 0.61725 0.59153
112111061 1.06056 0.61725 0.59466
112111062 1.05807 0.61725 0.59779
112111063 1.05557 0.61725 0.60092
112111064 1.05308 0.61725 0.60404
112111065 1.05059 0.61725 0.60717
112111066 1.04809 0.61725 0.61030
112111067 1.04560 0.61725 0.61343
112111068 1.04311 0.61725 0.61656
112111069 1.04061 0.61725 0.61968
112111070 1.03812 0.61725 0.62281
112111071 1.03563 0.61725 0.62594
112111072 1.03314 0.61725 0.62907
112111073 1.03064 0.61725 0.63220
112111074 1.02815 0.61725 0.63532
112111075 1.02566 0.61725 0.63845
112111076 1.02316 0.61725 0.64158
112111077 1.02067 0.61725 0.64471
112111078 1.01818 0.61725 0.64784
112111079 1.01568 0.61725 0.65097
112111080 1.01319 0.61725 0.65409
112111081 1.01070 0.61725 0.65722
112111082 1.00821 0.61725 0.66035
112111083 1.00571 0.61725 0.66348
112111084 1.00322 0.61725 0.66661
112111085 1.00073 0.61725 0.66973
112111086 0.99823 0.61725 0.67286
112111087 0.99574 0.61725 0.67599
112111088 0.99325 0.61725 0.67912
112111089 0.99075 0.61725 0.68225
112111090 0.98826 0.61725 0.68537
112111091 0.98577 0.61725 0.68850
112111092 0.98327 0.61725 0.69163
112111093 0.98078 0.61725 0.69476
112111094 0.97829 0.61725 0.69789
112111095 0.97580 0.61725 0.70101
112111096 0.97330 0.61725 0.70414
112111097 0.97081 0.61725 0.70727
112111098 0.96832 0.61725 0.71040
112111099 0.96582 0.61725 0.71353
112111100 0.96333 0.61725 0.71665
112111101 0.96084 0.61725 0.71978
112111102 0.95834 0.61725 0.72291
112111103 0.95585 0.61725 0.72604
112111104 0.95336 0.61725 0.72917
112111105 0.95086 0.61725 0.73229
112111106 0.94837 0.61725 0.73542
112111107 0.94588 0.61725 0.73855
112111108 0.94339 0.61725 0.74168
112111109 0.94089 0.61725 0.74481
112111110 0.93840 0.61725 0.74793
112111111 0.93591 0.61725 0.75106
112111112 0.93341 0.61725 0.75419
112111113 0.93092 0.61725 0.75732
112111114 0.92843 0.61725 0.76045
112111115 0.92593 0.61725 0.76357
112111116 0.92344 0.61725 0.76670
112111117 0.92095 0.61725 0.76983
112111118 0.91845 0.61725 0.77296
112111119 0.91596 0.61725 0.77609
112111120 0.91347 0.61725 0.77921
112111121 0.91098 0.61725 0.78234
112111122 0.90848 0.61725 0.78547
112111123 0.90599 0.61725 0.78860
112111124 0.90350 0.61725 0.79173
112111125 0.90100 0.61725 0.79486
112111126 0.89851 0.61725 0.79798
112111127 0.89602 0.61725 0.80111
112111128 0.89352 0.61725 0.80424
112111129 0.89103 0.61725 0.80737
112111130 0.88854 0.61725 0.81050
112111131 0.88605 0.61725 0.81362
112111132 0.88355 0.61725 0.81675
112111133 0.88106 0.61725 0.81988
112111134 0.87857 0.61725 0.82301
112111135 0.87607 0.61725 0.82614
112111136 0.87358 0.61725 0.82926
112111137 0.87109 0.61725 0.83239
112111138 0.86859 0.61725 0.83552
112111139 0.86610 0.61725 0.83865
112111140 0.86361 0.61725 0.84178
112111141 0.86111 0.61725 0.84490
112111142 0.85862 0.61725 0.84803
112111143 0.85613 0.61725 0.85116
112111144 0.85364 0.61725 0.85429
112111145 0.85114 0.61725 0.85742
112111146 0.84865 0.61725 0.86054
112111147 0.84616 0.61725 0.86367
112111148 0.84366 0.61725 0.86680
112111149 0.84117 0.61725 0.86993
112111150 0.83868 0.61725 0.87306
112111151 0.83618 0.61725 0.87618
112111152 0.83369 0.61725 0.87931
112111153 0.83120 0.61725 0.88244
112111154 0.82870 0.61725 0.88557
112111155 0.82621 0.61725 0.88870
112111156 0.82372 0.61725 0.89182
112111157 0.82123 0.61725 0.89495
112111158 0.81873 0.61725 0.89808
112111159 0.81624 0.61725 0.90121
112111160 0.81375 0.61725 0.90434
112111161 0.81125 0.61725 0.90746
112111162 0.80876 0.61725 0.91059
112111163 0.80627 0.61725 0.91372
112111164 0.80377 0.61725 0.91685
112111165 0.80128 0.61725 0.91998
112111166 0.79879 0.61725 0.92310
112111167 0.79629 0.61725 0.92623
112111168 0.79380 0.61725 0.92936
112111169 0.79131 0.61725 0.93249
112111170 0.78882 0.61725 0.93562
112111171 0.78632 0.61725 0.93874
112111172 0.78383 0.61725 0.94187
112111173 0.78134 0.61725 0.94500
112111174 0.77884 0.61725 0.94813
112111175 0.77635 0.61725 0.95126
112111176 0.77386 0.61725 0.95439
112111177 0.77136 0.61725 0.95751
112111178 0.76887 0.61725 0.96064
112111179 0.76638 0.61725 0.96377
112111180 0.76388 0.61725 0.96690
112111181 0.76139 0.61725 0.97003
112111182 0.75890 0.61725 0.97315
112111183 0.75641 0.61725 0.97628
112111184 0.75391 0.61725 0.97941
112111185 0.75142 0.61725 0.98254
112111186 0.74893 0.61725 0.98567
112111187 0.74643 0.61725 0.98879
112111188 0.74394 0.61725 0.99192
112111189 0.74145 0.61725 0.99505
112111190 0.73895 0.61725 0.99818
112111191 0.73646 0.61725 1.00131
112111192 0.73397 0.61725 1.00443
112111193 0.73148 0.61725 1.00756
112111194 0.72898 0.61725 1.01069
112111195 0.72649 0.61725 1.01382
112111196 0.72400 0.61725 1.01695
112111197 0.72150 0.61725 1.02007
112111198 0.71901 0.61725 1.02320
112111199 0.71652 0.61725 1.02633
112111200 0.71402 0.61725 1.02946
