# pixelID  x  y  z
105020001 -0.21431 -0.29800 -2.00000
105020002 -0.21431 -0.29400 -2.00000
105020003 -0.21431 -0.29000 -2.00000
105020004 -0.21431 -0.28600 -2.00000
105020005 -0.21431 -0.28200 -2.00000
105020006 -0.21431 -0.27800 -2.00000
105020007 -0.21431 -0.27400 -2.00000
105020008 -0.21431 -0.27000 -2.00000
105020009 -0.21431 -0.26600 -2.00000
105020010 -0.21431 -0.26200 -2.00000
105020011 -0.21431 -0.25800 -2.00000
105020012 -0.21431 -0.25400 -2.00000
105020013 -0.21431 -0.25000 -2.00000
105020014 -0.21431 -0.24600 -2.00000
105020015 -0.21431 -0.24200 -2.00000
105020016 -0.21431 -0.23800 -2.00000
105020017 -0.21431 -0.23400 -2.00000
105020018 -0.21431 -0.23000 -2.00000
105020019 -0.21431 -0.22600 -2.00000
105020020 -0.21431 -0.22200 -2.00000
105020021 -0.21431 -0.21800 -2.00000
105020022 -0.21431 -0.21400 -2.00000
105020023 -0.21431 -0.21000 -2.00000
105020024 -0.21431 -0.20600 -2.00000
105020025 -0.21431 -0.20200 -2.00000
105020026 -0.21431 -0.19800 -2.00000
105020027 -0.21431 -0.19400 -2.00000
105020028 -0.21431 -0.19000 -2.00000
105020029 -0.21431 -0.18600 -2.00000
105020030 -0.21431 -0.18200 -2.00000
105020031 -0.21431 -0.17800 -2.00000
105020032 -0.21431 -0.17400 -2.00000
105020033 -0.21431 -0.17000 -2.00000
105020034 -0.21431 -0.16600 -2.00000
105020035 -0.21431 -0.16200 -2.00000
105020036 -0.21431 -0.15800 -2.00000
105020037 -0.21431 -0.15400 -2.00000
105020038 -0.21431 -0.15000 -2.00000
105020039 -0.21431 -0.14600 -2.00000
105020040 -0.21431 -0.14200 -2.00000
105020041 -0.21431 -0.13800 -2.00000
105020042 -0.21431 -0.13400 -2.00000
105020043 -0.21431 -0.13000 -2.00000
105020044 -0.21431 -0.12600 -2.00000
105020045 -0.21431 -0.12200 -2.00000
105020046 -0.21431 -0.11800 -2.00000
105020047 -0.21431 -0.11400 -2.00000
105020048 -0.21431 -0.11000 -2.00000
105020049 -0.21431 -0.10600 -2.00000
105020050 -0.21431 -0.10200 -2.00000
105020051 -0.21431 -0.09800 -2.00000
105020052 -0.21431 -0.09400 -2.00000
105020053 -0.21431 -0.09000 -2.00000
105020054 -0.21431 -0.08600 -2.00000
105020055 -0.21431 -0.08200 -2.00000
105020056 -0.21431 -0.07800 -2.00000
105020057 -0.21431 -0.07400 -2.00000
105020058 -0.21431 -0.07000 -2.00000
105020059 -0.21431 -0.06600 -2.00000
105020060 -0.21431 -0.06200 -2.00000
105020061 -0.21431 -0.05800 -2.00000
105020062 -0.21431 -0.05400 -2.00000
105020063 -0.21431 -0.05000 -2.00000
105020064 -0.21431 -0.04600 -2.00000
105020065 -0.21431 -0.04200 -2.00000
105020066 -0.21431 -0.03800 -2.00000
105020067 -0.21431 -0.03400 -2.00000
105020068 -0.21431 -0.03000 -2.00000
105020069 -0.21431 -0.02600 -2.00000
105020070 -0.21431 -0.02200 -2.00000
105020071 -0.21431 -0.01800 -2.00000
105020072 -0.21431 -0.01400 -2.00000
105020073 -0.21431 -0.01000 -2.00000
105020074 -0.21431 -0.00600 -2.00000
105020075 -0.21431 -0.00200 -2.00000
105020076 -0.21431 0.00200 -2.00000
105020077 -0.21431 0.00600 -2.00000
105020078 -0.21431 0.01000 -2.00000
105020079 -0.21431 0.01400 -2.00000
105020080 -0.21431 0.01800 -2.00000
105020081 -0.21431 0.02200 -2.00000
105020082 -0.21431 0.02600 -2.00000
105020083 -0.21431 0.03000 -2.00000
105020084 -0.21431 0.03400 -2.00000
105020085 -0.21431 0.03800 -2.00000
105020086 -0.21431 0.04200 -2.00000
105020087 -0.21431 0.04600 -2.00000
105020088 -0.21431 0.05000 -2.00000
105020089 -0.21431 0.05400 -2.00000
105020090 -0.21431 0.05800 -2.00000
105020091 -0.21431 0.06200 -2.00000
105020092 -0.21431 0.06600 -2.00000
105020093 -0.21431 0.07000 -2.00000
105020094 -0.21431 0.07400 -2.00000
105020095 -0.21431 0.07800 -2.00000
105020096 -0.21431 0.08200 -2.00000
105020097 -0.21431 0.08600 -2.00000
105020098 -0.21431 0.09000 -2.00000
105020099 -0.21431 0.09400 -2.00000
105020100 -0.21431 0.09800 -2.00000
105020101 -0.21431 0.10200 -2.00000
105020102 -0.21431 0.10600 -2.00000
105020103 -0.21431 0.11000 -2.00000
105020104 -0.21431 0.11400 -2.00000
105020105 -0.21431 0.11800 -2.00000
105020106 -0.21431 0.12200 -2.00000
105020107 -0.21431 0.12600 -2.00000
105020108 -0.21431 0.13000 -2.00000
105020109 -0.21431 0.13400 -2.00000
105020110 -0.21431 0.13800 -2.00000
105020111 -0.21431 0.14200 -2.00000
105020112 -0.21431 0.14600 -2.00000
105020113 -0.21431 0.15000 -2.00000
105020114 -0.21431 0.15400 -2.00000
105020115 -0.21431 0.15800 -2.00000
105020116 -0.21431 0.16200 -2.00000
105020117 -0.21431 0.16600 -2.00000
105020118 -0.21431 0.17000 -2.00000
105020119 -0.21431 0.17400 -2.00000
105020120 -0.21431 0.17800 -2.00000
105020121 -0.21431 0.18200 -2.00000
105020122 -0.21431 0.18600 -2.00000
105020123 -0.21431 0.19000 -2.00000
105020124 -0.21431 0.19400 -2.00000
105020125 -0.21431 0.19800 -2.00000
105020126 -0.21431 0.20200 -2.00000
105020127 -0.21431 0.20600 -2.00000
105020128 -0.21431 0.21000 -2.00000
105020129 -0.21431 0.21400 -2.00000
105020130 -0.21431 0.21800 -2.00000
105020131 -0.21431 0.22200 -2.00000
105020132 -0.21431 0.22600 -2.00000
105020133 -0.21431 0.23000 -2.00000
105020134 -0.21431 0.23400 -2.00000
105020135 -0.21431 0.23800 -2.00000
105020136 -0.21431 0.24200 -2.00000
105020137 -0.21431 0.24600 -2.00000
105020138 -0.21431 0.25000 -2.00000
105020139 -0.21431 0.25400 -2.00000
105020140 -0.21431 0.25800 -2.00000
105020141 -0.21431 0.26200 -2.00000
105020142 -0.21431 0.26600 -2.00000
105020143 -0.21431 0.27000 -2.00000
105020144 -0.21431 0.27400 -2.00000
105020145 -0.21431 0.27800 -2.00000
105020146 -0.21431 0.28200 -2.00000
105020147 -0.21431 0.28600 -2.00000
105020148 -0.21431 0.29000 -2.00000
105020149 -0.21431 0.29400 -2.00000
105020150 -0.21431 0.29800 -2.00000
105020151 -0.20581 -0.29800 -2.00000
105020152 -0.20581 -0.29400 -2.00000
105020153 -0.20581 -0.29000 -2.00000
105020154 -0.20581 -0.28600 -2.00000
105020155 -0.20581 -0.28200 -2.00000
105020156 -0.20581 -0.27800 -2.00000
105020157 -0.20581 -0.27400 -2.00000
105020158 -0.20581 -0.27000 -2.00000
105020159 -0.20581 -0.26600 -2.00000
105020160 -0.20581 -0.26200 -2.00000
105020161 -0.20581 -0.25800 -2.00000
105020162 -0.20581 -0.25400 -2.00000
105020163 -0.20581 -0.25000 -2.00000
105020164 -0.20581 -0.24600 -2.00000
105020165 -0.20581 -0.24200 -2.00000
105020166 -0.20581 -0.23800 -2.00000
105020167 -0.20581 -0.23400 -2.00000
105020168 -0.20581 -0.23000 -2.00000
105020169 -0.20581 -0.22600 -2.00000
105020170 -0.20581 -0.22200 -2.00000
105020171 -0.20581 -0.21800 -2.00000
105020172 -0.20581 -0.21400 -2.00000
105020173 -0.20581 -0.21000 -2.00000
105020174 -0.20581 -0.20600 -2.00000
105020175 -0.20581 -0.20200 -2.00000
105020176 -0.20581 -0.19800 -2.00000
105020177 -0.20581 -0.19400 -2.00000
105020178 -0.20581 -0.19000 -2.00000
105020179 -0.20581 -0.18600 -2.00000
105020180 -0.20581 -0.18200 -2.00000
105020181 -0.20581 -0.17800 -2.00000
105020182 -0.20581 -0.17400 -2.00000
105020183 -0.20581 -0.17000 -2.00000
105020184 -0.20581 -0.16600 -2.00000
105020185 -0.20581 -0.16200 -2.00000
105020186 -0.20581 -0.15800 -2.00000
105020187 -0.20581 -0.15400 -2.00000
105020188 -0.20581 -0.15000 -2.00000
105020189 -0.20581 -0.14600 -2.00000
105020190 -0.20581 -0.14200 -2.00000
105020191 -0.20581 -0.13800 -2.00000
105020192 -0.20581 -0.13400 -2.00000
105020193 -0.20581 -0.13000 -2.00000
105020194 -0.20581 -0.12600 -2.00000
105020195 -0.20581 -0.12200 -2.00000
105020196 -0.20581 -0.11800 -2.00000
105020197 -0.20581 -0.11400 -2.00000
105020198 -0.20581 -0.11000 -2.00000
105020199 -0.20581 -0.10600 -2.00000
105020200 -0.20581 -0.10200 -2.00000
105020201 -0.20581 -0.09800 -2.00000
105020202 -0.20581 -0.09400 -2.00000
105020203 -0.20581 -0.09000 -2.00000
105020204 -0.20581 -0.08600 -2.00000
105020205 -0.20581 -0.08200 -2.00000
105020206 -0.20581 -0.07800 -2.00000
105020207 -0.20581 -0.07400 -2.00000
105020208 -0.20581 -0.07000 -2.00000
105020209 -0.20581 -0.06600 -2.00000
105020210 -0.20581 -0.06200 -2.00000
105020211 -0.20581 -0.05800 -2.00000
105020212 -0.20581 -0.05400 -2.00000
105020213 -0.20581 -0.05000 -2.00000
105020214 -0.20581 -0.04600 -2.00000
105020215 -0.20581 -0.04200 -2.00000
105020216 -0.20581 -0.03800 -2.00000
105020217 -0.20581 -0.03400 -2.00000
105020218 -0.20581 -0.03000 -2.00000
105020219 -0.20581 -0.02600 -2.00000
105020220 -0.20581 -0.02200 -2.00000
105020221 -0.20581 -0.01800 -2.00000
105020222 -0.20581 -0.01400 -2.00000
105020223 -0.20581 -0.01000 -2.00000
105020224 -0.20581 -0.00600 -2.00000
105020225 -0.20581 -0.00200 -2.00000
105020226 -0.20581 0.00200 -2.00000
105020227 -0.20581 0.00600 -2.00000
105020228 -0.20581 0.01000 -2.00000
105020229 -0.20581 0.01400 -2.00000
105020230 -0.20581 0.01800 -2.00000
105020231 -0.20581 0.02200 -2.00000
105020232 -0.20581 0.02600 -2.00000
105020233 -0.20581 0.03000 -2.00000
105020234 -0.20581 0.03400 -2.00000
105020235 -0.20581 0.03800 -2.00000
105020236 -0.20581 0.04200 -2.00000
105020237 -0.20581 0.04600 -2.00000
105020238 -0.20581 0.05000 -2.00000
105020239 -0.20581 0.05400 -2.00000
105020240 -0.20581 0.05800 -2.00000
105020241 -0.20581 0.06200 -2.00000
105020242 -0.20581 0.06600 -2.00000
105020243 -0.20581 0.07000 -2.00000
105020244 -0.20581 0.07400 -2.00000
105020245 -0.20581 0.07800 -2.00000
105020246 -0.20581 0.08200 -2.00000
105020247 -0.20581 0.08600 -2.00000
105020248 -0.20581 0.09000 -2.00000
105020249 -0.20581 0.09400 -2.00000
105020250 -0.20581 0.09800 -2.00000
105020251 -0.20581 0.10200 -2.00000
105020252 -0.20581 0.10600 -2.00000
105020253 -0.20581 0.11000 -2.00000
105020254 -0.20581 0.11400 -2.00000
105020255 -0.20581 0.11800 -2.00000
105020256 -0.20581 0.12200 -2.00000
105020257 -0.20581 0.12600 -2.00000
105020258 -0.20581 0.13000 -2.00000
105020259 -0.20581 0.13400 -2.00000
105020260 -0.20581 0.13800 -2.00000
105020261 -0.20581 0.14200 -2.00000
105020262 -0.20581 0.14600 -2.00000
105020263 -0.20581 0.15000 -2.00000
105020264 -0.20581 0.15400 -2.00000
105020265 -0.20581 0.15800 -2.00000
105020266 -0.20581 0.16200 -2.00000
105020267 -0.20581 0.16600 -2.00000
105020268 -0.20581 0.17000 -2.00000
105020269 -0.20581 0.17400 -2.00000
105020270 -0.20581 0.17800 -2.00000
105020271 -0.20581 0.18200 -2.00000
105020272 -0.20581 0.18600 -2.00000
105020273 -0.20581 0.19000 -2.00000
105020274 -0.20581 0.19400 -2.00000
105020275 -0.20581 0.19800 -2.00000
105020276 -0.20581 0.20200 -2.00000
105020277 -0.20581 0.20600 -2.00000
105020278 -0.20581 0.21000 -2.00000
105020279 -0.20581 0.21400 -2.00000
105020280 -0.20581 0.21800 -2.00000
105020281 -0.20581 0.22200 -2.00000
105020282 -0.20581 0.22600 -2.00000
105020283 -0.20581 0.23000 -2.00000
105020284 -0.20581 0.23400 -2.00000
105020285 -0.20581 0.23800 -2.00000
105020286 -0.20581 0.24200 -2.00000
105020287 -0.20581 0.24600 -2.00000
105020288 -0.20581 0.25000 -2.00000
105020289 -0.20581 0.25400 -2.00000
105020290 -0.20581 0.25800 -2.00000
105020291 -0.20581 0.26200 -2.00000
105020292 -0.20581 0.26600 -2.00000
105020293 -0.20581 0.27000 -2.00000
105020294 -0.20581 0.27400 -2.00000
105020295 -0.20581 0.27800 -2.00000
105020296 -0.20581 0.28200 -2.00000
105020297 -0.20581 0.28600 -2.00000
105020298 -0.20581 0.29000 -2.00000
105020299 -0.20581 0.29400 -2.00000
105020300 -0.20581 0.29800 -2.00000
105020301 -0.19731 -0.29800 -2.00000
105020302 -0.19731 -0.29400 -2.00000
105020303 -0.19731 -0.29000 -2.00000
105020304 -0.19731 -0.28600 -2.00000
105020305 -0.19731 -0.28200 -2.00000
105020306 -0.19731 -0.27800 -2.00000
105020307 -0.19731 -0.27400 -2.00000
105020308 -0.19731 -0.27000 -2.00000
105020309 -0.19731 -0.26600 -2.00000
105020310 -0.19731 -0.26200 -2.00000
105020311 -0.19731 -0.25800 -2.00000
105020312 -0.19731 -0.25400 -2.00000
105020313 -0.19731 -0.25000 -2.00000
105020314 -0.19731 -0.24600 -2.00000
105020315 -0.19731 -0.24200 -2.00000
105020316 -0.19731 -0.23800 -2.00000
105020317 -0.19731 -0.23400 -2.00000
105020318 -0.19731 -0.23000 -2.00000
105020319 -0.19731 -0.22600 -2.00000
105020320 -0.19731 -0.22200 -2.00000
105020321 -0.19731 -0.21800 -2.00000
105020322 -0.19731 -0.21400 -2.00000
105020323 -0.19731 -0.21000 -2.00000
105020324 -0.19731 -0.20600 -2.00000
105020325 -0.19731 -0.20200 -2.00000
105020326 -0.19731 -0.19800 -2.00000
105020327 -0.19731 -0.19400 -2.00000
105020328 -0.19731 -0.19000 -2.00000
105020329 -0.19731 -0.18600 -2.00000
105020330 -0.19731 -0.18200 -2.00000
105020331 -0.19731 -0.17800 -2.00000
105020332 -0.19731 -0.17400 -2.00000
105020333 -0.19731 -0.17000 -2.00000
105020334 -0.19731 -0.16600 -2.00000
105020335 -0.19731 -0.16200 -2.00000
105020336 -0.19731 -0.15800 -2.00000
105020337 -0.19731 -0.15400 -2.00000
105020338 -0.19731 -0.15000 -2.00000
105020339 -0.19731 -0.14600 -2.00000
105020340 -0.19731 -0.14200 -2.00000
105020341 -0.19731 -0.13800 -2.00000
105020342 -0.19731 -0.13400 -2.00000
105020343 -0.19731 -0.13000 -2.00000
105020344 -0.19731 -0.12600 -2.00000
105020345 -0.19731 -0.12200 -2.00000
105020346 -0.19731 -0.11800 -2.00000
105020347 -0.19731 -0.11400 -2.00000
105020348 -0.19731 -0.11000 -2.00000
105020349 -0.19731 -0.10600 -2.00000
105020350 -0.19731 -0.10200 -2.00000
105020351 -0.19731 -0.09800 -2.00000
105020352 -0.19731 -0.09400 -2.00000
105020353 -0.19731 -0.09000 -2.00000
105020354 -0.19731 -0.08600 -2.00000
105020355 -0.19731 -0.08200 -2.00000
105020356 -0.19731 -0.07800 -2.00000
105020357 -0.19731 -0.07400 -2.00000
105020358 -0.19731 -0.07000 -2.00000
105020359 -0.19731 -0.06600 -2.00000
105020360 -0.19731 -0.06200 -2.00000
105020361 -0.19731 -0.05800 -2.00000
105020362 -0.19731 -0.05400 -2.00000
105020363 -0.19731 -0.05000 -2.00000
105020364 -0.19731 -0.04600 -2.00000
105020365 -0.19731 -0.04200 -2.00000
105020366 -0.19731 -0.03800 -2.00000
105020367 -0.19731 -0.03400 -2.00000
105020368 -0.19731 -0.03000 -2.00000
105020369 -0.19731 -0.02600 -2.00000
105020370 -0.19731 -0.02200 -2.00000
105020371 -0.19731 -0.01800 -2.00000
105020372 -0.19731 -0.01400 -2.00000
105020373 -0.19731 -0.01000 -2.00000
105020374 -0.19731 -0.00600 -2.00000
105020375 -0.19731 -0.00200 -2.00000
105020376 -0.19731 0.00200 -2.00000
105020377 -0.19731 0.00600 -2.00000
105020378 -0.19731 0.01000 -2.00000
105020379 -0.19731 0.01400 -2.00000
105020380 -0.19731 0.01800 -2.00000
105020381 -0.19731 0.02200 -2.00000
105020382 -0.19731 0.02600 -2.00000
105020383 -0.19731 0.03000 -2.00000
105020384 -0.19731 0.03400 -2.00000
105020385 -0.19731 0.03800 -2.00000
105020386 -0.19731 0.04200 -2.00000
105020387 -0.19731 0.04600 -2.00000
105020388 -0.19731 0.05000 -2.00000
105020389 -0.19731 0.05400 -2.00000
105020390 -0.19731 0.05800 -2.00000
105020391 -0.19731 0.06200 -2.00000
105020392 -0.19731 0.06600 -2.00000
105020393 -0.19731 0.07000 -2.00000
105020394 -0.19731 0.07400 -2.00000
105020395 -0.19731 0.07800 -2.00000
105020396 -0.19731 0.08200 -2.00000
105020397 -0.19731 0.08600 -2.00000
105020398 -0.19731 0.09000 -2.00000
105020399 -0.19731 0.09400 -2.00000
105020400 -0.19731 0.09800 -2.00000
105020401 -0.19731 0.10200 -2.00000
105020402 -0.19731 0.10600 -2.00000
105020403 -0.19731 0.11000 -2.00000
105020404 -0.19731 0.11400 -2.00000
105020405 -0.19731 0.11800 -2.00000
105020406 -0.19731 0.12200 -2.00000
105020407 -0.19731 0.12600 -2.00000
105020408 -0.19731 0.13000 -2.00000
105020409 -0.19731 0.13400 -2.00000
105020410 -0.19731 0.13800 -2.00000
105020411 -0.19731 0.14200 -2.00000
105020412 -0.19731 0.14600 -2.00000
105020413 -0.19731 0.15000 -2.00000
105020414 -0.19731 0.15400 -2.00000
105020415 -0.19731 0.15800 -2.00000
105020416 -0.19731 0.16200 -2.00000
105020417 -0.19731 0.16600 -2.00000
105020418 -0.19731 0.17000 -2.00000
105020419 -0.19731 0.17400 -2.00000
105020420 -0.19731 0.17800 -2.00000
105020421 -0.19731 0.18200 -2.00000
105020422 -0.19731 0.18600 -2.00000
105020423 -0.19731 0.19000 -2.00000
105020424 -0.19731 0.19400 -2.00000
105020425 -0.19731 0.19800 -2.00000
105020426 -0.19731 0.20200 -2.00000
105020427 -0.19731 0.20600 -2.00000
105020428 -0.19731 0.21000 -2.00000
105020429 -0.19731 0.21400 -2.00000
105020430 -0.19731 0.21800 -2.00000
105020431 -0.19731 0.22200 -2.00000
105020432 -0.19731 0.22600 -2.00000
105020433 -0.19731 0.23000 -2.00000
105020434 -0.19731 0.23400 -2.00000
105020435 -0.19731 0.23800 -2.00000
105020436 -0.19731 0.24200 -2.00000
105020437 -0.19731 0.24600 -2.00000
105020438 -0.19731 0.25000 -2.00000
105020439 -0.19731 0.25400 -2.00000
105020440 -0.19731 0.25800 -2.00000
105020441 -0.19731 0.26200 -2.00000
105020442 -0.19731 0.26600 -2.00000
105020443 -0.19731 0.27000 -2.00000
105020444 -0.19731 0.27400 -2.00000
105020445 -0.19731 0.27800 -2.00000
105020446 -0.19731 0.28200 -2.00000
105020447 -0.19731 0.28600 -2.00000
105020448 -0.19731 0.29000 -2.00000
105020449 -0.19731 0.29400 -2.00000
105020450 -0.19731 0.29800 -2.00000
105020451 -0.18881 -0.29800 -2.00000
105020452 -0.18881 -0.29400 -2.00000
105020453 -0.18881 -0.29000 -2.00000
105020454 -0.18881 -0.28600 -2.00000
105020455 -0.18881 -0.28200 -2.00000
105020456 -0.18881 -0.27800 -2.00000
105020457 -0.18881 -0.27400 -2.00000
105020458 -0.18881 -0.27000 -2.00000
105020459 -0.18881 -0.26600 -2.00000
105020460 -0.18881 -0.26200 -2.00000
105020461 -0.18881 -0.25800 -2.00000
105020462 -0.18881 -0.25400 -2.00000
105020463 -0.18881 -0.25000 -2.00000
105020464 -0.18881 -0.24600 -2.00000
105020465 -0.18881 -0.24200 -2.00000
105020466 -0.18881 -0.23800 -2.00000
105020467 -0.18881 -0.23400 -2.00000
105020468 -0.18881 -0.23000 -2.00000
105020469 -0.18881 -0.22600 -2.00000
105020470 -0.18881 -0.22200 -2.00000
105020471 -0.18881 -0.21800 -2.00000
105020472 -0.18881 -0.21400 -2.00000
105020473 -0.18881 -0.21000 -2.00000
105020474 -0.18881 -0.20600 -2.00000
105020475 -0.18881 -0.20200 -2.00000
105020476 -0.18881 -0.19800 -2.00000
105020477 -0.18881 -0.19400 -2.00000
105020478 -0.18881 -0.19000 -2.00000
105020479 -0.18881 -0.18600 -2.00000
105020480 -0.18881 -0.18200 -2.00000
105020481 -0.18881 -0.17800 -2.00000
105020482 -0.18881 -0.17400 -2.00000
105020483 -0.18881 -0.17000 -2.00000
105020484 -0.18881 -0.16600 -2.00000
105020485 -0.18881 -0.16200 -2.00000
105020486 -0.18881 -0.15800 -2.00000
105020487 -0.18881 -0.15400 -2.00000
105020488 -0.18881 -0.15000 -2.00000
105020489 -0.18881 -0.14600 -2.00000
105020490 -0.18881 -0.14200 -2.00000
105020491 -0.18881 -0.13800 -2.00000
105020492 -0.18881 -0.13400 -2.00000
105020493 -0.18881 -0.13000 -2.00000
105020494 -0.18881 -0.12600 -2.00000
105020495 -0.18881 -0.12200 -2.00000
105020496 -0.18881 -0.11800 -2.00000
105020497 -0.18881 -0.11400 -2.00000
105020498 -0.18881 -0.11000 -2.00000
105020499 -0.18881 -0.10600 -2.00000
105020500 -0.18881 -0.10200 -2.00000
105020501 -0.18881 -0.09800 -2.00000
105020502 -0.18881 -0.09400 -2.00000
105020503 -0.18881 -0.09000 -2.00000
105020504 -0.18881 -0.08600 -2.00000
105020505 -0.18881 -0.08200 -2.00000
105020506 -0.18881 -0.07800 -2.00000
105020507 -0.18881 -0.07400 -2.00000
105020508 -0.18881 -0.07000 -2.00000
105020509 -0.18881 -0.06600 -2.00000
105020510 -0.18881 -0.06200 -2.00000
105020511 -0.18881 -0.05800 -2.00000
105020512 -0.18881 -0.05400 -2.00000
105020513 -0.18881 -0.05000 -2.00000
105020514 -0.18881 -0.04600 -2.00000
105020515 -0.18881 -0.04200 -2.00000
105020516 -0.18881 -0.03800 -2.00000
105020517 -0.18881 -0.03400 -2.00000
105020518 -0.18881 -0.03000 -2.00000
105020519 -0.18881 -0.02600 -2.00000
105020520 -0.18881 -0.02200 -2.00000
105020521 -0.18881 -0.01800 -2.00000
105020522 -0.18881 -0.01400 -2.00000
105020523 -0.18881 -0.01000 -2.00000
105020524 -0.18881 -0.00600 -2.00000
105020525 -0.18881 -0.00200 -2.00000
105020526 -0.18881 0.00200 -2.00000
105020527 -0.18881 0.00600 -2.00000
105020528 -0.18881 0.01000 -2.00000
105020529 -0.18881 0.01400 -2.00000
105020530 -0.18881 0.01800 -2.00000
105020531 -0.18881 0.02200 -2.00000
105020532 -0.18881 0.02600 -2.00000
105020533 -0.18881 0.03000 -2.00000
105020534 -0.18881 0.03400 -2.00000
105020535 -0.18881 0.03800 -2.00000
105020536 -0.18881 0.04200 -2.00000
105020537 -0.18881 0.04600 -2.00000
105020538 -0.18881 0.05000 -2.00000
105020539 -0.18881 0.05400 -2.00000
105020540 -0.18881 0.05800 -2.00000
105020541 -0.18881 0.06200 -2.00000
105020542 -0.18881 0.06600 -2.00000
105020543 -0.18881 0.07000 -2.00000
105020544 -0.18881 0.07400 -2.00000
105020545 -0.18881 0.07800 -2.00000
105020546 -0.18881 0.08200 -2.00000
105020547 -0.18881 0.08600 -2.00000
105020548 -0.18881 0.09000 -2.00000
105020549 -0.18881 0.09400 -2.00000
105020550 -0.18881 0.09800 -2.00000
105020551 -0.18881 0.10200 -2.00000
105020552 -0.18881 0.10600 -2.00000
105020553 -0.18881 0.11000 -2.00000
105020554 -0.18881 0.11400 -2.00000
105020555 -0.18881 0.11800 -2.00000
105020556 -0.18881 0.12200 -2.00000
105020557 -0.18881 0.12600 -2.00000
105020558 -0.18881 0.13000 -2.00000
105020559 -0.18881 0.13400 -2.00000
105020560 -0.18881 0.13800 -2.00000
105020561 -0.18881 0.14200 -2.00000
105020562 -0.18881 0.14600 -2.00000
105020563 -0.18881 0.15000 -2.00000
105020564 -0.18881 0.15400 -2.00000
105020565 -0.18881 0.15800 -2.00000
105020566 -0.18881 0.16200 -2.00000
105020567 -0.18881 0.16600 -2.00000
105020568 -0.18881 0.17000 -2.00000
105020569 -0.18881 0.17400 -2.00000
105020570 -0.18881 0.17800 -2.00000
105020571 -0.18881 0.18200 -2.00000
105020572 -0.18881 0.18600 -2.00000
105020573 -0.18881 0.19000 -2.00000
105020574 -0.18881 0.19400 -2.00000
105020575 -0.18881 0.19800 -2.00000
105020576 -0.18881 0.20200 -2.00000
105020577 -0.18881 0.20600 -2.00000
105020578 -0.18881 0.21000 -2.00000
105020579 -0.18881 0.21400 -2.00000
105020580 -0.18881 0.21800 -2.00000
105020581 -0.18881 0.22200 -2.00000
105020582 -0.18881 0.22600 -2.00000
105020583 -0.18881 0.23000 -2.00000
105020584 -0.18881 0.23400 -2.00000
105020585 -0.18881 0.23800 -2.00000
105020586 -0.18881 0.24200 -2.00000
105020587 -0.18881 0.24600 -2.00000
105020588 -0.18881 0.25000 -2.00000
105020589 -0.18881 0.25400 -2.00000
105020590 -0.18881 0.25800 -2.00000
105020591 -0.18881 0.26200 -2.00000
105020592 -0.18881 0.26600 -2.00000
105020593 -0.18881 0.27000 -2.00000
105020594 -0.18881 0.27400 -2.00000
105020595 -0.18881 0.27800 -2.00000
105020596 -0.18881 0.28200 -2.00000
105020597 -0.18881 0.28600 -2.00000
105020598 -0.18881 0.29000 -2.00000
105020599 -0.18881 0.29400 -2.00000
105020600 -0.18881 0.29800 -2.00000
105020601 -0.18031 -0.29800 -2.00000
105020602 -0.18031 -0.29400 -2.00000
105020603 -0.18031 -0.29000 -2.00000
105020604 -0.18031 -0.28600 -2.00000
105020605 -0.18031 -0.28200 -2.00000
105020606 -0.18031 -0.27800 -2.00000
105020607 -0.18031 -0.27400 -2.00000
105020608 -0.18031 -0.27000 -2.00000
105020609 -0.18031 -0.26600 -2.00000
105020610 -0.18031 -0.26200 -2.00000
105020611 -0.18031 -0.25800 -2.00000
105020612 -0.18031 -0.25400 -2.00000
105020613 -0.18031 -0.25000 -2.00000
105020614 -0.18031 -0.24600 -2.00000
105020615 -0.18031 -0.24200 -2.00000
105020616 -0.18031 -0.23800 -2.00000
105020617 -0.18031 -0.23400 -2.00000
105020618 -0.18031 -0.23000 -2.00000
105020619 -0.18031 -0.22600 -2.00000
105020620 -0.18031 -0.22200 -2.00000
105020621 -0.18031 -0.21800 -2.00000
105020622 -0.18031 -0.21400 -2.00000
105020623 -0.18031 -0.21000 -2.00000
105020624 -0.18031 -0.20600 -2.00000
105020625 -0.18031 -0.20200 -2.00000
105020626 -0.18031 -0.19800 -2.00000
105020627 -0.18031 -0.19400 -2.00000
105020628 -0.18031 -0.19000 -2.00000
105020629 -0.18031 -0.18600 -2.00000
105020630 -0.18031 -0.18200 -2.00000
105020631 -0.18031 -0.17800 -2.00000
105020632 -0.18031 -0.17400 -2.00000
105020633 -0.18031 -0.17000 -2.00000
105020634 -0.18031 -0.16600 -2.00000
105020635 -0.18031 -0.16200 -2.00000
105020636 -0.18031 -0.15800 -2.00000
105020637 -0.18031 -0.15400 -2.00000
105020638 -0.18031 -0.15000 -2.00000
105020639 -0.18031 -0.14600 -2.00000
105020640 -0.18031 -0.14200 -2.00000
105020641 -0.18031 -0.13800 -2.00000
105020642 -0.18031 -0.13400 -2.00000
105020643 -0.18031 -0.13000 -2.00000
105020644 -0.18031 -0.12600 -2.00000
105020645 -0.18031 -0.12200 -2.00000
105020646 -0.18031 -0.11800 -2.00000
105020647 -0.18031 -0.11400 -2.00000
105020648 -0.18031 -0.11000 -2.00000
105020649 -0.18031 -0.10600 -2.00000
105020650 -0.18031 -0.10200 -2.00000
105020651 -0.18031 -0.09800 -2.00000
105020652 -0.18031 -0.09400 -2.00000
105020653 -0.18031 -0.09000 -2.00000
105020654 -0.18031 -0.08600 -2.00000
105020655 -0.18031 -0.08200 -2.00000
105020656 -0.18031 -0.07800 -2.00000
105020657 -0.18031 -0.07400 -2.00000
105020658 -0.18031 -0.07000 -2.00000
105020659 -0.18031 -0.06600 -2.00000
105020660 -0.18031 -0.06200 -2.00000
105020661 -0.18031 -0.05800 -2.00000
105020662 -0.18031 -0.05400 -2.00000
105020663 -0.18031 -0.05000 -2.00000
105020664 -0.18031 -0.04600 -2.00000
105020665 -0.18031 -0.04200 -2.00000
105020666 -0.18031 -0.03800 -2.00000
105020667 -0.18031 -0.03400 -2.00000
105020668 -0.18031 -0.03000 -2.00000
105020669 -0.18031 -0.02600 -2.00000
105020670 -0.18031 -0.02200 -2.00000
105020671 -0.18031 -0.01800 -2.00000
105020672 -0.18031 -0.01400 -2.00000
105020673 -0.18031 -0.01000 -2.00000
105020674 -0.18031 -0.00600 -2.00000
105020675 -0.18031 -0.00200 -2.00000
105020676 -0.18031 0.00200 -2.00000
105020677 -0.18031 0.00600 -2.00000
105020678 -0.18031 0.01000 -2.00000
105020679 -0.18031 0.01400 -2.00000
105020680 -0.18031 0.01800 -2.00000
105020681 -0.18031 0.02200 -2.00000
105020682 -0.18031 0.02600 -2.00000
105020683 -0.18031 0.03000 -2.00000
105020684 -0.18031 0.03400 -2.00000
105020685 -0.18031 0.03800 -2.00000
105020686 -0.18031 0.04200 -2.00000
105020687 -0.18031 0.04600 -2.00000
105020688 -0.18031 0.05000 -2.00000
105020689 -0.18031 0.05400 -2.00000
105020690 -0.18031 0.05800 -2.00000
105020691 -0.18031 0.06200 -2.00000
105020692 -0.18031 0.06600 -2.00000
105020693 -0.18031 0.07000 -2.00000
105020694 -0.18031 0.07400 -2.00000
105020695 -0.18031 0.07800 -2.00000
105020696 -0.18031 0.08200 -2.00000
105020697 -0.18031 0.08600 -2.00000
105020698 -0.18031 0.09000 -2.00000
105020699 -0.18031 0.09400 -2.00000
105020700 -0.18031 0.09800 -2.00000
105020701 -0.18031 0.10200 -2.00000
105020702 -0.18031 0.10600 -2.00000
105020703 -0.18031 0.11000 -2.00000
105020704 -0.18031 0.11400 -2.00000
105020705 -0.18031 0.11800 -2.00000
105020706 -0.18031 0.12200 -2.00000
105020707 -0.18031 0.12600 -2.00000
105020708 -0.18031 0.13000 -2.00000
105020709 -0.18031 0.13400 -2.00000
105020710 -0.18031 0.13800 -2.00000
105020711 -0.18031 0.14200 -2.00000
105020712 -0.18031 0.14600 -2.00000
105020713 -0.18031 0.15000 -2.00000
105020714 -0.18031 0.15400 -2.00000
105020715 -0.18031 0.15800 -2.00000
105020716 -0.18031 0.16200 -2.00000
105020717 -0.18031 0.16600 -2.00000
105020718 -0.18031 0.17000 -2.00000
105020719 -0.18031 0.17400 -2.00000
105020720 -0.18031 0.17800 -2.00000
105020721 -0.18031 0.18200 -2.00000
105020722 -0.18031 0.18600 -2.00000
105020723 -0.18031 0.19000 -2.00000
105020724 -0.18031 0.19400 -2.00000
105020725 -0.18031 0.19800 -2.00000
105020726 -0.18031 0.20200 -2.00000
105020727 -0.18031 0.20600 -2.00000
105020728 -0.18031 0.21000 -2.00000
105020729 -0.18031 0.21400 -2.00000
105020730 -0.18031 0.21800 -2.00000
105020731 -0.18031 0.22200 -2.00000
105020732 -0.18031 0.22600 -2.00000
105020733 -0.18031 0.23000 -2.00000
105020734 -0.18031 0.23400 -2.00000
105020735 -0.18031 0.23800 -2.00000
105020736 -0.18031 0.24200 -2.00000
105020737 -0.18031 0.24600 -2.00000
105020738 -0.18031 0.25000 -2.00000
105020739 -0.18031 0.25400 -2.00000
105020740 -0.18031 0.25800 -2.00000
105020741 -0.18031 0.26200 -2.00000
105020742 -0.18031 0.26600 -2.00000
105020743 -0.18031 0.27000 -2.00000
105020744 -0.18031 0.27400 -2.00000
105020745 -0.18031 0.27800 -2.00000
105020746 -0.18031 0.28200 -2.00000
105020747 -0.18031 0.28600 -2.00000
105020748 -0.18031 0.29000 -2.00000
105020749 -0.18031 0.29400 -2.00000
105020750 -0.18031 0.29800 -2.00000
105020751 -0.17181 -0.29800 -2.00000
105020752 -0.17181 -0.29400 -2.00000
105020753 -0.17181 -0.29000 -2.00000
105020754 -0.17181 -0.28600 -2.00000
105020755 -0.17181 -0.28200 -2.00000
105020756 -0.17181 -0.27800 -2.00000
105020757 -0.17181 -0.27400 -2.00000
105020758 -0.17181 -0.27000 -2.00000
105020759 -0.17181 -0.26600 -2.00000
105020760 -0.17181 -0.26200 -2.00000
105020761 -0.17181 -0.25800 -2.00000
105020762 -0.17181 -0.25400 -2.00000
105020763 -0.17181 -0.25000 -2.00000
105020764 -0.17181 -0.24600 -2.00000
105020765 -0.17181 -0.24200 -2.00000
105020766 -0.17181 -0.23800 -2.00000
105020767 -0.17181 -0.23400 -2.00000
105020768 -0.17181 -0.23000 -2.00000
105020769 -0.17181 -0.22600 -2.00000
105020770 -0.17181 -0.22200 -2.00000
105020771 -0.17181 -0.21800 -2.00000
105020772 -0.17181 -0.21400 -2.00000
105020773 -0.17181 -0.21000 -2.00000
105020774 -0.17181 -0.20600 -2.00000
105020775 -0.17181 -0.20200 -2.00000
105020776 -0.17181 -0.19800 -2.00000
105020777 -0.17181 -0.19400 -2.00000
105020778 -0.17181 -0.19000 -2.00000
105020779 -0.17181 -0.18600 -2.00000
105020780 -0.17181 -0.18200 -2.00000
105020781 -0.17181 -0.17800 -2.00000
105020782 -0.17181 -0.17400 -2.00000
105020783 -0.17181 -0.17000 -2.00000
105020784 -0.17181 -0.16600 -2.00000
105020785 -0.17181 -0.16200 -2.00000
105020786 -0.17181 -0.15800 -2.00000
105020787 -0.17181 -0.15400 -2.00000
105020788 -0.17181 -0.15000 -2.00000
105020789 -0.17181 -0.14600 -2.00000
105020790 -0.17181 -0.14200 -2.00000
105020791 -0.17181 -0.13800 -2.00000
105020792 -0.17181 -0.13400 -2.00000
105020793 -0.17181 -0.13000 -2.00000
105020794 -0.17181 -0.12600 -2.00000
105020795 -0.17181 -0.12200 -2.00000
105020796 -0.17181 -0.11800 -2.00000
105020797 -0.17181 -0.11400 -2.00000
105020798 -0.17181 -0.11000 -2.00000
105020799 -0.17181 -0.10600 -2.00000
105020800 -0.17181 -0.10200 -2.00000
105020801 -0.17181 -0.09800 -2.00000
105020802 -0.17181 -0.09400 -2.00000
105020803 -0.17181 -0.09000 -2.00000
105020804 -0.17181 -0.08600 -2.00000
105020805 -0.17181 -0.08200 -2.00000
105020806 -0.17181 -0.07800 -2.00000
105020807 -0.17181 -0.07400 -2.00000
105020808 -0.17181 -0.07000 -2.00000
105020809 -0.17181 -0.06600 -2.00000
105020810 -0.17181 -0.06200 -2.00000
105020811 -0.17181 -0.05800 -2.00000
105020812 -0.17181 -0.05400 -2.00000
105020813 -0.17181 -0.05000 -2.00000
105020814 -0.17181 -0.04600 -2.00000
105020815 -0.17181 -0.04200 -2.00000
105020816 -0.17181 -0.03800 -2.00000
105020817 -0.17181 -0.03400 -2.00000
105020818 -0.17181 -0.03000 -2.00000
105020819 -0.17181 -0.02600 -2.00000
105020820 -0.17181 -0.02200 -2.00000
105020821 -0.17181 -0.01800 -2.00000
105020822 -0.17181 -0.01400 -2.00000
105020823 -0.17181 -0.01000 -2.00000
105020824 -0.17181 -0.00600 -2.00000
105020825 -0.17181 -0.00200 -2.00000
105020826 -0.17181 0.00200 -2.00000
105020827 -0.17181 0.00600 -2.00000
105020828 -0.17181 0.01000 -2.00000
105020829 -0.17181 0.01400 -2.00000
105020830 -0.17181 0.01800 -2.00000
105020831 -0.17181 0.02200 -2.00000
105020832 -0.17181 0.02600 -2.00000
105020833 -0.17181 0.03000 -2.00000
105020834 -0.17181 0.03400 -2.00000
105020835 -0.17181 0.03800 -2.00000
105020836 -0.17181 0.04200 -2.00000
105020837 -0.17181 0.04600 -2.00000
105020838 -0.17181 0.05000 -2.00000
105020839 -0.17181 0.05400 -2.00000
105020840 -0.17181 0.05800 -2.00000
105020841 -0.17181 0.06200 -2.00000
105020842 -0.17181 0.06600 -2.00000
105020843 -0.17181 0.07000 -2.00000
105020844 -0.17181 0.07400 -2.00000
105020845 -0.17181 0.07800 -2.00000
105020846 -0.17181 0.08200 -2.00000
105020847 -0.17181 0.08600 -2.00000
105020848 -0.17181 0.09000 -2.00000
105020849 -0.17181 0.09400 -2.00000
105020850 -0.17181 0.09800 -2.00000
105020851 -0.17181 0.10200 -2.00000
105020852 -0.17181 0.10600 -2.00000
105020853 -0.17181 0.11000 -2.00000
105020854 -0.17181 0.11400 -2.00000
105020855 -0.17181 0.11800 -2.00000
105020856 -0.17181 0.12200 -2.00000
105020857 -0.17181 0.12600 -2.00000
105020858 -0.17181 0.13000 -2.00000
105020859 -0.17181 0.13400 -2.00000
105020860 -0.17181 0.13800 -2.00000
105020861 -0.17181 0.14200 -2.00000
105020862 -0.17181 0.14600 -2.00000
105020863 -0.17181 0.15000 -2.00000
105020864 -0.17181 0.15400 -2.00000
105020865 -0.17181 0.15800 -2.00000
105020866 -0.17181 0.16200 -2.00000
105020867 -0.17181 0.16600 -2.00000
105020868 -0.17181 0.17000 -2.00000
105020869 -0.17181 0.17400 -2.00000
105020870 -0.17181 0.17800 -2.00000
105020871 -0.17181 0.18200 -2.00000
105020872 -0.17181 0.18600 -2.00000
105020873 -0.17181 0.19000 -2.00000
105020874 -0.17181 0.19400 -2.00000
105020875 -0.17181 0.19800 -2.00000
105020876 -0.17181 0.20200 -2.00000
105020877 -0.17181 0.20600 -2.00000
105020878 -0.17181 0.21000 -2.00000
105020879 -0.17181 0.21400 -2.00000
105020880 -0.17181 0.21800 -2.00000
105020881 -0.17181 0.22200 -2.00000
105020882 -0.17181 0.22600 -2.00000
105020883 -0.17181 0.23000 -2.00000
105020884 -0.17181 0.23400 -2.00000
105020885 -0.17181 0.23800 -2.00000
105020886 -0.17181 0.24200 -2.00000
105020887 -0.17181 0.24600 -2.00000
105020888 -0.17181 0.25000 -2.00000
105020889 -0.17181 0.25400 -2.00000
105020890 -0.17181 0.25800 -2.00000
105020891 -0.17181 0.26200 -2.00000
105020892 -0.17181 0.26600 -2.00000
105020893 -0.17181 0.27000 -2.00000
105020894 -0.17181 0.27400 -2.00000
105020895 -0.17181 0.27800 -2.00000
105020896 -0.17181 0.28200 -2.00000
105020897 -0.17181 0.28600 -2.00000
105020898 -0.17181 0.29000 -2.00000
105020899 -0.17181 0.29400 -2.00000
105020900 -0.17181 0.29800 -2.00000
105020901 -0.16331 -0.29800 -2.00000
105020902 -0.16331 -0.29400 -2.00000
105020903 -0.16331 -0.29000 -2.00000
105020904 -0.16331 -0.28600 -2.00000
105020905 -0.16331 -0.28200 -2.00000
105020906 -0.16331 -0.27800 -2.00000
105020907 -0.16331 -0.27400 -2.00000
105020908 -0.16331 -0.27000 -2.00000
105020909 -0.16331 -0.26600 -2.00000
105020910 -0.16331 -0.26200 -2.00000
105020911 -0.16331 -0.25800 -2.00000
105020912 -0.16331 -0.25400 -2.00000
105020913 -0.16331 -0.25000 -2.00000
105020914 -0.16331 -0.24600 -2.00000
105020915 -0.16331 -0.24200 -2.00000
105020916 -0.16331 -0.23800 -2.00000
105020917 -0.16331 -0.23400 -2.00000
105020918 -0.16331 -0.23000 -2.00000
105020919 -0.16331 -0.22600 -2.00000
105020920 -0.16331 -0.22200 -2.00000
105020921 -0.16331 -0.21800 -2.00000
105020922 -0.16331 -0.21400 -2.00000
105020923 -0.16331 -0.21000 -2.00000
105020924 -0.16331 -0.20600 -2.00000
105020925 -0.16331 -0.20200 -2.00000
105020926 -0.16331 -0.19800 -2.00000
105020927 -0.16331 -0.19400 -2.00000
105020928 -0.16331 -0.19000 -2.00000
105020929 -0.16331 -0.18600 -2.00000
105020930 -0.16331 -0.18200 -2.00000
105020931 -0.16331 -0.17800 -2.00000
105020932 -0.16331 -0.17400 -2.00000
105020933 -0.16331 -0.17000 -2.00000
105020934 -0.16331 -0.16600 -2.00000
105020935 -0.16331 -0.16200 -2.00000
105020936 -0.16331 -0.15800 -2.00000
105020937 -0.16331 -0.15400 -2.00000
105020938 -0.16331 -0.15000 -2.00000
105020939 -0.16331 -0.14600 -2.00000
105020940 -0.16331 -0.14200 -2.00000
105020941 -0.16331 -0.13800 -2.00000
105020942 -0.16331 -0.13400 -2.00000
105020943 -0.16331 -0.13000 -2.00000
105020944 -0.16331 -0.12600 -2.00000
105020945 -0.16331 -0.12200 -2.00000
105020946 -0.16331 -0.11800 -2.00000
105020947 -0.16331 -0.11400 -2.00000
105020948 -0.16331 -0.11000 -2.00000
105020949 -0.16331 -0.10600 -2.00000
105020950 -0.16331 -0.10200 -2.00000
105020951 -0.16331 -0.09800 -2.00000
105020952 -0.16331 -0.09400 -2.00000
105020953 -0.16331 -0.09000 -2.00000
105020954 -0.16331 -0.08600 -2.00000
105020955 -0.16331 -0.08200 -2.00000
105020956 -0.16331 -0.07800 -2.00000
105020957 -0.16331 -0.07400 -2.00000
105020958 -0.16331 -0.07000 -2.00000
105020959 -0.16331 -0.06600 -2.00000
105020960 -0.16331 -0.06200 -2.00000
105020961 -0.16331 -0.05800 -2.00000
105020962 -0.16331 -0.05400 -2.00000
105020963 -0.16331 -0.05000 -2.00000
105020964 -0.16331 -0.04600 -2.00000
105020965 -0.16331 -0.04200 -2.00000
105020966 -0.16331 -0.03800 -2.00000
105020967 -0.16331 -0.03400 -2.00000
105020968 -0.16331 -0.03000 -2.00000
105020969 -0.16331 -0.02600 -2.00000
105020970 -0.16331 -0.02200 -2.00000
105020971 -0.16331 -0.01800 -2.00000
105020972 -0.16331 -0.01400 -2.00000
105020973 -0.16331 -0.01000 -2.00000
105020974 -0.16331 -0.00600 -2.00000
105020975 -0.16331 -0.00200 -2.00000
105020976 -0.16331 0.00200 -2.00000
105020977 -0.16331 0.00600 -2.00000
105020978 -0.16331 0.01000 -2.00000
105020979 -0.16331 0.01400 -2.00000
105020980 -0.16331 0.01800 -2.00000
105020981 -0.16331 0.02200 -2.00000
105020982 -0.16331 0.02600 -2.00000
105020983 -0.16331 0.03000 -2.00000
105020984 -0.16331 0.03400 -2.00000
105020985 -0.16331 0.03800 -2.00000
105020986 -0.16331 0.04200 -2.00000
105020987 -0.16331 0.04600 -2.00000
105020988 -0.16331 0.05000 -2.00000
105020989 -0.16331 0.05400 -2.00000
105020990 -0.16331 0.05800 -2.00000
105020991 -0.16331 0.06200 -2.00000
105020992 -0.16331 0.06600 -2.00000
105020993 -0.16331 0.07000 -2.00000
105020994 -0.16331 0.07400 -2.00000
105020995 -0.16331 0.07800 -2.00000
105020996 -0.16331 0.08200 -2.00000
105020997 -0.16331 0.08600 -2.00000
105020998 -0.16331 0.09000 -2.00000
105020999 -0.16331 0.09400 -2.00000
105021000 -0.16331 0.09800 -2.00000
105021001 -0.16331 0.10200 -2.00000
105021002 -0.16331 0.10600 -2.00000
105021003 -0.16331 0.11000 -2.00000
105021004 -0.16331 0.11400 -2.00000
105021005 -0.16331 0.11800 -2.00000
105021006 -0.16331 0.12200 -2.00000
105021007 -0.16331 0.12600 -2.00000
105021008 -0.16331 0.13000 -2.00000
105021009 -0.16331 0.13400 -2.00000
105021010 -0.16331 0.13800 -2.00000
105021011 -0.16331 0.14200 -2.00000
105021012 -0.16331 0.14600 -2.00000
105021013 -0.16331 0.15000 -2.00000
105021014 -0.16331 0.15400 -2.00000
105021015 -0.16331 0.15800 -2.00000
105021016 -0.16331 0.16200 -2.00000
105021017 -0.16331 0.16600 -2.00000
105021018 -0.16331 0.17000 -2.00000
105021019 -0.16331 0.17400 -2.00000
105021020 -0.16331 0.17800 -2.00000
105021021 -0.16331 0.18200 -2.00000
105021022 -0.16331 0.18600 -2.00000
105021023 -0.16331 0.19000 -2.00000
105021024 -0.16331 0.19400 -2.00000
105021025 -0.16331 0.19800 -2.00000
105021026 -0.16331 0.20200 -2.00000
105021027 -0.16331 0.20600 -2.00000
105021028 -0.16331 0.21000 -2.00000
105021029 -0.16331 0.21400 -2.00000
105021030 -0.16331 0.21800 -2.00000
105021031 -0.16331 0.22200 -2.00000
105021032 -0.16331 0.22600 -2.00000
105021033 -0.16331 0.23000 -2.00000
105021034 -0.16331 0.23400 -2.00000
105021035 -0.16331 0.23800 -2.00000
105021036 -0.16331 0.24200 -2.00000
105021037 -0.16331 0.24600 -2.00000
105021038 -0.16331 0.25000 -2.00000
105021039 -0.16331 0.25400 -2.00000
105021040 -0.16331 0.25800 -2.00000
105021041 -0.16331 0.26200 -2.00000
105021042 -0.16331 0.26600 -2.00000
105021043 -0.16331 0.27000 -2.00000
105021044 -0.16331 0.27400 -2.00000
105021045 -0.16331 0.27800 -2.00000
105021046 -0.16331 0.28200 -2.00000
105021047 -0.16331 0.28600 -2.00000
105021048 -0.16331 0.29000 -2.00000
105021049 -0.16331 0.29400 -2.00000
105021050 -0.16331 0.29800 -2.00000
105021051 -0.15481 -0.29800 -2.00000
105021052 -0.15481 -0.29400 -2.00000
105021053 -0.15481 -0.29000 -2.00000
105021054 -0.15481 -0.28600 -2.00000
105021055 -0.15481 -0.28200 -2.00000
105021056 -0.15481 -0.27800 -2.00000
105021057 -0.15481 -0.27400 -2.00000
105021058 -0.15481 -0.27000 -2.00000
105021059 -0.15481 -0.26600 -2.00000
105021060 -0.15481 -0.26200 -2.00000
105021061 -0.15481 -0.25800 -2.00000
105021062 -0.15481 -0.25400 -2.00000
105021063 -0.15481 -0.25000 -2.00000
105021064 -0.15481 -0.24600 -2.00000
105021065 -0.15481 -0.24200 -2.00000
105021066 -0.15481 -0.23800 -2.00000
105021067 -0.15481 -0.23400 -2.00000
105021068 -0.15481 -0.23000 -2.00000
105021069 -0.15481 -0.22600 -2.00000
105021070 -0.15481 -0.22200 -2.00000
105021071 -0.15481 -0.21800 -2.00000
105021072 -0.15481 -0.21400 -2.00000
105021073 -0.15481 -0.21000 -2.00000
105021074 -0.15481 -0.20600 -2.00000
105021075 -0.15481 -0.20200 -2.00000
105021076 -0.15481 -0.19800 -2.00000
105021077 -0.15481 -0.19400 -2.00000
105021078 -0.15481 -0.19000 -2.00000
105021079 -0.15481 -0.18600 -2.00000
105021080 -0.15481 -0.18200 -2.00000
105021081 -0.15481 -0.17800 -2.00000
105021082 -0.15481 -0.17400 -2.00000
105021083 -0.15481 -0.17000 -2.00000
105021084 -0.15481 -0.16600 -2.00000
105021085 -0.15481 -0.16200 -2.00000
105021086 -0.15481 -0.15800 -2.00000
105021087 -0.15481 -0.15400 -2.00000
105021088 -0.15481 -0.15000 -2.00000
105021089 -0.15481 -0.14600 -2.00000
105021090 -0.15481 -0.14200 -2.00000
105021091 -0.15481 -0.13800 -2.00000
105021092 -0.15481 -0.13400 -2.00000
105021093 -0.15481 -0.13000 -2.00000
105021094 -0.15481 -0.12600 -2.00000
105021095 -0.15481 -0.12200 -2.00000
105021096 -0.15481 -0.11800 -2.00000
105021097 -0.15481 -0.11400 -2.00000
105021098 -0.15481 -0.11000 -2.00000
105021099 -0.15481 -0.10600 -2.00000
105021100 -0.15481 -0.10200 -2.00000
105021101 -0.15481 -0.09800 -2.00000
105021102 -0.15481 -0.09400 -2.00000
105021103 -0.15481 -0.09000 -2.00000
105021104 -0.15481 -0.08600 -2.00000
105021105 -0.15481 -0.08200 -2.00000
105021106 -0.15481 -0.07800 -2.00000
105021107 -0.15481 -0.07400 -2.00000
105021108 -0.15481 -0.07000 -2.00000
105021109 -0.15481 -0.06600 -2.00000
105021110 -0.15481 -0.06200 -2.00000
105021111 -0.15481 -0.05800 -2.00000
105021112 -0.15481 -0.05400 -2.00000
105021113 -0.15481 -0.05000 -2.00000
105021114 -0.15481 -0.04600 -2.00000
105021115 -0.15481 -0.04200 -2.00000
105021116 -0.15481 -0.03800 -2.00000
105021117 -0.15481 -0.03400 -2.00000
105021118 -0.15481 -0.03000 -2.00000
105021119 -0.15481 -0.02600 -2.00000
105021120 -0.15481 -0.02200 -2.00000
105021121 -0.15481 -0.01800 -2.00000
105021122 -0.15481 -0.01400 -2.00000
105021123 -0.15481 -0.01000 -2.00000
105021124 -0.15481 -0.00600 -2.00000
105021125 -0.15481 -0.00200 -2.00000
105021126 -0.15481 0.00200 -2.00000
105021127 -0.15481 0.00600 -2.00000
105021128 -0.15481 0.01000 -2.00000
105021129 -0.15481 0.01400 -2.00000
105021130 -0.15481 0.01800 -2.00000
105021131 -0.15481 0.02200 -2.00000
105021132 -0.15481 0.02600 -2.00000
105021133 -0.15481 0.03000 -2.00000
105021134 -0.15481 0.03400 -2.00000
105021135 -0.15481 0.03800 -2.00000
105021136 -0.15481 0.04200 -2.00000
105021137 -0.15481 0.04600 -2.00000
105021138 -0.15481 0.05000 -2.00000
105021139 -0.15481 0.05400 -2.00000
105021140 -0.15481 0.05800 -2.00000
105021141 -0.15481 0.06200 -2.00000
105021142 -0.15481 0.06600 -2.00000
105021143 -0.15481 0.07000 -2.00000
105021144 -0.15481 0.07400 -2.00000
105021145 -0.15481 0.07800 -2.00000
105021146 -0.15481 0.08200 -2.00000
105021147 -0.15481 0.08600 -2.00000
105021148 -0.15481 0.09000 -2.00000
105021149 -0.15481 0.09400 -2.00000
105021150 -0.15481 0.09800 -2.00000
105021151 -0.15481 0.10200 -2.00000
105021152 -0.15481 0.10600 -2.00000
105021153 -0.15481 0.11000 -2.00000
105021154 -0.15481 0.11400 -2.00000
105021155 -0.15481 0.11800 -2.00000
105021156 -0.15481 0.12200 -2.00000
105021157 -0.15481 0.12600 -2.00000
105021158 -0.15481 0.13000 -2.00000
105021159 -0.15481 0.13400 -2.00000
105021160 -0.15481 0.13800 -2.00000
105021161 -0.15481 0.14200 -2.00000
105021162 -0.15481 0.14600 -2.00000
105021163 -0.15481 0.15000 -2.00000
105021164 -0.15481 0.15400 -2.00000
105021165 -0.15481 0.15800 -2.00000
105021166 -0.15481 0.16200 -2.00000
105021167 -0.15481 0.16600 -2.00000
105021168 -0.15481 0.17000 -2.00000
105021169 -0.15481 0.17400 -2.00000
105021170 -0.15481 0.17800 -2.00000
105021171 -0.15481 0.18200 -2.00000
105021172 -0.15481 0.18600 -2.00000
105021173 -0.15481 0.19000 -2.00000
105021174 -0.15481 0.19400 -2.00000
105021175 -0.15481 0.19800 -2.00000
105021176 -0.15481 0.20200 -2.00000
105021177 -0.15481 0.20600 -2.00000
105021178 -0.15481 0.21000 -2.00000
105021179 -0.15481 0.21400 -2.00000
105021180 -0.15481 0.21800 -2.00000
105021181 -0.15481 0.22200 -2.00000
105021182 -0.15481 0.22600 -2.00000
105021183 -0.15481 0.23000 -2.00000
105021184 -0.15481 0.23400 -2.00000
105021185 -0.15481 0.23800 -2.00000
105021186 -0.15481 0.24200 -2.00000
105021187 -0.15481 0.24600 -2.00000
105021188 -0.15481 0.25000 -2.00000
105021189 -0.15481 0.25400 -2.00000
105021190 -0.15481 0.25800 -2.00000
105021191 -0.15481 0.26200 -2.00000
105021192 -0.15481 0.26600 -2.00000
105021193 -0.15481 0.27000 -2.00000
105021194 -0.15481 0.27400 -2.00000
105021195 -0.15481 0.27800 -2.00000
105021196 -0.15481 0.28200 -2.00000
105021197 -0.15481 0.28600 -2.00000
105021198 -0.15481 0.29000 -2.00000
105021199 -0.15481 0.29400 -2.00000
105021200 -0.15481 0.29800 -2.00000
