107020001 -0.513989 -0.199400 -1.226291
107020002 -0.508989 -0.199400 -1.226291
107020003 -0.503989 -0.199400 -1.226291
107020004 -0.498989 -0.199400 -1.226291
107020005 -0.493989 -0.199400 -1.226291
107020006 -0.488989 -0.199400 -1.226291
107020007 -0.483989 -0.199400 -1.226291
107020008 -0.478989 -0.199400 -1.226291
107020009 -0.473989 -0.199400 -1.226291
107020010 -0.468989 -0.199400 -1.226291
107020011 -0.463989 -0.199400 -1.226291
107020012 -0.458989 -0.199400 -1.226291
107020013 -0.453989 -0.199400 -1.226291
107020014 -0.448989 -0.199400 -1.226291
107020015 -0.443989 -0.199400 -1.226291
107020016 -0.438989 -0.199400 -1.226291
107020017 -0.433989 -0.199400 -1.226291
107020018 -0.428989 -0.199400 -1.226291
107020019 -0.423989 -0.199400 -1.226291
107020020 -0.418989 -0.199400 -1.226291
107020021 -0.413989 -0.199400 -1.226291
107020022 -0.408989 -0.199400 -1.226291
107020023 -0.403989 -0.199400 -1.226291
107020024 -0.398989 -0.199400 -1.226291
107020025 -0.393989 -0.199400 -1.226291
107020026 -0.388989 -0.199400 -1.226291
107020027 -0.383989 -0.199400 -1.226291
107020028 -0.378989 -0.199400 -1.226291
107020029 -0.373989 -0.199400 -1.226291
107020030 -0.368989 -0.199400 -1.226291
107020031 -0.363989 -0.199400 -1.226291
107020032 -0.358989 -0.199400 -1.226291
107020033 -0.353989 -0.199400 -1.226291
107020034 -0.348989 -0.199400 -1.226291
107020035 -0.343989 -0.199400 -1.226291
107020036 -0.338989 -0.199400 -1.226291
107020037 -0.333989 -0.199400 -1.226291
107020038 -0.328989 -0.199400 -1.226291
107020039 -0.323989 -0.199400 -1.226291
107020040 -0.318989 -0.199400 -1.226291
107020041 -0.313989 -0.199400 -1.226291
107020042 -0.308989 -0.199400 -1.226291
107020043 -0.303989 -0.199400 -1.226291
107020044 -0.298989 -0.199400 -1.226291
107020045 -0.293989 -0.199400 -1.226291
107020046 -0.288989 -0.199400 -1.226291
107020047 -0.283989 -0.199400 -1.226291
107020048 -0.278989 -0.199400 -1.226291
107020049 -0.273989 -0.199400 -1.226291
107020050 -0.268989 -0.199400 -1.226291
107020051 -0.263989 -0.199400 -1.226291
107020052 -0.258989 -0.199400 -1.226291
107020053 -0.253989 -0.199400 -1.226291
107020054 -0.248989 -0.199400 -1.226291
107020055 -0.243989 -0.199400 -1.226291
107020056 -0.238989 -0.199400 -1.226291
107020057 -0.233989 -0.199400 -1.226291
107020058 -0.228989 -0.199400 -1.226291
107020059 -0.223989 -0.199400 -1.226291
107020060 -0.218989 -0.199400 -1.226291
107020061 -0.513989 -0.173000 -1.226291
107020062 -0.508989 -0.173000 -1.226291
107020063 -0.503989 -0.173000 -1.226291
107020064 -0.498989 -0.173000 -1.226291
107020065 -0.493989 -0.173000 -1.226291
107020066 -0.488989 -0.173000 -1.226291
107020067 -0.483989 -0.173000 -1.226291
107020068 -0.478989 -0.173000 -1.226291
107020069 -0.473989 -0.173000 -1.226291
107020070 -0.468989 -0.173000 -1.226291
107020071 -0.463989 -0.173000 -1.226291
107020072 -0.458989 -0.173000 -1.226291
107020073 -0.453989 -0.173000 -1.226291
107020074 -0.448989 -0.173000 -1.226291
107020075 -0.443989 -0.173000 -1.226291
107020076 -0.438989 -0.173000 -1.226291
107020077 -0.433989 -0.173000 -1.226291
107020078 -0.428989 -0.173000 -1.226291
107020079 -0.423989 -0.173000 -1.226291
107020080 -0.418989 -0.173000 -1.226291
107020081 -0.413989 -0.173000 -1.226291
107020082 -0.408989 -0.173000 -1.226291
107020083 -0.403989 -0.173000 -1.226291
107020084 -0.398989 -0.173000 -1.226291
107020085 -0.393989 -0.173000 -1.226291
107020086 -0.388989 -0.173000 -1.226291
107020087 -0.383989 -0.173000 -1.226291
107020088 -0.378989 -0.173000 -1.226291
107020089 -0.373989 -0.173000 -1.226291
107020090 -0.368989 -0.173000 -1.226291
107020091 -0.363989 -0.173000 -1.226291
107020092 -0.358989 -0.173000 -1.226291
107020093 -0.353989 -0.173000 -1.226291
107020094 -0.348989 -0.173000 -1.226291
107020095 -0.343989 -0.173000 -1.226291
107020096 -0.338989 -0.173000 -1.226291
107020097 -0.333989 -0.173000 -1.226291
107020098 -0.328989 -0.173000 -1.226291
107020099 -0.323989 -0.173000 -1.226291
107020100 -0.318989 -0.173000 -1.226291
107020101 -0.313989 -0.173000 -1.226291
107020102 -0.308989 -0.173000 -1.226291
107020103 -0.303989 -0.173000 -1.226291
107020104 -0.298989 -0.173000 -1.226291
107020105 -0.293989 -0.173000 -1.226291
107020106 -0.288989 -0.173000 -1.226291
107020107 -0.283989 -0.173000 -1.226291
107020108 -0.278989 -0.173000 -1.226291
107020109 -0.273989 -0.173000 -1.226291
107020110 -0.268989 -0.173000 -1.226291
107020111 -0.263989 -0.173000 -1.226291
107020112 -0.258989 -0.173000 -1.226291
107020113 -0.253989 -0.173000 -1.226291
107020114 -0.248989 -0.173000 -1.226291
107020115 -0.243989 -0.173000 -1.226291
107020116 -0.238989 -0.173000 -1.226291
107020117 -0.233989 -0.173000 -1.226291
107020118 -0.228989 -0.173000 -1.226291
107020119 -0.223989 -0.173000 -1.226291
107020120 -0.218989 -0.173000 -1.226291
107020121 -0.513989 -0.146600 -1.226291
107020122 -0.508989 -0.146600 -1.226291
107020123 -0.503989 -0.146600 -1.226291
107020124 -0.498989 -0.146600 -1.226291
107020125 -0.493989 -0.146600 -1.226291
107020126 -0.488989 -0.146600 -1.226291
107020127 -0.483989 -0.146600 -1.226291
107020128 -0.478989 -0.146600 -1.226291
107020129 -0.473989 -0.146600 -1.226291
107020130 -0.468989 -0.146600 -1.226291
107020131 -0.463989 -0.146600 -1.226291
107020132 -0.458989 -0.146600 -1.226291
107020133 -0.453989 -0.146600 -1.226291
107020134 -0.448989 -0.146600 -1.226291
107020135 -0.443989 -0.146600 -1.226291
107020136 -0.438989 -0.146600 -1.226291
107020137 -0.433989 -0.146600 -1.226291
107020138 -0.428989 -0.146600 -1.226291
107020139 -0.423989 -0.146600 -1.226291
107020140 -0.418989 -0.146600 -1.226291
107020141 -0.413989 -0.146600 -1.226291
107020142 -0.408989 -0.146600 -1.226291
107020143 -0.403989 -0.146600 -1.226291
107020144 -0.398989 -0.146600 -1.226291
107020145 -0.393989 -0.146600 -1.226291
107020146 -0.388989 -0.146600 -1.226291
107020147 -0.383989 -0.146600 -1.226291
107020148 -0.378989 -0.146600 -1.226291
107020149 -0.373989 -0.146600 -1.226291
107020150 -0.368989 -0.146600 -1.226291
107020151 -0.363989 -0.146600 -1.226291
107020152 -0.358989 -0.146600 -1.226291
107020153 -0.353989 -0.146600 -1.226291
107020154 -0.348989 -0.146600 -1.226291
107020155 -0.343989 -0.146600 -1.226291
107020156 -0.338989 -0.146600 -1.226291
107020157 -0.333989 -0.146600 -1.226291
107020158 -0.328989 -0.146600 -1.226291
107020159 -0.323989 -0.146600 -1.226291
107020160 -0.318989 -0.146600 -1.226291
107020161 -0.313989 -0.146600 -1.226291
107020162 -0.308989 -0.146600 -1.226291
107020163 -0.303989 -0.146600 -1.226291
107020164 -0.298989 -0.146600 -1.226291
107020165 -0.293989 -0.146600 -1.226291
107020166 -0.288989 -0.146600 -1.226291
107020167 -0.283989 -0.146600 -1.226291
107020168 -0.278989 -0.146600 -1.226291
107020169 -0.273989 -0.146600 -1.226291
107020170 -0.268989 -0.146600 -1.226291
107020171 -0.263989 -0.146600 -1.226291
107020172 -0.258989 -0.146600 -1.226291
107020173 -0.253989 -0.146600 -1.226291
107020174 -0.248989 -0.146600 -1.226291
107020175 -0.243989 -0.146600 -1.226291
107020176 -0.238989 -0.146600 -1.226291
107020177 -0.233989 -0.146600 -1.226291
107020178 -0.228989 -0.146600 -1.226291
107020179 -0.223989 -0.146600 -1.226291
107020180 -0.218989 -0.146600 -1.226291
107020181 -0.513989 -0.120200 -1.226291
107020182 -0.508989 -0.120200 -1.226291
107020183 -0.503989 -0.120200 -1.226291
107020184 -0.498989 -0.120200 -1.226291
107020185 -0.493989 -0.120200 -1.226291
107020186 -0.488989 -0.120200 -1.226291
107020187 -0.483989 -0.120200 -1.226291
107020188 -0.478989 -0.120200 -1.226291
107020189 -0.473989 -0.120200 -1.226291
107020190 -0.468989 -0.120200 -1.226291
107020191 -0.463989 -0.120200 -1.226291
107020192 -0.458989 -0.120200 -1.226291
107020193 -0.453989 -0.120200 -1.226291
107020194 -0.448989 -0.120200 -1.226291
107020195 -0.443989 -0.120200 -1.226291
107020196 -0.438989 -0.120200 -1.226291
107020197 -0.433989 -0.120200 -1.226291
107020198 -0.428989 -0.120200 -1.226291
107020199 -0.423989 -0.120200 -1.226291
107020200 -0.418989 -0.120200 -1.226291
107020201 -0.413989 -0.120200 -1.226291
107020202 -0.408989 -0.120200 -1.226291
107020203 -0.403989 -0.120200 -1.226291
107020204 -0.398989 -0.120200 -1.226291
107020205 -0.393989 -0.120200 -1.226291
107020206 -0.388989 -0.120200 -1.226291
107020207 -0.383989 -0.120200 -1.226291
107020208 -0.378989 -0.120200 -1.226291
107020209 -0.373989 -0.120200 -1.226291
107020210 -0.368989 -0.120200 -1.226291
107020211 -0.363989 -0.120200 -1.226291
107020212 -0.358989 -0.120200 -1.226291
107020213 -0.353989 -0.120200 -1.226291
107020214 -0.348989 -0.120200 -1.226291
107020215 -0.343989 -0.120200 -1.226291
107020216 -0.338989 -0.120200 -1.226291
107020217 -0.333989 -0.120200 -1.226291
107020218 -0.328989 -0.120200 -1.226291
107020219 -0.323989 -0.120200 -1.226291
107020220 -0.318989 -0.120200 -1.226291
107020221 -0.313989 -0.120200 -1.226291
107020222 -0.308989 -0.120200 -1.226291
107020223 -0.303989 -0.120200 -1.226291
107020224 -0.298989 -0.120200 -1.226291
107020225 -0.293989 -0.120200 -1.226291
107020226 -0.288989 -0.120200 -1.226291
107020227 -0.283989 -0.120200 -1.226291
107020228 -0.278989 -0.120200 -1.226291
107020229 -0.273989 -0.120200 -1.226291
107020230 -0.268989 -0.120200 -1.226291
107020231 -0.263989 -0.120200 -1.226291
107020232 -0.258989 -0.120200 -1.226291
107020233 -0.253989 -0.120200 -1.226291
107020234 -0.248989 -0.120200 -1.226291
107020235 -0.243989 -0.120200 -1.226291
107020236 -0.238989 -0.120200 -1.226291
107020237 -0.233989 -0.120200 -1.226291
107020238 -0.228989 -0.120200 -1.226291
107020239 -0.223989 -0.120200 -1.226291
107020240 -0.218989 -0.120200 -1.226291
107020241 -0.513989 -0.093800 -1.226291
107020242 -0.508989 -0.093800 -1.226291
107020243 -0.503989 -0.093800 -1.226291
107020244 -0.498989 -0.093800 -1.226291
107020245 -0.493989 -0.093800 -1.226291
107020246 -0.488989 -0.093800 -1.226291
107020247 -0.483989 -0.093800 -1.226291
107020248 -0.478989 -0.093800 -1.226291
107020249 -0.473989 -0.093800 -1.226291
107020250 -0.468989 -0.093800 -1.226291
107020251 -0.463989 -0.093800 -1.226291
107020252 -0.458989 -0.093800 -1.226291
107020253 -0.453989 -0.093800 -1.226291
107020254 -0.448989 -0.093800 -1.226291
107020255 -0.443989 -0.093800 -1.226291
107020256 -0.438989 -0.093800 -1.226291
107020257 -0.433989 -0.093800 -1.226291
107020258 -0.428989 -0.093800 -1.226291
107020259 -0.423989 -0.093800 -1.226291
107020260 -0.418989 -0.093800 -1.226291
107020261 -0.413989 -0.093800 -1.226291
107020262 -0.408989 -0.093800 -1.226291
107020263 -0.403989 -0.093800 -1.226291
107020264 -0.398989 -0.093800 -1.226291
107020265 -0.393989 -0.093800 -1.226291
107020266 -0.388989 -0.093800 -1.226291
107020267 -0.383989 -0.093800 -1.226291
107020268 -0.378989 -0.093800 -1.226291
107020269 -0.373989 -0.093800 -1.226291
107020270 -0.368989 -0.093800 -1.226291
107020271 -0.363989 -0.093800 -1.226291
107020272 -0.358989 -0.093800 -1.226291
107020273 -0.353989 -0.093800 -1.226291
107020274 -0.348989 -0.093800 -1.226291
107020275 -0.343989 -0.093800 -1.226291
107020276 -0.338989 -0.093800 -1.226291
107020277 -0.333989 -0.093800 -1.226291
107020278 -0.328989 -0.093800 -1.226291
107020279 -0.323989 -0.093800 -1.226291
107020280 -0.318989 -0.093800 -1.226291
107020281 -0.313989 -0.093800 -1.226291
107020282 -0.308989 -0.093800 -1.226291
107020283 -0.303989 -0.093800 -1.226291
107020284 -0.298989 -0.093800 -1.226291
107020285 -0.293989 -0.093800 -1.226291
107020286 -0.288989 -0.093800 -1.226291
107020287 -0.283989 -0.093800 -1.226291
107020288 -0.278989 -0.093800 -1.226291
107020289 -0.273989 -0.093800 -1.226291
107020290 -0.268989 -0.093800 -1.226291
107020291 -0.263989 -0.093800 -1.226291
107020292 -0.258989 -0.093800 -1.226291
107020293 -0.253989 -0.093800 -1.226291
107020294 -0.248989 -0.093800 -1.226291
107020295 -0.243989 -0.093800 -1.226291
107020296 -0.238989 -0.093800 -1.226291
107020297 -0.233989 -0.093800 -1.226291
107020298 -0.228989 -0.093800 -1.226291
107020299 -0.223989 -0.093800 -1.226291
107020300 -0.218989 -0.093800 -1.226291
107020301 -0.513989 -0.067400 -1.226291
107020302 -0.508989 -0.067400 -1.226291
107020303 -0.503989 -0.067400 -1.226291
107020304 -0.498989 -0.067400 -1.226291
107020305 -0.493989 -0.067400 -1.226291
107020306 -0.488989 -0.067400 -1.226291
107020307 -0.483989 -0.067400 -1.226291
107020308 -0.478989 -0.067400 -1.226291
107020309 -0.473989 -0.067400 -1.226291
107020310 -0.468989 -0.067400 -1.226291
107020311 -0.463989 -0.067400 -1.226291
107020312 -0.458989 -0.067400 -1.226291
107020313 -0.453989 -0.067400 -1.226291
107020314 -0.448989 -0.067400 -1.226291
107020315 -0.443989 -0.067400 -1.226291
107020316 -0.438989 -0.067400 -1.226291
107020317 -0.433989 -0.067400 -1.226291
107020318 -0.428989 -0.067400 -1.226291
107020319 -0.423989 -0.067400 -1.226291
107020320 -0.418989 -0.067400 -1.226291
107020321 -0.413989 -0.067400 -1.226291
107020322 -0.408989 -0.067400 -1.226291
107020323 -0.403989 -0.067400 -1.226291
107020324 -0.398989 -0.067400 -1.226291
107020325 -0.393989 -0.067400 -1.226291
107020326 -0.388989 -0.067400 -1.226291
107020327 -0.383989 -0.067400 -1.226291
107020328 -0.378989 -0.067400 -1.226291
107020329 -0.373989 -0.067400 -1.226291
107020330 -0.368989 -0.067400 -1.226291
107020331 -0.363989 -0.067400 -1.226291
107020332 -0.358989 -0.067400 -1.226291
107020333 -0.353989 -0.067400 -1.226291
107020334 -0.348989 -0.067400 -1.226291
107020335 -0.343989 -0.067400 -1.226291
107020336 -0.338989 -0.067400 -1.226291
107020337 -0.333989 -0.067400 -1.226291
107020338 -0.328989 -0.067400 -1.226291
107020339 -0.323989 -0.067400 -1.226291
107020340 -0.318989 -0.067400 -1.226291
107020341 -0.313989 -0.067400 -1.226291
107020342 -0.308989 -0.067400 -1.226291
107020343 -0.303989 -0.067400 -1.226291
107020344 -0.298989 -0.067400 -1.226291
107020345 -0.293989 -0.067400 -1.226291
107020346 -0.288989 -0.067400 -1.226291
107020347 -0.283989 -0.067400 -1.226291
107020348 -0.278989 -0.067400 -1.226291
107020349 -0.273989 -0.067400 -1.226291
107020350 -0.268989 -0.067400 -1.226291
107020351 -0.263989 -0.067400 -1.226291
107020352 -0.258989 -0.067400 -1.226291
107020353 -0.253989 -0.067400 -1.226291
107020354 -0.248989 -0.067400 -1.226291
107020355 -0.243989 -0.067400 -1.226291
107020356 -0.238989 -0.067400 -1.226291
107020357 -0.233989 -0.067400 -1.226291
107020358 -0.228989 -0.067400 -1.226291
107020359 -0.223989 -0.067400 -1.226291
107020360 -0.218989 -0.067400 -1.226291
107020361 -0.513989 -0.041000 -1.226291
107020362 -0.508989 -0.041000 -1.226291
107020363 -0.503989 -0.041000 -1.226291
107020364 -0.498989 -0.041000 -1.226291
107020365 -0.493989 -0.041000 -1.226291
107020366 -0.488989 -0.041000 -1.226291
107020367 -0.483989 -0.041000 -1.226291
107020368 -0.478989 -0.041000 -1.226291
107020369 -0.473989 -0.041000 -1.226291
107020370 -0.468989 -0.041000 -1.226291
107020371 -0.463989 -0.041000 -1.226291
107020372 -0.458989 -0.041000 -1.226291
107020373 -0.453989 -0.041000 -1.226291
107020374 -0.448989 -0.041000 -1.226291
107020375 -0.443989 -0.041000 -1.226291
107020376 -0.438989 -0.041000 -1.226291
107020377 -0.433989 -0.041000 -1.226291
107020378 -0.428989 -0.041000 -1.226291
107020379 -0.423989 -0.041000 -1.226291
107020380 -0.418989 -0.041000 -1.226291
107020381 -0.413989 -0.041000 -1.226291
107020382 -0.408989 -0.041000 -1.226291
107020383 -0.403989 -0.041000 -1.226291
107020384 -0.398989 -0.041000 -1.226291
107020385 -0.393989 -0.041000 -1.226291
107020386 -0.388989 -0.041000 -1.226291
107020387 -0.383989 -0.041000 -1.226291
107020388 -0.378989 -0.041000 -1.226291
107020389 -0.373989 -0.041000 -1.226291
107020390 -0.368989 -0.041000 -1.226291
107020391 -0.363989 -0.041000 -1.226291
107020392 -0.358989 -0.041000 -1.226291
107020393 -0.353989 -0.041000 -1.226291
107020394 -0.348989 -0.041000 -1.226291
107020395 -0.343989 -0.041000 -1.226291
107020396 -0.338989 -0.041000 -1.226291
107020397 -0.333989 -0.041000 -1.226291
107020398 -0.328989 -0.041000 -1.226291
107020399 -0.323989 -0.041000 -1.226291
107020400 -0.318989 -0.041000 -1.226291
107020401 -0.313989 -0.041000 -1.226291
107020402 -0.308989 -0.041000 -1.226291
107020403 -0.303989 -0.041000 -1.226291
107020404 -0.298989 -0.041000 -1.226291
107020405 -0.293989 -0.041000 -1.226291
107020406 -0.288989 -0.041000 -1.226291
107020407 -0.283989 -0.041000 -1.226291
107020408 -0.278989 -0.041000 -1.226291
107020409 -0.273989 -0.041000 -1.226291
107020410 -0.268989 -0.041000 -1.226291
107020411 -0.263989 -0.041000 -1.226291
107020412 -0.258989 -0.041000 -1.226291
107020413 -0.253989 -0.041000 -1.226291
107020414 -0.248989 -0.041000 -1.226291
107020415 -0.243989 -0.041000 -1.226291
107020416 -0.238989 -0.041000 -1.226291
107020417 -0.233989 -0.041000 -1.226291
107020418 -0.228989 -0.041000 -1.226291
107020419 -0.223989 -0.041000 -1.226291
107020420 -0.218989 -0.041000 -1.226291
107020421 -0.513989 -0.014600 -1.226291
107020422 -0.508989 -0.014600 -1.226291
107020423 -0.503989 -0.014600 -1.226291
107020424 -0.498989 -0.014600 -1.226291
107020425 -0.493989 -0.014600 -1.226291
107020426 -0.488989 -0.014600 -1.226291
107020427 -0.483989 -0.014600 -1.226291
107020428 -0.478989 -0.014600 -1.226291
107020429 -0.473989 -0.014600 -1.226291
107020430 -0.468989 -0.014600 -1.226291
107020431 -0.463989 -0.014600 -1.226291
107020432 -0.458989 -0.014600 -1.226291
107020433 -0.453989 -0.014600 -1.226291
107020434 -0.448989 -0.014600 -1.226291
107020435 -0.443989 -0.014600 -1.226291
107020436 -0.438989 -0.014600 -1.226291
107020437 -0.433989 -0.014600 -1.226291
107020438 -0.428989 -0.014600 -1.226291
107020439 -0.423989 -0.014600 -1.226291
107020440 -0.418989 -0.014600 -1.226291
107020441 -0.413989 -0.014600 -1.226291
107020442 -0.408989 -0.014600 -1.226291
107020443 -0.403989 -0.014600 -1.226291
107020444 -0.398989 -0.014600 -1.226291
107020445 -0.393989 -0.014600 -1.226291
107020446 -0.388989 -0.014600 -1.226291
107020447 -0.383989 -0.014600 -1.226291
107020448 -0.378989 -0.014600 -1.226291
107020449 -0.373989 -0.014600 -1.226291
107020450 -0.368989 -0.014600 -1.226291
107020451 -0.363989 -0.014600 -1.226291
107020452 -0.358989 -0.014600 -1.226291
107020453 -0.353989 -0.014600 -1.226291
107020454 -0.348989 -0.014600 -1.226291
107020455 -0.343989 -0.014600 -1.226291
107020456 -0.338989 -0.014600 -1.226291
107020457 -0.333989 -0.014600 -1.226291
107020458 -0.328989 -0.014600 -1.226291
107020459 -0.323989 -0.014600 -1.226291
107020460 -0.318989 -0.014600 -1.226291
107020461 -0.313989 -0.014600 -1.226291
107020462 -0.308989 -0.014600 -1.226291
107020463 -0.303989 -0.014600 -1.226291
107020464 -0.298989 -0.014600 -1.226291
107020465 -0.293989 -0.014600 -1.226291
107020466 -0.288989 -0.014600 -1.226291
107020467 -0.283989 -0.014600 -1.226291
107020468 -0.278989 -0.014600 -1.226291
107020469 -0.273989 -0.014600 -1.226291
107020470 -0.268989 -0.014600 -1.226291
107020471 -0.263989 -0.014600 -1.226291
107020472 -0.258989 -0.014600 -1.226291
107020473 -0.253989 -0.014600 -1.226291
107020474 -0.248989 -0.014600 -1.226291
107020475 -0.243989 -0.014600 -1.226291
107020476 -0.238989 -0.014600 -1.226291
107020477 -0.233989 -0.014600 -1.226291
107020478 -0.228989 -0.014600 -1.226291
107020479 -0.223989 -0.014600 -1.226291
107020480 -0.218989 -0.014600 -1.226291
