102040001 -0.588502 0.014600 2.697635
102040002 -0.589762 0.014600 2.692796
102040003 -0.591022 0.014600 2.687957
102040004 -0.592282 0.014600 2.683119
102040005 -0.593542 0.014600 2.678280
102040006 -0.594801 0.014600 2.673441
102040007 -0.596061 0.014600 2.668603
102040008 -0.597321 0.014600 2.663764
102040009 -0.598581 0.014600 2.658925
102040010 -0.599841 0.014600 2.654087
102040011 -0.601101 0.014600 2.649248
102040012 -0.602361 0.014600 2.644409
102040013 -0.603620 0.014600 2.639570
102040014 -0.604880 0.014600 2.634732
102040015 -0.606140 0.014600 2.629893
102040016 -0.607400 0.014600 2.625054
102040017 -0.608660 0.014600 2.620216
102040018 -0.609920 0.014600 2.615377
102040019 -0.611179 0.014600 2.610538
102040020 -0.612439 0.014600 2.605700
102040021 -0.613699 0.014600 2.600861
102040022 -0.614959 0.014600 2.596022
102040023 -0.616219 0.014600 2.591184
102040024 -0.617479 0.014600 2.586345
102040025 -0.618739 0.014600 2.581506
102040026 -0.619998 0.014600 2.576668
102040027 -0.621258 0.014600 2.571829
102040028 -0.622518 0.014600 2.566990
102040029 -0.623778 0.014600 2.562152
102040030 -0.625038 0.014600 2.557313
102040031 -0.626298 0.014600 2.552474
102040032 -0.627558 0.014600 2.547636
102040033 -0.628817 0.014600 2.542797
102040034 -0.630077 0.014600 2.537958
102040035 -0.631337 0.014600 2.533120
102040036 -0.632597 0.014600 2.528281
102040037 -0.633857 0.014600 2.523442
102040038 -0.635117 0.014600 2.518604
102040039 -0.636376 0.014600 2.513765
102040040 -0.637636 0.014600 2.508926
102040041 -0.638896 0.014600 2.504088
102040042 -0.640156 0.014600 2.499249
102040043 -0.641416 0.014600 2.494410
102040044 -0.642676 0.014600 2.489572
102040045 -0.643936 0.014600 2.484733
102040046 -0.645195 0.014600 2.479894
102040047 -0.646455 0.014600 2.475056
102040048 -0.647715 0.014600 2.470217
102040049 -0.648975 0.014600 2.465378
102040050 -0.650235 0.014600 2.460539
102040051 -0.651495 0.014600 2.455701
102040052 -0.652754 0.014600 2.450862
102040053 -0.654014 0.014600 2.446023
102040054 -0.655274 0.014600 2.441185
102040055 -0.656534 0.014600 2.436346
102040056 -0.657794 0.014600 2.431507
102040057 -0.659054 0.014600 2.426669
102040058 -0.660314 0.014600 2.421830
102040059 -0.661573 0.014600 2.416991
102040060 -0.662833 0.014600 2.412153
102040061 -0.664093 0.014600 2.407314
102040062 -0.665353 0.014600 2.402475
102040063 -0.666613 0.014600 2.397637
102040064 -0.667873 0.014600 2.392798
102040065 -0.669133 0.014600 2.387959
102040066 -0.670392 0.014600 2.383121
102040067 -0.671652 0.014600 2.378282
102040068 -0.672912 0.014600 2.373443
102040069 -0.674172 0.014600 2.368605
102040070 -0.675432 0.014600 2.363766
102040071 -0.676692 0.014600 2.358927
102040072 -0.677951 0.014600 2.354089
102040073 -0.679211 0.014600 2.349250
102040074 -0.680471 0.014600 2.344411
102040075 -0.681731 0.014600 2.339573
102040076 -0.682991 0.014600 2.334734
102040077 -0.684251 0.014600 2.329895
102040078 -0.685511 0.014600 2.325057
102040079 -0.686770 0.014600 2.320218
102040080 -0.688030 0.014600 2.315379
102040081 -0.689290 0.014600 2.310541
102040082 -0.690550 0.014600 2.305702
102040083 -0.691810 0.014600 2.300863
102040084 -0.693070 0.014600 2.296025
102040085 -0.694329 0.014600 2.291186
102040086 -0.695589 0.014600 2.286347
102040087 -0.696849 0.014600 2.281508
102040088 -0.698109 0.014600 2.276670
102040089 -0.699369 0.014600 2.271831
102040090 -0.700629 0.014600 2.266992
102040091 -0.701889 0.014600 2.262154
102040092 -0.703148 0.014600 2.257315
102040093 -0.704408 0.014600 2.252476
102040094 -0.705668 0.014600 2.247638
102040095 -0.706928 0.014600 2.242799
102040096 -0.708188 0.014600 2.237960
102040097 -0.709448 0.014600 2.233122
102040098 -0.710708 0.014600 2.228283
102040099 -0.711967 0.014600 2.223444
102040100 -0.713227 0.014600 2.218606
102040101 -0.588502 0.041000 2.697635
102040102 -0.589762 0.041000 2.692796
102040103 -0.591022 0.041000 2.687957
102040104 -0.592282 0.041000 2.683119
102040105 -0.593542 0.041000 2.678280
102040106 -0.594801 0.041000 2.673441
102040107 -0.596061 0.041000 2.668603
102040108 -0.597321 0.041000 2.663764
102040109 -0.598581 0.041000 2.658925
102040110 -0.599841 0.041000 2.654087
102040111 -0.601101 0.041000 2.649248
102040112 -0.602361 0.041000 2.644409
102040113 -0.603620 0.041000 2.639570
102040114 -0.604880 0.041000 2.634732
102040115 -0.606140 0.041000 2.629893
102040116 -0.607400 0.041000 2.625054
102040117 -0.608660 0.041000 2.620216
102040118 -0.609920 0.041000 2.615377
102040119 -0.611179 0.041000 2.610538
102040120 -0.612439 0.041000 2.605700
102040121 -0.613699 0.041000 2.600861
102040122 -0.614959 0.041000 2.596022
102040123 -0.616219 0.041000 2.591184
102040124 -0.617479 0.041000 2.586345
102040125 -0.618739 0.041000 2.581506
102040126 -0.619998 0.041000 2.576668
102040127 -0.621258 0.041000 2.571829
102040128 -0.622518 0.041000 2.566990
102040129 -0.623778 0.041000 2.562152
102040130 -0.625038 0.041000 2.557313
102040131 -0.626298 0.041000 2.552474
102040132 -0.627558 0.041000 2.547636
102040133 -0.628817 0.041000 2.542797
102040134 -0.630077 0.041000 2.537958
102040135 -0.631337 0.041000 2.533120
102040136 -0.632597 0.041000 2.528281
102040137 -0.633857 0.041000 2.523442
102040138 -0.635117 0.041000 2.518604
102040139 -0.636376 0.041000 2.513765
102040140 -0.637636 0.041000 2.508926
102040141 -0.638896 0.041000 2.504088
102040142 -0.640156 0.041000 2.499249
102040143 -0.641416 0.041000 2.494410
102040144 -0.642676 0.041000 2.489572
102040145 -0.643936 0.041000 2.484733
102040146 -0.645195 0.041000 2.479894
102040147 -0.646455 0.041000 2.475056
102040148 -0.647715 0.041000 2.470217
102040149 -0.648975 0.041000 2.465378
102040150 -0.650235 0.041000 2.460539
102040151 -0.651495 0.041000 2.455701
102040152 -0.652754 0.041000 2.450862
102040153 -0.654014 0.041000 2.446023
102040154 -0.655274 0.041000 2.441185
102040155 -0.656534 0.041000 2.436346
102040156 -0.657794 0.041000 2.431507
102040157 -0.659054 0.041000 2.426669
102040158 -0.660314 0.041000 2.421830
102040159 -0.661573 0.041000 2.416991
102040160 -0.662833 0.041000 2.412153
102040161 -0.664093 0.041000 2.407314
102040162 -0.665353 0.041000 2.402475
102040163 -0.666613 0.041000 2.397637
102040164 -0.667873 0.041000 2.392798
102040165 -0.669133 0.041000 2.387959
102040166 -0.670392 0.041000 2.383121
102040167 -0.671652 0.041000 2.378282
102040168 -0.672912 0.041000 2.373443
102040169 -0.674172 0.041000 2.368605
102040170 -0.675432 0.041000 2.363766
102040171 -0.676692 0.041000 2.358927
102040172 -0.677951 0.041000 2.354089
102040173 -0.679211 0.041000 2.349250
102040174 -0.680471 0.041000 2.344411
102040175 -0.681731 0.041000 2.339573
102040176 -0.682991 0.041000 2.334734
102040177 -0.684251 0.041000 2.329895
102040178 -0.685511 0.041000 2.325057
102040179 -0.686770 0.041000 2.320218
102040180 -0.688030 0.041000 2.315379
102040181 -0.689290 0.041000 2.310541
102040182 -0.690550 0.041000 2.305702
102040183 -0.691810 0.041000 2.300863
102040184 -0.693070 0.041000 2.296025
102040185 -0.694329 0.041000 2.291186
102040186 -0.695589 0.041000 2.286347
102040187 -0.696849 0.041000 2.281508
102040188 -0.698109 0.041000 2.276670
102040189 -0.699369 0.041000 2.271831
102040190 -0.700629 0.041000 2.266992
102040191 -0.701889 0.041000 2.262154
102040192 -0.703148 0.041000 2.257315
102040193 -0.704408 0.041000 2.252476
102040194 -0.705668 0.041000 2.247638
102040195 -0.706928 0.041000 2.242799
102040196 -0.708188 0.041000 2.237960
102040197 -0.709448 0.041000 2.233122
102040198 -0.710708 0.041000 2.228283
102040199 -0.711967 0.041000 2.223444
102040200 -0.713227 0.041000 2.218606
102040201 -0.588502 0.067400 2.697635
102040202 -0.589762 0.067400 2.692796
102040203 -0.591022 0.067400 2.687957
102040204 -0.592282 0.067400 2.683119
102040205 -0.593542 0.067400 2.678280
102040206 -0.594801 0.067400 2.673441
102040207 -0.596061 0.067400 2.668603
102040208 -0.597321 0.067400 2.663764
102040209 -0.598581 0.067400 2.658925
102040210 -0.599841 0.067400 2.654087
102040211 -0.601101 0.067400 2.649248
102040212 -0.602361 0.067400 2.644409
102040213 -0.603620 0.067400 2.639570
102040214 -0.604880 0.067400 2.634732
102040215 -0.606140 0.067400 2.629893
102040216 -0.607400 0.067400 2.625054
102040217 -0.608660 0.067400 2.620216
102040218 -0.609920 0.067400 2.615377
102040219 -0.611179 0.067400 2.610538
102040220 -0.612439 0.067400 2.605700
102040221 -0.613699 0.067400 2.600861
102040222 -0.614959 0.067400 2.596022
102040223 -0.616219 0.067400 2.591184
102040224 -0.617479 0.067400 2.586345
102040225 -0.618739 0.067400 2.581506
102040226 -0.619998 0.067400 2.576668
102040227 -0.621258 0.067400 2.571829
102040228 -0.622518 0.067400 2.566990
102040229 -0.623778 0.067400 2.562152
102040230 -0.625038 0.067400 2.557313
102040231 -0.626298 0.067400 2.552474
102040232 -0.627558 0.067400 2.547636
102040233 -0.628817 0.067400 2.542797
102040234 -0.630077 0.067400 2.537958
102040235 -0.631337 0.067400 2.533120
102040236 -0.632597 0.067400 2.528281
102040237 -0.633857 0.067400 2.523442
102040238 -0.635117 0.067400 2.518604
102040239 -0.636376 0.067400 2.513765
102040240 -0.637636 0.067400 2.508926
102040241 -0.638896 0.067400 2.504088
102040242 -0.640156 0.067400 2.499249
102040243 -0.641416 0.067400 2.494410
102040244 -0.642676 0.067400 2.489572
102040245 -0.643936 0.067400 2.484733
102040246 -0.645195 0.067400 2.479894
102040247 -0.646455 0.067400 2.475056
102040248 -0.647715 0.067400 2.470217
102040249 -0.648975 0.067400 2.465378
102040250 -0.650235 0.067400 2.460539
102040251 -0.651495 0.067400 2.455701
102040252 -0.652754 0.067400 2.450862
102040253 -0.654014 0.067400 2.446023
102040254 -0.655274 0.067400 2.441185
102040255 -0.656534 0.067400 2.436346
102040256 -0.657794 0.067400 2.431507
102040257 -0.659054 0.067400 2.426669
102040258 -0.660314 0.067400 2.421830
102040259 -0.661573 0.067400 2.416991
102040260 -0.662833 0.067400 2.412153
102040261 -0.664093 0.067400 2.407314
102040262 -0.665353 0.067400 2.402475
102040263 -0.666613 0.067400 2.397637
102040264 -0.667873 0.067400 2.392798
102040265 -0.669133 0.067400 2.387959
102040266 -0.670392 0.067400 2.383121
102040267 -0.671652 0.067400 2.378282
102040268 -0.672912 0.067400 2.373443
102040269 -0.674172 0.067400 2.368605
102040270 -0.675432 0.067400 2.363766
102040271 -0.676692 0.067400 2.358927
102040272 -0.677951 0.067400 2.354089
102040273 -0.679211 0.067400 2.349250
102040274 -0.680471 0.067400 2.344411
102040275 -0.681731 0.067400 2.339573
102040276 -0.682991 0.067400 2.334734
102040277 -0.684251 0.067400 2.329895
102040278 -0.685511 0.067400 2.325057
102040279 -0.686770 0.067400 2.320218
102040280 -0.688030 0.067400 2.315379
102040281 -0.689290 0.067400 2.310541
102040282 -0.690550 0.067400 2.305702
102040283 -0.691810 0.067400 2.300863
102040284 -0.693070 0.067400 2.296025
102040285 -0.694329 0.067400 2.291186
102040286 -0.695589 0.067400 2.286347
102040287 -0.696849 0.067400 2.281508
102040288 -0.698109 0.067400 2.276670
102040289 -0.699369 0.067400 2.271831
102040290 -0.700629 0.067400 2.266992
102040291 -0.701889 0.067400 2.262154
102040292 -0.703148 0.067400 2.257315
102040293 -0.704408 0.067400 2.252476
102040294 -0.705668 0.067400 2.247638
102040295 -0.706928 0.067400 2.242799
102040296 -0.708188 0.067400 2.237960
102040297 -0.709448 0.067400 2.233122
102040298 -0.710708 0.067400 2.228283
102040299 -0.711967 0.067400 2.223444
102040300 -0.713227 0.067400 2.218606
102040301 -0.588502 0.093800 2.697635
102040302 -0.589762 0.093800 2.692796
102040303 -0.591022 0.093800 2.687957
102040304 -0.592282 0.093800 2.683119
102040305 -0.593542 0.093800 2.678280
102040306 -0.594801 0.093800 2.673441
102040307 -0.596061 0.093800 2.668603
102040308 -0.597321 0.093800 2.663764
102040309 -0.598581 0.093800 2.658925
102040310 -0.599841 0.093800 2.654087
102040311 -0.601101 0.093800 2.649248
102040312 -0.602361 0.093800 2.644409
102040313 -0.603620 0.093800 2.639570
102040314 -0.604880 0.093800 2.634732
102040315 -0.606140 0.093800 2.629893
102040316 -0.607400 0.093800 2.625054
102040317 -0.608660 0.093800 2.620216
102040318 -0.609920 0.093800 2.615377
102040319 -0.611179 0.093800 2.610538
102040320 -0.612439 0.093800 2.605700
102040321 -0.613699 0.093800 2.600861
102040322 -0.614959 0.093800 2.596022
102040323 -0.616219 0.093800 2.591184
102040324 -0.617479 0.093800 2.586345
102040325 -0.618739 0.093800 2.581506
102040326 -0.619998 0.093800 2.576668
102040327 -0.621258 0.093800 2.571829
102040328 -0.622518 0.093800 2.566990
102040329 -0.623778 0.093800 2.562152
102040330 -0.625038 0.093800 2.557313
102040331 -0.626298 0.093800 2.552474
102040332 -0.627558 0.093800 2.547636
102040333 -0.628817 0.093800 2.542797
102040334 -0.630077 0.093800 2.537958
102040335 -0.631337 0.093800 2.533120
102040336 -0.632597 0.093800 2.528281
102040337 -0.633857 0.093800 2.523442
102040338 -0.635117 0.093800 2.518604
102040339 -0.636376 0.093800 2.513765
102040340 -0.637636 0.093800 2.508926
102040341 -0.638896 0.093800 2.504088
102040342 -0.640156 0.093800 2.499249
102040343 -0.641416 0.093800 2.494410
102040344 -0.642676 0.093800 2.489572
102040345 -0.643936 0.093800 2.484733
102040346 -0.645195 0.093800 2.479894
102040347 -0.646455 0.093800 2.475056
102040348 -0.647715 0.093800 2.470217
102040349 -0.648975 0.093800 2.465378
102040350 -0.650235 0.093800 2.460539
102040351 -0.651495 0.093800 2.455701
102040352 -0.652754 0.093800 2.450862
102040353 -0.654014 0.093800 2.446023
102040354 -0.655274 0.093800 2.441185
102040355 -0.656534 0.093800 2.436346
102040356 -0.657794 0.093800 2.431507
102040357 -0.659054 0.093800 2.426669
102040358 -0.660314 0.093800 2.421830
102040359 -0.661573 0.093800 2.416991
102040360 -0.662833 0.093800 2.412153
102040361 -0.664093 0.093800 2.407314
102040362 -0.665353 0.093800 2.402475
102040363 -0.666613 0.093800 2.397637
102040364 -0.667873 0.093800 2.392798
102040365 -0.669133 0.093800 2.387959
102040366 -0.670392 0.093800 2.383121
102040367 -0.671652 0.093800 2.378282
102040368 -0.672912 0.093800 2.373443
102040369 -0.674172 0.093800 2.368605
102040370 -0.675432 0.093800 2.363766
102040371 -0.676692 0.093800 2.358927
102040372 -0.677951 0.093800 2.354089
102040373 -0.679211 0.093800 2.349250
102040374 -0.680471 0.093800 2.344411
102040375 -0.681731 0.093800 2.339573
102040376 -0.682991 0.093800 2.334734
102040377 -0.684251 0.093800 2.329895
102040378 -0.685511 0.093800 2.325057
102040379 -0.686770 0.093800 2.320218
102040380 -0.688030 0.093800 2.315379
102040381 -0.689290 0.093800 2.310541
102040382 -0.690550 0.093800 2.305702
102040383 -0.691810 0.093800 2.300863
102040384 -0.693070 0.093800 2.296025
102040385 -0.694329 0.093800 2.291186
102040386 -0.695589 0.093800 2.286347
102040387 -0.696849 0.093800 2.281508
102040388 -0.698109 0.093800 2.276670
102040389 -0.699369 0.093800 2.271831
102040390 -0.700629 0.093800 2.266992
102040391 -0.701889 0.093800 2.262154
102040392 -0.703148 0.093800 2.257315
102040393 -0.704408 0.093800 2.252476
102040394 -0.705668 0.093800 2.247638
102040395 -0.706928 0.093800 2.242799
102040396 -0.708188 0.093800 2.237960
102040397 -0.709448 0.093800 2.233122
102040398 -0.710708 0.093800 2.228283
102040399 -0.711967 0.093800 2.223444
102040400 -0.713227 0.093800 2.218606
102040401 -0.588502 0.120200 2.697635
102040402 -0.589762 0.120200 2.692796
102040403 -0.591022 0.120200 2.687957
102040404 -0.592282 0.120200 2.683119
102040405 -0.593542 0.120200 2.678280
102040406 -0.594801 0.120200 2.673441
102040407 -0.596061 0.120200 2.668603
102040408 -0.597321 0.120200 2.663764
102040409 -0.598581 0.120200 2.658925
102040410 -0.599841 0.120200 2.654087
102040411 -0.601101 0.120200 2.649248
102040412 -0.602361 0.120200 2.644409
102040413 -0.603620 0.120200 2.639570
102040414 -0.604880 0.120200 2.634732
102040415 -0.606140 0.120200 2.629893
102040416 -0.607400 0.120200 2.625054
102040417 -0.608660 0.120200 2.620216
102040418 -0.609920 0.120200 2.615377
102040419 -0.611179 0.120200 2.610538
102040420 -0.612439 0.120200 2.605700
102040421 -0.613699 0.120200 2.600861
102040422 -0.614959 0.120200 2.596022
102040423 -0.616219 0.120200 2.591184
102040424 -0.617479 0.120200 2.586345
102040425 -0.618739 0.120200 2.581506
102040426 -0.619998 0.120200 2.576668
102040427 -0.621258 0.120200 2.571829
102040428 -0.622518 0.120200 2.566990
102040429 -0.623778 0.120200 2.562152
102040430 -0.625038 0.120200 2.557313
102040431 -0.626298 0.120200 2.552474
102040432 -0.627558 0.120200 2.547636
102040433 -0.628817 0.120200 2.542797
102040434 -0.630077 0.120200 2.537958
102040435 -0.631337 0.120200 2.533120
102040436 -0.632597 0.120200 2.528281
102040437 -0.633857 0.120200 2.523442
102040438 -0.635117 0.120200 2.518604
102040439 -0.636376 0.120200 2.513765
102040440 -0.637636 0.120200 2.508926
102040441 -0.638896 0.120200 2.504088
102040442 -0.640156 0.120200 2.499249
102040443 -0.641416 0.120200 2.494410
102040444 -0.642676 0.120200 2.489572
102040445 -0.643936 0.120200 2.484733
102040446 -0.645195 0.120200 2.479894
102040447 -0.646455 0.120200 2.475056
102040448 -0.647715 0.120200 2.470217
102040449 -0.648975 0.120200 2.465378
102040450 -0.650235 0.120200 2.460539
102040451 -0.651495 0.120200 2.455701
102040452 -0.652754 0.120200 2.450862
102040453 -0.654014 0.120200 2.446023
102040454 -0.655274 0.120200 2.441185
102040455 -0.656534 0.120200 2.436346
102040456 -0.657794 0.120200 2.431507
102040457 -0.659054 0.120200 2.426669
102040458 -0.660314 0.120200 2.421830
102040459 -0.661573 0.120200 2.416991
102040460 -0.662833 0.120200 2.412153
102040461 -0.664093 0.120200 2.407314
102040462 -0.665353 0.120200 2.402475
102040463 -0.666613 0.120200 2.397637
102040464 -0.667873 0.120200 2.392798
102040465 -0.669133 0.120200 2.387959
102040466 -0.670392 0.120200 2.383121
102040467 -0.671652 0.120200 2.378282
102040468 -0.672912 0.120200 2.373443
102040469 -0.674172 0.120200 2.368605
102040470 -0.675432 0.120200 2.363766
102040471 -0.676692 0.120200 2.358927
102040472 -0.677951 0.120200 2.354089
102040473 -0.679211 0.120200 2.349250
102040474 -0.680471 0.120200 2.344411
102040475 -0.681731 0.120200 2.339573
102040476 -0.682991 0.120200 2.334734
102040477 -0.684251 0.120200 2.329895
102040478 -0.685511 0.120200 2.325057
102040479 -0.686770 0.120200 2.320218
102040480 -0.688030 0.120200 2.315379
102040481 -0.689290 0.120200 2.310541
102040482 -0.690550 0.120200 2.305702
102040483 -0.691810 0.120200 2.300863
102040484 -0.693070 0.120200 2.296025
102040485 -0.694329 0.120200 2.291186
102040486 -0.695589 0.120200 2.286347
102040487 -0.696849 0.120200 2.281508
102040488 -0.698109 0.120200 2.276670
102040489 -0.699369 0.120200 2.271831
102040490 -0.700629 0.120200 2.266992
102040491 -0.701889 0.120200 2.262154
102040492 -0.703148 0.120200 2.257315
102040493 -0.704408 0.120200 2.252476
102040494 -0.705668 0.120200 2.247638
102040495 -0.706928 0.120200 2.242799
102040496 -0.708188 0.120200 2.237960
102040497 -0.709448 0.120200 2.233122
102040498 -0.710708 0.120200 2.228283
102040499 -0.711967 0.120200 2.223444
102040500 -0.713227 0.120200 2.218606
102040501 -0.588502 0.146600 2.697635
102040502 -0.589762 0.146600 2.692796
102040503 -0.591022 0.146600 2.687957
102040504 -0.592282 0.146600 2.683119
102040505 -0.593542 0.146600 2.678280
102040506 -0.594801 0.146600 2.673441
102040507 -0.596061 0.146600 2.668603
102040508 -0.597321 0.146600 2.663764
102040509 -0.598581 0.146600 2.658925
102040510 -0.599841 0.146600 2.654087
102040511 -0.601101 0.146600 2.649248
102040512 -0.602361 0.146600 2.644409
102040513 -0.603620 0.146600 2.639570
102040514 -0.604880 0.146600 2.634732
102040515 -0.606140 0.146600 2.629893
102040516 -0.607400 0.146600 2.625054
102040517 -0.608660 0.146600 2.620216
102040518 -0.609920 0.146600 2.615377
102040519 -0.611179 0.146600 2.610538
102040520 -0.612439 0.146600 2.605700
102040521 -0.613699 0.146600 2.600861
102040522 -0.614959 0.146600 2.596022
102040523 -0.616219 0.146600 2.591184
102040524 -0.617479 0.146600 2.586345
102040525 -0.618739 0.146600 2.581506
102040526 -0.619998 0.146600 2.576668
102040527 -0.621258 0.146600 2.571829
102040528 -0.622518 0.146600 2.566990
102040529 -0.623778 0.146600 2.562152
102040530 -0.625038 0.146600 2.557313
102040531 -0.626298 0.146600 2.552474
102040532 -0.627558 0.146600 2.547636
102040533 -0.628817 0.146600 2.542797
102040534 -0.630077 0.146600 2.537958
102040535 -0.631337 0.146600 2.533120
102040536 -0.632597 0.146600 2.528281
102040537 -0.633857 0.146600 2.523442
102040538 -0.635117 0.146600 2.518604
102040539 -0.636376 0.146600 2.513765
102040540 -0.637636 0.146600 2.508926
102040541 -0.638896 0.146600 2.504088
102040542 -0.640156 0.146600 2.499249
102040543 -0.641416 0.146600 2.494410
102040544 -0.642676 0.146600 2.489572
102040545 -0.643936 0.146600 2.484733
102040546 -0.645195 0.146600 2.479894
102040547 -0.646455 0.146600 2.475056
102040548 -0.647715 0.146600 2.470217
102040549 -0.648975 0.146600 2.465378
102040550 -0.650235 0.146600 2.460539
102040551 -0.651495 0.146600 2.455701
102040552 -0.652754 0.146600 2.450862
102040553 -0.654014 0.146600 2.446023
102040554 -0.655274 0.146600 2.441185
102040555 -0.656534 0.146600 2.436346
102040556 -0.657794 0.146600 2.431507
102040557 -0.659054 0.146600 2.426669
102040558 -0.660314 0.146600 2.421830
102040559 -0.661573 0.146600 2.416991
102040560 -0.662833 0.146600 2.412153
102040561 -0.664093 0.146600 2.407314
102040562 -0.665353 0.146600 2.402475
102040563 -0.666613 0.146600 2.397637
102040564 -0.667873 0.146600 2.392798
102040565 -0.669133 0.146600 2.387959
102040566 -0.670392 0.146600 2.383121
102040567 -0.671652 0.146600 2.378282
102040568 -0.672912 0.146600 2.373443
102040569 -0.674172 0.146600 2.368605
102040570 -0.675432 0.146600 2.363766
102040571 -0.676692 0.146600 2.358927
102040572 -0.677951 0.146600 2.354089
102040573 -0.679211 0.146600 2.349250
102040574 -0.680471 0.146600 2.344411
102040575 -0.681731 0.146600 2.339573
102040576 -0.682991 0.146600 2.334734
102040577 -0.684251 0.146600 2.329895
102040578 -0.685511 0.146600 2.325057
102040579 -0.686770 0.146600 2.320218
102040580 -0.688030 0.146600 2.315379
102040581 -0.689290 0.146600 2.310541
102040582 -0.690550 0.146600 2.305702
102040583 -0.691810 0.146600 2.300863
102040584 -0.693070 0.146600 2.296025
102040585 -0.694329 0.146600 2.291186
102040586 -0.695589 0.146600 2.286347
102040587 -0.696849 0.146600 2.281508
102040588 -0.698109 0.146600 2.276670
102040589 -0.699369 0.146600 2.271831
102040590 -0.700629 0.146600 2.266992
102040591 -0.701889 0.146600 2.262154
102040592 -0.703148 0.146600 2.257315
102040593 -0.704408 0.146600 2.252476
102040594 -0.705668 0.146600 2.247638
102040595 -0.706928 0.146600 2.242799
102040596 -0.708188 0.146600 2.237960
102040597 -0.709448 0.146600 2.233122
102040598 -0.710708 0.146600 2.228283
102040599 -0.711967 0.146600 2.223444
102040600 -0.713227 0.146600 2.218606
102040601 -0.588502 0.173000 2.697635
102040602 -0.589762 0.173000 2.692796
102040603 -0.591022 0.173000 2.687957
102040604 -0.592282 0.173000 2.683119
102040605 -0.593542 0.173000 2.678280
102040606 -0.594801 0.173000 2.673441
102040607 -0.596061 0.173000 2.668603
102040608 -0.597321 0.173000 2.663764
102040609 -0.598581 0.173000 2.658925
102040610 -0.599841 0.173000 2.654087
102040611 -0.601101 0.173000 2.649248
102040612 -0.602361 0.173000 2.644409
102040613 -0.603620 0.173000 2.639570
102040614 -0.604880 0.173000 2.634732
102040615 -0.606140 0.173000 2.629893
102040616 -0.607400 0.173000 2.625054
102040617 -0.608660 0.173000 2.620216
102040618 -0.609920 0.173000 2.615377
102040619 -0.611179 0.173000 2.610538
102040620 -0.612439 0.173000 2.605700
102040621 -0.613699 0.173000 2.600861
102040622 -0.614959 0.173000 2.596022
102040623 -0.616219 0.173000 2.591184
102040624 -0.617479 0.173000 2.586345
102040625 -0.618739 0.173000 2.581506
102040626 -0.619998 0.173000 2.576668
102040627 -0.621258 0.173000 2.571829
102040628 -0.622518 0.173000 2.566990
102040629 -0.623778 0.173000 2.562152
102040630 -0.625038 0.173000 2.557313
102040631 -0.626298 0.173000 2.552474
102040632 -0.627558 0.173000 2.547636
102040633 -0.628817 0.173000 2.542797
102040634 -0.630077 0.173000 2.537958
102040635 -0.631337 0.173000 2.533120
102040636 -0.632597 0.173000 2.528281
102040637 -0.633857 0.173000 2.523442
102040638 -0.635117 0.173000 2.518604
102040639 -0.636376 0.173000 2.513765
102040640 -0.637636 0.173000 2.508926
102040641 -0.638896 0.173000 2.504088
102040642 -0.640156 0.173000 2.499249
102040643 -0.641416 0.173000 2.494410
102040644 -0.642676 0.173000 2.489572
102040645 -0.643936 0.173000 2.484733
102040646 -0.645195 0.173000 2.479894
102040647 -0.646455 0.173000 2.475056
102040648 -0.647715 0.173000 2.470217
102040649 -0.648975 0.173000 2.465378
102040650 -0.650235 0.173000 2.460539
102040651 -0.651495 0.173000 2.455701
102040652 -0.652754 0.173000 2.450862
102040653 -0.654014 0.173000 2.446023
102040654 -0.655274 0.173000 2.441185
102040655 -0.656534 0.173000 2.436346
102040656 -0.657794 0.173000 2.431507
102040657 -0.659054 0.173000 2.426669
102040658 -0.660314 0.173000 2.421830
102040659 -0.661573 0.173000 2.416991
102040660 -0.662833 0.173000 2.412153
102040661 -0.664093 0.173000 2.407314
102040662 -0.665353 0.173000 2.402475
102040663 -0.666613 0.173000 2.397637
102040664 -0.667873 0.173000 2.392798
102040665 -0.669133 0.173000 2.387959
102040666 -0.670392 0.173000 2.383121
102040667 -0.671652 0.173000 2.378282
102040668 -0.672912 0.173000 2.373443
102040669 -0.674172 0.173000 2.368605
102040670 -0.675432 0.173000 2.363766
102040671 -0.676692 0.173000 2.358927
102040672 -0.677951 0.173000 2.354089
102040673 -0.679211 0.173000 2.349250
102040674 -0.680471 0.173000 2.344411
102040675 -0.681731 0.173000 2.339573
102040676 -0.682991 0.173000 2.334734
102040677 -0.684251 0.173000 2.329895
102040678 -0.685511 0.173000 2.325057
102040679 -0.686770 0.173000 2.320218
102040680 -0.688030 0.173000 2.315379
102040681 -0.689290 0.173000 2.310541
102040682 -0.690550 0.173000 2.305702
102040683 -0.691810 0.173000 2.300863
102040684 -0.693070 0.173000 2.296025
102040685 -0.694329 0.173000 2.291186
102040686 -0.695589 0.173000 2.286347
102040687 -0.696849 0.173000 2.281508
102040688 -0.698109 0.173000 2.276670
102040689 -0.699369 0.173000 2.271831
102040690 -0.700629 0.173000 2.266992
102040691 -0.701889 0.173000 2.262154
102040692 -0.703148 0.173000 2.257315
102040693 -0.704408 0.173000 2.252476
102040694 -0.705668 0.173000 2.247638
102040695 -0.706928 0.173000 2.242799
102040696 -0.708188 0.173000 2.237960
102040697 -0.709448 0.173000 2.233122
102040698 -0.710708 0.173000 2.228283
102040699 -0.711967 0.173000 2.223444
102040700 -0.713227 0.173000 2.218606
102040701 -0.588502 0.199400 2.697635
102040702 -0.589762 0.199400 2.692796
102040703 -0.591022 0.199400 2.687957
102040704 -0.592282 0.199400 2.683119
102040705 -0.593542 0.199400 2.678280
102040706 -0.594801 0.199400 2.673441
102040707 -0.596061 0.199400 2.668603
102040708 -0.597321 0.199400 2.663764
102040709 -0.598581 0.199400 2.658925
102040710 -0.599841 0.199400 2.654087
102040711 -0.601101 0.199400 2.649248
102040712 -0.602361 0.199400 2.644409
102040713 -0.603620 0.199400 2.639570
102040714 -0.604880 0.199400 2.634732
102040715 -0.606140 0.199400 2.629893
102040716 -0.607400 0.199400 2.625054
102040717 -0.608660 0.199400 2.620216
102040718 -0.609920 0.199400 2.615377
102040719 -0.611179 0.199400 2.610538
102040720 -0.612439 0.199400 2.605700
102040721 -0.613699 0.199400 2.600861
102040722 -0.614959 0.199400 2.596022
102040723 -0.616219 0.199400 2.591184
102040724 -0.617479 0.199400 2.586345
102040725 -0.618739 0.199400 2.581506
102040726 -0.619998 0.199400 2.576668
102040727 -0.621258 0.199400 2.571829
102040728 -0.622518 0.199400 2.566990
102040729 -0.623778 0.199400 2.562152
102040730 -0.625038 0.199400 2.557313
102040731 -0.626298 0.199400 2.552474
102040732 -0.627558 0.199400 2.547636
102040733 -0.628817 0.199400 2.542797
102040734 -0.630077 0.199400 2.537958
102040735 -0.631337 0.199400 2.533120
102040736 -0.632597 0.199400 2.528281
102040737 -0.633857 0.199400 2.523442
102040738 -0.635117 0.199400 2.518604
102040739 -0.636376 0.199400 2.513765
102040740 -0.637636 0.199400 2.508926
102040741 -0.638896 0.199400 2.504088
102040742 -0.640156 0.199400 2.499249
102040743 -0.641416 0.199400 2.494410
102040744 -0.642676 0.199400 2.489572
102040745 -0.643936 0.199400 2.484733
102040746 -0.645195 0.199400 2.479894
102040747 -0.646455 0.199400 2.475056
102040748 -0.647715 0.199400 2.470217
102040749 -0.648975 0.199400 2.465378
102040750 -0.650235 0.199400 2.460539
102040751 -0.651495 0.199400 2.455701
102040752 -0.652754 0.199400 2.450862
102040753 -0.654014 0.199400 2.446023
102040754 -0.655274 0.199400 2.441185
102040755 -0.656534 0.199400 2.436346
102040756 -0.657794 0.199400 2.431507
102040757 -0.659054 0.199400 2.426669
102040758 -0.660314 0.199400 2.421830
102040759 -0.661573 0.199400 2.416991
102040760 -0.662833 0.199400 2.412153
102040761 -0.664093 0.199400 2.407314
102040762 -0.665353 0.199400 2.402475
102040763 -0.666613 0.199400 2.397637
102040764 -0.667873 0.199400 2.392798
102040765 -0.669133 0.199400 2.387959
102040766 -0.670392 0.199400 2.383121
102040767 -0.671652 0.199400 2.378282
102040768 -0.672912 0.199400 2.373443
102040769 -0.674172 0.199400 2.368605
102040770 -0.675432 0.199400 2.363766
102040771 -0.676692 0.199400 2.358927
102040772 -0.677951 0.199400 2.354089
102040773 -0.679211 0.199400 2.349250
102040774 -0.680471 0.199400 2.344411
102040775 -0.681731 0.199400 2.339573
102040776 -0.682991 0.199400 2.334734
102040777 -0.684251 0.199400 2.329895
102040778 -0.685511 0.199400 2.325057
102040779 -0.686770 0.199400 2.320218
102040780 -0.688030 0.199400 2.315379
102040781 -0.689290 0.199400 2.310541
102040782 -0.690550 0.199400 2.305702
102040783 -0.691810 0.199400 2.300863
102040784 -0.693070 0.199400 2.296025
102040785 -0.694329 0.199400 2.291186
102040786 -0.695589 0.199400 2.286347
102040787 -0.696849 0.199400 2.281508
102040788 -0.698109 0.199400 2.276670
102040789 -0.699369 0.199400 2.271831
102040790 -0.700629 0.199400 2.266992
102040791 -0.701889 0.199400 2.262154
102040792 -0.703148 0.199400 2.257315
102040793 -0.704408 0.199400 2.252476
102040794 -0.705668 0.199400 2.247638
102040795 -0.706928 0.199400 2.242799
102040796 -0.708188 0.199400 2.237960
102040797 -0.709448 0.199400 2.233122
102040798 -0.710708 0.199400 2.228283
102040799 -0.711967 0.199400 2.223444
102040800 -0.713227 0.199400 2.218606
