113040001 0.714487 0.014600 2.213767
113040002 0.713227 0.014600 2.218606
113040003 0.711967 0.014600 2.223444
113040004 0.710708 0.014600 2.228283
113040005 0.709448 0.014600 2.233122
113040006 0.708188 0.014600 2.237960
113040007 0.706928 0.014600 2.242799
113040008 0.705668 0.014600 2.247638
113040009 0.704408 0.014600 2.252476
113040010 0.703148 0.014600 2.257315
113040011 0.701889 0.014600 2.262154
113040012 0.700629 0.014600 2.266992
113040013 0.699369 0.014600 2.271831
113040014 0.698109 0.014600 2.276670
113040015 0.696849 0.014600 2.281508
113040016 0.695589 0.014600 2.286347
113040017 0.694330 0.014600 2.291186
113040018 0.693070 0.014600 2.296024
113040019 0.691810 0.014600 2.300863
113040020 0.690550 0.014600 2.305702
113040021 0.689290 0.014600 2.310541
113040022 0.688030 0.014600 2.315379
113040023 0.686770 0.014600 2.320218
113040024 0.685511 0.014600 2.325057
113040025 0.684251 0.014600 2.329895
113040026 0.682991 0.014600 2.334734
113040027 0.681731 0.014600 2.339573
113040028 0.680471 0.014600 2.344411
113040029 0.679211 0.014600 2.349250
113040030 0.677951 0.014600 2.354089
113040031 0.676692 0.014600 2.358927
113040032 0.675432 0.014600 2.363766
113040033 0.674172 0.014600 2.368605
113040034 0.672912 0.014600 2.373443
113040035 0.671652 0.014600 2.378282
113040036 0.670392 0.014600 2.383121
113040037 0.669133 0.014600 2.387959
113040038 0.667873 0.014600 2.392798
113040039 0.666613 0.014600 2.397637
113040040 0.665353 0.014600 2.402475
113040041 0.664093 0.014600 2.407314
113040042 0.662833 0.014600 2.412153
113040043 0.661573 0.014600 2.416991
113040044 0.660314 0.014600 2.421830
113040045 0.659054 0.014600 2.426669
113040046 0.657794 0.014600 2.431507
113040047 0.656534 0.014600 2.436346
113040048 0.655274 0.014600 2.441185
113040049 0.654014 0.014600 2.446023
113040050 0.652755 0.014600 2.450862
113040051 0.651495 0.014600 2.455701
113040052 0.650235 0.014600 2.460539
113040053 0.648975 0.014600 2.465378
113040054 0.647715 0.014600 2.470217
113040055 0.646455 0.014600 2.475055
113040056 0.645195 0.014600 2.479894
113040057 0.643936 0.014600 2.484733
113040058 0.642676 0.014600 2.489572
113040059 0.641416 0.014600 2.494410
113040060 0.640156 0.014600 2.499249
113040061 0.638896 0.014600 2.504088
113040062 0.637636 0.014600 2.508926
113040063 0.636376 0.014600 2.513765
113040064 0.635117 0.014600 2.518604
113040065 0.633857 0.014600 2.523442
113040066 0.632597 0.014600 2.528281
113040067 0.631337 0.014600 2.533120
113040068 0.630077 0.014600 2.537958
113040069 0.628817 0.014600 2.542797
113040070 0.627558 0.014600 2.547636
113040071 0.626298 0.014600 2.552474
113040072 0.625038 0.014600 2.557313
113040073 0.623778 0.014600 2.562152
113040074 0.622518 0.014600 2.566990
113040075 0.621258 0.014600 2.571829
113040076 0.619998 0.014600 2.576668
113040077 0.618739 0.014600 2.581506
113040078 0.617479 0.014600 2.586345
113040079 0.616219 0.014600 2.591184
113040080 0.614959 0.014600 2.596022
113040081 0.613699 0.014600 2.600861
113040082 0.612439 0.014600 2.605700
113040083 0.611180 0.014600 2.610538
113040084 0.609920 0.014600 2.615377
113040085 0.608660 0.014600 2.620216
113040086 0.607400 0.014600 2.625054
113040087 0.606140 0.014600 2.629893
113040088 0.604880 0.014600 2.634732
113040089 0.603620 0.014600 2.639570
113040090 0.602361 0.014600 2.644409
113040091 0.601101 0.014600 2.649248
113040092 0.599841 0.014600 2.654086
113040093 0.598581 0.014600 2.658925
113040094 0.597321 0.014600 2.663764
113040095 0.596061 0.014600 2.668603
113040096 0.594801 0.014600 2.673441
113040097 0.593542 0.014600 2.678280
113040098 0.592282 0.014600 2.683119
113040099 0.591022 0.014600 2.687957
113040100 0.589762 0.014600 2.692796
113040101 0.714487 0.041000 2.213767
113040102 0.713227 0.041000 2.218606
113040103 0.711967 0.041000 2.223444
113040104 0.710708 0.041000 2.228283
113040105 0.709448 0.041000 2.233122
113040106 0.708188 0.041000 2.237960
113040107 0.706928 0.041000 2.242799
113040108 0.705668 0.041000 2.247638
113040109 0.704408 0.041000 2.252476
113040110 0.703148 0.041000 2.257315
113040111 0.701889 0.041000 2.262154
113040112 0.700629 0.041000 2.266992
113040113 0.699369 0.041000 2.271831
113040114 0.698109 0.041000 2.276670
113040115 0.696849 0.041000 2.281508
113040116 0.695589 0.041000 2.286347
113040117 0.694330 0.041000 2.291186
113040118 0.693070 0.041000 2.296024
113040119 0.691810 0.041000 2.300863
113040120 0.690550 0.041000 2.305702
113040121 0.689290 0.041000 2.310541
113040122 0.688030 0.041000 2.315379
113040123 0.686770 0.041000 2.320218
113040124 0.685511 0.041000 2.325057
113040125 0.684251 0.041000 2.329895
113040126 0.682991 0.041000 2.334734
113040127 0.681731 0.041000 2.339573
113040128 0.680471 0.041000 2.344411
113040129 0.679211 0.041000 2.349250
113040130 0.677951 0.041000 2.354089
113040131 0.676692 0.041000 2.358927
113040132 0.675432 0.041000 2.363766
113040133 0.674172 0.041000 2.368605
113040134 0.672912 0.041000 2.373443
113040135 0.671652 0.041000 2.378282
113040136 0.670392 0.041000 2.383121
113040137 0.669133 0.041000 2.387959
113040138 0.667873 0.041000 2.392798
113040139 0.666613 0.041000 2.397637
113040140 0.665353 0.041000 2.402475
113040141 0.664093 0.041000 2.407314
113040142 0.662833 0.041000 2.412153
113040143 0.661573 0.041000 2.416991
113040144 0.660314 0.041000 2.421830
113040145 0.659054 0.041000 2.426669
113040146 0.657794 0.041000 2.431507
113040147 0.656534 0.041000 2.436346
113040148 0.655274 0.041000 2.441185
113040149 0.654014 0.041000 2.446023
113040150 0.652755 0.041000 2.450862
113040151 0.651495 0.041000 2.455701
113040152 0.650235 0.041000 2.460539
113040153 0.648975 0.041000 2.465378
113040154 0.647715 0.041000 2.470217
113040155 0.646455 0.041000 2.475055
113040156 0.645195 0.041000 2.479894
113040157 0.643936 0.041000 2.484733
113040158 0.642676 0.041000 2.489572
113040159 0.641416 0.041000 2.494410
113040160 0.640156 0.041000 2.499249
113040161 0.638896 0.041000 2.504088
113040162 0.637636 0.041000 2.508926
113040163 0.636376 0.041000 2.513765
113040164 0.635117 0.041000 2.518604
113040165 0.633857 0.041000 2.523442
113040166 0.632597 0.041000 2.528281
113040167 0.631337 0.041000 2.533120
113040168 0.630077 0.041000 2.537958
113040169 0.628817 0.041000 2.542797
113040170 0.627558 0.041000 2.547636
113040171 0.626298 0.041000 2.552474
113040172 0.625038 0.041000 2.557313
113040173 0.623778 0.041000 2.562152
113040174 0.622518 0.041000 2.566990
113040175 0.621258 0.041000 2.571829
113040176 0.619998 0.041000 2.576668
113040177 0.618739 0.041000 2.581506
113040178 0.617479 0.041000 2.586345
113040179 0.616219 0.041000 2.591184
113040180 0.614959 0.041000 2.596022
113040181 0.613699 0.041000 2.600861
113040182 0.612439 0.041000 2.605700
113040183 0.611180 0.041000 2.610538
113040184 0.609920 0.041000 2.615377
113040185 0.608660 0.041000 2.620216
113040186 0.607400 0.041000 2.625054
113040187 0.606140 0.041000 2.629893
113040188 0.604880 0.041000 2.634732
113040189 0.603620 0.041000 2.639570
113040190 0.602361 0.041000 2.644409
113040191 0.601101 0.041000 2.649248
113040192 0.599841 0.041000 2.654086
113040193 0.598581 0.041000 2.658925
113040194 0.597321 0.041000 2.663764
113040195 0.596061 0.041000 2.668603
113040196 0.594801 0.041000 2.673441
113040197 0.593542 0.041000 2.678280
113040198 0.592282 0.041000 2.683119
113040199 0.591022 0.041000 2.687957
113040200 0.589762 0.041000 2.692796
113040201 0.714487 0.067400 2.213767
113040202 0.713227 0.067400 2.218606
113040203 0.711967 0.067400 2.223444
113040204 0.710708 0.067400 2.228283
113040205 0.709448 0.067400 2.233122
113040206 0.708188 0.067400 2.237960
113040207 0.706928 0.067400 2.242799
113040208 0.705668 0.067400 2.247638
113040209 0.704408 0.067400 2.252476
113040210 0.703148 0.067400 2.257315
113040211 0.701889 0.067400 2.262154
113040212 0.700629 0.067400 2.266992
113040213 0.699369 0.067400 2.271831
113040214 0.698109 0.067400 2.276670
113040215 0.696849 0.067400 2.281508
113040216 0.695589 0.067400 2.286347
113040217 0.694330 0.067400 2.291186
113040218 0.693070 0.067400 2.296024
113040219 0.691810 0.067400 2.300863
113040220 0.690550 0.067400 2.305702
113040221 0.689290 0.067400 2.310541
113040222 0.688030 0.067400 2.315379
113040223 0.686770 0.067400 2.320218
113040224 0.685511 0.067400 2.325057
113040225 0.684251 0.067400 2.329895
113040226 0.682991 0.067400 2.334734
113040227 0.681731 0.067400 2.339573
113040228 0.680471 0.067400 2.344411
113040229 0.679211 0.067400 2.349250
113040230 0.677951 0.067400 2.354089
113040231 0.676692 0.067400 2.358927
113040232 0.675432 0.067400 2.363766
113040233 0.674172 0.067400 2.368605
113040234 0.672912 0.067400 2.373443
113040235 0.671652 0.067400 2.378282
113040236 0.670392 0.067400 2.383121
113040237 0.669133 0.067400 2.387959
113040238 0.667873 0.067400 2.392798
113040239 0.666613 0.067400 2.397637
113040240 0.665353 0.067400 2.402475
113040241 0.664093 0.067400 2.407314
113040242 0.662833 0.067400 2.412153
113040243 0.661573 0.067400 2.416991
113040244 0.660314 0.067400 2.421830
113040245 0.659054 0.067400 2.426669
113040246 0.657794 0.067400 2.431507
113040247 0.656534 0.067400 2.436346
113040248 0.655274 0.067400 2.441185
113040249 0.654014 0.067400 2.446023
113040250 0.652755 0.067400 2.450862
113040251 0.651495 0.067400 2.455701
113040252 0.650235 0.067400 2.460539
113040253 0.648975 0.067400 2.465378
113040254 0.647715 0.067400 2.470217
113040255 0.646455 0.067400 2.475055
113040256 0.645195 0.067400 2.479894
113040257 0.643936 0.067400 2.484733
113040258 0.642676 0.067400 2.489572
113040259 0.641416 0.067400 2.494410
113040260 0.640156 0.067400 2.499249
113040261 0.638896 0.067400 2.504088
113040262 0.637636 0.067400 2.508926
113040263 0.636376 0.067400 2.513765
113040264 0.635117 0.067400 2.518604
113040265 0.633857 0.067400 2.523442
113040266 0.632597 0.067400 2.528281
113040267 0.631337 0.067400 2.533120
113040268 0.630077 0.067400 2.537958
113040269 0.628817 0.067400 2.542797
113040270 0.627558 0.067400 2.547636
113040271 0.626298 0.067400 2.552474
113040272 0.625038 0.067400 2.557313
113040273 0.623778 0.067400 2.562152
113040274 0.622518 0.067400 2.566990
113040275 0.621258 0.067400 2.571829
113040276 0.619998 0.067400 2.576668
113040277 0.618739 0.067400 2.581506
113040278 0.617479 0.067400 2.586345
113040279 0.616219 0.067400 2.591184
113040280 0.614959 0.067400 2.596022
113040281 0.613699 0.067400 2.600861
113040282 0.612439 0.067400 2.605700
113040283 0.611180 0.067400 2.610538
113040284 0.609920 0.067400 2.615377
113040285 0.608660 0.067400 2.620216
113040286 0.607400 0.067400 2.625054
113040287 0.606140 0.067400 2.629893
113040288 0.604880 0.067400 2.634732
113040289 0.603620 0.067400 2.639570
113040290 0.602361 0.067400 2.644409
113040291 0.601101 0.067400 2.649248
113040292 0.599841 0.067400 2.654086
113040293 0.598581 0.067400 2.658925
113040294 0.597321 0.067400 2.663764
113040295 0.596061 0.067400 2.668603
113040296 0.594801 0.067400 2.673441
113040297 0.593542 0.067400 2.678280
113040298 0.592282 0.067400 2.683119
113040299 0.591022 0.067400 2.687957
113040300 0.589762 0.067400 2.692796
113040301 0.714487 0.093800 2.213767
113040302 0.713227 0.093800 2.218606
113040303 0.711967 0.093800 2.223444
113040304 0.710708 0.093800 2.228283
113040305 0.709448 0.093800 2.233122
113040306 0.708188 0.093800 2.237960
113040307 0.706928 0.093800 2.242799
113040308 0.705668 0.093800 2.247638
113040309 0.704408 0.093800 2.252476
113040310 0.703148 0.093800 2.257315
113040311 0.701889 0.093800 2.262154
113040312 0.700629 0.093800 2.266992
113040313 0.699369 0.093800 2.271831
113040314 0.698109 0.093800 2.276670
113040315 0.696849 0.093800 2.281508
113040316 0.695589 0.093800 2.286347
113040317 0.694330 0.093800 2.291186
113040318 0.693070 0.093800 2.296024
113040319 0.691810 0.093800 2.300863
113040320 0.690550 0.093800 2.305702
113040321 0.689290 0.093800 2.310541
113040322 0.688030 0.093800 2.315379
113040323 0.686770 0.093800 2.320218
113040324 0.685511 0.093800 2.325057
113040325 0.684251 0.093800 2.329895
113040326 0.682991 0.093800 2.334734
113040327 0.681731 0.093800 2.339573
113040328 0.680471 0.093800 2.344411
113040329 0.679211 0.093800 2.349250
113040330 0.677951 0.093800 2.354089
113040331 0.676692 0.093800 2.358927
113040332 0.675432 0.093800 2.363766
113040333 0.674172 0.093800 2.368605
113040334 0.672912 0.093800 2.373443
113040335 0.671652 0.093800 2.378282
113040336 0.670392 0.093800 2.383121
113040337 0.669133 0.093800 2.387959
113040338 0.667873 0.093800 2.392798
113040339 0.666613 0.093800 2.397637
113040340 0.665353 0.093800 2.402475
113040341 0.664093 0.093800 2.407314
113040342 0.662833 0.093800 2.412153
113040343 0.661573 0.093800 2.416991
113040344 0.660314 0.093800 2.421830
113040345 0.659054 0.093800 2.426669
113040346 0.657794 0.093800 2.431507
113040347 0.656534 0.093800 2.436346
113040348 0.655274 0.093800 2.441185
113040349 0.654014 0.093800 2.446023
113040350 0.652755 0.093800 2.450862
113040351 0.651495 0.093800 2.455701
113040352 0.650235 0.093800 2.460539
113040353 0.648975 0.093800 2.465378
113040354 0.647715 0.093800 2.470217
113040355 0.646455 0.093800 2.475055
113040356 0.645195 0.093800 2.479894
113040357 0.643936 0.093800 2.484733
113040358 0.642676 0.093800 2.489572
113040359 0.641416 0.093800 2.494410
113040360 0.640156 0.093800 2.499249
113040361 0.638896 0.093800 2.504088
113040362 0.637636 0.093800 2.508926
113040363 0.636376 0.093800 2.513765
113040364 0.635117 0.093800 2.518604
113040365 0.633857 0.093800 2.523442
113040366 0.632597 0.093800 2.528281
113040367 0.631337 0.093800 2.533120
113040368 0.630077 0.093800 2.537958
113040369 0.628817 0.093800 2.542797
113040370 0.627558 0.093800 2.547636
113040371 0.626298 0.093800 2.552474
113040372 0.625038 0.093800 2.557313
113040373 0.623778 0.093800 2.562152
113040374 0.622518 0.093800 2.566990
113040375 0.621258 0.093800 2.571829
113040376 0.619998 0.093800 2.576668
113040377 0.618739 0.093800 2.581506
113040378 0.617479 0.093800 2.586345
113040379 0.616219 0.093800 2.591184
113040380 0.614959 0.093800 2.596022
113040381 0.613699 0.093800 2.600861
113040382 0.612439 0.093800 2.605700
113040383 0.611180 0.093800 2.610538
113040384 0.609920 0.093800 2.615377
113040385 0.608660 0.093800 2.620216
113040386 0.607400 0.093800 2.625054
113040387 0.606140 0.093800 2.629893
113040388 0.604880 0.093800 2.634732
113040389 0.603620 0.093800 2.639570
113040390 0.602361 0.093800 2.644409
113040391 0.601101 0.093800 2.649248
113040392 0.599841 0.093800 2.654086
113040393 0.598581 0.093800 2.658925
113040394 0.597321 0.093800 2.663764
113040395 0.596061 0.093800 2.668603
113040396 0.594801 0.093800 2.673441
113040397 0.593542 0.093800 2.678280
113040398 0.592282 0.093800 2.683119
113040399 0.591022 0.093800 2.687957
113040400 0.589762 0.093800 2.692796
113040401 0.714487 0.120200 2.213767
113040402 0.713227 0.120200 2.218606
113040403 0.711967 0.120200 2.223444
113040404 0.710708 0.120200 2.228283
113040405 0.709448 0.120200 2.233122
113040406 0.708188 0.120200 2.237960
113040407 0.706928 0.120200 2.242799
113040408 0.705668 0.120200 2.247638
113040409 0.704408 0.120200 2.252476
113040410 0.703148 0.120200 2.257315
113040411 0.701889 0.120200 2.262154
113040412 0.700629 0.120200 2.266992
113040413 0.699369 0.120200 2.271831
113040414 0.698109 0.120200 2.276670
113040415 0.696849 0.120200 2.281508
113040416 0.695589 0.120200 2.286347
113040417 0.694330 0.120200 2.291186
113040418 0.693070 0.120200 2.296024
113040419 0.691810 0.120200 2.300863
113040420 0.690550 0.120200 2.305702
113040421 0.689290 0.120200 2.310541
113040422 0.688030 0.120200 2.315379
113040423 0.686770 0.120200 2.320218
113040424 0.685511 0.120200 2.325057
113040425 0.684251 0.120200 2.329895
113040426 0.682991 0.120200 2.334734
113040427 0.681731 0.120200 2.339573
113040428 0.680471 0.120200 2.344411
113040429 0.679211 0.120200 2.349250
113040430 0.677951 0.120200 2.354089
113040431 0.676692 0.120200 2.358927
113040432 0.675432 0.120200 2.363766
113040433 0.674172 0.120200 2.368605
113040434 0.672912 0.120200 2.373443
113040435 0.671652 0.120200 2.378282
113040436 0.670392 0.120200 2.383121
113040437 0.669133 0.120200 2.387959
113040438 0.667873 0.120200 2.392798
113040439 0.666613 0.120200 2.397637
113040440 0.665353 0.120200 2.402475
113040441 0.664093 0.120200 2.407314
113040442 0.662833 0.120200 2.412153
113040443 0.661573 0.120200 2.416991
113040444 0.660314 0.120200 2.421830
113040445 0.659054 0.120200 2.426669
113040446 0.657794 0.120200 2.431507
113040447 0.656534 0.120200 2.436346
113040448 0.655274 0.120200 2.441185
113040449 0.654014 0.120200 2.446023
113040450 0.652755 0.120200 2.450862
113040451 0.651495 0.120200 2.455701
113040452 0.650235 0.120200 2.460539
113040453 0.648975 0.120200 2.465378
113040454 0.647715 0.120200 2.470217
113040455 0.646455 0.120200 2.475055
113040456 0.645195 0.120200 2.479894
113040457 0.643936 0.120200 2.484733
113040458 0.642676 0.120200 2.489572
113040459 0.641416 0.120200 2.494410
113040460 0.640156 0.120200 2.499249
113040461 0.638896 0.120200 2.504088
113040462 0.637636 0.120200 2.508926
113040463 0.636376 0.120200 2.513765
113040464 0.635117 0.120200 2.518604
113040465 0.633857 0.120200 2.523442
113040466 0.632597 0.120200 2.528281
113040467 0.631337 0.120200 2.533120
113040468 0.630077 0.120200 2.537958
113040469 0.628817 0.120200 2.542797
113040470 0.627558 0.120200 2.547636
113040471 0.626298 0.120200 2.552474
113040472 0.625038 0.120200 2.557313
113040473 0.623778 0.120200 2.562152
113040474 0.622518 0.120200 2.566990
113040475 0.621258 0.120200 2.571829
113040476 0.619998 0.120200 2.576668
113040477 0.618739 0.120200 2.581506
113040478 0.617479 0.120200 2.586345
113040479 0.616219 0.120200 2.591184
113040480 0.614959 0.120200 2.596022
113040481 0.613699 0.120200 2.600861
113040482 0.612439 0.120200 2.605700
113040483 0.611180 0.120200 2.610538
113040484 0.609920 0.120200 2.615377
113040485 0.608660 0.120200 2.620216
113040486 0.607400 0.120200 2.625054
113040487 0.606140 0.120200 2.629893
113040488 0.604880 0.120200 2.634732
113040489 0.603620 0.120200 2.639570
113040490 0.602361 0.120200 2.644409
113040491 0.601101 0.120200 2.649248
113040492 0.599841 0.120200 2.654086
113040493 0.598581 0.120200 2.658925
113040494 0.597321 0.120200 2.663764
113040495 0.596061 0.120200 2.668603
113040496 0.594801 0.120200 2.673441
113040497 0.593542 0.120200 2.678280
113040498 0.592282 0.120200 2.683119
113040499 0.591022 0.120200 2.687957
113040500 0.589762 0.120200 2.692796
113040501 0.714487 0.146600 2.213767
113040502 0.713227 0.146600 2.218606
113040503 0.711967 0.146600 2.223444
113040504 0.710708 0.146600 2.228283
113040505 0.709448 0.146600 2.233122
113040506 0.708188 0.146600 2.237960
113040507 0.706928 0.146600 2.242799
113040508 0.705668 0.146600 2.247638
113040509 0.704408 0.146600 2.252476
113040510 0.703148 0.146600 2.257315
113040511 0.701889 0.146600 2.262154
113040512 0.700629 0.146600 2.266992
113040513 0.699369 0.146600 2.271831
113040514 0.698109 0.146600 2.276670
113040515 0.696849 0.146600 2.281508
113040516 0.695589 0.146600 2.286347
113040517 0.694330 0.146600 2.291186
113040518 0.693070 0.146600 2.296024
113040519 0.691810 0.146600 2.300863
113040520 0.690550 0.146600 2.305702
113040521 0.689290 0.146600 2.310541
113040522 0.688030 0.146600 2.315379
113040523 0.686770 0.146600 2.320218
113040524 0.685511 0.146600 2.325057
113040525 0.684251 0.146600 2.329895
113040526 0.682991 0.146600 2.334734
113040527 0.681731 0.146600 2.339573
113040528 0.680471 0.146600 2.344411
113040529 0.679211 0.146600 2.349250
113040530 0.677951 0.146600 2.354089
113040531 0.676692 0.146600 2.358927
113040532 0.675432 0.146600 2.363766
113040533 0.674172 0.146600 2.368605
113040534 0.672912 0.146600 2.373443
113040535 0.671652 0.146600 2.378282
113040536 0.670392 0.146600 2.383121
113040537 0.669133 0.146600 2.387959
113040538 0.667873 0.146600 2.392798
113040539 0.666613 0.146600 2.397637
113040540 0.665353 0.146600 2.402475
113040541 0.664093 0.146600 2.407314
113040542 0.662833 0.146600 2.412153
113040543 0.661573 0.146600 2.416991
113040544 0.660314 0.146600 2.421830
113040545 0.659054 0.146600 2.426669
113040546 0.657794 0.146600 2.431507
113040547 0.656534 0.146600 2.436346
113040548 0.655274 0.146600 2.441185
113040549 0.654014 0.146600 2.446023
113040550 0.652755 0.146600 2.450862
113040551 0.651495 0.146600 2.455701
113040552 0.650235 0.146600 2.460539
113040553 0.648975 0.146600 2.465378
113040554 0.647715 0.146600 2.470217
113040555 0.646455 0.146600 2.475055
113040556 0.645195 0.146600 2.479894
113040557 0.643936 0.146600 2.484733
113040558 0.642676 0.146600 2.489572
113040559 0.641416 0.146600 2.494410
113040560 0.640156 0.146600 2.499249
113040561 0.638896 0.146600 2.504088
113040562 0.637636 0.146600 2.508926
113040563 0.636376 0.146600 2.513765
113040564 0.635117 0.146600 2.518604
113040565 0.633857 0.146600 2.523442
113040566 0.632597 0.146600 2.528281
113040567 0.631337 0.146600 2.533120
113040568 0.630077 0.146600 2.537958
113040569 0.628817 0.146600 2.542797
113040570 0.627558 0.146600 2.547636
113040571 0.626298 0.146600 2.552474
113040572 0.625038 0.146600 2.557313
113040573 0.623778 0.146600 2.562152
113040574 0.622518 0.146600 2.566990
113040575 0.621258 0.146600 2.571829
113040576 0.619998 0.146600 2.576668
113040577 0.618739 0.146600 2.581506
113040578 0.617479 0.146600 2.586345
113040579 0.616219 0.146600 2.591184
113040580 0.614959 0.146600 2.596022
113040581 0.613699 0.146600 2.600861
113040582 0.612439 0.146600 2.605700
113040583 0.611180 0.146600 2.610538
113040584 0.609920 0.146600 2.615377
113040585 0.608660 0.146600 2.620216
113040586 0.607400 0.146600 2.625054
113040587 0.606140 0.146600 2.629893
113040588 0.604880 0.146600 2.634732
113040589 0.603620 0.146600 2.639570
113040590 0.602361 0.146600 2.644409
113040591 0.601101 0.146600 2.649248
113040592 0.599841 0.146600 2.654086
113040593 0.598581 0.146600 2.658925
113040594 0.597321 0.146600 2.663764
113040595 0.596061 0.146600 2.668603
113040596 0.594801 0.146600 2.673441
113040597 0.593542 0.146600 2.678280
113040598 0.592282 0.146600 2.683119
113040599 0.591022 0.146600 2.687957
113040600 0.589762 0.146600 2.692796
113040601 0.714487 0.173000 2.213767
113040602 0.713227 0.173000 2.218606
113040603 0.711967 0.173000 2.223444
113040604 0.710708 0.173000 2.228283
113040605 0.709448 0.173000 2.233122
113040606 0.708188 0.173000 2.237960
113040607 0.706928 0.173000 2.242799
113040608 0.705668 0.173000 2.247638
113040609 0.704408 0.173000 2.252476
113040610 0.703148 0.173000 2.257315
113040611 0.701889 0.173000 2.262154
113040612 0.700629 0.173000 2.266992
113040613 0.699369 0.173000 2.271831
113040614 0.698109 0.173000 2.276670
113040615 0.696849 0.173000 2.281508
113040616 0.695589 0.173000 2.286347
113040617 0.694330 0.173000 2.291186
113040618 0.693070 0.173000 2.296024
113040619 0.691810 0.173000 2.300863
113040620 0.690550 0.173000 2.305702
113040621 0.689290 0.173000 2.310541
113040622 0.688030 0.173000 2.315379
113040623 0.686770 0.173000 2.320218
113040624 0.685511 0.173000 2.325057
113040625 0.684251 0.173000 2.329895
113040626 0.682991 0.173000 2.334734
113040627 0.681731 0.173000 2.339573
113040628 0.680471 0.173000 2.344411
113040629 0.679211 0.173000 2.349250
113040630 0.677951 0.173000 2.354089
113040631 0.676692 0.173000 2.358927
113040632 0.675432 0.173000 2.363766
113040633 0.674172 0.173000 2.368605
113040634 0.672912 0.173000 2.373443
113040635 0.671652 0.173000 2.378282
113040636 0.670392 0.173000 2.383121
113040637 0.669133 0.173000 2.387959
113040638 0.667873 0.173000 2.392798
113040639 0.666613 0.173000 2.397637
113040640 0.665353 0.173000 2.402475
113040641 0.664093 0.173000 2.407314
113040642 0.662833 0.173000 2.412153
113040643 0.661573 0.173000 2.416991
113040644 0.660314 0.173000 2.421830
113040645 0.659054 0.173000 2.426669
113040646 0.657794 0.173000 2.431507
113040647 0.656534 0.173000 2.436346
113040648 0.655274 0.173000 2.441185
113040649 0.654014 0.173000 2.446023
113040650 0.652755 0.173000 2.450862
113040651 0.651495 0.173000 2.455701
113040652 0.650235 0.173000 2.460539
113040653 0.648975 0.173000 2.465378
113040654 0.647715 0.173000 2.470217
113040655 0.646455 0.173000 2.475055
113040656 0.645195 0.173000 2.479894
113040657 0.643936 0.173000 2.484733
113040658 0.642676 0.173000 2.489572
113040659 0.641416 0.173000 2.494410
113040660 0.640156 0.173000 2.499249
113040661 0.638896 0.173000 2.504088
113040662 0.637636 0.173000 2.508926
113040663 0.636376 0.173000 2.513765
113040664 0.635117 0.173000 2.518604
113040665 0.633857 0.173000 2.523442
113040666 0.632597 0.173000 2.528281
113040667 0.631337 0.173000 2.533120
113040668 0.630077 0.173000 2.537958
113040669 0.628817 0.173000 2.542797
113040670 0.627558 0.173000 2.547636
113040671 0.626298 0.173000 2.552474
113040672 0.625038 0.173000 2.557313
113040673 0.623778 0.173000 2.562152
113040674 0.622518 0.173000 2.566990
113040675 0.621258 0.173000 2.571829
113040676 0.619998 0.173000 2.576668
113040677 0.618739 0.173000 2.581506
113040678 0.617479 0.173000 2.586345
113040679 0.616219 0.173000 2.591184
113040680 0.614959 0.173000 2.596022
113040681 0.613699 0.173000 2.600861
113040682 0.612439 0.173000 2.605700
113040683 0.611180 0.173000 2.610538
113040684 0.609920 0.173000 2.615377
113040685 0.608660 0.173000 2.620216
113040686 0.607400 0.173000 2.625054
113040687 0.606140 0.173000 2.629893
113040688 0.604880 0.173000 2.634732
113040689 0.603620 0.173000 2.639570
113040690 0.602361 0.173000 2.644409
113040691 0.601101 0.173000 2.649248
113040692 0.599841 0.173000 2.654086
113040693 0.598581 0.173000 2.658925
113040694 0.597321 0.173000 2.663764
113040695 0.596061 0.173000 2.668603
113040696 0.594801 0.173000 2.673441
113040697 0.593542 0.173000 2.678280
113040698 0.592282 0.173000 2.683119
113040699 0.591022 0.173000 2.687957
113040700 0.589762 0.173000 2.692796
113040701 0.714487 0.199400 2.213767
113040702 0.713227 0.199400 2.218606
113040703 0.711967 0.199400 2.223444
113040704 0.710708 0.199400 2.228283
113040705 0.709448 0.199400 2.233122
113040706 0.708188 0.199400 2.237960
113040707 0.706928 0.199400 2.242799
113040708 0.705668 0.199400 2.247638
113040709 0.704408 0.199400 2.252476
113040710 0.703148 0.199400 2.257315
113040711 0.701889 0.199400 2.262154
113040712 0.700629 0.199400 2.266992
113040713 0.699369 0.199400 2.271831
113040714 0.698109 0.199400 2.276670
113040715 0.696849 0.199400 2.281508
113040716 0.695589 0.199400 2.286347
113040717 0.694330 0.199400 2.291186
113040718 0.693070 0.199400 2.296024
113040719 0.691810 0.199400 2.300863
113040720 0.690550 0.199400 2.305702
113040721 0.689290 0.199400 2.310541
113040722 0.688030 0.199400 2.315379
113040723 0.686770 0.199400 2.320218
113040724 0.685511 0.199400 2.325057
113040725 0.684251 0.199400 2.329895
113040726 0.682991 0.199400 2.334734
113040727 0.681731 0.199400 2.339573
113040728 0.680471 0.199400 2.344411
113040729 0.679211 0.199400 2.349250
113040730 0.677951 0.199400 2.354089
113040731 0.676692 0.199400 2.358927
113040732 0.675432 0.199400 2.363766
113040733 0.674172 0.199400 2.368605
113040734 0.672912 0.199400 2.373443
113040735 0.671652 0.199400 2.378282
113040736 0.670392 0.199400 2.383121
113040737 0.669133 0.199400 2.387959
113040738 0.667873 0.199400 2.392798
113040739 0.666613 0.199400 2.397637
113040740 0.665353 0.199400 2.402475
113040741 0.664093 0.199400 2.407314
113040742 0.662833 0.199400 2.412153
113040743 0.661573 0.199400 2.416991
113040744 0.660314 0.199400 2.421830
113040745 0.659054 0.199400 2.426669
113040746 0.657794 0.199400 2.431507
113040747 0.656534 0.199400 2.436346
113040748 0.655274 0.199400 2.441185
113040749 0.654014 0.199400 2.446023
113040750 0.652755 0.199400 2.450862
113040751 0.651495 0.199400 2.455701
113040752 0.650235 0.199400 2.460539
113040753 0.648975 0.199400 2.465378
113040754 0.647715 0.199400 2.470217
113040755 0.646455 0.199400 2.475055
113040756 0.645195 0.199400 2.479894
113040757 0.643936 0.199400 2.484733
113040758 0.642676 0.199400 2.489572
113040759 0.641416 0.199400 2.494410
113040760 0.640156 0.199400 2.499249
113040761 0.638896 0.199400 2.504088
113040762 0.637636 0.199400 2.508926
113040763 0.636376 0.199400 2.513765
113040764 0.635117 0.199400 2.518604
113040765 0.633857 0.199400 2.523442
113040766 0.632597 0.199400 2.528281
113040767 0.631337 0.199400 2.533120
113040768 0.630077 0.199400 2.537958
113040769 0.628817 0.199400 2.542797
113040770 0.627558 0.199400 2.547636
113040771 0.626298 0.199400 2.552474
113040772 0.625038 0.199400 2.557313
113040773 0.623778 0.199400 2.562152
113040774 0.622518 0.199400 2.566990
113040775 0.621258 0.199400 2.571829
113040776 0.619998 0.199400 2.576668
113040777 0.618739 0.199400 2.581506
113040778 0.617479 0.199400 2.586345
113040779 0.616219 0.199400 2.591184
113040780 0.614959 0.199400 2.596022
113040781 0.613699 0.199400 2.600861
113040782 0.612439 0.199400 2.605700
113040783 0.611180 0.199400 2.610538
113040784 0.609920 0.199400 2.615377
113040785 0.608660 0.199400 2.620216
113040786 0.607400 0.199400 2.625054
113040787 0.606140 0.199400 2.629893
113040788 0.604880 0.199400 2.634732
113040789 0.603620 0.199400 2.639570
113040790 0.602361 0.199400 2.644409
113040791 0.601101 0.199400 2.649248
113040792 0.599841 0.199400 2.654086
113040793 0.598581 0.199400 2.658925
113040794 0.597321 0.199400 2.663764
113040795 0.596061 0.199400 2.668603
113040796 0.594801 0.199400 2.673441
113040797 0.593542 0.199400 2.678280
113040798 0.592282 0.199400 2.683119
113040799 0.591022 0.199400 2.687957
113040800 0.589762 0.199400 2.692796
