104040001 -1.259680 -0.092400 1.021137
104040002 -1.259680 -0.092400 1.016137
104040003 -1.259680 -0.092400 1.011137
104040004 -1.259680 -0.092400 1.006137
104040005 -1.259680 -0.092400 1.001137
104040006 -1.259680 -0.092400 0.996137
104040007 -1.259680 -0.092400 0.991137
104040008 -1.259680 -0.092400 0.986137
104040009 -1.259680 -0.092400 0.981137
104040010 -1.259680 -0.092400 0.976137
104040011 -1.259680 -0.092400 0.971137
104040012 -1.259680 -0.092400 0.966137
104040013 -1.259680 -0.092400 0.961137
104040014 -1.259680 -0.092400 0.956137
104040015 -1.259680 -0.092400 0.951137
104040016 -1.259680 -0.092400 0.946137
104040017 -1.259680 -0.092400 0.941137
104040018 -1.259680 -0.092400 0.936137
104040019 -1.259680 -0.092400 0.931137
104040020 -1.259680 -0.092400 0.926137
104040021 -1.259680 -0.092400 0.921137
104040022 -1.259680 -0.092400 0.916137
104040023 -1.259680 -0.092400 0.911137
104040024 -1.259680 -0.092400 0.906137
104040025 -1.259680 -0.092400 0.901137
104040026 -1.259680 -0.092400 0.896137
104040027 -1.259680 -0.092400 0.891137
104040028 -1.259680 -0.092400 0.886137
104040029 -1.259680 -0.092400 0.881137
104040030 -1.259680 -0.092400 0.876137
104040031 -1.259680 -0.092400 0.871137
104040032 -1.259680 -0.092400 0.866137
104040033 -1.259680 -0.092400 0.861137
104040034 -1.259680 -0.092400 0.856137
104040035 -1.259680 -0.092400 0.851137
104040036 -1.259680 -0.092400 0.846137
104040037 -1.259680 -0.092400 0.841137
104040038 -1.259680 -0.092400 0.836137
104040039 -1.259680 -0.092400 0.831137
104040040 -1.259680 -0.092400 0.826137
104040041 -1.259680 -0.092400 0.821137
104040042 -1.259680 -0.092400 0.816137
104040043 -1.259680 -0.092400 0.811137
104040044 -1.259680 -0.092400 0.806137
104040045 -1.259680 -0.092400 0.801137
104040046 -1.259680 -0.092400 0.796137
104040047 -1.259680 -0.092400 0.791137
104040048 -1.259680 -0.092400 0.786137
104040049 -1.259680 -0.092400 0.781137
104040050 -1.259680 -0.092400 0.776137
104040051 -1.259680 -0.092400 0.771137
104040052 -1.259680 -0.092400 0.766137
104040053 -1.259680 -0.092400 0.761137
104040054 -1.259680 -0.092400 0.756137
104040055 -1.259680 -0.092400 0.751137
104040056 -1.259680 -0.092400 0.746137
104040057 -1.259680 -0.092400 0.741137
104040058 -1.259680 -0.092400 0.736137
104040059 -1.259680 -0.092400 0.731137
104040060 -1.259680 -0.092400 0.726137
104040061 -1.259680 -0.092400 0.721137
104040062 -1.259680 -0.092400 0.716137
104040063 -1.259680 -0.092400 0.711137
104040064 -1.259680 -0.092400 0.706137
104040065 -1.259680 -0.092400 0.701137
104040066 -1.259680 -0.092400 0.696137
104040067 -1.259680 -0.092400 0.691137
104040068 -1.259680 -0.092400 0.686137
104040069 -1.259680 -0.092400 0.681137
104040070 -1.259680 -0.092400 0.676137
104040071 -1.259680 -0.092400 0.671137
104040072 -1.259680 -0.092400 0.666137
104040073 -1.259680 -0.092400 0.661137
104040074 -1.259680 -0.092400 0.656137
104040075 -1.259680 -0.092400 0.651137
104040076 -1.259680 -0.092400 0.646137
104040077 -1.259680 -0.092400 0.641137
104040078 -1.259680 -0.092400 0.636137
104040079 -1.259680 -0.092400 0.631137
104040080 -1.259680 -0.092400 0.626137
104040081 -1.259680 -0.092400 0.621137
104040082 -1.259680 -0.092400 0.616137
104040083 -1.259680 -0.092400 0.611137
104040084 -1.259680 -0.092400 0.606137
104040085 -1.259680 -0.092400 0.601137
104040086 -1.259680 -0.092400 0.596137
104040087 -1.259680 -0.092400 0.591137
104040088 -1.259680 -0.092400 0.586137
104040089 -1.259680 -0.092400 0.581137
104040090 -1.259680 -0.092400 0.576137
104040091 -1.259680 -0.092400 0.571137
104040092 -1.259680 -0.092400 0.566137
104040093 -1.259680 -0.092400 0.561137
104040094 -1.259680 -0.092400 0.556137
104040095 -1.259680 -0.092400 0.551137
104040096 -1.259680 -0.092400 0.546137
104040097 -1.259680 -0.092400 0.541137
104040098 -1.259680 -0.092400 0.536137
104040099 -1.259680 -0.092400 0.531137
104040100 -1.259680 -0.092400 0.526137
104040101 -1.259680 -0.066000 1.021137
104040102 -1.259680 -0.066000 1.016137
104040103 -1.259680 -0.066000 1.011137
104040104 -1.259680 -0.066000 1.006137
104040105 -1.259680 -0.066000 1.001137
104040106 -1.259680 -0.066000 0.996137
104040107 -1.259680 -0.066000 0.991137
104040108 -1.259680 -0.066000 0.986137
104040109 -1.259680 -0.066000 0.981137
104040110 -1.259680 -0.066000 0.976137
104040111 -1.259680 -0.066000 0.971137
104040112 -1.259680 -0.066000 0.966137
104040113 -1.259680 -0.066000 0.961137
104040114 -1.259680 -0.066000 0.956137
104040115 -1.259680 -0.066000 0.951137
104040116 -1.259680 -0.066000 0.946137
104040117 -1.259680 -0.066000 0.941137
104040118 -1.259680 -0.066000 0.936137
104040119 -1.259680 -0.066000 0.931137
104040120 -1.259680 -0.066000 0.926137
104040121 -1.259680 -0.066000 0.921137
104040122 -1.259680 -0.066000 0.916137
104040123 -1.259680 -0.066000 0.911137
104040124 -1.259680 -0.066000 0.906137
104040125 -1.259680 -0.066000 0.901137
104040126 -1.259680 -0.066000 0.896137
104040127 -1.259680 -0.066000 0.891137
104040128 -1.259680 -0.066000 0.886137
104040129 -1.259680 -0.066000 0.881137
104040130 -1.259680 -0.066000 0.876137
104040131 -1.259680 -0.066000 0.871137
104040132 -1.259680 -0.066000 0.866137
104040133 -1.259680 -0.066000 0.861137
104040134 -1.259680 -0.066000 0.856137
104040135 -1.259680 -0.066000 0.851137
104040136 -1.259680 -0.066000 0.846137
104040137 -1.259680 -0.066000 0.841137
104040138 -1.259680 -0.066000 0.836137
104040139 -1.259680 -0.066000 0.831137
104040140 -1.259680 -0.066000 0.826137
104040141 -1.259680 -0.066000 0.821137
104040142 -1.259680 -0.066000 0.816137
104040143 -1.259680 -0.066000 0.811137
104040144 -1.259680 -0.066000 0.806137
104040145 -1.259680 -0.066000 0.801137
104040146 -1.259680 -0.066000 0.796137
104040147 -1.259680 -0.066000 0.791137
104040148 -1.259680 -0.066000 0.786137
104040149 -1.259680 -0.066000 0.781137
104040150 -1.259680 -0.066000 0.776137
104040151 -1.259680 -0.066000 0.771137
104040152 -1.259680 -0.066000 0.766137
104040153 -1.259680 -0.066000 0.761137
104040154 -1.259680 -0.066000 0.756137
104040155 -1.259680 -0.066000 0.751137
104040156 -1.259680 -0.066000 0.746137
104040157 -1.259680 -0.066000 0.741137
104040158 -1.259680 -0.066000 0.736137
104040159 -1.259680 -0.066000 0.731137
104040160 -1.259680 -0.066000 0.726137
104040161 -1.259680 -0.066000 0.721137
104040162 -1.259680 -0.066000 0.716137
104040163 -1.259680 -0.066000 0.711137
104040164 -1.259680 -0.066000 0.706137
104040165 -1.259680 -0.066000 0.701137
104040166 -1.259680 -0.066000 0.696137
104040167 -1.259680 -0.066000 0.691137
104040168 -1.259680 -0.066000 0.686137
104040169 -1.259680 -0.066000 0.681137
104040170 -1.259680 -0.066000 0.676137
104040171 -1.259680 -0.066000 0.671137
104040172 -1.259680 -0.066000 0.666137
104040173 -1.259680 -0.066000 0.661137
104040174 -1.259680 -0.066000 0.656137
104040175 -1.259680 -0.066000 0.651137
104040176 -1.259680 -0.066000 0.646137
104040177 -1.259680 -0.066000 0.641137
104040178 -1.259680 -0.066000 0.636137
104040179 -1.259680 -0.066000 0.631137
104040180 -1.259680 -0.066000 0.626137
104040181 -1.259680 -0.066000 0.621137
104040182 -1.259680 -0.066000 0.616137
104040183 -1.259680 -0.066000 0.611137
104040184 -1.259680 -0.066000 0.606137
104040185 -1.259680 -0.066000 0.601137
104040186 -1.259680 -0.066000 0.596137
104040187 -1.259680 -0.066000 0.591137
104040188 -1.259680 -0.066000 0.586137
104040189 -1.259680 -0.066000 0.581137
104040190 -1.259680 -0.066000 0.576137
104040191 -1.259680 -0.066000 0.571137
104040192 -1.259680 -0.066000 0.566137
104040193 -1.259680 -0.066000 0.561137
104040194 -1.259680 -0.066000 0.556137
104040195 -1.259680 -0.066000 0.551137
104040196 -1.259680 -0.066000 0.546137
104040197 -1.259680 -0.066000 0.541137
104040198 -1.259680 -0.066000 0.536137
104040199 -1.259680 -0.066000 0.531137
104040200 -1.259680 -0.066000 0.526137
104040201 -1.259680 -0.039600 1.021137
104040202 -1.259680 -0.039600 1.016137
104040203 -1.259680 -0.039600 1.011137
104040204 -1.259680 -0.039600 1.006137
104040205 -1.259680 -0.039600 1.001137
104040206 -1.259680 -0.039600 0.996137
104040207 -1.259680 -0.039600 0.991137
104040208 -1.259680 -0.039600 0.986137
104040209 -1.259680 -0.039600 0.981137
104040210 -1.259680 -0.039600 0.976137
104040211 -1.259680 -0.039600 0.971137
104040212 -1.259680 -0.039600 0.966137
104040213 -1.259680 -0.039600 0.961137
104040214 -1.259680 -0.039600 0.956137
104040215 -1.259680 -0.039600 0.951137
104040216 -1.259680 -0.039600 0.946137
104040217 -1.259680 -0.039600 0.941137
104040218 -1.259680 -0.039600 0.936137
104040219 -1.259680 -0.039600 0.931137
104040220 -1.259680 -0.039600 0.926137
104040221 -1.259680 -0.039600 0.921137
104040222 -1.259680 -0.039600 0.916137
104040223 -1.259680 -0.039600 0.911137
104040224 -1.259680 -0.039600 0.906137
104040225 -1.259680 -0.039600 0.901137
104040226 -1.259680 -0.039600 0.896137
104040227 -1.259680 -0.039600 0.891137
104040228 -1.259680 -0.039600 0.886137
104040229 -1.259680 -0.039600 0.881137
104040230 -1.259680 -0.039600 0.876137
104040231 -1.259680 -0.039600 0.871137
104040232 -1.259680 -0.039600 0.866137
104040233 -1.259680 -0.039600 0.861137
104040234 -1.259680 -0.039600 0.856137
104040235 -1.259680 -0.039600 0.851137
104040236 -1.259680 -0.039600 0.846137
104040237 -1.259680 -0.039600 0.841137
104040238 -1.259680 -0.039600 0.836137
104040239 -1.259680 -0.039600 0.831137
104040240 -1.259680 -0.039600 0.826137
104040241 -1.259680 -0.039600 0.821137
104040242 -1.259680 -0.039600 0.816137
104040243 -1.259680 -0.039600 0.811137
104040244 -1.259680 -0.039600 0.806137
104040245 -1.259680 -0.039600 0.801137
104040246 -1.259680 -0.039600 0.796137
104040247 -1.259680 -0.039600 0.791137
104040248 -1.259680 -0.039600 0.786137
104040249 -1.259680 -0.039600 0.781137
104040250 -1.259680 -0.039600 0.776137
104040251 -1.259680 -0.039600 0.771137
104040252 -1.259680 -0.039600 0.766137
104040253 -1.259680 -0.039600 0.761137
104040254 -1.259680 -0.039600 0.756137
104040255 -1.259680 -0.039600 0.751137
104040256 -1.259680 -0.039600 0.746137
104040257 -1.259680 -0.039600 0.741137
104040258 -1.259680 -0.039600 0.736137
104040259 -1.259680 -0.039600 0.731137
104040260 -1.259680 -0.039600 0.726137
104040261 -1.259680 -0.039600 0.721137
104040262 -1.259680 -0.039600 0.716137
104040263 -1.259680 -0.039600 0.711137
104040264 -1.259680 -0.039600 0.706137
104040265 -1.259680 -0.039600 0.701137
104040266 -1.259680 -0.039600 0.696137
104040267 -1.259680 -0.039600 0.691137
104040268 -1.259680 -0.039600 0.686137
104040269 -1.259680 -0.039600 0.681137
104040270 -1.259680 -0.039600 0.676137
104040271 -1.259680 -0.039600 0.671137
104040272 -1.259680 -0.039600 0.666137
104040273 -1.259680 -0.039600 0.661137
104040274 -1.259680 -0.039600 0.656137
104040275 -1.259680 -0.039600 0.651137
104040276 -1.259680 -0.039600 0.646137
104040277 -1.259680 -0.039600 0.641137
104040278 -1.259680 -0.039600 0.636137
104040279 -1.259680 -0.039600 0.631137
104040280 -1.259680 -0.039600 0.626137
104040281 -1.259680 -0.039600 0.621137
104040282 -1.259680 -0.039600 0.616137
104040283 -1.259680 -0.039600 0.611137
104040284 -1.259680 -0.039600 0.606137
104040285 -1.259680 -0.039600 0.601137
104040286 -1.259680 -0.039600 0.596137
104040287 -1.259680 -0.039600 0.591137
104040288 -1.259680 -0.039600 0.586137
104040289 -1.259680 -0.039600 0.581137
104040290 -1.259680 -0.039600 0.576137
104040291 -1.259680 -0.039600 0.571137
104040292 -1.259680 -0.039600 0.566137
104040293 -1.259680 -0.039600 0.561137
104040294 -1.259680 -0.039600 0.556137
104040295 -1.259680 -0.039600 0.551137
104040296 -1.259680 -0.039600 0.546137
104040297 -1.259680 -0.039600 0.541137
104040298 -1.259680 -0.039600 0.536137
104040299 -1.259680 -0.039600 0.531137
104040300 -1.259680 -0.039600 0.526137
104040301 -1.259680 -0.013200 1.021137
104040302 -1.259680 -0.013200 1.016137
104040303 -1.259680 -0.013200 1.011137
104040304 -1.259680 -0.013200 1.006137
104040305 -1.259680 -0.013200 1.001137
104040306 -1.259680 -0.013200 0.996137
104040307 -1.259680 -0.013200 0.991137
104040308 -1.259680 -0.013200 0.986137
104040309 -1.259680 -0.013200 0.981137
104040310 -1.259680 -0.013200 0.976137
104040311 -1.259680 -0.013200 0.971137
104040312 -1.259680 -0.013200 0.966137
104040313 -1.259680 -0.013200 0.961137
104040314 -1.259680 -0.013200 0.956137
104040315 -1.259680 -0.013200 0.951137
104040316 -1.259680 -0.013200 0.946137
104040317 -1.259680 -0.013200 0.941137
104040318 -1.259680 -0.013200 0.936137
104040319 -1.259680 -0.013200 0.931137
104040320 -1.259680 -0.013200 0.926137
104040321 -1.259680 -0.013200 0.921137
104040322 -1.259680 -0.013200 0.916137
104040323 -1.259680 -0.013200 0.911137
104040324 -1.259680 -0.013200 0.906137
104040325 -1.259680 -0.013200 0.901137
104040326 -1.259680 -0.013200 0.896137
104040327 -1.259680 -0.013200 0.891137
104040328 -1.259680 -0.013200 0.886137
104040329 -1.259680 -0.013200 0.881137
104040330 -1.259680 -0.013200 0.876137
104040331 -1.259680 -0.013200 0.871137
104040332 -1.259680 -0.013200 0.866137
104040333 -1.259680 -0.013200 0.861137
104040334 -1.259680 -0.013200 0.856137
104040335 -1.259680 -0.013200 0.851137
104040336 -1.259680 -0.013200 0.846137
104040337 -1.259680 -0.013200 0.841137
104040338 -1.259680 -0.013200 0.836137
104040339 -1.259680 -0.013200 0.831137
104040340 -1.259680 -0.013200 0.826137
104040341 -1.259680 -0.013200 0.821137
104040342 -1.259680 -0.013200 0.816137
104040343 -1.259680 -0.013200 0.811137
104040344 -1.259680 -0.013200 0.806137
104040345 -1.259680 -0.013200 0.801137
104040346 -1.259680 -0.013200 0.796137
104040347 -1.259680 -0.013200 0.791137
104040348 -1.259680 -0.013200 0.786137
104040349 -1.259680 -0.013200 0.781137
104040350 -1.259680 -0.013200 0.776137
104040351 -1.259680 -0.013200 0.771137
104040352 -1.259680 -0.013200 0.766137
104040353 -1.259680 -0.013200 0.761137
104040354 -1.259680 -0.013200 0.756137
104040355 -1.259680 -0.013200 0.751137
104040356 -1.259680 -0.013200 0.746137
104040357 -1.259680 -0.013200 0.741137
104040358 -1.259680 -0.013200 0.736137
104040359 -1.259680 -0.013200 0.731137
104040360 -1.259680 -0.013200 0.726137
104040361 -1.259680 -0.013200 0.721137
104040362 -1.259680 -0.013200 0.716137
104040363 -1.259680 -0.013200 0.711137
104040364 -1.259680 -0.013200 0.706137
104040365 -1.259680 -0.013200 0.701137
104040366 -1.259680 -0.013200 0.696137
104040367 -1.259680 -0.013200 0.691137
104040368 -1.259680 -0.013200 0.686137
104040369 -1.259680 -0.013200 0.681137
104040370 -1.259680 -0.013200 0.676137
104040371 -1.259680 -0.013200 0.671137
104040372 -1.259680 -0.013200 0.666137
104040373 -1.259680 -0.013200 0.661137
104040374 -1.259680 -0.013200 0.656137
104040375 -1.259680 -0.013200 0.651137
104040376 -1.259680 -0.013200 0.646137
104040377 -1.259680 -0.013200 0.641137
104040378 -1.259680 -0.013200 0.636137
104040379 -1.259680 -0.013200 0.631137
104040380 -1.259680 -0.013200 0.626137
104040381 -1.259680 -0.013200 0.621137
104040382 -1.259680 -0.013200 0.616137
104040383 -1.259680 -0.013200 0.611137
104040384 -1.259680 -0.013200 0.606137
104040385 -1.259680 -0.013200 0.601137
104040386 -1.259680 -0.013200 0.596137
104040387 -1.259680 -0.013200 0.591137
104040388 -1.259680 -0.013200 0.586137
104040389 -1.259680 -0.013200 0.581137
104040390 -1.259680 -0.013200 0.576137
104040391 -1.259680 -0.013200 0.571137
104040392 -1.259680 -0.013200 0.566137
104040393 -1.259680 -0.013200 0.561137
104040394 -1.259680 -0.013200 0.556137
104040395 -1.259680 -0.013200 0.551137
104040396 -1.259680 -0.013200 0.546137
104040397 -1.259680 -0.013200 0.541137
104040398 -1.259680 -0.013200 0.536137
104040399 -1.259680 -0.013200 0.531137
104040400 -1.259680 -0.013200 0.526137
104040401 -1.259680 0.013200 1.021137
104040402 -1.259680 0.013200 1.016137
104040403 -1.259680 0.013200 1.011137
104040404 -1.259680 0.013200 1.006137
104040405 -1.259680 0.013200 1.001137
104040406 -1.259680 0.013200 0.996137
104040407 -1.259680 0.013200 0.991137
104040408 -1.259680 0.013200 0.986137
104040409 -1.259680 0.013200 0.981137
104040410 -1.259680 0.013200 0.976137
104040411 -1.259680 0.013200 0.971137
104040412 -1.259680 0.013200 0.966137
104040413 -1.259680 0.013200 0.961137
104040414 -1.259680 0.013200 0.956137
104040415 -1.259680 0.013200 0.951137
104040416 -1.259680 0.013200 0.946137
104040417 -1.259680 0.013200 0.941137
104040418 -1.259680 0.013200 0.936137
104040419 -1.259680 0.013200 0.931137
104040420 -1.259680 0.013200 0.926137
104040421 -1.259680 0.013200 0.921137
104040422 -1.259680 0.013200 0.916137
104040423 -1.259680 0.013200 0.911137
104040424 -1.259680 0.013200 0.906137
104040425 -1.259680 0.013200 0.901137
104040426 -1.259680 0.013200 0.896137
104040427 -1.259680 0.013200 0.891137
104040428 -1.259680 0.013200 0.886137
104040429 -1.259680 0.013200 0.881137
104040430 -1.259680 0.013200 0.876137
104040431 -1.259680 0.013200 0.871137
104040432 -1.259680 0.013200 0.866137
104040433 -1.259680 0.013200 0.861137
104040434 -1.259680 0.013200 0.856137
104040435 -1.259680 0.013200 0.851137
104040436 -1.259680 0.013200 0.846137
104040437 -1.259680 0.013200 0.841137
104040438 -1.259680 0.013200 0.836137
104040439 -1.259680 0.013200 0.831137
104040440 -1.259680 0.013200 0.826137
104040441 -1.259680 0.013200 0.821137
104040442 -1.259680 0.013200 0.816137
104040443 -1.259680 0.013200 0.811137
104040444 -1.259680 0.013200 0.806137
104040445 -1.259680 0.013200 0.801137
104040446 -1.259680 0.013200 0.796137
104040447 -1.259680 0.013200 0.791137
104040448 -1.259680 0.013200 0.786137
104040449 -1.259680 0.013200 0.781137
104040450 -1.259680 0.013200 0.776137
104040451 -1.259680 0.013200 0.771137
104040452 -1.259680 0.013200 0.766137
104040453 -1.259680 0.013200 0.761137
104040454 -1.259680 0.013200 0.756137
104040455 -1.259680 0.013200 0.751137
104040456 -1.259680 0.013200 0.746137
104040457 -1.259680 0.013200 0.741137
104040458 -1.259680 0.013200 0.736137
104040459 -1.259680 0.013200 0.731137
104040460 -1.259680 0.013200 0.726137
104040461 -1.259680 0.013200 0.721137
104040462 -1.259680 0.013200 0.716137
104040463 -1.259680 0.013200 0.711137
104040464 -1.259680 0.013200 0.706137
104040465 -1.259680 0.013200 0.701137
104040466 -1.259680 0.013200 0.696137
104040467 -1.259680 0.013200 0.691137
104040468 -1.259680 0.013200 0.686137
104040469 -1.259680 0.013200 0.681137
104040470 -1.259680 0.013200 0.676137
104040471 -1.259680 0.013200 0.671137
104040472 -1.259680 0.013200 0.666137
104040473 -1.259680 0.013200 0.661137
104040474 -1.259680 0.013200 0.656137
104040475 -1.259680 0.013200 0.651137
104040476 -1.259680 0.013200 0.646137
104040477 -1.259680 0.013200 0.641137
104040478 -1.259680 0.013200 0.636137
104040479 -1.259680 0.013200 0.631137
104040480 -1.259680 0.013200 0.626137
104040481 -1.259680 0.013200 0.621137
104040482 -1.259680 0.013200 0.616137
104040483 -1.259680 0.013200 0.611137
104040484 -1.259680 0.013200 0.606137
104040485 -1.259680 0.013200 0.601137
104040486 -1.259680 0.013200 0.596137
104040487 -1.259680 0.013200 0.591137
104040488 -1.259680 0.013200 0.586137
104040489 -1.259680 0.013200 0.581137
104040490 -1.259680 0.013200 0.576137
104040491 -1.259680 0.013200 0.571137
104040492 -1.259680 0.013200 0.566137
104040493 -1.259680 0.013200 0.561137
104040494 -1.259680 0.013200 0.556137
104040495 -1.259680 0.013200 0.551137
104040496 -1.259680 0.013200 0.546137
104040497 -1.259680 0.013200 0.541137
104040498 -1.259680 0.013200 0.536137
104040499 -1.259680 0.013200 0.531137
104040500 -1.259680 0.013200 0.526137
104040501 -1.259680 0.039600 1.021137
104040502 -1.259680 0.039600 1.016137
104040503 -1.259680 0.039600 1.011137
104040504 -1.259680 0.039600 1.006137
104040505 -1.259680 0.039600 1.001137
104040506 -1.259680 0.039600 0.996137
104040507 -1.259680 0.039600 0.991137
104040508 -1.259680 0.039600 0.986137
104040509 -1.259680 0.039600 0.981137
104040510 -1.259680 0.039600 0.976137
104040511 -1.259680 0.039600 0.971137
104040512 -1.259680 0.039600 0.966137
104040513 -1.259680 0.039600 0.961137
104040514 -1.259680 0.039600 0.956137
104040515 -1.259680 0.039600 0.951137
104040516 -1.259680 0.039600 0.946137
104040517 -1.259680 0.039600 0.941137
104040518 -1.259680 0.039600 0.936137
104040519 -1.259680 0.039600 0.931137
104040520 -1.259680 0.039600 0.926137
104040521 -1.259680 0.039600 0.921137
104040522 -1.259680 0.039600 0.916137
104040523 -1.259680 0.039600 0.911137
104040524 -1.259680 0.039600 0.906137
104040525 -1.259680 0.039600 0.901137
104040526 -1.259680 0.039600 0.896137
104040527 -1.259680 0.039600 0.891137
104040528 -1.259680 0.039600 0.886137
104040529 -1.259680 0.039600 0.881137
104040530 -1.259680 0.039600 0.876137
104040531 -1.259680 0.039600 0.871137
104040532 -1.259680 0.039600 0.866137
104040533 -1.259680 0.039600 0.861137
104040534 -1.259680 0.039600 0.856137
104040535 -1.259680 0.039600 0.851137
104040536 -1.259680 0.039600 0.846137
104040537 -1.259680 0.039600 0.841137
104040538 -1.259680 0.039600 0.836137
104040539 -1.259680 0.039600 0.831137
104040540 -1.259680 0.039600 0.826137
104040541 -1.259680 0.039600 0.821137
104040542 -1.259680 0.039600 0.816137
104040543 -1.259680 0.039600 0.811137
104040544 -1.259680 0.039600 0.806137
104040545 -1.259680 0.039600 0.801137
104040546 -1.259680 0.039600 0.796137
104040547 -1.259680 0.039600 0.791137
104040548 -1.259680 0.039600 0.786137
104040549 -1.259680 0.039600 0.781137
104040550 -1.259680 0.039600 0.776137
104040551 -1.259680 0.039600 0.771137
104040552 -1.259680 0.039600 0.766137
104040553 -1.259680 0.039600 0.761137
104040554 -1.259680 0.039600 0.756137
104040555 -1.259680 0.039600 0.751137
104040556 -1.259680 0.039600 0.746137
104040557 -1.259680 0.039600 0.741137
104040558 -1.259680 0.039600 0.736137
104040559 -1.259680 0.039600 0.731137
104040560 -1.259680 0.039600 0.726137
104040561 -1.259680 0.039600 0.721137
104040562 -1.259680 0.039600 0.716137
104040563 -1.259680 0.039600 0.711137
104040564 -1.259680 0.039600 0.706137
104040565 -1.259680 0.039600 0.701137
104040566 -1.259680 0.039600 0.696137
104040567 -1.259680 0.039600 0.691137
104040568 -1.259680 0.039600 0.686137
104040569 -1.259680 0.039600 0.681137
104040570 -1.259680 0.039600 0.676137
104040571 -1.259680 0.039600 0.671137
104040572 -1.259680 0.039600 0.666137
104040573 -1.259680 0.039600 0.661137
104040574 -1.259680 0.039600 0.656137
104040575 -1.259680 0.039600 0.651137
104040576 -1.259680 0.039600 0.646137
104040577 -1.259680 0.039600 0.641137
104040578 -1.259680 0.039600 0.636137
104040579 -1.259680 0.039600 0.631137
104040580 -1.259680 0.039600 0.626137
104040581 -1.259680 0.039600 0.621137
104040582 -1.259680 0.039600 0.616137
104040583 -1.259680 0.039600 0.611137
104040584 -1.259680 0.039600 0.606137
104040585 -1.259680 0.039600 0.601137
104040586 -1.259680 0.039600 0.596137
104040587 -1.259680 0.039600 0.591137
104040588 -1.259680 0.039600 0.586137
104040589 -1.259680 0.039600 0.581137
104040590 -1.259680 0.039600 0.576137
104040591 -1.259680 0.039600 0.571137
104040592 -1.259680 0.039600 0.566137
104040593 -1.259680 0.039600 0.561137
104040594 -1.259680 0.039600 0.556137
104040595 -1.259680 0.039600 0.551137
104040596 -1.259680 0.039600 0.546137
104040597 -1.259680 0.039600 0.541137
104040598 -1.259680 0.039600 0.536137
104040599 -1.259680 0.039600 0.531137
104040600 -1.259680 0.039600 0.526137
104040601 -1.259680 0.066000 1.021137
104040602 -1.259680 0.066000 1.016137
104040603 -1.259680 0.066000 1.011137
104040604 -1.259680 0.066000 1.006137
104040605 -1.259680 0.066000 1.001137
104040606 -1.259680 0.066000 0.996137
104040607 -1.259680 0.066000 0.991137
104040608 -1.259680 0.066000 0.986137
104040609 -1.259680 0.066000 0.981137
104040610 -1.259680 0.066000 0.976137
104040611 -1.259680 0.066000 0.971137
104040612 -1.259680 0.066000 0.966137
104040613 -1.259680 0.066000 0.961137
104040614 -1.259680 0.066000 0.956137
104040615 -1.259680 0.066000 0.951137
104040616 -1.259680 0.066000 0.946137
104040617 -1.259680 0.066000 0.941137
104040618 -1.259680 0.066000 0.936137
104040619 -1.259680 0.066000 0.931137
104040620 -1.259680 0.066000 0.926137
104040621 -1.259680 0.066000 0.921137
104040622 -1.259680 0.066000 0.916137
104040623 -1.259680 0.066000 0.911137
104040624 -1.259680 0.066000 0.906137
104040625 -1.259680 0.066000 0.901137
104040626 -1.259680 0.066000 0.896137
104040627 -1.259680 0.066000 0.891137
104040628 -1.259680 0.066000 0.886137
104040629 -1.259680 0.066000 0.881137
104040630 -1.259680 0.066000 0.876137
104040631 -1.259680 0.066000 0.871137
104040632 -1.259680 0.066000 0.866137
104040633 -1.259680 0.066000 0.861137
104040634 -1.259680 0.066000 0.856137
104040635 -1.259680 0.066000 0.851137
104040636 -1.259680 0.066000 0.846137
104040637 -1.259680 0.066000 0.841137
104040638 -1.259680 0.066000 0.836137
104040639 -1.259680 0.066000 0.831137
104040640 -1.259680 0.066000 0.826137
104040641 -1.259680 0.066000 0.821137
104040642 -1.259680 0.066000 0.816137
104040643 -1.259680 0.066000 0.811137
104040644 -1.259680 0.066000 0.806137
104040645 -1.259680 0.066000 0.801137
104040646 -1.259680 0.066000 0.796137
104040647 -1.259680 0.066000 0.791137
104040648 -1.259680 0.066000 0.786137
104040649 -1.259680 0.066000 0.781137
104040650 -1.259680 0.066000 0.776137
104040651 -1.259680 0.066000 0.771137
104040652 -1.259680 0.066000 0.766137
104040653 -1.259680 0.066000 0.761137
104040654 -1.259680 0.066000 0.756137
104040655 -1.259680 0.066000 0.751137
104040656 -1.259680 0.066000 0.746137
104040657 -1.259680 0.066000 0.741137
104040658 -1.259680 0.066000 0.736137
104040659 -1.259680 0.066000 0.731137
104040660 -1.259680 0.066000 0.726137
104040661 -1.259680 0.066000 0.721137
104040662 -1.259680 0.066000 0.716137
104040663 -1.259680 0.066000 0.711137
104040664 -1.259680 0.066000 0.706137
104040665 -1.259680 0.066000 0.701137
104040666 -1.259680 0.066000 0.696137
104040667 -1.259680 0.066000 0.691137
104040668 -1.259680 0.066000 0.686137
104040669 -1.259680 0.066000 0.681137
104040670 -1.259680 0.066000 0.676137
104040671 -1.259680 0.066000 0.671137
104040672 -1.259680 0.066000 0.666137
104040673 -1.259680 0.066000 0.661137
104040674 -1.259680 0.066000 0.656137
104040675 -1.259680 0.066000 0.651137
104040676 -1.259680 0.066000 0.646137
104040677 -1.259680 0.066000 0.641137
104040678 -1.259680 0.066000 0.636137
104040679 -1.259680 0.066000 0.631137
104040680 -1.259680 0.066000 0.626137
104040681 -1.259680 0.066000 0.621137
104040682 -1.259680 0.066000 0.616137
104040683 -1.259680 0.066000 0.611137
104040684 -1.259680 0.066000 0.606137
104040685 -1.259680 0.066000 0.601137
104040686 -1.259680 0.066000 0.596137
104040687 -1.259680 0.066000 0.591137
104040688 -1.259680 0.066000 0.586137
104040689 -1.259680 0.066000 0.581137
104040690 -1.259680 0.066000 0.576137
104040691 -1.259680 0.066000 0.571137
104040692 -1.259680 0.066000 0.566137
104040693 -1.259680 0.066000 0.561137
104040694 -1.259680 0.066000 0.556137
104040695 -1.259680 0.066000 0.551137
104040696 -1.259680 0.066000 0.546137
104040697 -1.259680 0.066000 0.541137
104040698 -1.259680 0.066000 0.536137
104040699 -1.259680 0.066000 0.531137
104040700 -1.259680 0.066000 0.526137
104040701 -1.259680 0.092400 1.021137
104040702 -1.259680 0.092400 1.016137
104040703 -1.259680 0.092400 1.011137
104040704 -1.259680 0.092400 1.006137
104040705 -1.259680 0.092400 1.001137
104040706 -1.259680 0.092400 0.996137
104040707 -1.259680 0.092400 0.991137
104040708 -1.259680 0.092400 0.986137
104040709 -1.259680 0.092400 0.981137
104040710 -1.259680 0.092400 0.976137
104040711 -1.259680 0.092400 0.971137
104040712 -1.259680 0.092400 0.966137
104040713 -1.259680 0.092400 0.961137
104040714 -1.259680 0.092400 0.956137
104040715 -1.259680 0.092400 0.951137
104040716 -1.259680 0.092400 0.946137
104040717 -1.259680 0.092400 0.941137
104040718 -1.259680 0.092400 0.936137
104040719 -1.259680 0.092400 0.931137
104040720 -1.259680 0.092400 0.926137
104040721 -1.259680 0.092400 0.921137
104040722 -1.259680 0.092400 0.916137
104040723 -1.259680 0.092400 0.911137
104040724 -1.259680 0.092400 0.906137
104040725 -1.259680 0.092400 0.901137
104040726 -1.259680 0.092400 0.896137
104040727 -1.259680 0.092400 0.891137
104040728 -1.259680 0.092400 0.886137
104040729 -1.259680 0.092400 0.881137
104040730 -1.259680 0.092400 0.876137
104040731 -1.259680 0.092400 0.871137
104040732 -1.259680 0.092400 0.866137
104040733 -1.259680 0.092400 0.861137
104040734 -1.259680 0.092400 0.856137
104040735 -1.259680 0.092400 0.851137
104040736 -1.259680 0.092400 0.846137
104040737 -1.259680 0.092400 0.841137
104040738 -1.259680 0.092400 0.836137
104040739 -1.259680 0.092400 0.831137
104040740 -1.259680 0.092400 0.826137
104040741 -1.259680 0.092400 0.821137
104040742 -1.259680 0.092400 0.816137
104040743 -1.259680 0.092400 0.811137
104040744 -1.259680 0.092400 0.806137
104040745 -1.259680 0.092400 0.801137
104040746 -1.259680 0.092400 0.796137
104040747 -1.259680 0.092400 0.791137
104040748 -1.259680 0.092400 0.786137
104040749 -1.259680 0.092400 0.781137
104040750 -1.259680 0.092400 0.776137
104040751 -1.259680 0.092400 0.771137
104040752 -1.259680 0.092400 0.766137
104040753 -1.259680 0.092400 0.761137
104040754 -1.259680 0.092400 0.756137
104040755 -1.259680 0.092400 0.751137
104040756 -1.259680 0.092400 0.746137
104040757 -1.259680 0.092400 0.741137
104040758 -1.259680 0.092400 0.736137
104040759 -1.259680 0.092400 0.731137
104040760 -1.259680 0.092400 0.726137
104040761 -1.259680 0.092400 0.721137
104040762 -1.259680 0.092400 0.716137
104040763 -1.259680 0.092400 0.711137
104040764 -1.259680 0.092400 0.706137
104040765 -1.259680 0.092400 0.701137
104040766 -1.259680 0.092400 0.696137
104040767 -1.259680 0.092400 0.691137
104040768 -1.259680 0.092400 0.686137
104040769 -1.259680 0.092400 0.681137
104040770 -1.259680 0.092400 0.676137
104040771 -1.259680 0.092400 0.671137
104040772 -1.259680 0.092400 0.666137
104040773 -1.259680 0.092400 0.661137
104040774 -1.259680 0.092400 0.656137
104040775 -1.259680 0.092400 0.651137
104040776 -1.259680 0.092400 0.646137
104040777 -1.259680 0.092400 0.641137
104040778 -1.259680 0.092400 0.636137
104040779 -1.259680 0.092400 0.631137
104040780 -1.259680 0.092400 0.626137
104040781 -1.259680 0.092400 0.621137
104040782 -1.259680 0.092400 0.616137
104040783 -1.259680 0.092400 0.611137
104040784 -1.259680 0.092400 0.606137
104040785 -1.259680 0.092400 0.601137
104040786 -1.259680 0.092400 0.596137
104040787 -1.259680 0.092400 0.591137
104040788 -1.259680 0.092400 0.586137
104040789 -1.259680 0.092400 0.581137
104040790 -1.259680 0.092400 0.576137
104040791 -1.259680 0.092400 0.571137
104040792 -1.259680 0.092400 0.566137
104040793 -1.259680 0.092400 0.561137
104040794 -1.259680 0.092400 0.556137
104040795 -1.259680 0.092400 0.551137
104040796 -1.259680 0.092400 0.546137
104040797 -1.259680 0.092400 0.541137
104040798 -1.259680 0.092400 0.536137
104040799 -1.259680 0.092400 0.531137
104040800 -1.259680 0.092400 0.526137
