105010001 -1.012089 -0.741291 0.236899
105010002 -1.010912 -0.741291 0.232039
105010003 -1.009736 -0.741291 0.227179
105010004 -1.008560 -0.741291 0.222320
105010005 -1.007383 -0.741291 0.217460
105010006 -1.006207 -0.741291 0.212600
105010007 -1.005031 -0.741291 0.207741
105010008 -1.003854 -0.741291 0.202881
105010009 -1.002678 -0.741291 0.198021
105010010 -1.001502 -0.741291 0.193162
105010011 -1.000325 -0.741291 0.188302
105010012 -0.999149 -0.741291 0.183443
105010013 -0.997973 -0.741291 0.178583
105010014 -0.996796 -0.741291 0.173723
105010015 -0.995620 -0.741291 0.168864
105010016 -0.994444 -0.741291 0.164004
105010017 -0.993267 -0.741291 0.159144
105010018 -0.992091 -0.741291 0.154285
105010019 -0.990915 -0.741291 0.149425
105010020 -0.989738 -0.741291 0.144565
105010021 -0.988562 -0.741291 0.139706
105010022 -0.987386 -0.741291 0.134846
105010023 -0.986209 -0.741291 0.129986
105010024 -0.985033 -0.741291 0.125127
105010025 -0.983857 -0.741291 0.120267
105010026 -0.982680 -0.741291 0.115407
105010027 -0.981504 -0.741291 0.110548
105010028 -0.980327 -0.741291 0.105688
105010029 -0.979151 -0.741291 0.100828
105010030 -0.977975 -0.741291 0.095969
105010031 -0.976798 -0.741291 0.091109
105010032 -0.975622 -0.741291 0.086249
105010033 -0.974446 -0.741291 0.081390
105010034 -0.973269 -0.741291 0.076530
105010035 -0.972093 -0.741291 0.071670
105010036 -0.970917 -0.741291 0.066811
105010037 -0.969740 -0.741291 0.061951
105010038 -0.968564 -0.741291 0.057092
105010039 -0.967388 -0.741291 0.052232
105010040 -0.966211 -0.741291 0.047372
105010041 -0.965035 -0.741291 0.042513
105010042 -0.963859 -0.741291 0.037653
105010043 -0.962682 -0.741291 0.032793
105010044 -0.961506 -0.741291 0.027934
105010045 -0.960330 -0.741291 0.023074
105010046 -0.959153 -0.741291 0.018214
105010047 -0.957977 -0.741291 0.013355
105010048 -0.956801 -0.741291 0.008495
105010049 -0.955624 -0.741291 0.003635
105010050 -0.954448 -0.741291 -0.001224
105010051 -0.953272 -0.741291 -0.006084
105010052 -0.952095 -0.741291 -0.010944
105010053 -0.950919 -0.741291 -0.015803
105010054 -0.949743 -0.741291 -0.020663
105010055 -0.948566 -0.741291 -0.025523
105010056 -0.947390 -0.741291 -0.030382
105010057 -0.946214 -0.741291 -0.035242
105010058 -0.945037 -0.741291 -0.040102
105010059 -0.943861 -0.741291 -0.044961
105010060 -0.942685 -0.741291 -0.049821
105010061 -0.941508 -0.741291 -0.054680
105010062 -0.940332 -0.741291 -0.059540
105010063 -0.939156 -0.741291 -0.064400
105010064 -0.937979 -0.741291 -0.069259
105010065 -0.936803 -0.741291 -0.074119
105010066 -0.935627 -0.741291 -0.078979
105010067 -0.934450 -0.741291 -0.083838
105010068 -0.933274 -0.741291 -0.088698
105010069 -0.932098 -0.741291 -0.093558
105010070 -0.930921 -0.741291 -0.098417
105010071 -0.929745 -0.741291 -0.103277
105010072 -0.928569 -0.741291 -0.108137
105010073 -0.927392 -0.741291 -0.112996
105010074 -0.926216 -0.741291 -0.117856
105010075 -0.925040 -0.741291 -0.122716
105010076 -0.923863 -0.741291 -0.127575
105010077 -0.922687 -0.741291 -0.132435
105010078 -0.921511 -0.741291 -0.137295
105010079 -0.920334 -0.741291 -0.142154
105010080 -0.919158 -0.741291 -0.147014
105010081 -0.917982 -0.741291 -0.151874
105010082 -0.916805 -0.741291 -0.156733
105010083 -0.915629 -0.741291 -0.161593
105010084 -0.914453 -0.741291 -0.166453
105010085 -0.913276 -0.741291 -0.171312
105010086 -0.912100 -0.741291 -0.176172
105010087 -0.910924 -0.741291 -0.181031
105010088 -0.909747 -0.741291 -0.185891
105010089 -0.908571 -0.741291 -0.190751
105010090 -0.907395 -0.741291 -0.195610
105010091 -0.906218 -0.741291 -0.200470
105010092 -0.905042 -0.741291 -0.205330
105010093 -0.903866 -0.741291 -0.210189
105010094 -0.902689 -0.741291 -0.215049
105010095 -0.901513 -0.741291 -0.219909
105010096 -0.900336 -0.741291 -0.224768
105010097 -0.899160 -0.741291 -0.229628
105010098 -0.897984 -0.741291 -0.234488
105010099 -0.896807 -0.741291 -0.239347
105010100 -0.895631 -0.741291 -0.244207
105010101 -1.024511 -0.718190 0.233892
105010102 -1.023334 -0.718190 0.229032
105010103 -1.022158 -0.718190 0.224173
105010104 -1.020982 -0.718190 0.219313
105010105 -1.019805 -0.718190 0.214453
105010106 -1.018629 -0.718190 0.209594
105010107 -1.017452 -0.718190 0.204734
105010108 -1.016276 -0.718190 0.199874
105010109 -1.015100 -0.718190 0.195015
105010110 -1.013923 -0.718190 0.190155
105010111 -1.012747 -0.718190 0.185295
105010112 -1.011571 -0.718190 0.180436
105010113 -1.010394 -0.718190 0.175576
105010114 -1.009218 -0.718190 0.170716
105010115 -1.008042 -0.718190 0.165857
105010116 -1.006865 -0.718190 0.160997
105010117 -1.005689 -0.718190 0.156137
105010118 -1.004513 -0.718190 0.151278
105010119 -1.003336 -0.718190 0.146418
105010120 -1.002160 -0.718190 0.141558
105010121 -1.000984 -0.718190 0.136699
105010122 -0.999807 -0.718190 0.131839
105010123 -0.998631 -0.718190 0.126979
105010124 -0.997455 -0.718190 0.122120
105010125 -0.996278 -0.718190 0.117260
105010126 -0.995102 -0.718190 0.112401
105010127 -0.993926 -0.718190 0.107541
105010128 -0.992749 -0.718190 0.102681
105010129 -0.991573 -0.718190 0.097822
105010130 -0.990397 -0.718190 0.092962
105010131 -0.989220 -0.718190 0.088102
105010132 -0.988044 -0.718190 0.083243
105010133 -0.986868 -0.718190 0.078383
105010134 -0.985691 -0.718190 0.073523
105010135 -0.984515 -0.718190 0.068664
105010136 -0.983339 -0.718190 0.063804
105010137 -0.982162 -0.718190 0.058944
105010138 -0.980986 -0.718190 0.054085
105010139 -0.979810 -0.718190 0.049225
105010140 -0.978633 -0.718190 0.044365
105010141 -0.977457 -0.718190 0.039506
105010142 -0.976281 -0.718190 0.034646
105010143 -0.975104 -0.718190 0.029786
105010144 -0.973928 -0.718190 0.024927
105010145 -0.972752 -0.718190 0.020067
105010146 -0.971575 -0.718190 0.015207
105010147 -0.970399 -0.718190 0.010348
105010148 -0.969223 -0.718190 0.005488
105010149 -0.968046 -0.718190 0.000628
105010150 -0.966870 -0.718190 -0.004231
105010151 -0.965694 -0.718190 -0.009091
105010152 -0.964517 -0.718190 -0.013950
105010153 -0.963341 -0.718190 -0.018810
105010154 -0.962165 -0.718190 -0.023670
105010155 -0.960988 -0.718190 -0.028529
105010156 -0.959812 -0.718190 -0.033389
105010157 -0.958636 -0.718190 -0.038249
105010158 -0.957459 -0.718190 -0.043108
105010159 -0.956283 -0.718190 -0.047968
105010160 -0.955107 -0.718190 -0.052828
105010161 -0.953930 -0.718190 -0.057687
105010162 -0.952754 -0.718190 -0.062547
105010163 -0.951578 -0.718190 -0.067407
105010164 -0.950401 -0.718190 -0.072266
105010165 -0.949225 -0.718190 -0.077126
105010166 -0.948049 -0.718190 -0.081986
105010167 -0.946872 -0.718190 -0.086845
105010168 -0.945696 -0.718190 -0.091705
105010169 -0.944520 -0.718190 -0.096565
105010170 -0.943343 -0.718190 -0.101424
105010171 -0.942167 -0.718190 -0.106284
105010172 -0.940991 -0.718190 -0.111144
105010173 -0.939814 -0.718190 -0.116003
105010174 -0.938638 -0.718190 -0.120863
105010175 -0.937461 -0.718190 -0.125722
105010176 -0.936285 -0.718190 -0.130582
105010177 -0.935109 -0.718190 -0.135442
105010178 -0.933932 -0.718190 -0.140301
105010179 -0.932756 -0.718190 -0.145161
105010180 -0.931580 -0.718190 -0.150021
105010181 -0.930403 -0.718190 -0.154880
105010182 -0.929227 -0.718190 -0.159740
105010183 -0.928051 -0.718190 -0.164600
105010184 -0.926874 -0.718190 -0.169459
105010185 -0.925698 -0.718190 -0.174319
105010186 -0.924522 -0.718190 -0.179179
105010187 -0.923345 -0.718190 -0.184038
105010188 -0.922169 -0.718190 -0.188898
105010189 -0.920993 -0.718190 -0.193758
105010190 -0.919816 -0.718190 -0.198617
105010191 -0.918640 -0.718190 -0.203477
105010192 -0.917464 -0.718190 -0.208337
105010193 -0.916287 -0.718190 -0.213196
105010194 -0.915111 -0.718190 -0.218056
105010195 -0.913935 -0.718190 -0.222916
105010196 -0.912758 -0.718190 -0.227775
105010197 -0.911582 -0.718190 -0.232635
105010198 -0.910406 -0.718190 -0.237495
105010199 -0.909229 -0.718190 -0.242354
105010200 -0.908053 -0.718190 -0.247214
105010201 -1.036932 -0.695090 0.230885
105010202 -1.035756 -0.695090 0.226025
105010203 -1.034580 -0.695090 0.221166
105010204 -1.033403 -0.695090 0.216306
105010205 -1.032227 -0.695090 0.211446
105010206 -1.031051 -0.695090 0.206587
105010207 -1.029874 -0.695090 0.201727
105010208 -1.028698 -0.695090 0.196867
105010209 -1.027522 -0.695090 0.192008
105010210 -1.026345 -0.695090 0.187148
105010211 -1.025169 -0.695090 0.182288
105010212 -1.023993 -0.695090 0.177429
105010213 -1.022816 -0.695090 0.172569
105010214 -1.021640 -0.695090 0.167709
105010215 -1.020464 -0.695090 0.162850
105010216 -1.019287 -0.695090 0.157990
105010217 -1.018111 -0.695090 0.153131
105010218 -1.016935 -0.695090 0.148271
105010219 -1.015758 -0.695090 0.143411
105010220 -1.014582 -0.695090 0.138552
105010221 -1.013406 -0.695090 0.133692
105010222 -1.012229 -0.695090 0.128832
105010223 -1.011053 -0.695090 0.123973
105010224 -1.009877 -0.695090 0.119113
105010225 -1.008700 -0.695090 0.114253
105010226 -1.007524 -0.695090 0.109394
105010227 -1.006348 -0.695090 0.104534
105010228 -1.005171 -0.695090 0.099674
105010229 -1.003995 -0.695090 0.094815
105010230 -1.002819 -0.695090 0.089955
105010231 -1.001642 -0.695090 0.085095
105010232 -1.000466 -0.695090 0.080236
105010233 -0.999290 -0.695090 0.075376
105010234 -0.998113 -0.695090 0.070516
105010235 -0.996937 -0.695090 0.065657
105010236 -0.995761 -0.695090 0.060797
105010237 -0.994584 -0.695090 0.055937
105010238 -0.993408 -0.695090 0.051078
105010239 -0.992232 -0.695090 0.046218
105010240 -0.991055 -0.695090 0.041358
105010241 -0.989879 -0.695090 0.036499
105010242 -0.988703 -0.695090 0.031639
105010243 -0.987526 -0.695090 0.026780
105010244 -0.986350 -0.695090 0.021920
105010245 -0.985174 -0.695090 0.017060
105010246 -0.983997 -0.695090 0.012201
105010247 -0.982821 -0.695090 0.007341
105010248 -0.981645 -0.695090 0.002481
105010249 -0.980468 -0.695090 -0.002378
105010250 -0.979292 -0.695090 -0.007238
105010251 -0.978115 -0.695090 -0.012098
105010252 -0.976939 -0.695090 -0.016957
105010253 -0.975763 -0.695090 -0.021817
105010254 -0.974586 -0.695090 -0.026677
105010255 -0.973410 -0.695090 -0.031536
105010256 -0.972234 -0.695090 -0.036396
105010257 -0.971057 -0.695090 -0.041256
105010258 -0.969881 -0.695090 -0.046115
105010259 -0.968705 -0.695090 -0.050975
105010260 -0.967528 -0.695090 -0.055835
105010261 -0.966352 -0.695090 -0.060694
105010262 -0.965176 -0.695090 -0.065554
105010263 -0.963999 -0.695090 -0.070414
105010264 -0.962823 -0.695090 -0.075273
105010265 -0.961647 -0.695090 -0.080133
105010266 -0.960470 -0.695090 -0.084992
105010267 -0.959294 -0.695090 -0.089852
105010268 -0.958118 -0.695090 -0.094712
105010269 -0.956941 -0.695090 -0.099571
105010270 -0.955765 -0.695090 -0.104431
105010271 -0.954589 -0.695090 -0.109291
105010272 -0.953412 -0.695090 -0.114150
105010273 -0.952236 -0.695090 -0.119010
105010274 -0.951060 -0.695090 -0.123870
105010275 -0.949883 -0.695090 -0.128729
105010276 -0.948707 -0.695090 -0.133589
105010277 -0.947531 -0.695090 -0.138449
105010278 -0.946354 -0.695090 -0.143308
105010279 -0.945178 -0.695090 -0.148168
105010280 -0.944002 -0.695090 -0.153028
105010281 -0.942825 -0.695090 -0.157887
105010282 -0.941649 -0.695090 -0.162747
105010283 -0.940473 -0.695090 -0.167607
105010284 -0.939296 -0.695090 -0.172466
105010285 -0.938120 -0.695090 -0.177326
105010286 -0.936944 -0.695090 -0.182186
105010287 -0.935767 -0.695090 -0.187045
105010288 -0.934591 -0.695090 -0.191905
105010289 -0.933415 -0.695090 -0.196765
105010290 -0.932238 -0.695090 -0.201624
105010291 -0.931062 -0.695090 -0.206484
105010292 -0.929886 -0.695090 -0.211343
105010293 -0.928709 -0.695090 -0.216203
105010294 -0.927533 -0.695090 -0.221063
105010295 -0.926357 -0.695090 -0.225922
105010296 -0.925180 -0.695090 -0.230782
105010297 -0.924004 -0.695090 -0.235642
105010298 -0.922828 -0.695090 -0.240501
105010299 -0.921651 -0.695090 -0.245361
105010300 -0.920475 -0.695090 -0.250221
105010301 -1.049354 -0.671990 0.227878
105010302 -1.048178 -0.671990 0.223018
105010303 -1.047002 -0.671990 0.218159
105010304 -1.045825 -0.671990 0.213299
105010305 -1.044649 -0.671990 0.208439
105010306 -1.043473 -0.671990 0.203580
105010307 -1.042296 -0.671990 0.198720
105010308 -1.041120 -0.671990 0.193861
105010309 -1.039944 -0.671990 0.189001
105010310 -1.038767 -0.671990 0.184141
105010311 -1.037591 -0.671990 0.179282
105010312 -1.036415 -0.671990 0.174422
105010313 -1.035238 -0.671990 0.169562
105010314 -1.034062 -0.671990 0.164703
105010315 -1.032886 -0.671990 0.159843
105010316 -1.031709 -0.671990 0.154983
105010317 -1.030533 -0.671990 0.150124
105010318 -1.029357 -0.671990 0.145264
105010319 -1.028180 -0.671990 0.140404
105010320 -1.027004 -0.671990 0.135545
105010321 -1.025828 -0.671990 0.130685
105010322 -1.024651 -0.671990 0.125825
105010323 -1.023475 -0.671990 0.120966
105010324 -1.022299 -0.671990 0.116106
105010325 -1.021122 -0.671990 0.111246
105010326 -1.019946 -0.671990 0.106387
105010327 -1.018770 -0.671990 0.101527
105010328 -1.017593 -0.671990 0.096667
105010329 -1.016417 -0.671990 0.091808
105010330 -1.015240 -0.671990 0.086948
105010331 -1.014064 -0.671990 0.082088
105010332 -1.012888 -0.671990 0.077229
105010333 -1.011711 -0.671990 0.072369
105010334 -1.010535 -0.671990 0.067510
105010335 -1.009359 -0.671990 0.062650
105010336 -1.008182 -0.671990 0.057790
105010337 -1.007006 -0.671990 0.052931
105010338 -1.005830 -0.671990 0.048071
105010339 -1.004653 -0.671990 0.043211
105010340 -1.003477 -0.671990 0.038352
105010341 -1.002301 -0.671990 0.033492
105010342 -1.001124 -0.671990 0.028632
105010343 -0.999948 -0.671990 0.023773
105010344 -0.998772 -0.671990 0.018913
105010345 -0.997595 -0.671990 0.014053
105010346 -0.996419 -0.671990 0.009194
105010347 -0.995243 -0.671990 0.004334
105010348 -0.994066 -0.671990 -0.000526
105010349 -0.992890 -0.671990 -0.005385
105010350 -0.991714 -0.671990 -0.010245
105010351 -0.990537 -0.671990 -0.015105
105010352 -0.989361 -0.671990 -0.019964
105010353 -0.988185 -0.671990 -0.024824
105010354 -0.987008 -0.671990 -0.029684
105010355 -0.985832 -0.671990 -0.034543
105010356 -0.984656 -0.671990 -0.039403
105010357 -0.983479 -0.671990 -0.044262
105010358 -0.982303 -0.671990 -0.049122
105010359 -0.981127 -0.671990 -0.053982
105010360 -0.979950 -0.671990 -0.058841
105010361 -0.978774 -0.671990 -0.063701
105010362 -0.977598 -0.671990 -0.068561
105010363 -0.976421 -0.671990 -0.073420
105010364 -0.975245 -0.671990 -0.078280
105010365 -0.974069 -0.671990 -0.083140
105010366 -0.972892 -0.671990 -0.087999
105010367 -0.971716 -0.671990 -0.092859
105010368 -0.970540 -0.671990 -0.097719
105010369 -0.969363 -0.671990 -0.102578
105010370 -0.968187 -0.671990 -0.107438
105010371 -0.967011 -0.671990 -0.112298
105010372 -0.965834 -0.671990 -0.117157
105010373 -0.964658 -0.671990 -0.122017
105010374 -0.963482 -0.671990 -0.126877
105010375 -0.962305 -0.671990 -0.131736
105010376 -0.961129 -0.671990 -0.136596
105010377 -0.959953 -0.671990 -0.141456
105010378 -0.958776 -0.671990 -0.146315
105010379 -0.957600 -0.671990 -0.151175
105010380 -0.956424 -0.671990 -0.156035
105010381 -0.955247 -0.671990 -0.160894
105010382 -0.954071 -0.671990 -0.165754
105010383 -0.952895 -0.671990 -0.170613
105010384 -0.951718 -0.671990 -0.175473
105010385 -0.950542 -0.671990 -0.180333
105010386 -0.949366 -0.671990 -0.185192
105010387 -0.948189 -0.671990 -0.190052
105010388 -0.947013 -0.671990 -0.194912
105010389 -0.945837 -0.671990 -0.199771
105010390 -0.944660 -0.671990 -0.204631
105010391 -0.943484 -0.671990 -0.209491
105010392 -0.942308 -0.671990 -0.214350
105010393 -0.941131 -0.671990 -0.219210
105010394 -0.939955 -0.671990 -0.224070
105010395 -0.938779 -0.671990 -0.228929
105010396 -0.937602 -0.671990 -0.233789
105010397 -0.936426 -0.671990 -0.238649
105010398 -0.935249 -0.671990 -0.243508
105010399 -0.934073 -0.671990 -0.248368
105010400 -0.932897 -0.671990 -0.253228
105010401 -1.061776 -0.648890 0.224871
105010402 -1.060600 -0.648890 0.220012
105010403 -1.059424 -0.648890 0.215152
105010404 -1.058247 -0.648890 0.210292
105010405 -1.057071 -0.648890 0.205433
105010406 -1.055894 -0.648890 0.200573
105010407 -1.054718 -0.648890 0.195713
105010408 -1.053542 -0.648890 0.190854
105010409 -1.052365 -0.648890 0.185994
105010410 -1.051189 -0.648890 0.181134
105010411 -1.050013 -0.648890 0.176275
105010412 -1.048836 -0.648890 0.171415
105010413 -1.047660 -0.648890 0.166555
105010414 -1.046484 -0.648890 0.161696
105010415 -1.045307 -0.648890 0.156836
105010416 -1.044131 -0.648890 0.151976
105010417 -1.042955 -0.648890 0.147117
105010418 -1.041778 -0.648890 0.142257
105010419 -1.040602 -0.648890 0.137397
105010420 -1.039426 -0.648890 0.132538
105010421 -1.038249 -0.648890 0.127678
105010422 -1.037073 -0.648890 0.122819
105010423 -1.035897 -0.648890 0.117959
105010424 -1.034720 -0.648890 0.113099
105010425 -1.033544 -0.648890 0.108240
105010426 -1.032368 -0.648890 0.103380
105010427 -1.031191 -0.648890 0.098520
105010428 -1.030015 -0.648890 0.093661
105010429 -1.028839 -0.648890 0.088801
105010430 -1.027662 -0.648890 0.083941
105010431 -1.026486 -0.648890 0.079082
105010432 -1.025310 -0.648890 0.074222
105010433 -1.024133 -0.648890 0.069362
105010434 -1.022957 -0.648890 0.064503
105010435 -1.021781 -0.648890 0.059643
105010436 -1.020604 -0.648890 0.054783
105010437 -1.019428 -0.648890 0.049924
105010438 -1.018252 -0.648890 0.045064
105010439 -1.017075 -0.648890 0.040204
105010440 -1.015899 -0.648890 0.035345
105010441 -1.014723 -0.648890 0.030485
105010442 -1.013546 -0.648890 0.025625
105010443 -1.012370 -0.648890 0.020766
105010444 -1.011194 -0.648890 0.015906
105010445 -1.010017 -0.648890 0.011046
105010446 -1.008841 -0.648890 0.006187
105010447 -1.007665 -0.648890 0.001327
105010448 -1.006488 -0.648890 -0.003532
105010449 -1.005312 -0.648890 -0.008392
105010450 -1.004136 -0.648890 -0.013252
105010451 -1.002959 -0.648890 -0.018111
105010452 -1.001783 -0.648890 -0.022971
105010453 -1.000607 -0.648890 -0.027831
105010454 -0.999430 -0.648890 -0.032690
105010455 -0.998254 -0.648890 -0.037550
105010456 -0.997078 -0.648890 -0.042410
105010457 -0.995901 -0.648890 -0.047269
105010458 -0.994725 -0.648890 -0.052129
105010459 -0.993549 -0.648890 -0.056989
105010460 -0.992372 -0.648890 -0.061848
105010461 -0.991196 -0.648890 -0.066708
105010462 -0.990020 -0.648890 -0.071568
105010463 -0.988843 -0.648890 -0.076427
105010464 -0.987667 -0.648890 -0.081287
105010465 -0.986491 -0.648890 -0.086147
105010466 -0.985314 -0.648890 -0.091006
105010467 -0.984138 -0.648890 -0.095866
105010468 -0.982962 -0.648890 -0.100726
105010469 -0.981785 -0.648890 -0.105585
105010470 -0.980609 -0.648890 -0.110445
105010471 -0.979433 -0.648890 -0.115304
105010472 -0.978256 -0.648890 -0.120164
105010473 -0.977080 -0.648890 -0.125024
105010474 -0.975903 -0.648890 -0.129883
105010475 -0.974727 -0.648890 -0.134743
105010476 -0.973551 -0.648890 -0.139603
105010477 -0.972374 -0.648890 -0.144462
105010478 -0.971198 -0.648890 -0.149322
105010479 -0.970022 -0.648890 -0.154182
105010480 -0.968845 -0.648890 -0.159041
105010481 -0.967669 -0.648890 -0.163901
105010482 -0.966493 -0.648890 -0.168761
105010483 -0.965316 -0.648890 -0.173620
105010484 -0.964140 -0.648890 -0.178480
105010485 -0.962964 -0.648890 -0.183340
105010486 -0.961787 -0.648890 -0.188199
105010487 -0.960611 -0.648890 -0.193059
105010488 -0.959435 -0.648890 -0.197919
105010489 -0.958258 -0.648890 -0.202778
105010490 -0.957082 -0.648890 -0.207638
105010491 -0.955906 -0.648890 -0.212498
105010492 -0.954729 -0.648890 -0.217357
105010493 -0.953553 -0.648890 -0.222217
105010494 -0.952377 -0.648890 -0.227077
105010495 -0.951200 -0.648890 -0.231936
105010496 -0.950024 -0.648890 -0.236796
105010497 -0.948848 -0.648890 -0.241655
105010498 -0.947671 -0.648890 -0.246515
105010499 -0.946495 -0.648890 -0.251375
105010500 -0.945319 -0.648890 -0.256234
105010501 -1.074198 -0.625790 0.221864
105010502 -1.073022 -0.625790 0.217005
105010503 -1.071845 -0.625790 0.212145
105010504 -1.070669 -0.625790 0.207285
105010505 -1.069493 -0.625790 0.202426
105010506 -1.068316 -0.625790 0.197566
105010507 -1.067140 -0.625790 0.192706
105010508 -1.065964 -0.625790 0.187847
105010509 -1.064787 -0.625790 0.182987
105010510 -1.063611 -0.625790 0.178127
105010511 -1.062435 -0.625790 0.173268
105010512 -1.061258 -0.625790 0.168408
105010513 -1.060082 -0.625790 0.163549
105010514 -1.058906 -0.625790 0.158689
105010515 -1.057729 -0.625790 0.153829
105010516 -1.056553 -0.625790 0.148970
105010517 -1.055377 -0.625790 0.144110
105010518 -1.054200 -0.625790 0.139250
105010519 -1.053024 -0.625790 0.134391
105010520 -1.051848 -0.625790 0.129531
105010521 -1.050671 -0.625790 0.124671
105010522 -1.049495 -0.625790 0.119812
105010523 -1.048319 -0.625790 0.114952
105010524 -1.047142 -0.625790 0.110092
105010525 -1.045966 -0.625790 0.105233
105010526 -1.044790 -0.625790 0.100373
105010527 -1.043613 -0.625790 0.095513
105010528 -1.042437 -0.625790 0.090654
105010529 -1.041261 -0.625790 0.085794
105010530 -1.040084 -0.625790 0.080934
105010531 -1.038908 -0.625790 0.076075
105010532 -1.037732 -0.625790 0.071215
105010533 -1.036555 -0.625790 0.066355
105010534 -1.035379 -0.625790 0.061496
105010535 -1.034203 -0.625790 0.056636
105010536 -1.033026 -0.625790 0.051776
105010537 -1.031850 -0.625790 0.046917
105010538 -1.030674 -0.625790 0.042057
105010539 -1.029497 -0.625790 0.037198
105010540 -1.028321 -0.625790 0.032338
105010541 -1.027145 -0.625790 0.027478
105010542 -1.025968 -0.625790 0.022619
105010543 -1.024792 -0.625790 0.017759
105010544 -1.023616 -0.625790 0.012899
105010545 -1.022439 -0.625790 0.008040
105010546 -1.021263 -0.625790 0.003180
105010547 -1.020087 -0.625790 -0.001680
105010548 -1.018910 -0.625790 -0.006539
105010549 -1.017734 -0.625790 -0.011399
105010550 -1.016558 -0.625790 -0.016259
105010551 -1.015381 -0.625790 -0.021118
105010552 -1.014205 -0.625790 -0.025978
105010553 -1.013028 -0.625790 -0.030838
105010554 -1.011852 -0.625790 -0.035697
105010555 -1.010676 -0.625790 -0.040557
105010556 -1.009499 -0.625790 -0.045417
105010557 -1.008323 -0.625790 -0.050276
105010558 -1.007147 -0.625790 -0.055136
105010559 -1.005970 -0.625790 -0.059996
105010560 -1.004794 -0.625790 -0.064855
105010561 -1.003618 -0.625790 -0.069715
105010562 -1.002441 -0.625790 -0.074574
105010563 -1.001265 -0.625790 -0.079434
105010564 -1.000089 -0.625790 -0.084294
105010565 -0.998912 -0.625790 -0.089153
105010566 -0.997736 -0.625790 -0.094013
105010567 -0.996560 -0.625790 -0.098873
105010568 -0.995383 -0.625790 -0.103732
105010569 -0.994207 -0.625790 -0.108592
105010570 -0.993031 -0.625790 -0.113452
105010571 -0.991854 -0.625790 -0.118311
105010572 -0.990678 -0.625790 -0.123171
105010573 -0.989502 -0.625790 -0.128031
105010574 -0.988325 -0.625790 -0.132890
105010575 -0.987149 -0.625790 -0.137750
105010576 -0.985973 -0.625790 -0.142610
105010577 -0.984796 -0.625790 -0.147469
105010578 -0.983620 -0.625790 -0.152329
105010579 -0.982444 -0.625790 -0.157189
105010580 -0.981267 -0.625790 -0.162048
105010581 -0.980091 -0.625790 -0.166908
105010582 -0.978915 -0.625790 -0.171768
105010583 -0.977738 -0.625790 -0.176627
105010584 -0.976562 -0.625790 -0.181487
105010585 -0.975386 -0.625790 -0.186347
105010586 -0.974209 -0.625790 -0.191206
105010587 -0.973033 -0.625790 -0.196066
105010588 -0.971857 -0.625790 -0.200925
105010589 -0.970680 -0.625790 -0.205785
105010590 -0.969504 -0.625790 -0.210645
105010591 -0.968328 -0.625790 -0.215504
105010592 -0.967151 -0.625790 -0.220364
105010593 -0.965975 -0.625790 -0.225224
105010594 -0.964799 -0.625790 -0.230083
105010595 -0.963622 -0.625790 -0.234943
105010596 -0.962446 -0.625790 -0.239803
105010597 -0.961270 -0.625790 -0.244662
105010598 -0.960093 -0.625790 -0.249522
105010599 -0.958917 -0.625790 -0.254382
105010600 -0.957741 -0.625790 -0.259241
105010601 -1.086620 -0.602690 0.218857
105010602 -1.085444 -0.602690 0.213998
105010603 -1.084267 -0.602690 0.209138
105010604 -1.083091 -0.602690 0.204279
105010605 -1.081915 -0.602690 0.199419
105010606 -1.080738 -0.602690 0.194559
105010607 -1.079562 -0.602690 0.189700
105010608 -1.078386 -0.602690 0.184840
105010609 -1.077209 -0.602690 0.179980
105010610 -1.076033 -0.602690 0.175121
105010611 -1.074857 -0.602690 0.170261
105010612 -1.073680 -0.602690 0.165401
105010613 -1.072504 -0.602690 0.160542
105010614 -1.071328 -0.602690 0.155682
105010615 -1.070151 -0.602690 0.150822
105010616 -1.068975 -0.602690 0.145963
105010617 -1.067799 -0.602690 0.141103
105010618 -1.066622 -0.602690 0.136243
105010619 -1.065446 -0.602690 0.131384
105010620 -1.064270 -0.602690 0.126524
105010621 -1.063093 -0.602690 0.121664
105010622 -1.061917 -0.602690 0.116805
105010623 -1.060741 -0.602690 0.111945
105010624 -1.059564 -0.602690 0.107085
105010625 -1.058388 -0.602690 0.102226
105010626 -1.057212 -0.602690 0.097366
105010627 -1.056035 -0.602690 0.092507
105010628 -1.054859 -0.602690 0.087647
105010629 -1.053682 -0.602690 0.082787
105010630 -1.052506 -0.602690 0.077928
105010631 -1.051330 -0.602690 0.073068
105010632 -1.050153 -0.602690 0.068208
105010633 -1.048977 -0.602690 0.063349
105010634 -1.047801 -0.602690 0.058489
105010635 -1.046624 -0.602690 0.053629
105010636 -1.045448 -0.602690 0.048770
105010637 -1.044272 -0.602690 0.043910
105010638 -1.043095 -0.602690 0.039050
105010639 -1.041919 -0.602690 0.034191
105010640 -1.040743 -0.602690 0.029331
105010641 -1.039566 -0.602690 0.024471
105010642 -1.038390 -0.602690 0.019612
105010643 -1.037214 -0.602690 0.014752
105010644 -1.036037 -0.602690 0.009892
105010645 -1.034861 -0.602690 0.005033
105010646 -1.033685 -0.602690 0.000173
105010647 -1.032508 -0.602690 -0.004687
105010648 -1.031332 -0.602690 -0.009546
105010649 -1.030156 -0.602690 -0.014406
105010650 -1.028979 -0.602690 -0.019266
105010651 -1.027803 -0.602690 -0.024125
105010652 -1.026627 -0.602690 -0.028985
105010653 -1.025450 -0.602690 -0.033844
105010654 -1.024274 -0.602690 -0.038704
105010655 -1.023098 -0.602690 -0.043564
105010656 -1.021921 -0.602690 -0.048423
105010657 -1.020745 -0.602690 -0.053283
105010658 -1.019569 -0.602690 -0.058143
105010659 -1.018392 -0.602690 -0.063002
105010660 -1.017216 -0.602690 -0.067862
105010661 -1.016040 -0.602690 -0.072722
105010662 -1.014863 -0.602690 -0.077581
105010663 -1.013687 -0.602690 -0.082441
105010664 -1.012511 -0.602690 -0.087301
105010665 -1.011334 -0.602690 -0.092160
105010666 -1.010158 -0.602690 -0.097020
105010667 -1.008982 -0.602690 -0.101880
105010668 -1.007805 -0.602690 -0.106739
105010669 -1.006629 -0.602690 -0.111599
105010670 -1.005453 -0.602690 -0.116459
105010671 -1.004276 -0.602690 -0.121318
105010672 -1.003100 -0.602690 -0.126178
105010673 -1.001924 -0.602690 -0.131038
105010674 -1.000747 -0.602690 -0.135897
105010675 -0.999571 -0.602690 -0.140757
105010676 -0.998395 -0.602690 -0.145616
105010677 -0.997218 -0.602690 -0.150476
105010678 -0.996042 -0.602690 -0.155336
105010679 -0.994866 -0.602690 -0.160195
105010680 -0.993689 -0.602690 -0.165055
105010681 -0.992513 -0.602690 -0.169915
105010682 -0.991337 -0.602690 -0.174774
105010683 -0.990160 -0.602690 -0.179634
105010684 -0.988984 -0.602690 -0.184494
105010685 -0.987808 -0.602690 -0.189353
105010686 -0.986631 -0.602690 -0.194213
105010687 -0.985455 -0.602690 -0.199073
105010688 -0.984279 -0.602690 -0.203932
105010689 -0.983102 -0.602690 -0.208792
105010690 -0.981926 -0.602690 -0.213652
105010691 -0.980750 -0.602690 -0.218511
105010692 -0.979573 -0.602690 -0.223371
105010693 -0.978397 -0.602690 -0.228231
105010694 -0.977221 -0.602690 -0.233090
105010695 -0.976044 -0.602690 -0.237950
105010696 -0.974868 -0.602690 -0.242810
105010697 -0.973691 -0.602690 -0.247669
105010698 -0.972515 -0.602690 -0.252529
105010699 -0.971339 -0.602690 -0.257389
105010700 -0.970162 -0.602690 -0.262248
105010701 -1.099042 -0.579590 0.215851
105010702 -1.097866 -0.579590 0.210991
105010703 -1.096689 -0.579590 0.206131
105010704 -1.095513 -0.579590 0.201272
105010705 -1.094337 -0.579590 0.196412
105010706 -1.093160 -0.579590 0.191552
105010707 -1.091984 -0.579590 0.186693
105010708 -1.090807 -0.579590 0.181833
105010709 -1.089631 -0.579590 0.176973
105010710 -1.088455 -0.579590 0.172114
105010711 -1.087278 -0.579590 0.167254
105010712 -1.086102 -0.579590 0.162394
105010713 -1.084926 -0.579590 0.157535
105010714 -1.083749 -0.579590 0.152675
105010715 -1.082573 -0.579590 0.147815
105010716 -1.081397 -0.579590 0.142956
105010717 -1.080220 -0.579590 0.138096
105010718 -1.079044 -0.579590 0.133237
105010719 -1.077868 -0.579590 0.128377
105010720 -1.076691 -0.579590 0.123517
105010721 -1.075515 -0.579590 0.118658
105010722 -1.074339 -0.579590 0.113798
105010723 -1.073162 -0.579590 0.108938
105010724 -1.071986 -0.579590 0.104079
105010725 -1.070810 -0.579590 0.099219
105010726 -1.069633 -0.579590 0.094359
105010727 -1.068457 -0.579590 0.089500
105010728 -1.067281 -0.579590 0.084640
105010729 -1.066104 -0.579590 0.079780
105010730 -1.064928 -0.579590 0.074921
105010731 -1.063752 -0.579590 0.070061
105010732 -1.062575 -0.579590 0.065201
105010733 -1.061399 -0.579590 0.060342
105010734 -1.060223 -0.579590 0.055482
105010735 -1.059046 -0.579590 0.050622
105010736 -1.057870 -0.579590 0.045763
105010737 -1.056694 -0.579590 0.040903
105010738 -1.055517 -0.579590 0.036043
105010739 -1.054341 -0.579590 0.031184
105010740 -1.053165 -0.579590 0.026324
105010741 -1.051988 -0.579590 0.021464
105010742 -1.050812 -0.579590 0.016605
105010743 -1.049636 -0.579590 0.011745
105010744 -1.048459 -0.579590 0.006886
105010745 -1.047283 -0.579590 0.002026
105010746 -1.046107 -0.579590 -0.002834
105010747 -1.044930 -0.579590 -0.007693
105010748 -1.043754 -0.579590 -0.012553
105010749 -1.042578 -0.579590 -0.017413
105010750 -1.041401 -0.579590 -0.022272
105010751 -1.040225 -0.579590 -0.027132
105010752 -1.039049 -0.579590 -0.031992
105010753 -1.037872 -0.579590 -0.036851
105010754 -1.036696 -0.579590 -0.041711
105010755 -1.035520 -0.579590 -0.046571
105010756 -1.034343 -0.579590 -0.051430
105010757 -1.033167 -0.579590 -0.056290
105010758 -1.031991 -0.579590 -0.061150
105010759 -1.030814 -0.579590 -0.066009
105010760 -1.029638 -0.579590 -0.070869
105010761 -1.028462 -0.579590 -0.075729
105010762 -1.027285 -0.579590 -0.080588
105010763 -1.026109 -0.579590 -0.085448
105010764 -1.024933 -0.579590 -0.090308
105010765 -1.023756 -0.579590 -0.095167
105010766 -1.022580 -0.579590 -0.100027
105010767 -1.021404 -0.579590 -0.104886
105010768 -1.020227 -0.579590 -0.109746
105010769 -1.019051 -0.579590 -0.114606
105010770 -1.017875 -0.579590 -0.119465
105010771 -1.016698 -0.579590 -0.124325
105010772 -1.015522 -0.579590 -0.129185
105010773 -1.014346 -0.579590 -0.134044
105010774 -1.013169 -0.579590 -0.138904
105010775 -1.011993 -0.579590 -0.143764
105010776 -1.010816 -0.579590 -0.148623
105010777 -1.009640 -0.579590 -0.153483
105010778 -1.008464 -0.579590 -0.158343
105010779 -1.007287 -0.579590 -0.163202
105010780 -1.006111 -0.579590 -0.168062
105010781 -1.004935 -0.579590 -0.172922
105010782 -1.003758 -0.579590 -0.177781
105010783 -1.002582 -0.579590 -0.182641
105010784 -1.001406 -0.579590 -0.187501
105010785 -1.000229 -0.579590 -0.192360
105010786 -0.999053 -0.579590 -0.197220
105010787 -0.997877 -0.579590 -0.202080
105010788 -0.996700 -0.579590 -0.206939
105010789 -0.995524 -0.579590 -0.211799
105010790 -0.994348 -0.579590 -0.216659
105010791 -0.993171 -0.579590 -0.221518
105010792 -0.991995 -0.579590 -0.226378
105010793 -0.990819 -0.579590 -0.231237
105010794 -0.989642 -0.579590 -0.236097
105010795 -0.988466 -0.579590 -0.240957
105010796 -0.987290 -0.579590 -0.245816
105010797 -0.986113 -0.579590 -0.250676
105010798 -0.984937 -0.579590 -0.255536
105010799 -0.983761 -0.579590 -0.260395
105010800 -0.982584 -0.579590 -0.265255
