105030001 -1.221301 -0.306400 0.186257
105030002 -1.220124 -0.306400 0.181397
105030003 -1.218948 -0.306400 0.176537
105030004 -1.217772 -0.306400 0.171678
105030005 -1.216595 -0.306400 0.166818
105030006 -1.215419 -0.306400 0.161959
105030007 -1.214243 -0.306400 0.157099
105030008 -1.213066 -0.306400 0.152239
105030009 -1.211890 -0.306400 0.147380
105030010 -1.210714 -0.306400 0.142520
105030011 -1.209537 -0.306400 0.137660
105030012 -1.208361 -0.306400 0.132801
105030013 -1.207185 -0.306400 0.127941
105030014 -1.206008 -0.306400 0.123081
105030015 -1.204832 -0.306400 0.118222
105030016 -1.203656 -0.306400 0.113362
105030017 -1.202479 -0.306400 0.108502
105030018 -1.201303 -0.306400 0.103643
105030019 -1.200127 -0.306400 0.098783
105030020 -1.198950 -0.306400 0.093923
105030021 -1.197774 -0.306400 0.089064
105030022 -1.196598 -0.306400 0.084204
105030023 -1.195421 -0.306400 0.079344
105030024 -1.194245 -0.306400 0.074485
105030025 -1.193069 -0.306400 0.069625
105030026 -1.191892 -0.306400 0.064765
105030027 -1.190716 -0.306400 0.059906
105030028 -1.189540 -0.306400 0.055046
105030029 -1.188363 -0.306400 0.050186
105030030 -1.187187 -0.306400 0.045327
105030031 -1.186011 -0.306400 0.040467
105030032 -1.184834 -0.306400 0.035607
105030033 -1.183658 -0.306400 0.030748
105030034 -1.182482 -0.306400 0.025888
105030035 -1.181305 -0.306400 0.021029
105030036 -1.180129 -0.306400 0.016169
105030037 -1.178953 -0.306400 0.011309
105030038 -1.177776 -0.306400 0.006450
105030039 -1.176600 -0.306400 0.001590
105030040 -1.175424 -0.306400 -0.003270
105030041 -1.174247 -0.306400 -0.008129
105030042 -1.173071 -0.306400 -0.012989
105030043 -1.171895 -0.306400 -0.017849
105030044 -1.170718 -0.306400 -0.022708
105030045 -1.169542 -0.306400 -0.027568
105030046 -1.168366 -0.306400 -0.032428
105030047 -1.167189 -0.306400 -0.037287
105030048 -1.166013 -0.306400 -0.042147
105030049 -1.164837 -0.306400 -0.047007
105030050 -1.163660 -0.306400 -0.051866
105030051 -1.162484 -0.306400 -0.056726
105030052 -1.161308 -0.306400 -0.061586
105030053 -1.160131 -0.306400 -0.066445
105030054 -1.158955 -0.306400 -0.071305
105030055 -1.157779 -0.306400 -0.076165
105030056 -1.156602 -0.306400 -0.081024
105030057 -1.155426 -0.306400 -0.085884
105030058 -1.154250 -0.306400 -0.090744
105030059 -1.153073 -0.306400 -0.095603
105030060 -1.151897 -0.306400 -0.100463
105030061 -1.150721 -0.306400 -0.105323
105030062 -1.149544 -0.306400 -0.110182
105030063 -1.148368 -0.306400 -0.115042
105030064 -1.147192 -0.306400 -0.119901
105030065 -1.146015 -0.306400 -0.124761
105030066 -1.144839 -0.306400 -0.129621
105030067 -1.143663 -0.306400 -0.134480
105030068 -1.142487 -0.306400 -0.139340
105030069 -1.141310 -0.306400 -0.144200
105030070 -1.140134 -0.306400 -0.149059
105030071 -1.138958 -0.306400 -0.153919
105030072 -1.137781 -0.306400 -0.158779
105030073 -1.136605 -0.306400 -0.163638
105030074 -1.135429 -0.306400 -0.168498
105030075 -1.134252 -0.306400 -0.173358
105030076 -1.133076 -0.306400 -0.178217
105030077 -1.131900 -0.306400 -0.183077
105030078 -1.130723 -0.306400 -0.187937
105030079 -1.129547 -0.306400 -0.192796
105030080 -1.128371 -0.306400 -0.197656
105030081 -1.127194 -0.306400 -0.202516
105030082 -1.126018 -0.306400 -0.207375
105030083 -1.124842 -0.306400 -0.212235
105030084 -1.123665 -0.306400 -0.217095
105030085 -1.122489 -0.306400 -0.221954
105030086 -1.121313 -0.306400 -0.226814
105030087 -1.120136 -0.306400 -0.231674
105030088 -1.118960 -0.306400 -0.236533
105030089 -1.117784 -0.306400 -0.241393
105030090 -1.116607 -0.306400 -0.246253
105030091 -1.115431 -0.306400 -0.251112
105030092 -1.114255 -0.306400 -0.255972
105030093 -1.113078 -0.306400 -0.260831
105030094 -1.111902 -0.306400 -0.265691
105030095 -1.110726 -0.306400 -0.270551
105030096 -1.109549 -0.306400 -0.275410
105030097 -1.108373 -0.306400 -0.280270
105030098 -1.107197 -0.306400 -0.285130
105030099 -1.106020 -0.306400 -0.289989
105030100 -1.104844 -0.306400 -0.294849
105030101 -1.221301 -0.280000 0.186257
105030102 -1.220124 -0.280000 0.181397
105030103 -1.218948 -0.280000 0.176537
105030104 -1.217772 -0.280000 0.171678
105030105 -1.216595 -0.280000 0.166818
105030106 -1.215419 -0.280000 0.161959
105030107 -1.214243 -0.280000 0.157099
105030108 -1.213066 -0.280000 0.152239
105030109 -1.211890 -0.280000 0.147380
105030110 -1.210714 -0.280000 0.142520
105030111 -1.209537 -0.280000 0.137660
105030112 -1.208361 -0.280000 0.132801
105030113 -1.207185 -0.280000 0.127941
105030114 -1.206008 -0.280000 0.123081
105030115 -1.204832 -0.280000 0.118222
105030116 -1.203656 -0.280000 0.113362
105030117 -1.202479 -0.280000 0.108502
105030118 -1.201303 -0.280000 0.103643
105030119 -1.200127 -0.280000 0.098783
105030120 -1.198950 -0.280000 0.093923
105030121 -1.197774 -0.280000 0.089064
105030122 -1.196598 -0.280000 0.084204
105030123 -1.195421 -0.280000 0.079344
105030124 -1.194245 -0.280000 0.074485
105030125 -1.193069 -0.280000 0.069625
105030126 -1.191892 -0.280000 0.064765
105030127 -1.190716 -0.280000 0.059906
105030128 -1.189540 -0.280000 0.055046
105030129 -1.188363 -0.280000 0.050186
105030130 -1.187187 -0.280000 0.045327
105030131 -1.186011 -0.280000 0.040467
105030132 -1.184834 -0.280000 0.035607
105030133 -1.183658 -0.280000 0.030748
105030134 -1.182482 -0.280000 0.025888
105030135 -1.181305 -0.280000 0.021029
105030136 -1.180129 -0.280000 0.016169
105030137 -1.178953 -0.280000 0.011309
105030138 -1.177776 -0.280000 0.006450
105030139 -1.176600 -0.280000 0.001590
105030140 -1.175424 -0.280000 -0.003270
105030141 -1.174247 -0.280000 -0.008129
105030142 -1.173071 -0.280000 -0.012989
105030143 -1.171895 -0.280000 -0.017849
105030144 -1.170718 -0.280000 -0.022708
105030145 -1.169542 -0.280000 -0.027568
105030146 -1.168366 -0.280000 -0.032428
105030147 -1.167189 -0.280000 -0.037287
105030148 -1.166013 -0.280000 -0.042147
105030149 -1.164837 -0.280000 -0.047007
105030150 -1.163660 -0.280000 -0.051866
105030151 -1.162484 -0.280000 -0.056726
105030152 -1.161308 -0.280000 -0.061586
105030153 -1.160131 -0.280000 -0.066445
105030154 -1.158955 -0.280000 -0.071305
105030155 -1.157779 -0.280000 -0.076165
105030156 -1.156602 -0.280000 -0.081024
105030157 -1.155426 -0.280000 -0.085884
105030158 -1.154250 -0.280000 -0.090744
105030159 -1.153073 -0.280000 -0.095603
105030160 -1.151897 -0.280000 -0.100463
105030161 -1.150721 -0.280000 -0.105323
105030162 -1.149544 -0.280000 -0.110182
105030163 -1.148368 -0.280000 -0.115042
105030164 -1.147192 -0.280000 -0.119901
105030165 -1.146015 -0.280000 -0.124761
105030166 -1.144839 -0.280000 -0.129621
105030167 -1.143663 -0.280000 -0.134480
105030168 -1.142487 -0.280000 -0.139340
105030169 -1.141310 -0.280000 -0.144200
105030170 -1.140134 -0.280000 -0.149059
105030171 -1.138958 -0.280000 -0.153919
105030172 -1.137781 -0.280000 -0.158779
105030173 -1.136605 -0.280000 -0.163638
105030174 -1.135429 -0.280000 -0.168498
105030175 -1.134252 -0.280000 -0.173358
105030176 -1.133076 -0.280000 -0.178217
105030177 -1.131900 -0.280000 -0.183077
105030178 -1.130723 -0.280000 -0.187937
105030179 -1.129547 -0.280000 -0.192796
105030180 -1.128371 -0.280000 -0.197656
105030181 -1.127194 -0.280000 -0.202516
105030182 -1.126018 -0.280000 -0.207375
105030183 -1.124842 -0.280000 -0.212235
105030184 -1.123665 -0.280000 -0.217095
105030185 -1.122489 -0.280000 -0.221954
105030186 -1.121313 -0.280000 -0.226814
105030187 -1.120136 -0.280000 -0.231674
105030188 -1.118960 -0.280000 -0.236533
105030189 -1.117784 -0.280000 -0.241393
105030190 -1.116607 -0.280000 -0.246253
105030191 -1.115431 -0.280000 -0.251112
105030192 -1.114255 -0.280000 -0.255972
105030193 -1.113078 -0.280000 -0.260831
105030194 -1.111902 -0.280000 -0.265691
105030195 -1.110726 -0.280000 -0.270551
105030196 -1.109549 -0.280000 -0.275410
105030197 -1.108373 -0.280000 -0.280270
105030198 -1.107197 -0.280000 -0.285130
105030199 -1.106020 -0.280000 -0.289989
105030200 -1.104844 -0.280000 -0.294849
105030201 -1.221301 -0.253600 0.186257
105030202 -1.220124 -0.253600 0.181397
105030203 -1.218948 -0.253600 0.176537
105030204 -1.217772 -0.253600 0.171678
105030205 -1.216595 -0.253600 0.166818
105030206 -1.215419 -0.253600 0.161959
105030207 -1.214243 -0.253600 0.157099
105030208 -1.213066 -0.253600 0.152239
105030209 -1.211890 -0.253600 0.147380
105030210 -1.210714 -0.253600 0.142520
105030211 -1.209537 -0.253600 0.137660
105030212 -1.208361 -0.253600 0.132801
105030213 -1.207185 -0.253600 0.127941
105030214 -1.206008 -0.253600 0.123081
105030215 -1.204832 -0.253600 0.118222
105030216 -1.203656 -0.253600 0.113362
105030217 -1.202479 -0.253600 0.108502
105030218 -1.201303 -0.253600 0.103643
105030219 -1.200127 -0.253600 0.098783
105030220 -1.198950 -0.253600 0.093923
105030221 -1.197774 -0.253600 0.089064
105030222 -1.196598 -0.253600 0.084204
105030223 -1.195421 -0.253600 0.079344
105030224 -1.194245 -0.253600 0.074485
105030225 -1.193069 -0.253600 0.069625
105030226 -1.191892 -0.253600 0.064765
105030227 -1.190716 -0.253600 0.059906
105030228 -1.189540 -0.253600 0.055046
105030229 -1.188363 -0.253600 0.050186
105030230 -1.187187 -0.253600 0.045327
105030231 -1.186011 -0.253600 0.040467
105030232 -1.184834 -0.253600 0.035607
105030233 -1.183658 -0.253600 0.030748
105030234 -1.182482 -0.253600 0.025888
105030235 -1.181305 -0.253600 0.021029
105030236 -1.180129 -0.253600 0.016169
105030237 -1.178953 -0.253600 0.011309
105030238 -1.177776 -0.253600 0.006450
105030239 -1.176600 -0.253600 0.001590
105030240 -1.175424 -0.253600 -0.003270
105030241 -1.174247 -0.253600 -0.008129
105030242 -1.173071 -0.253600 -0.012989
105030243 -1.171895 -0.253600 -0.017849
105030244 -1.170718 -0.253600 -0.022708
105030245 -1.169542 -0.253600 -0.027568
105030246 -1.168366 -0.253600 -0.032428
105030247 -1.167189 -0.253600 -0.037287
105030248 -1.166013 -0.253600 -0.042147
105030249 -1.164837 -0.253600 -0.047007
105030250 -1.163660 -0.253600 -0.051866
105030251 -1.162484 -0.253600 -0.056726
105030252 -1.161308 -0.253600 -0.061586
105030253 -1.160131 -0.253600 -0.066445
105030254 -1.158955 -0.253600 -0.071305
105030255 -1.157779 -0.253600 -0.076165
105030256 -1.156602 -0.253600 -0.081024
105030257 -1.155426 -0.253600 -0.085884
105030258 -1.154250 -0.253600 -0.090744
105030259 -1.153073 -0.253600 -0.095603
105030260 -1.151897 -0.253600 -0.100463
105030261 -1.150721 -0.253600 -0.105323
105030262 -1.149544 -0.253600 -0.110182
105030263 -1.148368 -0.253600 -0.115042
105030264 -1.147192 -0.253600 -0.119901
105030265 -1.146015 -0.253600 -0.124761
105030266 -1.144839 -0.253600 -0.129621
105030267 -1.143663 -0.253600 -0.134480
105030268 -1.142487 -0.253600 -0.139340
105030269 -1.141310 -0.253600 -0.144200
105030270 -1.140134 -0.253600 -0.149059
105030271 -1.138958 -0.253600 -0.153919
105030272 -1.137781 -0.253600 -0.158779
105030273 -1.136605 -0.253600 -0.163638
105030274 -1.135429 -0.253600 -0.168498
105030275 -1.134252 -0.253600 -0.173358
105030276 -1.133076 -0.253600 -0.178217
105030277 -1.131900 -0.253600 -0.183077
105030278 -1.130723 -0.253600 -0.187937
105030279 -1.129547 -0.253600 -0.192796
105030280 -1.128371 -0.253600 -0.197656
105030281 -1.127194 -0.253600 -0.202516
105030282 -1.126018 -0.253600 -0.207375
105030283 -1.124842 -0.253600 -0.212235
105030284 -1.123665 -0.253600 -0.217095
105030285 -1.122489 -0.253600 -0.221954
105030286 -1.121313 -0.253600 -0.226814
105030287 -1.120136 -0.253600 -0.231674
105030288 -1.118960 -0.253600 -0.236533
105030289 -1.117784 -0.253600 -0.241393
105030290 -1.116607 -0.253600 -0.246253
105030291 -1.115431 -0.253600 -0.251112
105030292 -1.114255 -0.253600 -0.255972
105030293 -1.113078 -0.253600 -0.260831
105030294 -1.111902 -0.253600 -0.265691
105030295 -1.110726 -0.253600 -0.270551
105030296 -1.109549 -0.253600 -0.275410
105030297 -1.108373 -0.253600 -0.280270
105030298 -1.107197 -0.253600 -0.285130
105030299 -1.106020 -0.253600 -0.289989
105030300 -1.104844 -0.253600 -0.294849
105030301 -1.221301 -0.227200 0.186257
105030302 -1.220124 -0.227200 0.181397
105030303 -1.218948 -0.227200 0.176537
105030304 -1.217772 -0.227200 0.171678
105030305 -1.216595 -0.227200 0.166818
105030306 -1.215419 -0.227200 0.161959
105030307 -1.214243 -0.227200 0.157099
105030308 -1.213066 -0.227200 0.152239
105030309 -1.211890 -0.227200 0.147380
105030310 -1.210714 -0.227200 0.142520
105030311 -1.209537 -0.227200 0.137660
105030312 -1.208361 -0.227200 0.132801
105030313 -1.207185 -0.227200 0.127941
105030314 -1.206008 -0.227200 0.123081
105030315 -1.204832 -0.227200 0.118222
105030316 -1.203656 -0.227200 0.113362
105030317 -1.202479 -0.227200 0.108502
105030318 -1.201303 -0.227200 0.103643
105030319 -1.200127 -0.227200 0.098783
105030320 -1.198950 -0.227200 0.093923
105030321 -1.197774 -0.227200 0.089064
105030322 -1.196598 -0.227200 0.084204
105030323 -1.195421 -0.227200 0.079344
105030324 -1.194245 -0.227200 0.074485
105030325 -1.193069 -0.227200 0.069625
105030326 -1.191892 -0.227200 0.064765
105030327 -1.190716 -0.227200 0.059906
105030328 -1.189540 -0.227200 0.055046
105030329 -1.188363 -0.227200 0.050186
105030330 -1.187187 -0.227200 0.045327
105030331 -1.186011 -0.227200 0.040467
105030332 -1.184834 -0.227200 0.035607
105030333 -1.183658 -0.227200 0.030748
105030334 -1.182482 -0.227200 0.025888
105030335 -1.181305 -0.227200 0.021029
105030336 -1.180129 -0.227200 0.016169
105030337 -1.178953 -0.227200 0.011309
105030338 -1.177776 -0.227200 0.006450
105030339 -1.176600 -0.227200 0.001590
105030340 -1.175424 -0.227200 -0.003270
105030341 -1.174247 -0.227200 -0.008129
105030342 -1.173071 -0.227200 -0.012989
105030343 -1.171895 -0.227200 -0.017849
105030344 -1.170718 -0.227200 -0.022708
105030345 -1.169542 -0.227200 -0.027568
105030346 -1.168366 -0.227200 -0.032428
105030347 -1.167189 -0.227200 -0.037287
105030348 -1.166013 -0.227200 -0.042147
105030349 -1.164837 -0.227200 -0.047007
105030350 -1.163660 -0.227200 -0.051866
105030351 -1.162484 -0.227200 -0.056726
105030352 -1.161308 -0.227200 -0.061586
105030353 -1.160131 -0.227200 -0.066445
105030354 -1.158955 -0.227200 -0.071305
105030355 -1.157779 -0.227200 -0.076165
105030356 -1.156602 -0.227200 -0.081024
105030357 -1.155426 -0.227200 -0.085884
105030358 -1.154250 -0.227200 -0.090744
105030359 -1.153073 -0.227200 -0.095603
105030360 -1.151897 -0.227200 -0.100463
105030361 -1.150721 -0.227200 -0.105323
105030362 -1.149544 -0.227200 -0.110182
105030363 -1.148368 -0.227200 -0.115042
105030364 -1.147192 -0.227200 -0.119901
105030365 -1.146015 -0.227200 -0.124761
105030366 -1.144839 -0.227200 -0.129621
105030367 -1.143663 -0.227200 -0.134480
105030368 -1.142487 -0.227200 -0.139340
105030369 -1.141310 -0.227200 -0.144200
105030370 -1.140134 -0.227200 -0.149059
105030371 -1.138958 -0.227200 -0.153919
105030372 -1.137781 -0.227200 -0.158779
105030373 -1.136605 -0.227200 -0.163638
105030374 -1.135429 -0.227200 -0.168498
105030375 -1.134252 -0.227200 -0.173358
105030376 -1.133076 -0.227200 -0.178217
105030377 -1.131900 -0.227200 -0.183077
105030378 -1.130723 -0.227200 -0.187937
105030379 -1.129547 -0.227200 -0.192796
105030380 -1.128371 -0.227200 -0.197656
105030381 -1.127194 -0.227200 -0.202516
105030382 -1.126018 -0.227200 -0.207375
105030383 -1.124842 -0.227200 -0.212235
105030384 -1.123665 -0.227200 -0.217095
105030385 -1.122489 -0.227200 -0.221954
105030386 -1.121313 -0.227200 -0.226814
105030387 -1.120136 -0.227200 -0.231674
105030388 -1.118960 -0.227200 -0.236533
105030389 -1.117784 -0.227200 -0.241393
105030390 -1.116607 -0.227200 -0.246253
105030391 -1.115431 -0.227200 -0.251112
105030392 -1.114255 -0.227200 -0.255972
105030393 -1.113078 -0.227200 -0.260831
105030394 -1.111902 -0.227200 -0.265691
105030395 -1.110726 -0.227200 -0.270551
105030396 -1.109549 -0.227200 -0.275410
105030397 -1.108373 -0.227200 -0.280270
105030398 -1.107197 -0.227200 -0.285130
105030399 -1.106020 -0.227200 -0.289989
105030400 -1.104844 -0.227200 -0.294849
105030401 -1.221301 -0.200800 0.186257
105030402 -1.220124 -0.200800 0.181397
105030403 -1.218948 -0.200800 0.176537
105030404 -1.217772 -0.200800 0.171678
105030405 -1.216595 -0.200800 0.166818
105030406 -1.215419 -0.200800 0.161959
105030407 -1.214243 -0.200800 0.157099
105030408 -1.213066 -0.200800 0.152239
105030409 -1.211890 -0.200800 0.147380
105030410 -1.210714 -0.200800 0.142520
105030411 -1.209537 -0.200800 0.137660
105030412 -1.208361 -0.200800 0.132801
105030413 -1.207185 -0.200800 0.127941
105030414 -1.206008 -0.200800 0.123081
105030415 -1.204832 -0.200800 0.118222
105030416 -1.203656 -0.200800 0.113362
105030417 -1.202479 -0.200800 0.108502
105030418 -1.201303 -0.200800 0.103643
105030419 -1.200127 -0.200800 0.098783
105030420 -1.198950 -0.200800 0.093923
105030421 -1.197774 -0.200800 0.089064
105030422 -1.196598 -0.200800 0.084204
105030423 -1.195421 -0.200800 0.079344
105030424 -1.194245 -0.200800 0.074485
105030425 -1.193069 -0.200800 0.069625
105030426 -1.191892 -0.200800 0.064765
105030427 -1.190716 -0.200800 0.059906
105030428 -1.189540 -0.200800 0.055046
105030429 -1.188363 -0.200800 0.050186
105030430 -1.187187 -0.200800 0.045327
105030431 -1.186011 -0.200800 0.040467
105030432 -1.184834 -0.200800 0.035607
105030433 -1.183658 -0.200800 0.030748
105030434 -1.182482 -0.200800 0.025888
105030435 -1.181305 -0.200800 0.021029
105030436 -1.180129 -0.200800 0.016169
105030437 -1.178953 -0.200800 0.011309
105030438 -1.177776 -0.200800 0.006450
105030439 -1.176600 -0.200800 0.001590
105030440 -1.175424 -0.200800 -0.003270
105030441 -1.174247 -0.200800 -0.008129
105030442 -1.173071 -0.200800 -0.012989
105030443 -1.171895 -0.200800 -0.017849
105030444 -1.170718 -0.200800 -0.022708
105030445 -1.169542 -0.200800 -0.027568
105030446 -1.168366 -0.200800 -0.032428
105030447 -1.167189 -0.200800 -0.037287
105030448 -1.166013 -0.200800 -0.042147
105030449 -1.164837 -0.200800 -0.047007
105030450 -1.163660 -0.200800 -0.051866
105030451 -1.162484 -0.200800 -0.056726
105030452 -1.161308 -0.200800 -0.061586
105030453 -1.160131 -0.200800 -0.066445
105030454 -1.158955 -0.200800 -0.071305
105030455 -1.157779 -0.200800 -0.076165
105030456 -1.156602 -0.200800 -0.081024
105030457 -1.155426 -0.200800 -0.085884
105030458 -1.154250 -0.200800 -0.090744
105030459 -1.153073 -0.200800 -0.095603
105030460 -1.151897 -0.200800 -0.100463
105030461 -1.150721 -0.200800 -0.105323
105030462 -1.149544 -0.200800 -0.110182
105030463 -1.148368 -0.200800 -0.115042
105030464 -1.147192 -0.200800 -0.119901
105030465 -1.146015 -0.200800 -0.124761
105030466 -1.144839 -0.200800 -0.129621
105030467 -1.143663 -0.200800 -0.134480
105030468 -1.142487 -0.200800 -0.139340
105030469 -1.141310 -0.200800 -0.144200
105030470 -1.140134 -0.200800 -0.149059
105030471 -1.138958 -0.200800 -0.153919
105030472 -1.137781 -0.200800 -0.158779
105030473 -1.136605 -0.200800 -0.163638
105030474 -1.135429 -0.200800 -0.168498
105030475 -1.134252 -0.200800 -0.173358
105030476 -1.133076 -0.200800 -0.178217
105030477 -1.131900 -0.200800 -0.183077
105030478 -1.130723 -0.200800 -0.187937
105030479 -1.129547 -0.200800 -0.192796
105030480 -1.128371 -0.200800 -0.197656
105030481 -1.127194 -0.200800 -0.202516
105030482 -1.126018 -0.200800 -0.207375
105030483 -1.124842 -0.200800 -0.212235
105030484 -1.123665 -0.200800 -0.217095
105030485 -1.122489 -0.200800 -0.221954
105030486 -1.121313 -0.200800 -0.226814
105030487 -1.120136 -0.200800 -0.231674
105030488 -1.118960 -0.200800 -0.236533
105030489 -1.117784 -0.200800 -0.241393
105030490 -1.116607 -0.200800 -0.246253
105030491 -1.115431 -0.200800 -0.251112
105030492 -1.114255 -0.200800 -0.255972
105030493 -1.113078 -0.200800 -0.260831
105030494 -1.111902 -0.200800 -0.265691
105030495 -1.110726 -0.200800 -0.270551
105030496 -1.109549 -0.200800 -0.275410
105030497 -1.108373 -0.200800 -0.280270
105030498 -1.107197 -0.200800 -0.285130
105030499 -1.106020 -0.200800 -0.289989
105030500 -1.104844 -0.200800 -0.294849
105030501 -1.221301 -0.174400 0.186257
105030502 -1.220124 -0.174400 0.181397
105030503 -1.218948 -0.174400 0.176537
105030504 -1.217772 -0.174400 0.171678
105030505 -1.216595 -0.174400 0.166818
105030506 -1.215419 -0.174400 0.161959
105030507 -1.214243 -0.174400 0.157099
105030508 -1.213066 -0.174400 0.152239
105030509 -1.211890 -0.174400 0.147380
105030510 -1.210714 -0.174400 0.142520
105030511 -1.209537 -0.174400 0.137660
105030512 -1.208361 -0.174400 0.132801
105030513 -1.207185 -0.174400 0.127941
105030514 -1.206008 -0.174400 0.123081
105030515 -1.204832 -0.174400 0.118222
105030516 -1.203656 -0.174400 0.113362
105030517 -1.202479 -0.174400 0.108502
105030518 -1.201303 -0.174400 0.103643
105030519 -1.200127 -0.174400 0.098783
105030520 -1.198950 -0.174400 0.093923
105030521 -1.197774 -0.174400 0.089064
105030522 -1.196598 -0.174400 0.084204
105030523 -1.195421 -0.174400 0.079344
105030524 -1.194245 -0.174400 0.074485
105030525 -1.193069 -0.174400 0.069625
105030526 -1.191892 -0.174400 0.064765
105030527 -1.190716 -0.174400 0.059906
105030528 -1.189540 -0.174400 0.055046
105030529 -1.188363 -0.174400 0.050186
105030530 -1.187187 -0.174400 0.045327
105030531 -1.186011 -0.174400 0.040467
105030532 -1.184834 -0.174400 0.035607
105030533 -1.183658 -0.174400 0.030748
105030534 -1.182482 -0.174400 0.025888
105030535 -1.181305 -0.174400 0.021029
105030536 -1.180129 -0.174400 0.016169
105030537 -1.178953 -0.174400 0.011309
105030538 -1.177776 -0.174400 0.006450
105030539 -1.176600 -0.174400 0.001590
105030540 -1.175424 -0.174400 -0.003270
105030541 -1.174247 -0.174400 -0.008129
105030542 -1.173071 -0.174400 -0.012989
105030543 -1.171895 -0.174400 -0.017849
105030544 -1.170718 -0.174400 -0.022708
105030545 -1.169542 -0.174400 -0.027568
105030546 -1.168366 -0.174400 -0.032428
105030547 -1.167189 -0.174400 -0.037287
105030548 -1.166013 -0.174400 -0.042147
105030549 -1.164837 -0.174400 -0.047007
105030550 -1.163660 -0.174400 -0.051866
105030551 -1.162484 -0.174400 -0.056726
105030552 -1.161308 -0.174400 -0.061586
105030553 -1.160131 -0.174400 -0.066445
105030554 -1.158955 -0.174400 -0.071305
105030555 -1.157779 -0.174400 -0.076165
105030556 -1.156602 -0.174400 -0.081024
105030557 -1.155426 -0.174400 -0.085884
105030558 -1.154250 -0.174400 -0.090744
105030559 -1.153073 -0.174400 -0.095603
105030560 -1.151897 -0.174400 -0.100463
105030561 -1.150721 -0.174400 -0.105323
105030562 -1.149544 -0.174400 -0.110182
105030563 -1.148368 -0.174400 -0.115042
105030564 -1.147192 -0.174400 -0.119901
105030565 -1.146015 -0.174400 -0.124761
105030566 -1.144839 -0.174400 -0.129621
105030567 -1.143663 -0.174400 -0.134480
105030568 -1.142487 -0.174400 -0.139340
105030569 -1.141310 -0.174400 -0.144200
105030570 -1.140134 -0.174400 -0.149059
105030571 -1.138958 -0.174400 -0.153919
105030572 -1.137781 -0.174400 -0.158779
105030573 -1.136605 -0.174400 -0.163638
105030574 -1.135429 -0.174400 -0.168498
105030575 -1.134252 -0.174400 -0.173358
105030576 -1.133076 -0.174400 -0.178217
105030577 -1.131900 -0.174400 -0.183077
105030578 -1.130723 -0.174400 -0.187937
105030579 -1.129547 -0.174400 -0.192796
105030580 -1.128371 -0.174400 -0.197656
105030581 -1.127194 -0.174400 -0.202516
105030582 -1.126018 -0.174400 -0.207375
105030583 -1.124842 -0.174400 -0.212235
105030584 -1.123665 -0.174400 -0.217095
105030585 -1.122489 -0.174400 -0.221954
105030586 -1.121313 -0.174400 -0.226814
105030587 -1.120136 -0.174400 -0.231674
105030588 -1.118960 -0.174400 -0.236533
105030589 -1.117784 -0.174400 -0.241393
105030590 -1.116607 -0.174400 -0.246253
105030591 -1.115431 -0.174400 -0.251112
105030592 -1.114255 -0.174400 -0.255972
105030593 -1.113078 -0.174400 -0.260831
105030594 -1.111902 -0.174400 -0.265691
105030595 -1.110726 -0.174400 -0.270551
105030596 -1.109549 -0.174400 -0.275410
105030597 -1.108373 -0.174400 -0.280270
105030598 -1.107197 -0.174400 -0.285130
105030599 -1.106020 -0.174400 -0.289989
105030600 -1.104844 -0.174400 -0.294849
105030601 -1.221301 -0.148000 0.186257
105030602 -1.220124 -0.148000 0.181397
105030603 -1.218948 -0.148000 0.176537
105030604 -1.217772 -0.148000 0.171678
105030605 -1.216595 -0.148000 0.166818
105030606 -1.215419 -0.148000 0.161959
105030607 -1.214243 -0.148000 0.157099
105030608 -1.213066 -0.148000 0.152239
105030609 -1.211890 -0.148000 0.147380
105030610 -1.210714 -0.148000 0.142520
105030611 -1.209537 -0.148000 0.137660
105030612 -1.208361 -0.148000 0.132801
105030613 -1.207185 -0.148000 0.127941
105030614 -1.206008 -0.148000 0.123081
105030615 -1.204832 -0.148000 0.118222
105030616 -1.203656 -0.148000 0.113362
105030617 -1.202479 -0.148000 0.108502
105030618 -1.201303 -0.148000 0.103643
105030619 -1.200127 -0.148000 0.098783
105030620 -1.198950 -0.148000 0.093923
105030621 -1.197774 -0.148000 0.089064
105030622 -1.196598 -0.148000 0.084204
105030623 -1.195421 -0.148000 0.079344
105030624 -1.194245 -0.148000 0.074485
105030625 -1.193069 -0.148000 0.069625
105030626 -1.191892 -0.148000 0.064765
105030627 -1.190716 -0.148000 0.059906
105030628 -1.189540 -0.148000 0.055046
105030629 -1.188363 -0.148000 0.050186
105030630 -1.187187 -0.148000 0.045327
105030631 -1.186011 -0.148000 0.040467
105030632 -1.184834 -0.148000 0.035607
105030633 -1.183658 -0.148000 0.030748
105030634 -1.182482 -0.148000 0.025888
105030635 -1.181305 -0.148000 0.021029
105030636 -1.180129 -0.148000 0.016169
105030637 -1.178953 -0.148000 0.011309
105030638 -1.177776 -0.148000 0.006450
105030639 -1.176600 -0.148000 0.001590
105030640 -1.175424 -0.148000 -0.003270
105030641 -1.174247 -0.148000 -0.008129
105030642 -1.173071 -0.148000 -0.012989
105030643 -1.171895 -0.148000 -0.017849
105030644 -1.170718 -0.148000 -0.022708
105030645 -1.169542 -0.148000 -0.027568
105030646 -1.168366 -0.148000 -0.032428
105030647 -1.167189 -0.148000 -0.037287
105030648 -1.166013 -0.148000 -0.042147
105030649 -1.164837 -0.148000 -0.047007
105030650 -1.163660 -0.148000 -0.051866
105030651 -1.162484 -0.148000 -0.056726
105030652 -1.161308 -0.148000 -0.061586
105030653 -1.160131 -0.148000 -0.066445
105030654 -1.158955 -0.148000 -0.071305
105030655 -1.157779 -0.148000 -0.076165
105030656 -1.156602 -0.148000 -0.081024
105030657 -1.155426 -0.148000 -0.085884
105030658 -1.154250 -0.148000 -0.090744
105030659 -1.153073 -0.148000 -0.095603
105030660 -1.151897 -0.148000 -0.100463
105030661 -1.150721 -0.148000 -0.105323
105030662 -1.149544 -0.148000 -0.110182
105030663 -1.148368 -0.148000 -0.115042
105030664 -1.147192 -0.148000 -0.119901
105030665 -1.146015 -0.148000 -0.124761
105030666 -1.144839 -0.148000 -0.129621
105030667 -1.143663 -0.148000 -0.134480
105030668 -1.142487 -0.148000 -0.139340
105030669 -1.141310 -0.148000 -0.144200
105030670 -1.140134 -0.148000 -0.149059
105030671 -1.138958 -0.148000 -0.153919
105030672 -1.137781 -0.148000 -0.158779
105030673 -1.136605 -0.148000 -0.163638
105030674 -1.135429 -0.148000 -0.168498
105030675 -1.134252 -0.148000 -0.173358
105030676 -1.133076 -0.148000 -0.178217
105030677 -1.131900 -0.148000 -0.183077
105030678 -1.130723 -0.148000 -0.187937
105030679 -1.129547 -0.148000 -0.192796
105030680 -1.128371 -0.148000 -0.197656
105030681 -1.127194 -0.148000 -0.202516
105030682 -1.126018 -0.148000 -0.207375
105030683 -1.124842 -0.148000 -0.212235
105030684 -1.123665 -0.148000 -0.217095
105030685 -1.122489 -0.148000 -0.221954
105030686 -1.121313 -0.148000 -0.226814
105030687 -1.120136 -0.148000 -0.231674
105030688 -1.118960 -0.148000 -0.236533
105030689 -1.117784 -0.148000 -0.241393
105030690 -1.116607 -0.148000 -0.246253
105030691 -1.115431 -0.148000 -0.251112
105030692 -1.114255 -0.148000 -0.255972
105030693 -1.113078 -0.148000 -0.260831
105030694 -1.111902 -0.148000 -0.265691
105030695 -1.110726 -0.148000 -0.270551
105030696 -1.109549 -0.148000 -0.275410
105030697 -1.108373 -0.148000 -0.280270
105030698 -1.107197 -0.148000 -0.285130
105030699 -1.106020 -0.148000 -0.289989
105030700 -1.104844 -0.148000 -0.294849
105030701 -1.221301 -0.121600 0.186257
105030702 -1.220124 -0.121600 0.181397
105030703 -1.218948 -0.121600 0.176537
105030704 -1.217772 -0.121600 0.171678
105030705 -1.216595 -0.121600 0.166818
105030706 -1.215419 -0.121600 0.161959
105030707 -1.214243 -0.121600 0.157099
105030708 -1.213066 -0.121600 0.152239
105030709 -1.211890 -0.121600 0.147380
105030710 -1.210714 -0.121600 0.142520
105030711 -1.209537 -0.121600 0.137660
105030712 -1.208361 -0.121600 0.132801
105030713 -1.207185 -0.121600 0.127941
105030714 -1.206008 -0.121600 0.123081
105030715 -1.204832 -0.121600 0.118222
105030716 -1.203656 -0.121600 0.113362
105030717 -1.202479 -0.121600 0.108502
105030718 -1.201303 -0.121600 0.103643
105030719 -1.200127 -0.121600 0.098783
105030720 -1.198950 -0.121600 0.093923
105030721 -1.197774 -0.121600 0.089064
105030722 -1.196598 -0.121600 0.084204
105030723 -1.195421 -0.121600 0.079344
105030724 -1.194245 -0.121600 0.074485
105030725 -1.193069 -0.121600 0.069625
105030726 -1.191892 -0.121600 0.064765
105030727 -1.190716 -0.121600 0.059906
105030728 -1.189540 -0.121600 0.055046
105030729 -1.188363 -0.121600 0.050186
105030730 -1.187187 -0.121600 0.045327
105030731 -1.186011 -0.121600 0.040467
105030732 -1.184834 -0.121600 0.035607
105030733 -1.183658 -0.121600 0.030748
105030734 -1.182482 -0.121600 0.025888
105030735 -1.181305 -0.121600 0.021029
105030736 -1.180129 -0.121600 0.016169
105030737 -1.178953 -0.121600 0.011309
105030738 -1.177776 -0.121600 0.006450
105030739 -1.176600 -0.121600 0.001590
105030740 -1.175424 -0.121600 -0.003270
105030741 -1.174247 -0.121600 -0.008129
105030742 -1.173071 -0.121600 -0.012989
105030743 -1.171895 -0.121600 -0.017849
105030744 -1.170718 -0.121600 -0.022708
105030745 -1.169542 -0.121600 -0.027568
105030746 -1.168366 -0.121600 -0.032428
105030747 -1.167189 -0.121600 -0.037287
105030748 -1.166013 -0.121600 -0.042147
105030749 -1.164837 -0.121600 -0.047007
105030750 -1.163660 -0.121600 -0.051866
105030751 -1.162484 -0.121600 -0.056726
105030752 -1.161308 -0.121600 -0.061586
105030753 -1.160131 -0.121600 -0.066445
105030754 -1.158955 -0.121600 -0.071305
105030755 -1.157779 -0.121600 -0.076165
105030756 -1.156602 -0.121600 -0.081024
105030757 -1.155426 -0.121600 -0.085884
105030758 -1.154250 -0.121600 -0.090744
105030759 -1.153073 -0.121600 -0.095603
105030760 -1.151897 -0.121600 -0.100463
105030761 -1.150721 -0.121600 -0.105323
105030762 -1.149544 -0.121600 -0.110182
105030763 -1.148368 -0.121600 -0.115042
105030764 -1.147192 -0.121600 -0.119901
105030765 -1.146015 -0.121600 -0.124761
105030766 -1.144839 -0.121600 -0.129621
105030767 -1.143663 -0.121600 -0.134480
105030768 -1.142487 -0.121600 -0.139340
105030769 -1.141310 -0.121600 -0.144200
105030770 -1.140134 -0.121600 -0.149059
105030771 -1.138958 -0.121600 -0.153919
105030772 -1.137781 -0.121600 -0.158779
105030773 -1.136605 -0.121600 -0.163638
105030774 -1.135429 -0.121600 -0.168498
105030775 -1.134252 -0.121600 -0.173358
105030776 -1.133076 -0.121600 -0.178217
105030777 -1.131900 -0.121600 -0.183077
105030778 -1.130723 -0.121600 -0.187937
105030779 -1.129547 -0.121600 -0.192796
105030780 -1.128371 -0.121600 -0.197656
105030781 -1.127194 -0.121600 -0.202516
105030782 -1.126018 -0.121600 -0.207375
105030783 -1.124842 -0.121600 -0.212235
105030784 -1.123665 -0.121600 -0.217095
105030785 -1.122489 -0.121600 -0.221954
105030786 -1.121313 -0.121600 -0.226814
105030787 -1.120136 -0.121600 -0.231674
105030788 -1.118960 -0.121600 -0.236533
105030789 -1.117784 -0.121600 -0.241393
105030790 -1.116607 -0.121600 -0.246253
105030791 -1.115431 -0.121600 -0.251112
105030792 -1.114255 -0.121600 -0.255972
105030793 -1.113078 -0.121600 -0.260831
105030794 -1.111902 -0.121600 -0.265691
105030795 -1.110726 -0.121600 -0.270551
105030796 -1.109549 -0.121600 -0.275410
105030797 -1.108373 -0.121600 -0.280270
105030798 -1.107197 -0.121600 -0.285130
105030799 -1.106020 -0.121600 -0.289989
105030800 -1.104844 -0.121600 -0.294849
