113050001 0.714487 0.228600 2.213767
113050002 0.713227 0.228600 2.218606
113050003 0.711967 0.228600 2.223444
113050004 0.710708 0.228600 2.228283
113050005 0.709448 0.228600 2.233122
113050006 0.708188 0.228600 2.237960
113050007 0.706928 0.228600 2.242799
113050008 0.705668 0.228600 2.247638
113050009 0.704408 0.228600 2.252476
113050010 0.703148 0.228600 2.257315
113050011 0.701889 0.228600 2.262154
113050012 0.700629 0.228600 2.266992
113050013 0.699369 0.228600 2.271831
113050014 0.698109 0.228600 2.276670
113050015 0.696849 0.228600 2.281508
113050016 0.695589 0.228600 2.286347
113050017 0.694330 0.228600 2.291186
113050018 0.693070 0.228600 2.296024
113050019 0.691810 0.228600 2.300863
113050020 0.690550 0.228600 2.305702
113050021 0.689290 0.228600 2.310541
113050022 0.688030 0.228600 2.315379
113050023 0.686770 0.228600 2.320218
113050024 0.685511 0.228600 2.325057
113050025 0.684251 0.228600 2.329895
113050026 0.682991 0.228600 2.334734
113050027 0.681731 0.228600 2.339573
113050028 0.680471 0.228600 2.344411
113050029 0.679211 0.228600 2.349250
113050030 0.677951 0.228600 2.354089
113050031 0.676692 0.228600 2.358927
113050032 0.675432 0.228600 2.363766
113050033 0.674172 0.228600 2.368605
113050034 0.672912 0.228600 2.373443
113050035 0.671652 0.228600 2.378282
113050036 0.670392 0.228600 2.383121
113050037 0.669133 0.228600 2.387959
113050038 0.667873 0.228600 2.392798
113050039 0.666613 0.228600 2.397637
113050040 0.665353 0.228600 2.402475
113050041 0.664093 0.228600 2.407314
113050042 0.662833 0.228600 2.412153
113050043 0.661573 0.228600 2.416991
113050044 0.660314 0.228600 2.421830
113050045 0.659054 0.228600 2.426669
113050046 0.657794 0.228600 2.431507
113050047 0.656534 0.228600 2.436346
113050048 0.655274 0.228600 2.441185
113050049 0.654014 0.228600 2.446023
113050050 0.652755 0.228600 2.450862
113050051 0.651495 0.228600 2.455701
113050052 0.650235 0.228600 2.460539
113050053 0.648975 0.228600 2.465378
113050054 0.647715 0.228600 2.470217
113050055 0.646455 0.228600 2.475055
113050056 0.645195 0.228600 2.479894
113050057 0.643936 0.228600 2.484733
113050058 0.642676 0.228600 2.489572
113050059 0.641416 0.228600 2.494410
113050060 0.640156 0.228600 2.499249
113050061 0.638896 0.228600 2.504088
113050062 0.637636 0.228600 2.508926
113050063 0.636376 0.228600 2.513765
113050064 0.635117 0.228600 2.518604
113050065 0.633857 0.228600 2.523442
113050066 0.632597 0.228600 2.528281
113050067 0.631337 0.228600 2.533120
113050068 0.630077 0.228600 2.537958
113050069 0.628817 0.228600 2.542797
113050070 0.627558 0.228600 2.547636
113050071 0.626298 0.228600 2.552474
113050072 0.625038 0.228600 2.557313
113050073 0.623778 0.228600 2.562152
113050074 0.622518 0.228600 2.566990
113050075 0.621258 0.228600 2.571829
113050076 0.619998 0.228600 2.576668
113050077 0.618739 0.228600 2.581506
113050078 0.617479 0.228600 2.586345
113050079 0.616219 0.228600 2.591184
113050080 0.614959 0.228600 2.596022
113050081 0.613699 0.228600 2.600861
113050082 0.612439 0.228600 2.605700
113050083 0.611180 0.228600 2.610538
113050084 0.609920 0.228600 2.615377
113050085 0.608660 0.228600 2.620216
113050086 0.607400 0.228600 2.625054
113050087 0.606140 0.228600 2.629893
113050088 0.604880 0.228600 2.634732
113050089 0.603620 0.228600 2.639570
113050090 0.602361 0.228600 2.644409
113050091 0.601101 0.228600 2.649248
113050092 0.599841 0.228600 2.654086
113050093 0.598581 0.228600 2.658925
113050094 0.597321 0.228600 2.663764
113050095 0.596061 0.228600 2.668603
113050096 0.594801 0.228600 2.673441
113050097 0.593542 0.228600 2.678280
113050098 0.592282 0.228600 2.683119
113050099 0.591022 0.228600 2.687957
113050100 0.589762 0.228600 2.692796
113050101 0.714487 0.255000 2.213767
113050102 0.713227 0.255000 2.218606
113050103 0.711967 0.255000 2.223444
113050104 0.710708 0.255000 2.228283
113050105 0.709448 0.255000 2.233122
113050106 0.708188 0.255000 2.237960
113050107 0.706928 0.255000 2.242799
113050108 0.705668 0.255000 2.247638
113050109 0.704408 0.255000 2.252476
113050110 0.703148 0.255000 2.257315
113050111 0.701889 0.255000 2.262154
113050112 0.700629 0.255000 2.266992
113050113 0.699369 0.255000 2.271831
113050114 0.698109 0.255000 2.276670
113050115 0.696849 0.255000 2.281508
113050116 0.695589 0.255000 2.286347
113050117 0.694330 0.255000 2.291186
113050118 0.693070 0.255000 2.296024
113050119 0.691810 0.255000 2.300863
113050120 0.690550 0.255000 2.305702
113050121 0.689290 0.255000 2.310541
113050122 0.688030 0.255000 2.315379
113050123 0.686770 0.255000 2.320218
113050124 0.685511 0.255000 2.325057
113050125 0.684251 0.255000 2.329895
113050126 0.682991 0.255000 2.334734
113050127 0.681731 0.255000 2.339573
113050128 0.680471 0.255000 2.344411
113050129 0.679211 0.255000 2.349250
113050130 0.677951 0.255000 2.354089
113050131 0.676692 0.255000 2.358927
113050132 0.675432 0.255000 2.363766
113050133 0.674172 0.255000 2.368605
113050134 0.672912 0.255000 2.373443
113050135 0.671652 0.255000 2.378282
113050136 0.670392 0.255000 2.383121
113050137 0.669133 0.255000 2.387959
113050138 0.667873 0.255000 2.392798
113050139 0.666613 0.255000 2.397637
113050140 0.665353 0.255000 2.402475
113050141 0.664093 0.255000 2.407314
113050142 0.662833 0.255000 2.412153
113050143 0.661573 0.255000 2.416991
113050144 0.660314 0.255000 2.421830
113050145 0.659054 0.255000 2.426669
113050146 0.657794 0.255000 2.431507
113050147 0.656534 0.255000 2.436346
113050148 0.655274 0.255000 2.441185
113050149 0.654014 0.255000 2.446023
113050150 0.652755 0.255000 2.450862
113050151 0.651495 0.255000 2.455701
113050152 0.650235 0.255000 2.460539
113050153 0.648975 0.255000 2.465378
113050154 0.647715 0.255000 2.470217
113050155 0.646455 0.255000 2.475055
113050156 0.645195 0.255000 2.479894
113050157 0.643936 0.255000 2.484733
113050158 0.642676 0.255000 2.489572
113050159 0.641416 0.255000 2.494410
113050160 0.640156 0.255000 2.499249
113050161 0.638896 0.255000 2.504088
113050162 0.637636 0.255000 2.508926
113050163 0.636376 0.255000 2.513765
113050164 0.635117 0.255000 2.518604
113050165 0.633857 0.255000 2.523442
113050166 0.632597 0.255000 2.528281
113050167 0.631337 0.255000 2.533120
113050168 0.630077 0.255000 2.537958
113050169 0.628817 0.255000 2.542797
113050170 0.627558 0.255000 2.547636
113050171 0.626298 0.255000 2.552474
113050172 0.625038 0.255000 2.557313
113050173 0.623778 0.255000 2.562152
113050174 0.622518 0.255000 2.566990
113050175 0.621258 0.255000 2.571829
113050176 0.619998 0.255000 2.576668
113050177 0.618739 0.255000 2.581506
113050178 0.617479 0.255000 2.586345
113050179 0.616219 0.255000 2.591184
113050180 0.614959 0.255000 2.596022
113050181 0.613699 0.255000 2.600861
113050182 0.612439 0.255000 2.605700
113050183 0.611180 0.255000 2.610538
113050184 0.609920 0.255000 2.615377
113050185 0.608660 0.255000 2.620216
113050186 0.607400 0.255000 2.625054
113050187 0.606140 0.255000 2.629893
113050188 0.604880 0.255000 2.634732
113050189 0.603620 0.255000 2.639570
113050190 0.602361 0.255000 2.644409
113050191 0.601101 0.255000 2.649248
113050192 0.599841 0.255000 2.654086
113050193 0.598581 0.255000 2.658925
113050194 0.597321 0.255000 2.663764
113050195 0.596061 0.255000 2.668603
113050196 0.594801 0.255000 2.673441
113050197 0.593542 0.255000 2.678280
113050198 0.592282 0.255000 2.683119
113050199 0.591022 0.255000 2.687957
113050200 0.589762 0.255000 2.692796
113050201 0.714487 0.281400 2.213767
113050202 0.713227 0.281400 2.218606
113050203 0.711967 0.281400 2.223444
113050204 0.710708 0.281400 2.228283
113050205 0.709448 0.281400 2.233122
113050206 0.708188 0.281400 2.237960
113050207 0.706928 0.281400 2.242799
113050208 0.705668 0.281400 2.247638
113050209 0.704408 0.281400 2.252476
113050210 0.703148 0.281400 2.257315
113050211 0.701889 0.281400 2.262154
113050212 0.700629 0.281400 2.266992
113050213 0.699369 0.281400 2.271831
113050214 0.698109 0.281400 2.276670
113050215 0.696849 0.281400 2.281508
113050216 0.695589 0.281400 2.286347
113050217 0.694330 0.281400 2.291186
113050218 0.693070 0.281400 2.296024
113050219 0.691810 0.281400 2.300863
113050220 0.690550 0.281400 2.305702
113050221 0.689290 0.281400 2.310541
113050222 0.688030 0.281400 2.315379
113050223 0.686770 0.281400 2.320218
113050224 0.685511 0.281400 2.325057
113050225 0.684251 0.281400 2.329895
113050226 0.682991 0.281400 2.334734
113050227 0.681731 0.281400 2.339573
113050228 0.680471 0.281400 2.344411
113050229 0.679211 0.281400 2.349250
113050230 0.677951 0.281400 2.354089
113050231 0.676692 0.281400 2.358927
113050232 0.675432 0.281400 2.363766
113050233 0.674172 0.281400 2.368605
113050234 0.672912 0.281400 2.373443
113050235 0.671652 0.281400 2.378282
113050236 0.670392 0.281400 2.383121
113050237 0.669133 0.281400 2.387959
113050238 0.667873 0.281400 2.392798
113050239 0.666613 0.281400 2.397637
113050240 0.665353 0.281400 2.402475
113050241 0.664093 0.281400 2.407314
113050242 0.662833 0.281400 2.412153
113050243 0.661573 0.281400 2.416991
113050244 0.660314 0.281400 2.421830
113050245 0.659054 0.281400 2.426669
113050246 0.657794 0.281400 2.431507
113050247 0.656534 0.281400 2.436346
113050248 0.655274 0.281400 2.441185
113050249 0.654014 0.281400 2.446023
113050250 0.652755 0.281400 2.450862
113050251 0.651495 0.281400 2.455701
113050252 0.650235 0.281400 2.460539
113050253 0.648975 0.281400 2.465378
113050254 0.647715 0.281400 2.470217
113050255 0.646455 0.281400 2.475055
113050256 0.645195 0.281400 2.479894
113050257 0.643936 0.281400 2.484733
113050258 0.642676 0.281400 2.489572
113050259 0.641416 0.281400 2.494410
113050260 0.640156 0.281400 2.499249
113050261 0.638896 0.281400 2.504088
113050262 0.637636 0.281400 2.508926
113050263 0.636376 0.281400 2.513765
113050264 0.635117 0.281400 2.518604
113050265 0.633857 0.281400 2.523442
113050266 0.632597 0.281400 2.528281
113050267 0.631337 0.281400 2.533120
113050268 0.630077 0.281400 2.537958
113050269 0.628817 0.281400 2.542797
113050270 0.627558 0.281400 2.547636
113050271 0.626298 0.281400 2.552474
113050272 0.625038 0.281400 2.557313
113050273 0.623778 0.281400 2.562152
113050274 0.622518 0.281400 2.566990
113050275 0.621258 0.281400 2.571829
113050276 0.619998 0.281400 2.576668
113050277 0.618739 0.281400 2.581506
113050278 0.617479 0.281400 2.586345
113050279 0.616219 0.281400 2.591184
113050280 0.614959 0.281400 2.596022
113050281 0.613699 0.281400 2.600861
113050282 0.612439 0.281400 2.605700
113050283 0.611180 0.281400 2.610538
113050284 0.609920 0.281400 2.615377
113050285 0.608660 0.281400 2.620216
113050286 0.607400 0.281400 2.625054
113050287 0.606140 0.281400 2.629893
113050288 0.604880 0.281400 2.634732
113050289 0.603620 0.281400 2.639570
113050290 0.602361 0.281400 2.644409
113050291 0.601101 0.281400 2.649248
113050292 0.599841 0.281400 2.654086
113050293 0.598581 0.281400 2.658925
113050294 0.597321 0.281400 2.663764
113050295 0.596061 0.281400 2.668603
113050296 0.594801 0.281400 2.673441
113050297 0.593542 0.281400 2.678280
113050298 0.592282 0.281400 2.683119
113050299 0.591022 0.281400 2.687957
113050300 0.589762 0.281400 2.692796
113050301 0.714487 0.307800 2.213767
113050302 0.713227 0.307800 2.218606
113050303 0.711967 0.307800 2.223444
113050304 0.710708 0.307800 2.228283
113050305 0.709448 0.307800 2.233122
113050306 0.708188 0.307800 2.237960
113050307 0.706928 0.307800 2.242799
113050308 0.705668 0.307800 2.247638
113050309 0.704408 0.307800 2.252476
113050310 0.703148 0.307800 2.257315
113050311 0.701889 0.307800 2.262154
113050312 0.700629 0.307800 2.266992
113050313 0.699369 0.307800 2.271831
113050314 0.698109 0.307800 2.276670
113050315 0.696849 0.307800 2.281508
113050316 0.695589 0.307800 2.286347
113050317 0.694330 0.307800 2.291186
113050318 0.693070 0.307800 2.296024
113050319 0.691810 0.307800 2.300863
113050320 0.690550 0.307800 2.305702
113050321 0.689290 0.307800 2.310541
113050322 0.688030 0.307800 2.315379
113050323 0.686770 0.307800 2.320218
113050324 0.685511 0.307800 2.325057
113050325 0.684251 0.307800 2.329895
113050326 0.682991 0.307800 2.334734
113050327 0.681731 0.307800 2.339573
113050328 0.680471 0.307800 2.344411
113050329 0.679211 0.307800 2.349250
113050330 0.677951 0.307800 2.354089
113050331 0.676692 0.307800 2.358927
113050332 0.675432 0.307800 2.363766
113050333 0.674172 0.307800 2.368605
113050334 0.672912 0.307800 2.373443
113050335 0.671652 0.307800 2.378282
113050336 0.670392 0.307800 2.383121
113050337 0.669133 0.307800 2.387959
113050338 0.667873 0.307800 2.392798
113050339 0.666613 0.307800 2.397637
113050340 0.665353 0.307800 2.402475
113050341 0.664093 0.307800 2.407314
113050342 0.662833 0.307800 2.412153
113050343 0.661573 0.307800 2.416991
113050344 0.660314 0.307800 2.421830
113050345 0.659054 0.307800 2.426669
113050346 0.657794 0.307800 2.431507
113050347 0.656534 0.307800 2.436346
113050348 0.655274 0.307800 2.441185
113050349 0.654014 0.307800 2.446023
113050350 0.652755 0.307800 2.450862
113050351 0.651495 0.307800 2.455701
113050352 0.650235 0.307800 2.460539
113050353 0.648975 0.307800 2.465378
113050354 0.647715 0.307800 2.470217
113050355 0.646455 0.307800 2.475055
113050356 0.645195 0.307800 2.479894
113050357 0.643936 0.307800 2.484733
113050358 0.642676 0.307800 2.489572
113050359 0.641416 0.307800 2.494410
113050360 0.640156 0.307800 2.499249
113050361 0.638896 0.307800 2.504088
113050362 0.637636 0.307800 2.508926
113050363 0.636376 0.307800 2.513765
113050364 0.635117 0.307800 2.518604
113050365 0.633857 0.307800 2.523442
113050366 0.632597 0.307800 2.528281
113050367 0.631337 0.307800 2.533120
113050368 0.630077 0.307800 2.537958
113050369 0.628817 0.307800 2.542797
113050370 0.627558 0.307800 2.547636
113050371 0.626298 0.307800 2.552474
113050372 0.625038 0.307800 2.557313
113050373 0.623778 0.307800 2.562152
113050374 0.622518 0.307800 2.566990
113050375 0.621258 0.307800 2.571829
113050376 0.619998 0.307800 2.576668
113050377 0.618739 0.307800 2.581506
113050378 0.617479 0.307800 2.586345
113050379 0.616219 0.307800 2.591184
113050380 0.614959 0.307800 2.596022
113050381 0.613699 0.307800 2.600861
113050382 0.612439 0.307800 2.605700
113050383 0.611180 0.307800 2.610538
113050384 0.609920 0.307800 2.615377
113050385 0.608660 0.307800 2.620216
113050386 0.607400 0.307800 2.625054
113050387 0.606140 0.307800 2.629893
113050388 0.604880 0.307800 2.634732
113050389 0.603620 0.307800 2.639570
113050390 0.602361 0.307800 2.644409
113050391 0.601101 0.307800 2.649248
113050392 0.599841 0.307800 2.654086
113050393 0.598581 0.307800 2.658925
113050394 0.597321 0.307800 2.663764
113050395 0.596061 0.307800 2.668603
113050396 0.594801 0.307800 2.673441
113050397 0.593542 0.307800 2.678280
113050398 0.592282 0.307800 2.683119
113050399 0.591022 0.307800 2.687957
113050400 0.589762 0.307800 2.692796
113050401 0.714487 0.334200 2.213767
113050402 0.713227 0.334200 2.218606
113050403 0.711967 0.334200 2.223444
113050404 0.710708 0.334200 2.228283
113050405 0.709448 0.334200 2.233122
113050406 0.708188 0.334200 2.237960
113050407 0.706928 0.334200 2.242799
113050408 0.705668 0.334200 2.247638
113050409 0.704408 0.334200 2.252476
113050410 0.703148 0.334200 2.257315
113050411 0.701889 0.334200 2.262154
113050412 0.700629 0.334200 2.266992
113050413 0.699369 0.334200 2.271831
113050414 0.698109 0.334200 2.276670
113050415 0.696849 0.334200 2.281508
113050416 0.695589 0.334200 2.286347
113050417 0.694330 0.334200 2.291186
113050418 0.693070 0.334200 2.296024
113050419 0.691810 0.334200 2.300863
113050420 0.690550 0.334200 2.305702
113050421 0.689290 0.334200 2.310541
113050422 0.688030 0.334200 2.315379
113050423 0.686770 0.334200 2.320218
113050424 0.685511 0.334200 2.325057
113050425 0.684251 0.334200 2.329895
113050426 0.682991 0.334200 2.334734
113050427 0.681731 0.334200 2.339573
113050428 0.680471 0.334200 2.344411
113050429 0.679211 0.334200 2.349250
113050430 0.677951 0.334200 2.354089
113050431 0.676692 0.334200 2.358927
113050432 0.675432 0.334200 2.363766
113050433 0.674172 0.334200 2.368605
113050434 0.672912 0.334200 2.373443
113050435 0.671652 0.334200 2.378282
113050436 0.670392 0.334200 2.383121
113050437 0.669133 0.334200 2.387959
113050438 0.667873 0.334200 2.392798
113050439 0.666613 0.334200 2.397637
113050440 0.665353 0.334200 2.402475
113050441 0.664093 0.334200 2.407314
113050442 0.662833 0.334200 2.412153
113050443 0.661573 0.334200 2.416991
113050444 0.660314 0.334200 2.421830
113050445 0.659054 0.334200 2.426669
113050446 0.657794 0.334200 2.431507
113050447 0.656534 0.334200 2.436346
113050448 0.655274 0.334200 2.441185
113050449 0.654014 0.334200 2.446023
113050450 0.652755 0.334200 2.450862
113050451 0.651495 0.334200 2.455701
113050452 0.650235 0.334200 2.460539
113050453 0.648975 0.334200 2.465378
113050454 0.647715 0.334200 2.470217
113050455 0.646455 0.334200 2.475055
113050456 0.645195 0.334200 2.479894
113050457 0.643936 0.334200 2.484733
113050458 0.642676 0.334200 2.489572
113050459 0.641416 0.334200 2.494410
113050460 0.640156 0.334200 2.499249
113050461 0.638896 0.334200 2.504088
113050462 0.637636 0.334200 2.508926
113050463 0.636376 0.334200 2.513765
113050464 0.635117 0.334200 2.518604
113050465 0.633857 0.334200 2.523442
113050466 0.632597 0.334200 2.528281
113050467 0.631337 0.334200 2.533120
113050468 0.630077 0.334200 2.537958
113050469 0.628817 0.334200 2.542797
113050470 0.627558 0.334200 2.547636
113050471 0.626298 0.334200 2.552474
113050472 0.625038 0.334200 2.557313
113050473 0.623778 0.334200 2.562152
113050474 0.622518 0.334200 2.566990
113050475 0.621258 0.334200 2.571829
113050476 0.619998 0.334200 2.576668
113050477 0.618739 0.334200 2.581506
113050478 0.617479 0.334200 2.586345
113050479 0.616219 0.334200 2.591184
113050480 0.614959 0.334200 2.596022
113050481 0.613699 0.334200 2.600861
113050482 0.612439 0.334200 2.605700
113050483 0.611180 0.334200 2.610538
113050484 0.609920 0.334200 2.615377
113050485 0.608660 0.334200 2.620216
113050486 0.607400 0.334200 2.625054
113050487 0.606140 0.334200 2.629893
113050488 0.604880 0.334200 2.634732
113050489 0.603620 0.334200 2.639570
113050490 0.602361 0.334200 2.644409
113050491 0.601101 0.334200 2.649248
113050492 0.599841 0.334200 2.654086
113050493 0.598581 0.334200 2.658925
113050494 0.597321 0.334200 2.663764
113050495 0.596061 0.334200 2.668603
113050496 0.594801 0.334200 2.673441
113050497 0.593542 0.334200 2.678280
113050498 0.592282 0.334200 2.683119
113050499 0.591022 0.334200 2.687957
113050500 0.589762 0.334200 2.692796
113050501 0.714487 0.360600 2.213767
113050502 0.713227 0.360600 2.218606
113050503 0.711967 0.360600 2.223444
113050504 0.710708 0.360600 2.228283
113050505 0.709448 0.360600 2.233122
113050506 0.708188 0.360600 2.237960
113050507 0.706928 0.360600 2.242799
113050508 0.705668 0.360600 2.247638
113050509 0.704408 0.360600 2.252476
113050510 0.703148 0.360600 2.257315
113050511 0.701889 0.360600 2.262154
113050512 0.700629 0.360600 2.266992
113050513 0.699369 0.360600 2.271831
113050514 0.698109 0.360600 2.276670
113050515 0.696849 0.360600 2.281508
113050516 0.695589 0.360600 2.286347
113050517 0.694330 0.360600 2.291186
113050518 0.693070 0.360600 2.296024
113050519 0.691810 0.360600 2.300863
113050520 0.690550 0.360600 2.305702
113050521 0.689290 0.360600 2.310541
113050522 0.688030 0.360600 2.315379
113050523 0.686770 0.360600 2.320218
113050524 0.685511 0.360600 2.325057
113050525 0.684251 0.360600 2.329895
113050526 0.682991 0.360600 2.334734
113050527 0.681731 0.360600 2.339573
113050528 0.680471 0.360600 2.344411
113050529 0.679211 0.360600 2.349250
113050530 0.677951 0.360600 2.354089
113050531 0.676692 0.360600 2.358927
113050532 0.675432 0.360600 2.363766
113050533 0.674172 0.360600 2.368605
113050534 0.672912 0.360600 2.373443
113050535 0.671652 0.360600 2.378282
113050536 0.670392 0.360600 2.383121
113050537 0.669133 0.360600 2.387959
113050538 0.667873 0.360600 2.392798
113050539 0.666613 0.360600 2.397637
113050540 0.665353 0.360600 2.402475
113050541 0.664093 0.360600 2.407314
113050542 0.662833 0.360600 2.412153
113050543 0.661573 0.360600 2.416991
113050544 0.660314 0.360600 2.421830
113050545 0.659054 0.360600 2.426669
113050546 0.657794 0.360600 2.431507
113050547 0.656534 0.360600 2.436346
113050548 0.655274 0.360600 2.441185
113050549 0.654014 0.360600 2.446023
113050550 0.652755 0.360600 2.450862
113050551 0.651495 0.360600 2.455701
113050552 0.650235 0.360600 2.460539
113050553 0.648975 0.360600 2.465378
113050554 0.647715 0.360600 2.470217
113050555 0.646455 0.360600 2.475055
113050556 0.645195 0.360600 2.479894
113050557 0.643936 0.360600 2.484733
113050558 0.642676 0.360600 2.489572
113050559 0.641416 0.360600 2.494410
113050560 0.640156 0.360600 2.499249
113050561 0.638896 0.360600 2.504088
113050562 0.637636 0.360600 2.508926
113050563 0.636376 0.360600 2.513765
113050564 0.635117 0.360600 2.518604
113050565 0.633857 0.360600 2.523442
113050566 0.632597 0.360600 2.528281
113050567 0.631337 0.360600 2.533120
113050568 0.630077 0.360600 2.537958
113050569 0.628817 0.360600 2.542797
113050570 0.627558 0.360600 2.547636
113050571 0.626298 0.360600 2.552474
113050572 0.625038 0.360600 2.557313
113050573 0.623778 0.360600 2.562152
113050574 0.622518 0.360600 2.566990
113050575 0.621258 0.360600 2.571829
113050576 0.619998 0.360600 2.576668
113050577 0.618739 0.360600 2.581506
113050578 0.617479 0.360600 2.586345
113050579 0.616219 0.360600 2.591184
113050580 0.614959 0.360600 2.596022
113050581 0.613699 0.360600 2.600861
113050582 0.612439 0.360600 2.605700
113050583 0.611180 0.360600 2.610538
113050584 0.609920 0.360600 2.615377
113050585 0.608660 0.360600 2.620216
113050586 0.607400 0.360600 2.625054
113050587 0.606140 0.360600 2.629893
113050588 0.604880 0.360600 2.634732
113050589 0.603620 0.360600 2.639570
113050590 0.602361 0.360600 2.644409
113050591 0.601101 0.360600 2.649248
113050592 0.599841 0.360600 2.654086
113050593 0.598581 0.360600 2.658925
113050594 0.597321 0.360600 2.663764
113050595 0.596061 0.360600 2.668603
113050596 0.594801 0.360600 2.673441
113050597 0.593542 0.360600 2.678280
113050598 0.592282 0.360600 2.683119
113050599 0.591022 0.360600 2.687957
113050600 0.589762 0.360600 2.692796
113050601 0.714487 0.387000 2.213767
113050602 0.713227 0.387000 2.218606
113050603 0.711967 0.387000 2.223444
113050604 0.710708 0.387000 2.228283
113050605 0.709448 0.387000 2.233122
113050606 0.708188 0.387000 2.237960
113050607 0.706928 0.387000 2.242799
113050608 0.705668 0.387000 2.247638
113050609 0.704408 0.387000 2.252476
113050610 0.703148 0.387000 2.257315
113050611 0.701889 0.387000 2.262154
113050612 0.700629 0.387000 2.266992
113050613 0.699369 0.387000 2.271831
113050614 0.698109 0.387000 2.276670
113050615 0.696849 0.387000 2.281508
113050616 0.695589 0.387000 2.286347
113050617 0.694330 0.387000 2.291186
113050618 0.693070 0.387000 2.296024
113050619 0.691810 0.387000 2.300863
113050620 0.690550 0.387000 2.305702
113050621 0.689290 0.387000 2.310541
113050622 0.688030 0.387000 2.315379
113050623 0.686770 0.387000 2.320218
113050624 0.685511 0.387000 2.325057
113050625 0.684251 0.387000 2.329895
113050626 0.682991 0.387000 2.334734
113050627 0.681731 0.387000 2.339573
113050628 0.680471 0.387000 2.344411
113050629 0.679211 0.387000 2.349250
113050630 0.677951 0.387000 2.354089
113050631 0.676692 0.387000 2.358927
113050632 0.675432 0.387000 2.363766
113050633 0.674172 0.387000 2.368605
113050634 0.672912 0.387000 2.373443
113050635 0.671652 0.387000 2.378282
113050636 0.670392 0.387000 2.383121
113050637 0.669133 0.387000 2.387959
113050638 0.667873 0.387000 2.392798
113050639 0.666613 0.387000 2.397637
113050640 0.665353 0.387000 2.402475
113050641 0.664093 0.387000 2.407314
113050642 0.662833 0.387000 2.412153
113050643 0.661573 0.387000 2.416991
113050644 0.660314 0.387000 2.421830
113050645 0.659054 0.387000 2.426669
113050646 0.657794 0.387000 2.431507
113050647 0.656534 0.387000 2.436346
113050648 0.655274 0.387000 2.441185
113050649 0.654014 0.387000 2.446023
113050650 0.652755 0.387000 2.450862
113050651 0.651495 0.387000 2.455701
113050652 0.650235 0.387000 2.460539
113050653 0.648975 0.387000 2.465378
113050654 0.647715 0.387000 2.470217
113050655 0.646455 0.387000 2.475055
113050656 0.645195 0.387000 2.479894
113050657 0.643936 0.387000 2.484733
113050658 0.642676 0.387000 2.489572
113050659 0.641416 0.387000 2.494410
113050660 0.640156 0.387000 2.499249
113050661 0.638896 0.387000 2.504088
113050662 0.637636 0.387000 2.508926
113050663 0.636376 0.387000 2.513765
113050664 0.635117 0.387000 2.518604
113050665 0.633857 0.387000 2.523442
113050666 0.632597 0.387000 2.528281
113050667 0.631337 0.387000 2.533120
113050668 0.630077 0.387000 2.537958
113050669 0.628817 0.387000 2.542797
113050670 0.627558 0.387000 2.547636
113050671 0.626298 0.387000 2.552474
113050672 0.625038 0.387000 2.557313
113050673 0.623778 0.387000 2.562152
113050674 0.622518 0.387000 2.566990
113050675 0.621258 0.387000 2.571829
113050676 0.619998 0.387000 2.576668
113050677 0.618739 0.387000 2.581506
113050678 0.617479 0.387000 2.586345
113050679 0.616219 0.387000 2.591184
113050680 0.614959 0.387000 2.596022
113050681 0.613699 0.387000 2.600861
113050682 0.612439 0.387000 2.605700
113050683 0.611180 0.387000 2.610538
113050684 0.609920 0.387000 2.615377
113050685 0.608660 0.387000 2.620216
113050686 0.607400 0.387000 2.625054
113050687 0.606140 0.387000 2.629893
113050688 0.604880 0.387000 2.634732
113050689 0.603620 0.387000 2.639570
113050690 0.602361 0.387000 2.644409
113050691 0.601101 0.387000 2.649248
113050692 0.599841 0.387000 2.654086
113050693 0.598581 0.387000 2.658925
113050694 0.597321 0.387000 2.663764
113050695 0.596061 0.387000 2.668603
113050696 0.594801 0.387000 2.673441
113050697 0.593542 0.387000 2.678280
113050698 0.592282 0.387000 2.683119
113050699 0.591022 0.387000 2.687957
113050700 0.589762 0.387000 2.692796
113050701 0.714487 0.413400 2.213767
113050702 0.713227 0.413400 2.218606
113050703 0.711967 0.413400 2.223444
113050704 0.710708 0.413400 2.228283
113050705 0.709448 0.413400 2.233122
113050706 0.708188 0.413400 2.237960
113050707 0.706928 0.413400 2.242799
113050708 0.705668 0.413400 2.247638
113050709 0.704408 0.413400 2.252476
113050710 0.703148 0.413400 2.257315
113050711 0.701889 0.413400 2.262154
113050712 0.700629 0.413400 2.266992
113050713 0.699369 0.413400 2.271831
113050714 0.698109 0.413400 2.276670
113050715 0.696849 0.413400 2.281508
113050716 0.695589 0.413400 2.286347
113050717 0.694330 0.413400 2.291186
113050718 0.693070 0.413400 2.296024
113050719 0.691810 0.413400 2.300863
113050720 0.690550 0.413400 2.305702
113050721 0.689290 0.413400 2.310541
113050722 0.688030 0.413400 2.315379
113050723 0.686770 0.413400 2.320218
113050724 0.685511 0.413400 2.325057
113050725 0.684251 0.413400 2.329895
113050726 0.682991 0.413400 2.334734
113050727 0.681731 0.413400 2.339573
113050728 0.680471 0.413400 2.344411
113050729 0.679211 0.413400 2.349250
113050730 0.677951 0.413400 2.354089
113050731 0.676692 0.413400 2.358927
113050732 0.675432 0.413400 2.363766
113050733 0.674172 0.413400 2.368605
113050734 0.672912 0.413400 2.373443
113050735 0.671652 0.413400 2.378282
113050736 0.670392 0.413400 2.383121
113050737 0.669133 0.413400 2.387959
113050738 0.667873 0.413400 2.392798
113050739 0.666613 0.413400 2.397637
113050740 0.665353 0.413400 2.402475
113050741 0.664093 0.413400 2.407314
113050742 0.662833 0.413400 2.412153
113050743 0.661573 0.413400 2.416991
113050744 0.660314 0.413400 2.421830
113050745 0.659054 0.413400 2.426669
113050746 0.657794 0.413400 2.431507
113050747 0.656534 0.413400 2.436346
113050748 0.655274 0.413400 2.441185
113050749 0.654014 0.413400 2.446023
113050750 0.652755 0.413400 2.450862
113050751 0.651495 0.413400 2.455701
113050752 0.650235 0.413400 2.460539
113050753 0.648975 0.413400 2.465378
113050754 0.647715 0.413400 2.470217
113050755 0.646455 0.413400 2.475055
113050756 0.645195 0.413400 2.479894
113050757 0.643936 0.413400 2.484733
113050758 0.642676 0.413400 2.489572
113050759 0.641416 0.413400 2.494410
113050760 0.640156 0.413400 2.499249
113050761 0.638896 0.413400 2.504088
113050762 0.637636 0.413400 2.508926
113050763 0.636376 0.413400 2.513765
113050764 0.635117 0.413400 2.518604
113050765 0.633857 0.413400 2.523442
113050766 0.632597 0.413400 2.528281
113050767 0.631337 0.413400 2.533120
113050768 0.630077 0.413400 2.537958
113050769 0.628817 0.413400 2.542797
113050770 0.627558 0.413400 2.547636
113050771 0.626298 0.413400 2.552474
113050772 0.625038 0.413400 2.557313
113050773 0.623778 0.413400 2.562152
113050774 0.622518 0.413400 2.566990
113050775 0.621258 0.413400 2.571829
113050776 0.619998 0.413400 2.576668
113050777 0.618739 0.413400 2.581506
113050778 0.617479 0.413400 2.586345
113050779 0.616219 0.413400 2.591184
113050780 0.614959 0.413400 2.596022
113050781 0.613699 0.413400 2.600861
113050782 0.612439 0.413400 2.605700
113050783 0.611180 0.413400 2.610538
113050784 0.609920 0.413400 2.615377
113050785 0.608660 0.413400 2.620216
113050786 0.607400 0.413400 2.625054
113050787 0.606140 0.413400 2.629893
113050788 0.604880 0.413400 2.634732
113050789 0.603620 0.413400 2.639570
113050790 0.602361 0.413400 2.644409
113050791 0.601101 0.413400 2.649248
113050792 0.599841 0.413400 2.654086
113050793 0.598581 0.413400 2.658925
113050794 0.597321 0.413400 2.663764
113050795 0.596061 0.413400 2.668603
113050796 0.594801 0.413400 2.673441
113050797 0.593542 0.413400 2.678280
113050798 0.592282 0.413400 2.683119
113050799 0.591022 0.413400 2.687957
113050800 0.589762 0.413400 2.692796
