108040001 0.213989 0.228600 -1.226291
108040002 0.218989 0.228600 -1.226291
108040003 0.223989 0.228600 -1.226291
108040004 0.228989 0.228600 -1.226291
108040005 0.233989 0.228600 -1.226291
108040006 0.238989 0.228600 -1.226291
108040007 0.243989 0.228600 -1.226291
108040008 0.248989 0.228600 -1.226291
108040009 0.253989 0.228600 -1.226291
108040010 0.258989 0.228600 -1.226291
108040011 0.263989 0.228600 -1.226291
108040012 0.268989 0.228600 -1.226291
108040013 0.273989 0.228600 -1.226291
108040014 0.278989 0.228600 -1.226291
108040015 0.283989 0.228600 -1.226291
108040016 0.288989 0.228600 -1.226291
108040017 0.293989 0.228600 -1.226291
108040018 0.298989 0.228600 -1.226291
108040019 0.303989 0.228600 -1.226291
108040020 0.308989 0.228600 -1.226291
108040021 0.313989 0.228600 -1.226291
108040022 0.318989 0.228600 -1.226291
108040023 0.323989 0.228600 -1.226291
108040024 0.328989 0.228600 -1.226291
108040025 0.333989 0.228600 -1.226291
108040026 0.338989 0.228600 -1.226291
108040027 0.343989 0.228600 -1.226291
108040028 0.348989 0.228600 -1.226291
108040029 0.353989 0.228600 -1.226291
108040030 0.358989 0.228600 -1.226291
108040031 0.363989 0.228600 -1.226291
108040032 0.368989 0.228600 -1.226291
108040033 0.373989 0.228600 -1.226291
108040034 0.378989 0.228600 -1.226291
108040035 0.383989 0.228600 -1.226291
108040036 0.388989 0.228600 -1.226291
108040037 0.393989 0.228600 -1.226291
108040038 0.398989 0.228600 -1.226291
108040039 0.403989 0.228600 -1.226291
108040040 0.408989 0.228600 -1.226291
108040041 0.413989 0.228600 -1.226291
108040042 0.418989 0.228600 -1.226291
108040043 0.423989 0.228600 -1.226291
108040044 0.428989 0.228600 -1.226291
108040045 0.433989 0.228600 -1.226291
108040046 0.438989 0.228600 -1.226291
108040047 0.443989 0.228600 -1.226291
108040048 0.448989 0.228600 -1.226291
108040049 0.453989 0.228600 -1.226291
108040050 0.458989 0.228600 -1.226291
108040051 0.463989 0.228600 -1.226291
108040052 0.468989 0.228600 -1.226291
108040053 0.473989 0.228600 -1.226291
108040054 0.478989 0.228600 -1.226291
108040055 0.483989 0.228600 -1.226291
108040056 0.488989 0.228600 -1.226291
108040057 0.493989 0.228600 -1.226291
108040058 0.498989 0.228600 -1.226291
108040059 0.503989 0.228600 -1.226291
108040060 0.508989 0.228600 -1.226291
108040061 0.213989 0.255000 -1.226291
108040062 0.218989 0.255000 -1.226291
108040063 0.223989 0.255000 -1.226291
108040064 0.228989 0.255000 -1.226291
108040065 0.233989 0.255000 -1.226291
108040066 0.238989 0.255000 -1.226291
108040067 0.243989 0.255000 -1.226291
108040068 0.248989 0.255000 -1.226291
108040069 0.253989 0.255000 -1.226291
108040070 0.258989 0.255000 -1.226291
108040071 0.263989 0.255000 -1.226291
108040072 0.268989 0.255000 -1.226291
108040073 0.273989 0.255000 -1.226291
108040074 0.278989 0.255000 -1.226291
108040075 0.283989 0.255000 -1.226291
108040076 0.288989 0.255000 -1.226291
108040077 0.293989 0.255000 -1.226291
108040078 0.298989 0.255000 -1.226291
108040079 0.303989 0.255000 -1.226291
108040080 0.308989 0.255000 -1.226291
108040081 0.313989 0.255000 -1.226291
108040082 0.318989 0.255000 -1.226291
108040083 0.323989 0.255000 -1.226291
108040084 0.328989 0.255000 -1.226291
108040085 0.333989 0.255000 -1.226291
108040086 0.338989 0.255000 -1.226291
108040087 0.343989 0.255000 -1.226291
108040088 0.348989 0.255000 -1.226291
108040089 0.353989 0.255000 -1.226291
108040090 0.358989 0.255000 -1.226291
108040091 0.363989 0.255000 -1.226291
108040092 0.368989 0.255000 -1.226291
108040093 0.373989 0.255000 -1.226291
108040094 0.378989 0.255000 -1.226291
108040095 0.383989 0.255000 -1.226291
108040096 0.388989 0.255000 -1.226291
108040097 0.393989 0.255000 -1.226291
108040098 0.398989 0.255000 -1.226291
108040099 0.403989 0.255000 -1.226291
108040100 0.408989 0.255000 -1.226291
108040101 0.413989 0.255000 -1.226291
108040102 0.418989 0.255000 -1.226291
108040103 0.423989 0.255000 -1.226291
108040104 0.428989 0.255000 -1.226291
108040105 0.433989 0.255000 -1.226291
108040106 0.438989 0.255000 -1.226291
108040107 0.443989 0.255000 -1.226291
108040108 0.448989 0.255000 -1.226291
108040109 0.453989 0.255000 -1.226291
108040110 0.458989 0.255000 -1.226291
108040111 0.463989 0.255000 -1.226291
108040112 0.468989 0.255000 -1.226291
108040113 0.473989 0.255000 -1.226291
108040114 0.478989 0.255000 -1.226291
108040115 0.483989 0.255000 -1.226291
108040116 0.488989 0.255000 -1.226291
108040117 0.493989 0.255000 -1.226291
108040118 0.498989 0.255000 -1.226291
108040119 0.503989 0.255000 -1.226291
108040120 0.508989 0.255000 -1.226291
108040121 0.213989 0.281400 -1.226291
108040122 0.218989 0.281400 -1.226291
108040123 0.223989 0.281400 -1.226291
108040124 0.228989 0.281400 -1.226291
108040125 0.233989 0.281400 -1.226291
108040126 0.238989 0.281400 -1.226291
108040127 0.243989 0.281400 -1.226291
108040128 0.248989 0.281400 -1.226291
108040129 0.253989 0.281400 -1.226291
108040130 0.258989 0.281400 -1.226291
108040131 0.263989 0.281400 -1.226291
108040132 0.268989 0.281400 -1.226291
108040133 0.273989 0.281400 -1.226291
108040134 0.278989 0.281400 -1.226291
108040135 0.283989 0.281400 -1.226291
108040136 0.288989 0.281400 -1.226291
108040137 0.293989 0.281400 -1.226291
108040138 0.298989 0.281400 -1.226291
108040139 0.303989 0.281400 -1.226291
108040140 0.308989 0.281400 -1.226291
108040141 0.313989 0.281400 -1.226291
108040142 0.318989 0.281400 -1.226291
108040143 0.323989 0.281400 -1.226291
108040144 0.328989 0.281400 -1.226291
108040145 0.333989 0.281400 -1.226291
108040146 0.338989 0.281400 -1.226291
108040147 0.343989 0.281400 -1.226291
108040148 0.348989 0.281400 -1.226291
108040149 0.353989 0.281400 -1.226291
108040150 0.358989 0.281400 -1.226291
108040151 0.363989 0.281400 -1.226291
108040152 0.368989 0.281400 -1.226291
108040153 0.373989 0.281400 -1.226291
108040154 0.378989 0.281400 -1.226291
108040155 0.383989 0.281400 -1.226291
108040156 0.388989 0.281400 -1.226291
108040157 0.393989 0.281400 -1.226291
108040158 0.398989 0.281400 -1.226291
108040159 0.403989 0.281400 -1.226291
108040160 0.408989 0.281400 -1.226291
108040161 0.413989 0.281400 -1.226291
108040162 0.418989 0.281400 -1.226291
108040163 0.423989 0.281400 -1.226291
108040164 0.428989 0.281400 -1.226291
108040165 0.433989 0.281400 -1.226291
108040166 0.438989 0.281400 -1.226291
108040167 0.443989 0.281400 -1.226291
108040168 0.448989 0.281400 -1.226291
108040169 0.453989 0.281400 -1.226291
108040170 0.458989 0.281400 -1.226291
108040171 0.463989 0.281400 -1.226291
108040172 0.468989 0.281400 -1.226291
108040173 0.473989 0.281400 -1.226291
108040174 0.478989 0.281400 -1.226291
108040175 0.483989 0.281400 -1.226291
108040176 0.488989 0.281400 -1.226291
108040177 0.493989 0.281400 -1.226291
108040178 0.498989 0.281400 -1.226291
108040179 0.503989 0.281400 -1.226291
108040180 0.508989 0.281400 -1.226291
108040181 0.213989 0.307800 -1.226291
108040182 0.218989 0.307800 -1.226291
108040183 0.223989 0.307800 -1.226291
108040184 0.228989 0.307800 -1.226291
108040185 0.233989 0.307800 -1.226291
108040186 0.238989 0.307800 -1.226291
108040187 0.243989 0.307800 -1.226291
108040188 0.248989 0.307800 -1.226291
108040189 0.253989 0.307800 -1.226291
108040190 0.258989 0.307800 -1.226291
108040191 0.263989 0.307800 -1.226291
108040192 0.268989 0.307800 -1.226291
108040193 0.273989 0.307800 -1.226291
108040194 0.278989 0.307800 -1.226291
108040195 0.283989 0.307800 -1.226291
108040196 0.288989 0.307800 -1.226291
108040197 0.293989 0.307800 -1.226291
108040198 0.298989 0.307800 -1.226291
108040199 0.303989 0.307800 -1.226291
108040200 0.308989 0.307800 -1.226291
108040201 0.313989 0.307800 -1.226291
108040202 0.318989 0.307800 -1.226291
108040203 0.323989 0.307800 -1.226291
108040204 0.328989 0.307800 -1.226291
108040205 0.333989 0.307800 -1.226291
108040206 0.338989 0.307800 -1.226291
108040207 0.343989 0.307800 -1.226291
108040208 0.348989 0.307800 -1.226291
108040209 0.353989 0.307800 -1.226291
108040210 0.358989 0.307800 -1.226291
108040211 0.363989 0.307800 -1.226291
108040212 0.368989 0.307800 -1.226291
108040213 0.373989 0.307800 -1.226291
108040214 0.378989 0.307800 -1.226291
108040215 0.383989 0.307800 -1.226291
108040216 0.388989 0.307800 -1.226291
108040217 0.393989 0.307800 -1.226291
108040218 0.398989 0.307800 -1.226291
108040219 0.403989 0.307800 -1.226291
108040220 0.408989 0.307800 -1.226291
108040221 0.413989 0.307800 -1.226291
108040222 0.418989 0.307800 -1.226291
108040223 0.423989 0.307800 -1.226291
108040224 0.428989 0.307800 -1.226291
108040225 0.433989 0.307800 -1.226291
108040226 0.438989 0.307800 -1.226291
108040227 0.443989 0.307800 -1.226291
108040228 0.448989 0.307800 -1.226291
108040229 0.453989 0.307800 -1.226291
108040230 0.458989 0.307800 -1.226291
108040231 0.463989 0.307800 -1.226291
108040232 0.468989 0.307800 -1.226291
108040233 0.473989 0.307800 -1.226291
108040234 0.478989 0.307800 -1.226291
108040235 0.483989 0.307800 -1.226291
108040236 0.488989 0.307800 -1.226291
108040237 0.493989 0.307800 -1.226291
108040238 0.498989 0.307800 -1.226291
108040239 0.503989 0.307800 -1.226291
108040240 0.508989 0.307800 -1.226291
108040241 0.213989 0.334200 -1.226291
108040242 0.218989 0.334200 -1.226291
108040243 0.223989 0.334200 -1.226291
108040244 0.228989 0.334200 -1.226291
108040245 0.233989 0.334200 -1.226291
108040246 0.238989 0.334200 -1.226291
108040247 0.243989 0.334200 -1.226291
108040248 0.248989 0.334200 -1.226291
108040249 0.253989 0.334200 -1.226291
108040250 0.258989 0.334200 -1.226291
108040251 0.263989 0.334200 -1.226291
108040252 0.268989 0.334200 -1.226291
108040253 0.273989 0.334200 -1.226291
108040254 0.278989 0.334200 -1.226291
108040255 0.283989 0.334200 -1.226291
108040256 0.288989 0.334200 -1.226291
108040257 0.293989 0.334200 -1.226291
108040258 0.298989 0.334200 -1.226291
108040259 0.303989 0.334200 -1.226291
108040260 0.308989 0.334200 -1.226291
108040261 0.313989 0.334200 -1.226291
108040262 0.318989 0.334200 -1.226291
108040263 0.323989 0.334200 -1.226291
108040264 0.328989 0.334200 -1.226291
108040265 0.333989 0.334200 -1.226291
108040266 0.338989 0.334200 -1.226291
108040267 0.343989 0.334200 -1.226291
108040268 0.348989 0.334200 -1.226291
108040269 0.353989 0.334200 -1.226291
108040270 0.358989 0.334200 -1.226291
108040271 0.363989 0.334200 -1.226291
108040272 0.368989 0.334200 -1.226291
108040273 0.373989 0.334200 -1.226291
108040274 0.378989 0.334200 -1.226291
108040275 0.383989 0.334200 -1.226291
108040276 0.388989 0.334200 -1.226291
108040277 0.393989 0.334200 -1.226291
108040278 0.398989 0.334200 -1.226291
108040279 0.403989 0.334200 -1.226291
108040280 0.408989 0.334200 -1.226291
108040281 0.413989 0.334200 -1.226291
108040282 0.418989 0.334200 -1.226291
108040283 0.423989 0.334200 -1.226291
108040284 0.428989 0.334200 -1.226291
108040285 0.433989 0.334200 -1.226291
108040286 0.438989 0.334200 -1.226291
108040287 0.443989 0.334200 -1.226291
108040288 0.448989 0.334200 -1.226291
108040289 0.453989 0.334200 -1.226291
108040290 0.458989 0.334200 -1.226291
108040291 0.463989 0.334200 -1.226291
108040292 0.468989 0.334200 -1.226291
108040293 0.473989 0.334200 -1.226291
108040294 0.478989 0.334200 -1.226291
108040295 0.483989 0.334200 -1.226291
108040296 0.488989 0.334200 -1.226291
108040297 0.493989 0.334200 -1.226291
108040298 0.498989 0.334200 -1.226291
108040299 0.503989 0.334200 -1.226291
108040300 0.508989 0.334200 -1.226291
108040301 0.213989 0.360600 -1.226291
108040302 0.218989 0.360600 -1.226291
108040303 0.223989 0.360600 -1.226291
108040304 0.228989 0.360600 -1.226291
108040305 0.233989 0.360600 -1.226291
108040306 0.238989 0.360600 -1.226291
108040307 0.243989 0.360600 -1.226291
108040308 0.248989 0.360600 -1.226291
108040309 0.253989 0.360600 -1.226291
108040310 0.258989 0.360600 -1.226291
108040311 0.263989 0.360600 -1.226291
108040312 0.268989 0.360600 -1.226291
108040313 0.273989 0.360600 -1.226291
108040314 0.278989 0.360600 -1.226291
108040315 0.283989 0.360600 -1.226291
108040316 0.288989 0.360600 -1.226291
108040317 0.293989 0.360600 -1.226291
108040318 0.298989 0.360600 -1.226291
108040319 0.303989 0.360600 -1.226291
108040320 0.308989 0.360600 -1.226291
108040321 0.313989 0.360600 -1.226291
108040322 0.318989 0.360600 -1.226291
108040323 0.323989 0.360600 -1.226291
108040324 0.328989 0.360600 -1.226291
108040325 0.333989 0.360600 -1.226291
108040326 0.338989 0.360600 -1.226291
108040327 0.343989 0.360600 -1.226291
108040328 0.348989 0.360600 -1.226291
108040329 0.353989 0.360600 -1.226291
108040330 0.358989 0.360600 -1.226291
108040331 0.363989 0.360600 -1.226291
108040332 0.368989 0.360600 -1.226291
108040333 0.373989 0.360600 -1.226291
108040334 0.378989 0.360600 -1.226291
108040335 0.383989 0.360600 -1.226291
108040336 0.388989 0.360600 -1.226291
108040337 0.393989 0.360600 -1.226291
108040338 0.398989 0.360600 -1.226291
108040339 0.403989 0.360600 -1.226291
108040340 0.408989 0.360600 -1.226291
108040341 0.413989 0.360600 -1.226291
108040342 0.418989 0.360600 -1.226291
108040343 0.423989 0.360600 -1.226291
108040344 0.428989 0.360600 -1.226291
108040345 0.433989 0.360600 -1.226291
108040346 0.438989 0.360600 -1.226291
108040347 0.443989 0.360600 -1.226291
108040348 0.448989 0.360600 -1.226291
108040349 0.453989 0.360600 -1.226291
108040350 0.458989 0.360600 -1.226291
108040351 0.463989 0.360600 -1.226291
108040352 0.468989 0.360600 -1.226291
108040353 0.473989 0.360600 -1.226291
108040354 0.478989 0.360600 -1.226291
108040355 0.483989 0.360600 -1.226291
108040356 0.488989 0.360600 -1.226291
108040357 0.493989 0.360600 -1.226291
108040358 0.498989 0.360600 -1.226291
108040359 0.503989 0.360600 -1.226291
108040360 0.508989 0.360600 -1.226291
108040361 0.213989 0.387000 -1.226291
108040362 0.218989 0.387000 -1.226291
108040363 0.223989 0.387000 -1.226291
108040364 0.228989 0.387000 -1.226291
108040365 0.233989 0.387000 -1.226291
108040366 0.238989 0.387000 -1.226291
108040367 0.243989 0.387000 -1.226291
108040368 0.248989 0.387000 -1.226291
108040369 0.253989 0.387000 -1.226291
108040370 0.258989 0.387000 -1.226291
108040371 0.263989 0.387000 -1.226291
108040372 0.268989 0.387000 -1.226291
108040373 0.273989 0.387000 -1.226291
108040374 0.278989 0.387000 -1.226291
108040375 0.283989 0.387000 -1.226291
108040376 0.288989 0.387000 -1.226291
108040377 0.293989 0.387000 -1.226291
108040378 0.298989 0.387000 -1.226291
108040379 0.303989 0.387000 -1.226291
108040380 0.308989 0.387000 -1.226291
108040381 0.313989 0.387000 -1.226291
108040382 0.318989 0.387000 -1.226291
108040383 0.323989 0.387000 -1.226291
108040384 0.328989 0.387000 -1.226291
108040385 0.333989 0.387000 -1.226291
108040386 0.338989 0.387000 -1.226291
108040387 0.343989 0.387000 -1.226291
108040388 0.348989 0.387000 -1.226291
108040389 0.353989 0.387000 -1.226291
108040390 0.358989 0.387000 -1.226291
108040391 0.363989 0.387000 -1.226291
108040392 0.368989 0.387000 -1.226291
108040393 0.373989 0.387000 -1.226291
108040394 0.378989 0.387000 -1.226291
108040395 0.383989 0.387000 -1.226291
108040396 0.388989 0.387000 -1.226291
108040397 0.393989 0.387000 -1.226291
108040398 0.398989 0.387000 -1.226291
108040399 0.403989 0.387000 -1.226291
108040400 0.408989 0.387000 -1.226291
108040401 0.413989 0.387000 -1.226291
108040402 0.418989 0.387000 -1.226291
108040403 0.423989 0.387000 -1.226291
108040404 0.428989 0.387000 -1.226291
108040405 0.433989 0.387000 -1.226291
108040406 0.438989 0.387000 -1.226291
108040407 0.443989 0.387000 -1.226291
108040408 0.448989 0.387000 -1.226291
108040409 0.453989 0.387000 -1.226291
108040410 0.458989 0.387000 -1.226291
108040411 0.463989 0.387000 -1.226291
108040412 0.468989 0.387000 -1.226291
108040413 0.473989 0.387000 -1.226291
108040414 0.478989 0.387000 -1.226291
108040415 0.483989 0.387000 -1.226291
108040416 0.488989 0.387000 -1.226291
108040417 0.493989 0.387000 -1.226291
108040418 0.498989 0.387000 -1.226291
108040419 0.503989 0.387000 -1.226291
108040420 0.508989 0.387000 -1.226291
108040421 0.213989 0.413400 -1.226291
108040422 0.218989 0.413400 -1.226291
108040423 0.223989 0.413400 -1.226291
108040424 0.228989 0.413400 -1.226291
108040425 0.233989 0.413400 -1.226291
108040426 0.238989 0.413400 -1.226291
108040427 0.243989 0.413400 -1.226291
108040428 0.248989 0.413400 -1.226291
108040429 0.253989 0.413400 -1.226291
108040430 0.258989 0.413400 -1.226291
108040431 0.263989 0.413400 -1.226291
108040432 0.268989 0.413400 -1.226291
108040433 0.273989 0.413400 -1.226291
108040434 0.278989 0.413400 -1.226291
108040435 0.283989 0.413400 -1.226291
108040436 0.288989 0.413400 -1.226291
108040437 0.293989 0.413400 -1.226291
108040438 0.298989 0.413400 -1.226291
108040439 0.303989 0.413400 -1.226291
108040440 0.308989 0.413400 -1.226291
108040441 0.313989 0.413400 -1.226291
108040442 0.318989 0.413400 -1.226291
108040443 0.323989 0.413400 -1.226291
108040444 0.328989 0.413400 -1.226291
108040445 0.333989 0.413400 -1.226291
108040446 0.338989 0.413400 -1.226291
108040447 0.343989 0.413400 -1.226291
108040448 0.348989 0.413400 -1.226291
108040449 0.353989 0.413400 -1.226291
108040450 0.358989 0.413400 -1.226291
108040451 0.363989 0.413400 -1.226291
108040452 0.368989 0.413400 -1.226291
108040453 0.373989 0.413400 -1.226291
108040454 0.378989 0.413400 -1.226291
108040455 0.383989 0.413400 -1.226291
108040456 0.388989 0.413400 -1.226291
108040457 0.393989 0.413400 -1.226291
108040458 0.398989 0.413400 -1.226291
108040459 0.403989 0.413400 -1.226291
108040460 0.408989 0.413400 -1.226291
108040461 0.413989 0.413400 -1.226291
108040462 0.418989 0.413400 -1.226291
108040463 0.423989 0.413400 -1.226291
108040464 0.428989 0.413400 -1.226291
108040465 0.433989 0.413400 -1.226291
108040466 0.438989 0.413400 -1.226291
108040467 0.443989 0.413400 -1.226291
108040468 0.448989 0.413400 -1.226291
108040469 0.453989 0.413400 -1.226291
108040470 0.458989 0.413400 -1.226291
108040471 0.463989 0.413400 -1.226291
108040472 0.468989 0.413400 -1.226291
108040473 0.473989 0.413400 -1.226291
108040474 0.478989 0.413400 -1.226291
108040475 0.483989 0.413400 -1.226291
108040476 0.488989 0.413400 -1.226291
108040477 0.493989 0.413400 -1.226291
108040478 0.498989 0.413400 -1.226291
108040479 0.503989 0.413400 -1.226291
108040480 0.508989 0.413400 -1.226291
