102060001 -0.588502 0.442600 2.697635
102060002 -0.589762 0.442600 2.692796
102060003 -0.591022 0.442600 2.687957
102060004 -0.592282 0.442600 2.683119
102060005 -0.593542 0.442600 2.678280
102060006 -0.594801 0.442600 2.673441
102060007 -0.596061 0.442600 2.668603
102060008 -0.597321 0.442600 2.663764
102060009 -0.598581 0.442600 2.658925
102060010 -0.599841 0.442600 2.654087
102060011 -0.601101 0.442600 2.649248
102060012 -0.602361 0.442600 2.644409
102060013 -0.603620 0.442600 2.639570
102060014 -0.604880 0.442600 2.634732
102060015 -0.606140 0.442600 2.629893
102060016 -0.607400 0.442600 2.625054
102060017 -0.608660 0.442600 2.620216
102060018 -0.609920 0.442600 2.615377
102060019 -0.611179 0.442600 2.610538
102060020 -0.612439 0.442600 2.605700
102060021 -0.613699 0.442600 2.600861
102060022 -0.614959 0.442600 2.596022
102060023 -0.616219 0.442600 2.591184
102060024 -0.617479 0.442600 2.586345
102060025 -0.618739 0.442600 2.581506
102060026 -0.619998 0.442600 2.576668
102060027 -0.621258 0.442600 2.571829
102060028 -0.622518 0.442600 2.566990
102060029 -0.623778 0.442600 2.562152
102060030 -0.625038 0.442600 2.557313
102060031 -0.626298 0.442600 2.552474
102060032 -0.627558 0.442600 2.547636
102060033 -0.628817 0.442600 2.542797
102060034 -0.630077 0.442600 2.537958
102060035 -0.631337 0.442600 2.533120
102060036 -0.632597 0.442600 2.528281
102060037 -0.633857 0.442600 2.523442
102060038 -0.635117 0.442600 2.518604
102060039 -0.636376 0.442600 2.513765
102060040 -0.637636 0.442600 2.508926
102060041 -0.638896 0.442600 2.504088
102060042 -0.640156 0.442600 2.499249
102060043 -0.641416 0.442600 2.494410
102060044 -0.642676 0.442600 2.489572
102060045 -0.643936 0.442600 2.484733
102060046 -0.645195 0.442600 2.479894
102060047 -0.646455 0.442600 2.475056
102060048 -0.647715 0.442600 2.470217
102060049 -0.648975 0.442600 2.465378
102060050 -0.650235 0.442600 2.460539
102060051 -0.651495 0.442600 2.455701
102060052 -0.652754 0.442600 2.450862
102060053 -0.654014 0.442600 2.446023
102060054 -0.655274 0.442600 2.441185
102060055 -0.656534 0.442600 2.436346
102060056 -0.657794 0.442600 2.431507
102060057 -0.659054 0.442600 2.426669
102060058 -0.660314 0.442600 2.421830
102060059 -0.661573 0.442600 2.416991
102060060 -0.662833 0.442600 2.412153
102060061 -0.664093 0.442600 2.407314
102060062 -0.665353 0.442600 2.402475
102060063 -0.666613 0.442600 2.397637
102060064 -0.667873 0.442600 2.392798
102060065 -0.669133 0.442600 2.387959
102060066 -0.670392 0.442600 2.383121
102060067 -0.671652 0.442600 2.378282
102060068 -0.672912 0.442600 2.373443
102060069 -0.674172 0.442600 2.368605
102060070 -0.675432 0.442600 2.363766
102060071 -0.676692 0.442600 2.358927
102060072 -0.677951 0.442600 2.354089
102060073 -0.679211 0.442600 2.349250
102060074 -0.680471 0.442600 2.344411
102060075 -0.681731 0.442600 2.339573
102060076 -0.682991 0.442600 2.334734
102060077 -0.684251 0.442600 2.329895
102060078 -0.685511 0.442600 2.325057
102060079 -0.686770 0.442600 2.320218
102060080 -0.688030 0.442600 2.315379
102060081 -0.689290 0.442600 2.310541
102060082 -0.690550 0.442600 2.305702
102060083 -0.691810 0.442600 2.300863
102060084 -0.693070 0.442600 2.296025
102060085 -0.694329 0.442600 2.291186
102060086 -0.695589 0.442600 2.286347
102060087 -0.696849 0.442600 2.281508
102060088 -0.698109 0.442600 2.276670
102060089 -0.699369 0.442600 2.271831
102060090 -0.700629 0.442600 2.266992
102060091 -0.701889 0.442600 2.262154
102060092 -0.703148 0.442600 2.257315
102060093 -0.704408 0.442600 2.252476
102060094 -0.705668 0.442600 2.247638
102060095 -0.706928 0.442600 2.242799
102060096 -0.708188 0.442600 2.237960
102060097 -0.709448 0.442600 2.233122
102060098 -0.710708 0.442600 2.228283
102060099 -0.711967 0.442600 2.223444
102060100 -0.713227 0.442600 2.218606
102060101 -0.588502 0.469000 2.697635
102060102 -0.589762 0.469000 2.692796
102060103 -0.591022 0.469000 2.687957
102060104 -0.592282 0.469000 2.683119
102060105 -0.593542 0.469000 2.678280
102060106 -0.594801 0.469000 2.673441
102060107 -0.596061 0.469000 2.668603
102060108 -0.597321 0.469000 2.663764
102060109 -0.598581 0.469000 2.658925
102060110 -0.599841 0.469000 2.654087
102060111 -0.601101 0.469000 2.649248
102060112 -0.602361 0.469000 2.644409
102060113 -0.603620 0.469000 2.639570
102060114 -0.604880 0.469000 2.634732
102060115 -0.606140 0.469000 2.629893
102060116 -0.607400 0.469000 2.625054
102060117 -0.608660 0.469000 2.620216
102060118 -0.609920 0.469000 2.615377
102060119 -0.611179 0.469000 2.610538
102060120 -0.612439 0.469000 2.605700
102060121 -0.613699 0.469000 2.600861
102060122 -0.614959 0.469000 2.596022
102060123 -0.616219 0.469000 2.591184
102060124 -0.617479 0.469000 2.586345
102060125 -0.618739 0.469000 2.581506
102060126 -0.619998 0.469000 2.576668
102060127 -0.621258 0.469000 2.571829
102060128 -0.622518 0.469000 2.566990
102060129 -0.623778 0.469000 2.562152
102060130 -0.625038 0.469000 2.557313
102060131 -0.626298 0.469000 2.552474
102060132 -0.627558 0.469000 2.547636
102060133 -0.628817 0.469000 2.542797
102060134 -0.630077 0.469000 2.537958
102060135 -0.631337 0.469000 2.533120
102060136 -0.632597 0.469000 2.528281
102060137 -0.633857 0.469000 2.523442
102060138 -0.635117 0.469000 2.518604
102060139 -0.636376 0.469000 2.513765
102060140 -0.637636 0.469000 2.508926
102060141 -0.638896 0.469000 2.504088
102060142 -0.640156 0.469000 2.499249
102060143 -0.641416 0.469000 2.494410
102060144 -0.642676 0.469000 2.489572
102060145 -0.643936 0.469000 2.484733
102060146 -0.645195 0.469000 2.479894
102060147 -0.646455 0.469000 2.475056
102060148 -0.647715 0.469000 2.470217
102060149 -0.648975 0.469000 2.465378
102060150 -0.650235 0.469000 2.460539
102060151 -0.651495 0.469000 2.455701
102060152 -0.652754 0.469000 2.450862
102060153 -0.654014 0.469000 2.446023
102060154 -0.655274 0.469000 2.441185
102060155 -0.656534 0.469000 2.436346
102060156 -0.657794 0.469000 2.431507
102060157 -0.659054 0.469000 2.426669
102060158 -0.660314 0.469000 2.421830
102060159 -0.661573 0.469000 2.416991
102060160 -0.662833 0.469000 2.412153
102060161 -0.664093 0.469000 2.407314
102060162 -0.665353 0.469000 2.402475
102060163 -0.666613 0.469000 2.397637
102060164 -0.667873 0.469000 2.392798
102060165 -0.669133 0.469000 2.387959
102060166 -0.670392 0.469000 2.383121
102060167 -0.671652 0.469000 2.378282
102060168 -0.672912 0.469000 2.373443
102060169 -0.674172 0.469000 2.368605
102060170 -0.675432 0.469000 2.363766
102060171 -0.676692 0.469000 2.358927
102060172 -0.677951 0.469000 2.354089
102060173 -0.679211 0.469000 2.349250
102060174 -0.680471 0.469000 2.344411
102060175 -0.681731 0.469000 2.339573
102060176 -0.682991 0.469000 2.334734
102060177 -0.684251 0.469000 2.329895
102060178 -0.685511 0.469000 2.325057
102060179 -0.686770 0.469000 2.320218
102060180 -0.688030 0.469000 2.315379
102060181 -0.689290 0.469000 2.310541
102060182 -0.690550 0.469000 2.305702
102060183 -0.691810 0.469000 2.300863
102060184 -0.693070 0.469000 2.296025
102060185 -0.694329 0.469000 2.291186
102060186 -0.695589 0.469000 2.286347
102060187 -0.696849 0.469000 2.281508
102060188 -0.698109 0.469000 2.276670
102060189 -0.699369 0.469000 2.271831
102060190 -0.700629 0.469000 2.266992
102060191 -0.701889 0.469000 2.262154
102060192 -0.703148 0.469000 2.257315
102060193 -0.704408 0.469000 2.252476
102060194 -0.705668 0.469000 2.247638
102060195 -0.706928 0.469000 2.242799
102060196 -0.708188 0.469000 2.237960
102060197 -0.709448 0.469000 2.233122
102060198 -0.710708 0.469000 2.228283
102060199 -0.711967 0.469000 2.223444
102060200 -0.713227 0.469000 2.218606
102060201 -0.588502 0.495400 2.697635
102060202 -0.589762 0.495400 2.692796
102060203 -0.591022 0.495400 2.687957
102060204 -0.592282 0.495400 2.683119
102060205 -0.593542 0.495400 2.678280
102060206 -0.594801 0.495400 2.673441
102060207 -0.596061 0.495400 2.668603
102060208 -0.597321 0.495400 2.663764
102060209 -0.598581 0.495400 2.658925
102060210 -0.599841 0.495400 2.654087
102060211 -0.601101 0.495400 2.649248
102060212 -0.602361 0.495400 2.644409
102060213 -0.603620 0.495400 2.639570
102060214 -0.604880 0.495400 2.634732
102060215 -0.606140 0.495400 2.629893
102060216 -0.607400 0.495400 2.625054
102060217 -0.608660 0.495400 2.620216
102060218 -0.609920 0.495400 2.615377
102060219 -0.611179 0.495400 2.610538
102060220 -0.612439 0.495400 2.605700
102060221 -0.613699 0.495400 2.600861
102060222 -0.614959 0.495400 2.596022
102060223 -0.616219 0.495400 2.591184
102060224 -0.617479 0.495400 2.586345
102060225 -0.618739 0.495400 2.581506
102060226 -0.619998 0.495400 2.576668
102060227 -0.621258 0.495400 2.571829
102060228 -0.622518 0.495400 2.566990
102060229 -0.623778 0.495400 2.562152
102060230 -0.625038 0.495400 2.557313
102060231 -0.626298 0.495400 2.552474
102060232 -0.627558 0.495400 2.547636
102060233 -0.628817 0.495400 2.542797
102060234 -0.630077 0.495400 2.537958
102060235 -0.631337 0.495400 2.533120
102060236 -0.632597 0.495400 2.528281
102060237 -0.633857 0.495400 2.523442
102060238 -0.635117 0.495400 2.518604
102060239 -0.636376 0.495400 2.513765
102060240 -0.637636 0.495400 2.508926
102060241 -0.638896 0.495400 2.504088
102060242 -0.640156 0.495400 2.499249
102060243 -0.641416 0.495400 2.494410
102060244 -0.642676 0.495400 2.489572
102060245 -0.643936 0.495400 2.484733
102060246 -0.645195 0.495400 2.479894
102060247 -0.646455 0.495400 2.475056
102060248 -0.647715 0.495400 2.470217
102060249 -0.648975 0.495400 2.465378
102060250 -0.650235 0.495400 2.460539
102060251 -0.651495 0.495400 2.455701
102060252 -0.652754 0.495400 2.450862
102060253 -0.654014 0.495400 2.446023
102060254 -0.655274 0.495400 2.441185
102060255 -0.656534 0.495400 2.436346
102060256 -0.657794 0.495400 2.431507
102060257 -0.659054 0.495400 2.426669
102060258 -0.660314 0.495400 2.421830
102060259 -0.661573 0.495400 2.416991
102060260 -0.662833 0.495400 2.412153
102060261 -0.664093 0.495400 2.407314
102060262 -0.665353 0.495400 2.402475
102060263 -0.666613 0.495400 2.397637
102060264 -0.667873 0.495400 2.392798
102060265 -0.669133 0.495400 2.387959
102060266 -0.670392 0.495400 2.383121
102060267 -0.671652 0.495400 2.378282
102060268 -0.672912 0.495400 2.373443
102060269 -0.674172 0.495400 2.368605
102060270 -0.675432 0.495400 2.363766
102060271 -0.676692 0.495400 2.358927
102060272 -0.677951 0.495400 2.354089
102060273 -0.679211 0.495400 2.349250
102060274 -0.680471 0.495400 2.344411
102060275 -0.681731 0.495400 2.339573
102060276 -0.682991 0.495400 2.334734
102060277 -0.684251 0.495400 2.329895
102060278 -0.685511 0.495400 2.325057
102060279 -0.686770 0.495400 2.320218
102060280 -0.688030 0.495400 2.315379
102060281 -0.689290 0.495400 2.310541
102060282 -0.690550 0.495400 2.305702
102060283 -0.691810 0.495400 2.300863
102060284 -0.693070 0.495400 2.296025
102060285 -0.694329 0.495400 2.291186
102060286 -0.695589 0.495400 2.286347
102060287 -0.696849 0.495400 2.281508
102060288 -0.698109 0.495400 2.276670
102060289 -0.699369 0.495400 2.271831
102060290 -0.700629 0.495400 2.266992
102060291 -0.701889 0.495400 2.262154
102060292 -0.703148 0.495400 2.257315
102060293 -0.704408 0.495400 2.252476
102060294 -0.705668 0.495400 2.247638
102060295 -0.706928 0.495400 2.242799
102060296 -0.708188 0.495400 2.237960
102060297 -0.709448 0.495400 2.233122
102060298 -0.710708 0.495400 2.228283
102060299 -0.711967 0.495400 2.223444
102060300 -0.713227 0.495400 2.218606
102060301 -0.588502 0.521800 2.697635
102060302 -0.589762 0.521800 2.692796
102060303 -0.591022 0.521800 2.687957
102060304 -0.592282 0.521800 2.683119
102060305 -0.593542 0.521800 2.678280
102060306 -0.594801 0.521800 2.673441
102060307 -0.596061 0.521800 2.668603
102060308 -0.597321 0.521800 2.663764
102060309 -0.598581 0.521800 2.658925
102060310 -0.599841 0.521800 2.654087
102060311 -0.601101 0.521800 2.649248
102060312 -0.602361 0.521800 2.644409
102060313 -0.603620 0.521800 2.639570
102060314 -0.604880 0.521800 2.634732
102060315 -0.606140 0.521800 2.629893
102060316 -0.607400 0.521800 2.625054
102060317 -0.608660 0.521800 2.620216
102060318 -0.609920 0.521800 2.615377
102060319 -0.611179 0.521800 2.610538
102060320 -0.612439 0.521800 2.605700
102060321 -0.613699 0.521800 2.600861
102060322 -0.614959 0.521800 2.596022
102060323 -0.616219 0.521800 2.591184
102060324 -0.617479 0.521800 2.586345
102060325 -0.618739 0.521800 2.581506
102060326 -0.619998 0.521800 2.576668
102060327 -0.621258 0.521800 2.571829
102060328 -0.622518 0.521800 2.566990
102060329 -0.623778 0.521800 2.562152
102060330 -0.625038 0.521800 2.557313
102060331 -0.626298 0.521800 2.552474
102060332 -0.627558 0.521800 2.547636
102060333 -0.628817 0.521800 2.542797
102060334 -0.630077 0.521800 2.537958
102060335 -0.631337 0.521800 2.533120
102060336 -0.632597 0.521800 2.528281
102060337 -0.633857 0.521800 2.523442
102060338 -0.635117 0.521800 2.518604
102060339 -0.636376 0.521800 2.513765
102060340 -0.637636 0.521800 2.508926
102060341 -0.638896 0.521800 2.504088
102060342 -0.640156 0.521800 2.499249
102060343 -0.641416 0.521800 2.494410
102060344 -0.642676 0.521800 2.489572
102060345 -0.643936 0.521800 2.484733
102060346 -0.645195 0.521800 2.479894
102060347 -0.646455 0.521800 2.475056
102060348 -0.647715 0.521800 2.470217
102060349 -0.648975 0.521800 2.465378
102060350 -0.650235 0.521800 2.460539
102060351 -0.651495 0.521800 2.455701
102060352 -0.652754 0.521800 2.450862
102060353 -0.654014 0.521800 2.446023
102060354 -0.655274 0.521800 2.441185
102060355 -0.656534 0.521800 2.436346
102060356 -0.657794 0.521800 2.431507
102060357 -0.659054 0.521800 2.426669
102060358 -0.660314 0.521800 2.421830
102060359 -0.661573 0.521800 2.416991
102060360 -0.662833 0.521800 2.412153
102060361 -0.664093 0.521800 2.407314
102060362 -0.665353 0.521800 2.402475
102060363 -0.666613 0.521800 2.397637
102060364 -0.667873 0.521800 2.392798
102060365 -0.669133 0.521800 2.387959
102060366 -0.670392 0.521800 2.383121
102060367 -0.671652 0.521800 2.378282
102060368 -0.672912 0.521800 2.373443
102060369 -0.674172 0.521800 2.368605
102060370 -0.675432 0.521800 2.363766
102060371 -0.676692 0.521800 2.358927
102060372 -0.677951 0.521800 2.354089
102060373 -0.679211 0.521800 2.349250
102060374 -0.680471 0.521800 2.344411
102060375 -0.681731 0.521800 2.339573
102060376 -0.682991 0.521800 2.334734
102060377 -0.684251 0.521800 2.329895
102060378 -0.685511 0.521800 2.325057
102060379 -0.686770 0.521800 2.320218
102060380 -0.688030 0.521800 2.315379
102060381 -0.689290 0.521800 2.310541
102060382 -0.690550 0.521800 2.305702
102060383 -0.691810 0.521800 2.300863
102060384 -0.693070 0.521800 2.296025
102060385 -0.694329 0.521800 2.291186
102060386 -0.695589 0.521800 2.286347
102060387 -0.696849 0.521800 2.281508
102060388 -0.698109 0.521800 2.276670
102060389 -0.699369 0.521800 2.271831
102060390 -0.700629 0.521800 2.266992
102060391 -0.701889 0.521800 2.262154
102060392 -0.703148 0.521800 2.257315
102060393 -0.704408 0.521800 2.252476
102060394 -0.705668 0.521800 2.247638
102060395 -0.706928 0.521800 2.242799
102060396 -0.708188 0.521800 2.237960
102060397 -0.709448 0.521800 2.233122
102060398 -0.710708 0.521800 2.228283
102060399 -0.711967 0.521800 2.223444
102060400 -0.713227 0.521800 2.218606
102060401 -0.588502 0.548200 2.697635
102060402 -0.589762 0.548200 2.692796
102060403 -0.591022 0.548200 2.687957
102060404 -0.592282 0.548200 2.683119
102060405 -0.593542 0.548200 2.678280
102060406 -0.594801 0.548200 2.673441
102060407 -0.596061 0.548200 2.668603
102060408 -0.597321 0.548200 2.663764
102060409 -0.598581 0.548200 2.658925
102060410 -0.599841 0.548200 2.654087
102060411 -0.601101 0.548200 2.649248
102060412 -0.602361 0.548200 2.644409
102060413 -0.603620 0.548200 2.639570
102060414 -0.604880 0.548200 2.634732
102060415 -0.606140 0.548200 2.629893
102060416 -0.607400 0.548200 2.625054
102060417 -0.608660 0.548200 2.620216
102060418 -0.609920 0.548200 2.615377
102060419 -0.611179 0.548200 2.610538
102060420 -0.612439 0.548200 2.605700
102060421 -0.613699 0.548200 2.600861
102060422 -0.614959 0.548200 2.596022
102060423 -0.616219 0.548200 2.591184
102060424 -0.617479 0.548200 2.586345
102060425 -0.618739 0.548200 2.581506
102060426 -0.619998 0.548200 2.576668
102060427 -0.621258 0.548200 2.571829
102060428 -0.622518 0.548200 2.566990
102060429 -0.623778 0.548200 2.562152
102060430 -0.625038 0.548200 2.557313
102060431 -0.626298 0.548200 2.552474
102060432 -0.627558 0.548200 2.547636
102060433 -0.628817 0.548200 2.542797
102060434 -0.630077 0.548200 2.537958
102060435 -0.631337 0.548200 2.533120
102060436 -0.632597 0.548200 2.528281
102060437 -0.633857 0.548200 2.523442
102060438 -0.635117 0.548200 2.518604
102060439 -0.636376 0.548200 2.513765
102060440 -0.637636 0.548200 2.508926
102060441 -0.638896 0.548200 2.504088
102060442 -0.640156 0.548200 2.499249
102060443 -0.641416 0.548200 2.494410
102060444 -0.642676 0.548200 2.489572
102060445 -0.643936 0.548200 2.484733
102060446 -0.645195 0.548200 2.479894
102060447 -0.646455 0.548200 2.475056
102060448 -0.647715 0.548200 2.470217
102060449 -0.648975 0.548200 2.465378
102060450 -0.650235 0.548200 2.460539
102060451 -0.651495 0.548200 2.455701
102060452 -0.652754 0.548200 2.450862
102060453 -0.654014 0.548200 2.446023
102060454 -0.655274 0.548200 2.441185
102060455 -0.656534 0.548200 2.436346
102060456 -0.657794 0.548200 2.431507
102060457 -0.659054 0.548200 2.426669
102060458 -0.660314 0.548200 2.421830
102060459 -0.661573 0.548200 2.416991
102060460 -0.662833 0.548200 2.412153
102060461 -0.664093 0.548200 2.407314
102060462 -0.665353 0.548200 2.402475
102060463 -0.666613 0.548200 2.397637
102060464 -0.667873 0.548200 2.392798
102060465 -0.669133 0.548200 2.387959
102060466 -0.670392 0.548200 2.383121
102060467 -0.671652 0.548200 2.378282
102060468 -0.672912 0.548200 2.373443
102060469 -0.674172 0.548200 2.368605
102060470 -0.675432 0.548200 2.363766
102060471 -0.676692 0.548200 2.358927
102060472 -0.677951 0.548200 2.354089
102060473 -0.679211 0.548200 2.349250
102060474 -0.680471 0.548200 2.344411
102060475 -0.681731 0.548200 2.339573
102060476 -0.682991 0.548200 2.334734
102060477 -0.684251 0.548200 2.329895
102060478 -0.685511 0.548200 2.325057
102060479 -0.686770 0.548200 2.320218
102060480 -0.688030 0.548200 2.315379
102060481 -0.689290 0.548200 2.310541
102060482 -0.690550 0.548200 2.305702
102060483 -0.691810 0.548200 2.300863
102060484 -0.693070 0.548200 2.296025
102060485 -0.694329 0.548200 2.291186
102060486 -0.695589 0.548200 2.286347
102060487 -0.696849 0.548200 2.281508
102060488 -0.698109 0.548200 2.276670
102060489 -0.699369 0.548200 2.271831
102060490 -0.700629 0.548200 2.266992
102060491 -0.701889 0.548200 2.262154
102060492 -0.703148 0.548200 2.257315
102060493 -0.704408 0.548200 2.252476
102060494 -0.705668 0.548200 2.247638
102060495 -0.706928 0.548200 2.242799
102060496 -0.708188 0.548200 2.237960
102060497 -0.709448 0.548200 2.233122
102060498 -0.710708 0.548200 2.228283
102060499 -0.711967 0.548200 2.223444
102060500 -0.713227 0.548200 2.218606
102060501 -0.588502 0.574600 2.697635
102060502 -0.589762 0.574600 2.692796
102060503 -0.591022 0.574600 2.687957
102060504 -0.592282 0.574600 2.683119
102060505 -0.593542 0.574600 2.678280
102060506 -0.594801 0.574600 2.673441
102060507 -0.596061 0.574600 2.668603
102060508 -0.597321 0.574600 2.663764
102060509 -0.598581 0.574600 2.658925
102060510 -0.599841 0.574600 2.654087
102060511 -0.601101 0.574600 2.649248
102060512 -0.602361 0.574600 2.644409
102060513 -0.603620 0.574600 2.639570
102060514 -0.604880 0.574600 2.634732
102060515 -0.606140 0.574600 2.629893
102060516 -0.607400 0.574600 2.625054
102060517 -0.608660 0.574600 2.620216
102060518 -0.609920 0.574600 2.615377
102060519 -0.611179 0.574600 2.610538
102060520 -0.612439 0.574600 2.605700
102060521 -0.613699 0.574600 2.600861
102060522 -0.614959 0.574600 2.596022
102060523 -0.616219 0.574600 2.591184
102060524 -0.617479 0.574600 2.586345
102060525 -0.618739 0.574600 2.581506
102060526 -0.619998 0.574600 2.576668
102060527 -0.621258 0.574600 2.571829
102060528 -0.622518 0.574600 2.566990
102060529 -0.623778 0.574600 2.562152
102060530 -0.625038 0.574600 2.557313
102060531 -0.626298 0.574600 2.552474
102060532 -0.627558 0.574600 2.547636
102060533 -0.628817 0.574600 2.542797
102060534 -0.630077 0.574600 2.537958
102060535 -0.631337 0.574600 2.533120
102060536 -0.632597 0.574600 2.528281
102060537 -0.633857 0.574600 2.523442
102060538 -0.635117 0.574600 2.518604
102060539 -0.636376 0.574600 2.513765
102060540 -0.637636 0.574600 2.508926
102060541 -0.638896 0.574600 2.504088
102060542 -0.640156 0.574600 2.499249
102060543 -0.641416 0.574600 2.494410
102060544 -0.642676 0.574600 2.489572
102060545 -0.643936 0.574600 2.484733
102060546 -0.645195 0.574600 2.479894
102060547 -0.646455 0.574600 2.475056
102060548 -0.647715 0.574600 2.470217
102060549 -0.648975 0.574600 2.465378
102060550 -0.650235 0.574600 2.460539
102060551 -0.651495 0.574600 2.455701
102060552 -0.652754 0.574600 2.450862
102060553 -0.654014 0.574600 2.446023
102060554 -0.655274 0.574600 2.441185
102060555 -0.656534 0.574600 2.436346
102060556 -0.657794 0.574600 2.431507
102060557 -0.659054 0.574600 2.426669
102060558 -0.660314 0.574600 2.421830
102060559 -0.661573 0.574600 2.416991
102060560 -0.662833 0.574600 2.412153
102060561 -0.664093 0.574600 2.407314
102060562 -0.665353 0.574600 2.402475
102060563 -0.666613 0.574600 2.397637
102060564 -0.667873 0.574600 2.392798
102060565 -0.669133 0.574600 2.387959
102060566 -0.670392 0.574600 2.383121
102060567 -0.671652 0.574600 2.378282
102060568 -0.672912 0.574600 2.373443
102060569 -0.674172 0.574600 2.368605
102060570 -0.675432 0.574600 2.363766
102060571 -0.676692 0.574600 2.358927
102060572 -0.677951 0.574600 2.354089
102060573 -0.679211 0.574600 2.349250
102060574 -0.680471 0.574600 2.344411
102060575 -0.681731 0.574600 2.339573
102060576 -0.682991 0.574600 2.334734
102060577 -0.684251 0.574600 2.329895
102060578 -0.685511 0.574600 2.325057
102060579 -0.686770 0.574600 2.320218
102060580 -0.688030 0.574600 2.315379
102060581 -0.689290 0.574600 2.310541
102060582 -0.690550 0.574600 2.305702
102060583 -0.691810 0.574600 2.300863
102060584 -0.693070 0.574600 2.296025
102060585 -0.694329 0.574600 2.291186
102060586 -0.695589 0.574600 2.286347
102060587 -0.696849 0.574600 2.281508
102060588 -0.698109 0.574600 2.276670
102060589 -0.699369 0.574600 2.271831
102060590 -0.700629 0.574600 2.266992
102060591 -0.701889 0.574600 2.262154
102060592 -0.703148 0.574600 2.257315
102060593 -0.704408 0.574600 2.252476
102060594 -0.705668 0.574600 2.247638
102060595 -0.706928 0.574600 2.242799
102060596 -0.708188 0.574600 2.237960
102060597 -0.709448 0.574600 2.233122
102060598 -0.710708 0.574600 2.228283
102060599 -0.711967 0.574600 2.223444
102060600 -0.713227 0.574600 2.218606
102060601 -0.588502 0.601000 2.697635
102060602 -0.589762 0.601000 2.692796
102060603 -0.591022 0.601000 2.687957
102060604 -0.592282 0.601000 2.683119
102060605 -0.593542 0.601000 2.678280
102060606 -0.594801 0.601000 2.673441
102060607 -0.596061 0.601000 2.668603
102060608 -0.597321 0.601000 2.663764
102060609 -0.598581 0.601000 2.658925
102060610 -0.599841 0.601000 2.654087
102060611 -0.601101 0.601000 2.649248
102060612 -0.602361 0.601000 2.644409
102060613 -0.603620 0.601000 2.639570
102060614 -0.604880 0.601000 2.634732
102060615 -0.606140 0.601000 2.629893
102060616 -0.607400 0.601000 2.625054
102060617 -0.608660 0.601000 2.620216
102060618 -0.609920 0.601000 2.615377
102060619 -0.611179 0.601000 2.610538
102060620 -0.612439 0.601000 2.605700
102060621 -0.613699 0.601000 2.600861
102060622 -0.614959 0.601000 2.596022
102060623 -0.616219 0.601000 2.591184
102060624 -0.617479 0.601000 2.586345
102060625 -0.618739 0.601000 2.581506
102060626 -0.619998 0.601000 2.576668
102060627 -0.621258 0.601000 2.571829
102060628 -0.622518 0.601000 2.566990
102060629 -0.623778 0.601000 2.562152
102060630 -0.625038 0.601000 2.557313
102060631 -0.626298 0.601000 2.552474
102060632 -0.627558 0.601000 2.547636
102060633 -0.628817 0.601000 2.542797
102060634 -0.630077 0.601000 2.537958
102060635 -0.631337 0.601000 2.533120
102060636 -0.632597 0.601000 2.528281
102060637 -0.633857 0.601000 2.523442
102060638 -0.635117 0.601000 2.518604
102060639 -0.636376 0.601000 2.513765
102060640 -0.637636 0.601000 2.508926
102060641 -0.638896 0.601000 2.504088
102060642 -0.640156 0.601000 2.499249
102060643 -0.641416 0.601000 2.494410
102060644 -0.642676 0.601000 2.489572
102060645 -0.643936 0.601000 2.484733
102060646 -0.645195 0.601000 2.479894
102060647 -0.646455 0.601000 2.475056
102060648 -0.647715 0.601000 2.470217
102060649 -0.648975 0.601000 2.465378
102060650 -0.650235 0.601000 2.460539
102060651 -0.651495 0.601000 2.455701
102060652 -0.652754 0.601000 2.450862
102060653 -0.654014 0.601000 2.446023
102060654 -0.655274 0.601000 2.441185
102060655 -0.656534 0.601000 2.436346
102060656 -0.657794 0.601000 2.431507
102060657 -0.659054 0.601000 2.426669
102060658 -0.660314 0.601000 2.421830
102060659 -0.661573 0.601000 2.416991
102060660 -0.662833 0.601000 2.412153
102060661 -0.664093 0.601000 2.407314
102060662 -0.665353 0.601000 2.402475
102060663 -0.666613 0.601000 2.397637
102060664 -0.667873 0.601000 2.392798
102060665 -0.669133 0.601000 2.387959
102060666 -0.670392 0.601000 2.383121
102060667 -0.671652 0.601000 2.378282
102060668 -0.672912 0.601000 2.373443
102060669 -0.674172 0.601000 2.368605
102060670 -0.675432 0.601000 2.363766
102060671 -0.676692 0.601000 2.358927
102060672 -0.677951 0.601000 2.354089
102060673 -0.679211 0.601000 2.349250
102060674 -0.680471 0.601000 2.344411
102060675 -0.681731 0.601000 2.339573
102060676 -0.682991 0.601000 2.334734
102060677 -0.684251 0.601000 2.329895
102060678 -0.685511 0.601000 2.325057
102060679 -0.686770 0.601000 2.320218
102060680 -0.688030 0.601000 2.315379
102060681 -0.689290 0.601000 2.310541
102060682 -0.690550 0.601000 2.305702
102060683 -0.691810 0.601000 2.300863
102060684 -0.693070 0.601000 2.296025
102060685 -0.694329 0.601000 2.291186
102060686 -0.695589 0.601000 2.286347
102060687 -0.696849 0.601000 2.281508
102060688 -0.698109 0.601000 2.276670
102060689 -0.699369 0.601000 2.271831
102060690 -0.700629 0.601000 2.266992
102060691 -0.701889 0.601000 2.262154
102060692 -0.703148 0.601000 2.257315
102060693 -0.704408 0.601000 2.252476
102060694 -0.705668 0.601000 2.247638
102060695 -0.706928 0.601000 2.242799
102060696 -0.708188 0.601000 2.237960
102060697 -0.709448 0.601000 2.233122
102060698 -0.710708 0.601000 2.228283
102060699 -0.711967 0.601000 2.223444
102060700 -0.713227 0.601000 2.218606
102060701 -0.588502 0.627400 2.697635
102060702 -0.589762 0.627400 2.692796
102060703 -0.591022 0.627400 2.687957
102060704 -0.592282 0.627400 2.683119
102060705 -0.593542 0.627400 2.678280
102060706 -0.594801 0.627400 2.673441
102060707 -0.596061 0.627400 2.668603
102060708 -0.597321 0.627400 2.663764
102060709 -0.598581 0.627400 2.658925
102060710 -0.599841 0.627400 2.654087
102060711 -0.601101 0.627400 2.649248
102060712 -0.602361 0.627400 2.644409
102060713 -0.603620 0.627400 2.639570
102060714 -0.604880 0.627400 2.634732
102060715 -0.606140 0.627400 2.629893
102060716 -0.607400 0.627400 2.625054
102060717 -0.608660 0.627400 2.620216
102060718 -0.609920 0.627400 2.615377
102060719 -0.611179 0.627400 2.610538
102060720 -0.612439 0.627400 2.605700
102060721 -0.613699 0.627400 2.600861
102060722 -0.614959 0.627400 2.596022
102060723 -0.616219 0.627400 2.591184
102060724 -0.617479 0.627400 2.586345
102060725 -0.618739 0.627400 2.581506
102060726 -0.619998 0.627400 2.576668
102060727 -0.621258 0.627400 2.571829
102060728 -0.622518 0.627400 2.566990
102060729 -0.623778 0.627400 2.562152
102060730 -0.625038 0.627400 2.557313
102060731 -0.626298 0.627400 2.552474
102060732 -0.627558 0.627400 2.547636
102060733 -0.628817 0.627400 2.542797
102060734 -0.630077 0.627400 2.537958
102060735 -0.631337 0.627400 2.533120
102060736 -0.632597 0.627400 2.528281
102060737 -0.633857 0.627400 2.523442
102060738 -0.635117 0.627400 2.518604
102060739 -0.636376 0.627400 2.513765
102060740 -0.637636 0.627400 2.508926
102060741 -0.638896 0.627400 2.504088
102060742 -0.640156 0.627400 2.499249
102060743 -0.641416 0.627400 2.494410
102060744 -0.642676 0.627400 2.489572
102060745 -0.643936 0.627400 2.484733
102060746 -0.645195 0.627400 2.479894
102060747 -0.646455 0.627400 2.475056
102060748 -0.647715 0.627400 2.470217
102060749 -0.648975 0.627400 2.465378
102060750 -0.650235 0.627400 2.460539
102060751 -0.651495 0.627400 2.455701
102060752 -0.652754 0.627400 2.450862
102060753 -0.654014 0.627400 2.446023
102060754 -0.655274 0.627400 2.441185
102060755 -0.656534 0.627400 2.436346
102060756 -0.657794 0.627400 2.431507
102060757 -0.659054 0.627400 2.426669
102060758 -0.660314 0.627400 2.421830
102060759 -0.661573 0.627400 2.416991
102060760 -0.662833 0.627400 2.412153
102060761 -0.664093 0.627400 2.407314
102060762 -0.665353 0.627400 2.402475
102060763 -0.666613 0.627400 2.397637
102060764 -0.667873 0.627400 2.392798
102060765 -0.669133 0.627400 2.387959
102060766 -0.670392 0.627400 2.383121
102060767 -0.671652 0.627400 2.378282
102060768 -0.672912 0.627400 2.373443
102060769 -0.674172 0.627400 2.368605
102060770 -0.675432 0.627400 2.363766
102060771 -0.676692 0.627400 2.358927
102060772 -0.677951 0.627400 2.354089
102060773 -0.679211 0.627400 2.349250
102060774 -0.680471 0.627400 2.344411
102060775 -0.681731 0.627400 2.339573
102060776 -0.682991 0.627400 2.334734
102060777 -0.684251 0.627400 2.329895
102060778 -0.685511 0.627400 2.325057
102060779 -0.686770 0.627400 2.320218
102060780 -0.688030 0.627400 2.315379
102060781 -0.689290 0.627400 2.310541
102060782 -0.690550 0.627400 2.305702
102060783 -0.691810 0.627400 2.300863
102060784 -0.693070 0.627400 2.296025
102060785 -0.694329 0.627400 2.291186
102060786 -0.695589 0.627400 2.286347
102060787 -0.696849 0.627400 2.281508
102060788 -0.698109 0.627400 2.276670
102060789 -0.699369 0.627400 2.271831
102060790 -0.700629 0.627400 2.266992
102060791 -0.701889 0.627400 2.262154
102060792 -0.703148 0.627400 2.257315
102060793 -0.704408 0.627400 2.252476
102060794 -0.705668 0.627400 2.247638
102060795 -0.706928 0.627400 2.242799
102060796 -0.708188 0.627400 2.237960
102060797 -0.709448 0.627400 2.233122
102060798 -0.710708 0.627400 2.228283
102060799 -0.711967 0.627400 2.223444
102060800 -0.713227 0.627400 2.218606
