105050001 -1.221301 0.121600 0.186257
105050002 -1.220124 0.121600 0.181397
105050003 -1.218948 0.121600 0.176537
105050004 -1.217772 0.121600 0.171678
105050005 -1.216595 0.121600 0.166818
105050006 -1.215419 0.121600 0.161959
105050007 -1.214243 0.121600 0.157099
105050008 -1.213066 0.121600 0.152239
105050009 -1.211890 0.121600 0.147380
105050010 -1.210714 0.121600 0.142520
105050011 -1.209537 0.121600 0.137660
105050012 -1.208361 0.121600 0.132801
105050013 -1.207185 0.121600 0.127941
105050014 -1.206008 0.121600 0.123081
105050015 -1.204832 0.121600 0.118222
105050016 -1.203656 0.121600 0.113362
105050017 -1.202479 0.121600 0.108502
105050018 -1.201303 0.121600 0.103643
105050019 -1.200127 0.121600 0.098783
105050020 -1.198950 0.121600 0.093923
105050021 -1.197774 0.121600 0.089064
105050022 -1.196598 0.121600 0.084204
105050023 -1.195421 0.121600 0.079344
105050024 -1.194245 0.121600 0.074485
105050025 -1.193069 0.121600 0.069625
105050026 -1.191892 0.121600 0.064765
105050027 -1.190716 0.121600 0.059906
105050028 -1.189540 0.121600 0.055046
105050029 -1.188363 0.121600 0.050186
105050030 -1.187187 0.121600 0.045327
105050031 -1.186011 0.121600 0.040467
105050032 -1.184834 0.121600 0.035607
105050033 -1.183658 0.121600 0.030748
105050034 -1.182482 0.121600 0.025888
105050035 -1.181305 0.121600 0.021029
105050036 -1.180129 0.121600 0.016169
105050037 -1.178953 0.121600 0.011309
105050038 -1.177776 0.121600 0.006450
105050039 -1.176600 0.121600 0.001590
105050040 -1.175424 0.121600 -0.003270
105050041 -1.174247 0.121600 -0.008129
105050042 -1.173071 0.121600 -0.012989
105050043 -1.171895 0.121600 -0.017849
105050044 -1.170718 0.121600 -0.022708
105050045 -1.169542 0.121600 -0.027568
105050046 -1.168366 0.121600 -0.032428
105050047 -1.167189 0.121600 -0.037287
105050048 -1.166013 0.121600 -0.042147
105050049 -1.164837 0.121600 -0.047007
105050050 -1.163660 0.121600 -0.051866
105050051 -1.162484 0.121600 -0.056726
105050052 -1.161308 0.121600 -0.061586
105050053 -1.160131 0.121600 -0.066445
105050054 -1.158955 0.121600 -0.071305
105050055 -1.157779 0.121600 -0.076165
105050056 -1.156602 0.121600 -0.081024
105050057 -1.155426 0.121600 -0.085884
105050058 -1.154250 0.121600 -0.090744
105050059 -1.153073 0.121600 -0.095603
105050060 -1.151897 0.121600 -0.100463
105050061 -1.150721 0.121600 -0.105323
105050062 -1.149544 0.121600 -0.110182
105050063 -1.148368 0.121600 -0.115042
105050064 -1.147192 0.121600 -0.119901
105050065 -1.146015 0.121600 -0.124761
105050066 -1.144839 0.121600 -0.129621
105050067 -1.143663 0.121600 -0.134480
105050068 -1.142487 0.121600 -0.139340
105050069 -1.141310 0.121600 -0.144200
105050070 -1.140134 0.121600 -0.149059
105050071 -1.138958 0.121600 -0.153919
105050072 -1.137781 0.121600 -0.158779
105050073 -1.136605 0.121600 -0.163638
105050074 -1.135429 0.121600 -0.168498
105050075 -1.134252 0.121600 -0.173358
105050076 -1.133076 0.121600 -0.178217
105050077 -1.131900 0.121600 -0.183077
105050078 -1.130723 0.121600 -0.187937
105050079 -1.129547 0.121600 -0.192796
105050080 -1.128371 0.121600 -0.197656
105050081 -1.127194 0.121600 -0.202516
105050082 -1.126018 0.121600 -0.207375
105050083 -1.124842 0.121600 -0.212235
105050084 -1.123665 0.121600 -0.217095
105050085 -1.122489 0.121600 -0.221954
105050086 -1.121313 0.121600 -0.226814
105050087 -1.120136 0.121600 -0.231674
105050088 -1.118960 0.121600 -0.236533
105050089 -1.117784 0.121600 -0.241393
105050090 -1.116607 0.121600 -0.246253
105050091 -1.115431 0.121600 -0.251112
105050092 -1.114255 0.121600 -0.255972
105050093 -1.113078 0.121600 -0.260831
105050094 -1.111902 0.121600 -0.265691
105050095 -1.110726 0.121600 -0.270551
105050096 -1.109549 0.121600 -0.275410
105050097 -1.108373 0.121600 -0.280270
105050098 -1.107197 0.121600 -0.285130
105050099 -1.106020 0.121600 -0.289989
105050100 -1.104844 0.121600 -0.294849
105050101 -1.221301 0.148000 0.186257
105050102 -1.220124 0.148000 0.181397
105050103 -1.218948 0.148000 0.176537
105050104 -1.217772 0.148000 0.171678
105050105 -1.216595 0.148000 0.166818
105050106 -1.215419 0.148000 0.161959
105050107 -1.214243 0.148000 0.157099
105050108 -1.213066 0.148000 0.152239
105050109 -1.211890 0.148000 0.147380
105050110 -1.210714 0.148000 0.142520
105050111 -1.209537 0.148000 0.137660
105050112 -1.208361 0.148000 0.132801
105050113 -1.207185 0.148000 0.127941
105050114 -1.206008 0.148000 0.123081
105050115 -1.204832 0.148000 0.118222
105050116 -1.203656 0.148000 0.113362
105050117 -1.202479 0.148000 0.108502
105050118 -1.201303 0.148000 0.103643
105050119 -1.200127 0.148000 0.098783
105050120 -1.198950 0.148000 0.093923
105050121 -1.197774 0.148000 0.089064
105050122 -1.196598 0.148000 0.084204
105050123 -1.195421 0.148000 0.079344
105050124 -1.194245 0.148000 0.074485
105050125 -1.193069 0.148000 0.069625
105050126 -1.191892 0.148000 0.064765
105050127 -1.190716 0.148000 0.059906
105050128 -1.189540 0.148000 0.055046
105050129 -1.188363 0.148000 0.050186
105050130 -1.187187 0.148000 0.045327
105050131 -1.186011 0.148000 0.040467
105050132 -1.184834 0.148000 0.035607
105050133 -1.183658 0.148000 0.030748
105050134 -1.182482 0.148000 0.025888
105050135 -1.181305 0.148000 0.021029
105050136 -1.180129 0.148000 0.016169
105050137 -1.178953 0.148000 0.011309
105050138 -1.177776 0.148000 0.006450
105050139 -1.176600 0.148000 0.001590
105050140 -1.175424 0.148000 -0.003270
105050141 -1.174247 0.148000 -0.008129
105050142 -1.173071 0.148000 -0.012989
105050143 -1.171895 0.148000 -0.017849
105050144 -1.170718 0.148000 -0.022708
105050145 -1.169542 0.148000 -0.027568
105050146 -1.168366 0.148000 -0.032428
105050147 -1.167189 0.148000 -0.037287
105050148 -1.166013 0.148000 -0.042147
105050149 -1.164837 0.148000 -0.047007
105050150 -1.163660 0.148000 -0.051866
105050151 -1.162484 0.148000 -0.056726
105050152 -1.161308 0.148000 -0.061586
105050153 -1.160131 0.148000 -0.066445
105050154 -1.158955 0.148000 -0.071305
105050155 -1.157779 0.148000 -0.076165
105050156 -1.156602 0.148000 -0.081024
105050157 -1.155426 0.148000 -0.085884
105050158 -1.154250 0.148000 -0.090744
105050159 -1.153073 0.148000 -0.095603
105050160 -1.151897 0.148000 -0.100463
105050161 -1.150721 0.148000 -0.105323
105050162 -1.149544 0.148000 -0.110182
105050163 -1.148368 0.148000 -0.115042
105050164 -1.147192 0.148000 -0.119901
105050165 -1.146015 0.148000 -0.124761
105050166 -1.144839 0.148000 -0.129621
105050167 -1.143663 0.148000 -0.134480
105050168 -1.142487 0.148000 -0.139340
105050169 -1.141310 0.148000 -0.144200
105050170 -1.140134 0.148000 -0.149059
105050171 -1.138958 0.148000 -0.153919
105050172 -1.137781 0.148000 -0.158779
105050173 -1.136605 0.148000 -0.163638
105050174 -1.135429 0.148000 -0.168498
105050175 -1.134252 0.148000 -0.173358
105050176 -1.133076 0.148000 -0.178217
105050177 -1.131900 0.148000 -0.183077
105050178 -1.130723 0.148000 -0.187937
105050179 -1.129547 0.148000 -0.192796
105050180 -1.128371 0.148000 -0.197656
105050181 -1.127194 0.148000 -0.202516
105050182 -1.126018 0.148000 -0.207375
105050183 -1.124842 0.148000 -0.212235
105050184 -1.123665 0.148000 -0.217095
105050185 -1.122489 0.148000 -0.221954
105050186 -1.121313 0.148000 -0.226814
105050187 -1.120136 0.148000 -0.231674
105050188 -1.118960 0.148000 -0.236533
105050189 -1.117784 0.148000 -0.241393
105050190 -1.116607 0.148000 -0.246253
105050191 -1.115431 0.148000 -0.251112
105050192 -1.114255 0.148000 -0.255972
105050193 -1.113078 0.148000 -0.260831
105050194 -1.111902 0.148000 -0.265691
105050195 -1.110726 0.148000 -0.270551
105050196 -1.109549 0.148000 -0.275410
105050197 -1.108373 0.148000 -0.280270
105050198 -1.107197 0.148000 -0.285130
105050199 -1.106020 0.148000 -0.289989
105050200 -1.104844 0.148000 -0.294849
105050201 -1.221301 0.174400 0.186257
105050202 -1.220124 0.174400 0.181397
105050203 -1.218948 0.174400 0.176537
105050204 -1.217772 0.174400 0.171678
105050205 -1.216595 0.174400 0.166818
105050206 -1.215419 0.174400 0.161959
105050207 -1.214243 0.174400 0.157099
105050208 -1.213066 0.174400 0.152239
105050209 -1.211890 0.174400 0.147380
105050210 -1.210714 0.174400 0.142520
105050211 -1.209537 0.174400 0.137660
105050212 -1.208361 0.174400 0.132801
105050213 -1.207185 0.174400 0.127941
105050214 -1.206008 0.174400 0.123081
105050215 -1.204832 0.174400 0.118222
105050216 -1.203656 0.174400 0.113362
105050217 -1.202479 0.174400 0.108502
105050218 -1.201303 0.174400 0.103643
105050219 -1.200127 0.174400 0.098783
105050220 -1.198950 0.174400 0.093923
105050221 -1.197774 0.174400 0.089064
105050222 -1.196598 0.174400 0.084204
105050223 -1.195421 0.174400 0.079344
105050224 -1.194245 0.174400 0.074485
105050225 -1.193069 0.174400 0.069625
105050226 -1.191892 0.174400 0.064765
105050227 -1.190716 0.174400 0.059906
105050228 -1.189540 0.174400 0.055046
105050229 -1.188363 0.174400 0.050186
105050230 -1.187187 0.174400 0.045327
105050231 -1.186011 0.174400 0.040467
105050232 -1.184834 0.174400 0.035607
105050233 -1.183658 0.174400 0.030748
105050234 -1.182482 0.174400 0.025888
105050235 -1.181305 0.174400 0.021029
105050236 -1.180129 0.174400 0.016169
105050237 -1.178953 0.174400 0.011309
105050238 -1.177776 0.174400 0.006450
105050239 -1.176600 0.174400 0.001590
105050240 -1.175424 0.174400 -0.003270
105050241 -1.174247 0.174400 -0.008129
105050242 -1.173071 0.174400 -0.012989
105050243 -1.171895 0.174400 -0.017849
105050244 -1.170718 0.174400 -0.022708
105050245 -1.169542 0.174400 -0.027568
105050246 -1.168366 0.174400 -0.032428
105050247 -1.167189 0.174400 -0.037287
105050248 -1.166013 0.174400 -0.042147
105050249 -1.164837 0.174400 -0.047007
105050250 -1.163660 0.174400 -0.051866
105050251 -1.162484 0.174400 -0.056726
105050252 -1.161308 0.174400 -0.061586
105050253 -1.160131 0.174400 -0.066445
105050254 -1.158955 0.174400 -0.071305
105050255 -1.157779 0.174400 -0.076165
105050256 -1.156602 0.174400 -0.081024
105050257 -1.155426 0.174400 -0.085884
105050258 -1.154250 0.174400 -0.090744
105050259 -1.153073 0.174400 -0.095603
105050260 -1.151897 0.174400 -0.100463
105050261 -1.150721 0.174400 -0.105323
105050262 -1.149544 0.174400 -0.110182
105050263 -1.148368 0.174400 -0.115042
105050264 -1.147192 0.174400 -0.119901
105050265 -1.146015 0.174400 -0.124761
105050266 -1.144839 0.174400 -0.129621
105050267 -1.143663 0.174400 -0.134480
105050268 -1.142487 0.174400 -0.139340
105050269 -1.141310 0.174400 -0.144200
105050270 -1.140134 0.174400 -0.149059
105050271 -1.138958 0.174400 -0.153919
105050272 -1.137781 0.174400 -0.158779
105050273 -1.136605 0.174400 -0.163638
105050274 -1.135429 0.174400 -0.168498
105050275 -1.134252 0.174400 -0.173358
105050276 -1.133076 0.174400 -0.178217
105050277 -1.131900 0.174400 -0.183077
105050278 -1.130723 0.174400 -0.187937
105050279 -1.129547 0.174400 -0.192796
105050280 -1.128371 0.174400 -0.197656
105050281 -1.127194 0.174400 -0.202516
105050282 -1.126018 0.174400 -0.207375
105050283 -1.124842 0.174400 -0.212235
105050284 -1.123665 0.174400 -0.217095
105050285 -1.122489 0.174400 -0.221954
105050286 -1.121313 0.174400 -0.226814
105050287 -1.120136 0.174400 -0.231674
105050288 -1.118960 0.174400 -0.236533
105050289 -1.117784 0.174400 -0.241393
105050290 -1.116607 0.174400 -0.246253
105050291 -1.115431 0.174400 -0.251112
105050292 -1.114255 0.174400 -0.255972
105050293 -1.113078 0.174400 -0.260831
105050294 -1.111902 0.174400 -0.265691
105050295 -1.110726 0.174400 -0.270551
105050296 -1.109549 0.174400 -0.275410
105050297 -1.108373 0.174400 -0.280270
105050298 -1.107197 0.174400 -0.285130
105050299 -1.106020 0.174400 -0.289989
105050300 -1.104844 0.174400 -0.294849
105050301 -1.221301 0.200800 0.186257
105050302 -1.220124 0.200800 0.181397
105050303 -1.218948 0.200800 0.176537
105050304 -1.217772 0.200800 0.171678
105050305 -1.216595 0.200800 0.166818
105050306 -1.215419 0.200800 0.161959
105050307 -1.214243 0.200800 0.157099
105050308 -1.213066 0.200800 0.152239
105050309 -1.211890 0.200800 0.147380
105050310 -1.210714 0.200800 0.142520
105050311 -1.209537 0.200800 0.137660
105050312 -1.208361 0.200800 0.132801
105050313 -1.207185 0.200800 0.127941
105050314 -1.206008 0.200800 0.123081
105050315 -1.204832 0.200800 0.118222
105050316 -1.203656 0.200800 0.113362
105050317 -1.202479 0.200800 0.108502
105050318 -1.201303 0.200800 0.103643
105050319 -1.200127 0.200800 0.098783
105050320 -1.198950 0.200800 0.093923
105050321 -1.197774 0.200800 0.089064
105050322 -1.196598 0.200800 0.084204
105050323 -1.195421 0.200800 0.079344
105050324 -1.194245 0.200800 0.074485
105050325 -1.193069 0.200800 0.069625
105050326 -1.191892 0.200800 0.064765
105050327 -1.190716 0.200800 0.059906
105050328 -1.189540 0.200800 0.055046
105050329 -1.188363 0.200800 0.050186
105050330 -1.187187 0.200800 0.045327
105050331 -1.186011 0.200800 0.040467
105050332 -1.184834 0.200800 0.035607
105050333 -1.183658 0.200800 0.030748
105050334 -1.182482 0.200800 0.025888
105050335 -1.181305 0.200800 0.021029
105050336 -1.180129 0.200800 0.016169
105050337 -1.178953 0.200800 0.011309
105050338 -1.177776 0.200800 0.006450
105050339 -1.176600 0.200800 0.001590
105050340 -1.175424 0.200800 -0.003270
105050341 -1.174247 0.200800 -0.008129
105050342 -1.173071 0.200800 -0.012989
105050343 -1.171895 0.200800 -0.017849
105050344 -1.170718 0.200800 -0.022708
105050345 -1.169542 0.200800 -0.027568
105050346 -1.168366 0.200800 -0.032428
105050347 -1.167189 0.200800 -0.037287
105050348 -1.166013 0.200800 -0.042147
105050349 -1.164837 0.200800 -0.047007
105050350 -1.163660 0.200800 -0.051866
105050351 -1.162484 0.200800 -0.056726
105050352 -1.161308 0.200800 -0.061586
105050353 -1.160131 0.200800 -0.066445
105050354 -1.158955 0.200800 -0.071305
105050355 -1.157779 0.200800 -0.076165
105050356 -1.156602 0.200800 -0.081024
105050357 -1.155426 0.200800 -0.085884
105050358 -1.154250 0.200800 -0.090744
105050359 -1.153073 0.200800 -0.095603
105050360 -1.151897 0.200800 -0.100463
105050361 -1.150721 0.200800 -0.105323
105050362 -1.149544 0.200800 -0.110182
105050363 -1.148368 0.200800 -0.115042
105050364 -1.147192 0.200800 -0.119901
105050365 -1.146015 0.200800 -0.124761
105050366 -1.144839 0.200800 -0.129621
105050367 -1.143663 0.200800 -0.134480
105050368 -1.142487 0.200800 -0.139340
105050369 -1.141310 0.200800 -0.144200
105050370 -1.140134 0.200800 -0.149059
105050371 -1.138958 0.200800 -0.153919
105050372 -1.137781 0.200800 -0.158779
105050373 -1.136605 0.200800 -0.163638
105050374 -1.135429 0.200800 -0.168498
105050375 -1.134252 0.200800 -0.173358
105050376 -1.133076 0.200800 -0.178217
105050377 -1.131900 0.200800 -0.183077
105050378 -1.130723 0.200800 -0.187937
105050379 -1.129547 0.200800 -0.192796
105050380 -1.128371 0.200800 -0.197656
105050381 -1.127194 0.200800 -0.202516
105050382 -1.126018 0.200800 -0.207375
105050383 -1.124842 0.200800 -0.212235
105050384 -1.123665 0.200800 -0.217095
105050385 -1.122489 0.200800 -0.221954
105050386 -1.121313 0.200800 -0.226814
105050387 -1.120136 0.200800 -0.231674
105050388 -1.118960 0.200800 -0.236533
105050389 -1.117784 0.200800 -0.241393
105050390 -1.116607 0.200800 -0.246253
105050391 -1.115431 0.200800 -0.251112
105050392 -1.114255 0.200800 -0.255972
105050393 -1.113078 0.200800 -0.260831
105050394 -1.111902 0.200800 -0.265691
105050395 -1.110726 0.200800 -0.270551
105050396 -1.109549 0.200800 -0.275410
105050397 -1.108373 0.200800 -0.280270
105050398 -1.107197 0.200800 -0.285130
105050399 -1.106020 0.200800 -0.289989
105050400 -1.104844 0.200800 -0.294849
105050401 -1.221301 0.227200 0.186257
105050402 -1.220124 0.227200 0.181397
105050403 -1.218948 0.227200 0.176537
105050404 -1.217772 0.227200 0.171678
105050405 -1.216595 0.227200 0.166818
105050406 -1.215419 0.227200 0.161959
105050407 -1.214243 0.227200 0.157099
105050408 -1.213066 0.227200 0.152239
105050409 -1.211890 0.227200 0.147380
105050410 -1.210714 0.227200 0.142520
105050411 -1.209537 0.227200 0.137660
105050412 -1.208361 0.227200 0.132801
105050413 -1.207185 0.227200 0.127941
105050414 -1.206008 0.227200 0.123081
105050415 -1.204832 0.227200 0.118222
105050416 -1.203656 0.227200 0.113362
105050417 -1.202479 0.227200 0.108502
105050418 -1.201303 0.227200 0.103643
105050419 -1.200127 0.227200 0.098783
105050420 -1.198950 0.227200 0.093923
105050421 -1.197774 0.227200 0.089064
105050422 -1.196598 0.227200 0.084204
105050423 -1.195421 0.227200 0.079344
105050424 -1.194245 0.227200 0.074485
105050425 -1.193069 0.227200 0.069625
105050426 -1.191892 0.227200 0.064765
105050427 -1.190716 0.227200 0.059906
105050428 -1.189540 0.227200 0.055046
105050429 -1.188363 0.227200 0.050186
105050430 -1.187187 0.227200 0.045327
105050431 -1.186011 0.227200 0.040467
105050432 -1.184834 0.227200 0.035607
105050433 -1.183658 0.227200 0.030748
105050434 -1.182482 0.227200 0.025888
105050435 -1.181305 0.227200 0.021029
105050436 -1.180129 0.227200 0.016169
105050437 -1.178953 0.227200 0.011309
105050438 -1.177776 0.227200 0.006450
105050439 -1.176600 0.227200 0.001590
105050440 -1.175424 0.227200 -0.003270
105050441 -1.174247 0.227200 -0.008129
105050442 -1.173071 0.227200 -0.012989
105050443 -1.171895 0.227200 -0.017849
105050444 -1.170718 0.227200 -0.022708
105050445 -1.169542 0.227200 -0.027568
105050446 -1.168366 0.227200 -0.032428
105050447 -1.167189 0.227200 -0.037287
105050448 -1.166013 0.227200 -0.042147
105050449 -1.164837 0.227200 -0.047007
105050450 -1.163660 0.227200 -0.051866
105050451 -1.162484 0.227200 -0.056726
105050452 -1.161308 0.227200 -0.061586
105050453 -1.160131 0.227200 -0.066445
105050454 -1.158955 0.227200 -0.071305
105050455 -1.157779 0.227200 -0.076165
105050456 -1.156602 0.227200 -0.081024
105050457 -1.155426 0.227200 -0.085884
105050458 -1.154250 0.227200 -0.090744
105050459 -1.153073 0.227200 -0.095603
105050460 -1.151897 0.227200 -0.100463
105050461 -1.150721 0.227200 -0.105323
105050462 -1.149544 0.227200 -0.110182
105050463 -1.148368 0.227200 -0.115042
105050464 -1.147192 0.227200 -0.119901
105050465 -1.146015 0.227200 -0.124761
105050466 -1.144839 0.227200 -0.129621
105050467 -1.143663 0.227200 -0.134480
105050468 -1.142487 0.227200 -0.139340
105050469 -1.141310 0.227200 -0.144200
105050470 -1.140134 0.227200 -0.149059
105050471 -1.138958 0.227200 -0.153919
105050472 -1.137781 0.227200 -0.158779
105050473 -1.136605 0.227200 -0.163638
105050474 -1.135429 0.227200 -0.168498
105050475 -1.134252 0.227200 -0.173358
105050476 -1.133076 0.227200 -0.178217
105050477 -1.131900 0.227200 -0.183077
105050478 -1.130723 0.227200 -0.187937
105050479 -1.129547 0.227200 -0.192796
105050480 -1.128371 0.227200 -0.197656
105050481 -1.127194 0.227200 -0.202516
105050482 -1.126018 0.227200 -0.207375
105050483 -1.124842 0.227200 -0.212235
105050484 -1.123665 0.227200 -0.217095
105050485 -1.122489 0.227200 -0.221954
105050486 -1.121313 0.227200 -0.226814
105050487 -1.120136 0.227200 -0.231674
105050488 -1.118960 0.227200 -0.236533
105050489 -1.117784 0.227200 -0.241393
105050490 -1.116607 0.227200 -0.246253
105050491 -1.115431 0.227200 -0.251112
105050492 -1.114255 0.227200 -0.255972
105050493 -1.113078 0.227200 -0.260831
105050494 -1.111902 0.227200 -0.265691
105050495 -1.110726 0.227200 -0.270551
105050496 -1.109549 0.227200 -0.275410
105050497 -1.108373 0.227200 -0.280270
105050498 -1.107197 0.227200 -0.285130
105050499 -1.106020 0.227200 -0.289989
105050500 -1.104844 0.227200 -0.294849
105050501 -1.221301 0.253600 0.186257
105050502 -1.220124 0.253600 0.181397
105050503 -1.218948 0.253600 0.176537
105050504 -1.217772 0.253600 0.171678
105050505 -1.216595 0.253600 0.166818
105050506 -1.215419 0.253600 0.161959
105050507 -1.214243 0.253600 0.157099
105050508 -1.213066 0.253600 0.152239
105050509 -1.211890 0.253600 0.147380
105050510 -1.210714 0.253600 0.142520
105050511 -1.209537 0.253600 0.137660
105050512 -1.208361 0.253600 0.132801
105050513 -1.207185 0.253600 0.127941
105050514 -1.206008 0.253600 0.123081
105050515 -1.204832 0.253600 0.118222
105050516 -1.203656 0.253600 0.113362
105050517 -1.202479 0.253600 0.108502
105050518 -1.201303 0.253600 0.103643
105050519 -1.200127 0.253600 0.098783
105050520 -1.198950 0.253600 0.093923
105050521 -1.197774 0.253600 0.089064
105050522 -1.196598 0.253600 0.084204
105050523 -1.195421 0.253600 0.079344
105050524 -1.194245 0.253600 0.074485
105050525 -1.193069 0.253600 0.069625
105050526 -1.191892 0.253600 0.064765
105050527 -1.190716 0.253600 0.059906
105050528 -1.189540 0.253600 0.055046
105050529 -1.188363 0.253600 0.050186
105050530 -1.187187 0.253600 0.045327
105050531 -1.186011 0.253600 0.040467
105050532 -1.184834 0.253600 0.035607
105050533 -1.183658 0.253600 0.030748
105050534 -1.182482 0.253600 0.025888
105050535 -1.181305 0.253600 0.021029
105050536 -1.180129 0.253600 0.016169
105050537 -1.178953 0.253600 0.011309
105050538 -1.177776 0.253600 0.006450
105050539 -1.176600 0.253600 0.001590
105050540 -1.175424 0.253600 -0.003270
105050541 -1.174247 0.253600 -0.008129
105050542 -1.173071 0.253600 -0.012989
105050543 -1.171895 0.253600 -0.017849
105050544 -1.170718 0.253600 -0.022708
105050545 -1.169542 0.253600 -0.027568
105050546 -1.168366 0.253600 -0.032428
105050547 -1.167189 0.253600 -0.037287
105050548 -1.166013 0.253600 -0.042147
105050549 -1.164837 0.253600 -0.047007
105050550 -1.163660 0.253600 -0.051866
105050551 -1.162484 0.253600 -0.056726
105050552 -1.161308 0.253600 -0.061586
105050553 -1.160131 0.253600 -0.066445
105050554 -1.158955 0.253600 -0.071305
105050555 -1.157779 0.253600 -0.076165
105050556 -1.156602 0.253600 -0.081024
105050557 -1.155426 0.253600 -0.085884
105050558 -1.154250 0.253600 -0.090744
105050559 -1.153073 0.253600 -0.095603
105050560 -1.151897 0.253600 -0.100463
105050561 -1.150721 0.253600 -0.105323
105050562 -1.149544 0.253600 -0.110182
105050563 -1.148368 0.253600 -0.115042
105050564 -1.147192 0.253600 -0.119901
105050565 -1.146015 0.253600 -0.124761
105050566 -1.144839 0.253600 -0.129621
105050567 -1.143663 0.253600 -0.134480
105050568 -1.142487 0.253600 -0.139340
105050569 -1.141310 0.253600 -0.144200
105050570 -1.140134 0.253600 -0.149059
105050571 -1.138958 0.253600 -0.153919
105050572 -1.137781 0.253600 -0.158779
105050573 -1.136605 0.253600 -0.163638
105050574 -1.135429 0.253600 -0.168498
105050575 -1.134252 0.253600 -0.173358
105050576 -1.133076 0.253600 -0.178217
105050577 -1.131900 0.253600 -0.183077
105050578 -1.130723 0.253600 -0.187937
105050579 -1.129547 0.253600 -0.192796
105050580 -1.128371 0.253600 -0.197656
105050581 -1.127194 0.253600 -0.202516
105050582 -1.126018 0.253600 -0.207375
105050583 -1.124842 0.253600 -0.212235
105050584 -1.123665 0.253600 -0.217095
105050585 -1.122489 0.253600 -0.221954
105050586 -1.121313 0.253600 -0.226814
105050587 -1.120136 0.253600 -0.231674
105050588 -1.118960 0.253600 -0.236533
105050589 -1.117784 0.253600 -0.241393
105050590 -1.116607 0.253600 -0.246253
105050591 -1.115431 0.253600 -0.251112
105050592 -1.114255 0.253600 -0.255972
105050593 -1.113078 0.253600 -0.260831
105050594 -1.111902 0.253600 -0.265691
105050595 -1.110726 0.253600 -0.270551
105050596 -1.109549 0.253600 -0.275410
105050597 -1.108373 0.253600 -0.280270
105050598 -1.107197 0.253600 -0.285130
105050599 -1.106020 0.253600 -0.289989
105050600 -1.104844 0.253600 -0.294849
105050601 -1.221301 0.280000 0.186257
105050602 -1.220124 0.280000 0.181397
105050603 -1.218948 0.280000 0.176537
105050604 -1.217772 0.280000 0.171678
105050605 -1.216595 0.280000 0.166818
105050606 -1.215419 0.280000 0.161959
105050607 -1.214243 0.280000 0.157099
105050608 -1.213066 0.280000 0.152239
105050609 -1.211890 0.280000 0.147380
105050610 -1.210714 0.280000 0.142520
105050611 -1.209537 0.280000 0.137660
105050612 -1.208361 0.280000 0.132801
105050613 -1.207185 0.280000 0.127941
105050614 -1.206008 0.280000 0.123081
105050615 -1.204832 0.280000 0.118222
105050616 -1.203656 0.280000 0.113362
105050617 -1.202479 0.280000 0.108502
105050618 -1.201303 0.280000 0.103643
105050619 -1.200127 0.280000 0.098783
105050620 -1.198950 0.280000 0.093923
105050621 -1.197774 0.280000 0.089064
105050622 -1.196598 0.280000 0.084204
105050623 -1.195421 0.280000 0.079344
105050624 -1.194245 0.280000 0.074485
105050625 -1.193069 0.280000 0.069625
105050626 -1.191892 0.280000 0.064765
105050627 -1.190716 0.280000 0.059906
105050628 -1.189540 0.280000 0.055046
105050629 -1.188363 0.280000 0.050186
105050630 -1.187187 0.280000 0.045327
105050631 -1.186011 0.280000 0.040467
105050632 -1.184834 0.280000 0.035607
105050633 -1.183658 0.280000 0.030748
105050634 -1.182482 0.280000 0.025888
105050635 -1.181305 0.280000 0.021029
105050636 -1.180129 0.280000 0.016169
105050637 -1.178953 0.280000 0.011309
105050638 -1.177776 0.280000 0.006450
105050639 -1.176600 0.280000 0.001590
105050640 -1.175424 0.280000 -0.003270
105050641 -1.174247 0.280000 -0.008129
105050642 -1.173071 0.280000 -0.012989
105050643 -1.171895 0.280000 -0.017849
105050644 -1.170718 0.280000 -0.022708
105050645 -1.169542 0.280000 -0.027568
105050646 -1.168366 0.280000 -0.032428
105050647 -1.167189 0.280000 -0.037287
105050648 -1.166013 0.280000 -0.042147
105050649 -1.164837 0.280000 -0.047007
105050650 -1.163660 0.280000 -0.051866
105050651 -1.162484 0.280000 -0.056726
105050652 -1.161308 0.280000 -0.061586
105050653 -1.160131 0.280000 -0.066445
105050654 -1.158955 0.280000 -0.071305
105050655 -1.157779 0.280000 -0.076165
105050656 -1.156602 0.280000 -0.081024
105050657 -1.155426 0.280000 -0.085884
105050658 -1.154250 0.280000 -0.090744
105050659 -1.153073 0.280000 -0.095603
105050660 -1.151897 0.280000 -0.100463
105050661 -1.150721 0.280000 -0.105323
105050662 -1.149544 0.280000 -0.110182
105050663 -1.148368 0.280000 -0.115042
105050664 -1.147192 0.280000 -0.119901
105050665 -1.146015 0.280000 -0.124761
105050666 -1.144839 0.280000 -0.129621
105050667 -1.143663 0.280000 -0.134480
105050668 -1.142487 0.280000 -0.139340
105050669 -1.141310 0.280000 -0.144200
105050670 -1.140134 0.280000 -0.149059
105050671 -1.138958 0.280000 -0.153919
105050672 -1.137781 0.280000 -0.158779
105050673 -1.136605 0.280000 -0.163638
105050674 -1.135429 0.280000 -0.168498
105050675 -1.134252 0.280000 -0.173358
105050676 -1.133076 0.280000 -0.178217
105050677 -1.131900 0.280000 -0.183077
105050678 -1.130723 0.280000 -0.187937
105050679 -1.129547 0.280000 -0.192796
105050680 -1.128371 0.280000 -0.197656
105050681 -1.127194 0.280000 -0.202516
105050682 -1.126018 0.280000 -0.207375
105050683 -1.124842 0.280000 -0.212235
105050684 -1.123665 0.280000 -0.217095
105050685 -1.122489 0.280000 -0.221954
105050686 -1.121313 0.280000 -0.226814
105050687 -1.120136 0.280000 -0.231674
105050688 -1.118960 0.280000 -0.236533
105050689 -1.117784 0.280000 -0.241393
105050690 -1.116607 0.280000 -0.246253
105050691 -1.115431 0.280000 -0.251112
105050692 -1.114255 0.280000 -0.255972
105050693 -1.113078 0.280000 -0.260831
105050694 -1.111902 0.280000 -0.265691
105050695 -1.110726 0.280000 -0.270551
105050696 -1.109549 0.280000 -0.275410
105050697 -1.108373 0.280000 -0.280270
105050698 -1.107197 0.280000 -0.285130
105050699 -1.106020 0.280000 -0.289989
105050700 -1.104844 0.280000 -0.294849
105050701 -1.221301 0.306400 0.186257
105050702 -1.220124 0.306400 0.181397
105050703 -1.218948 0.306400 0.176537
105050704 -1.217772 0.306400 0.171678
105050705 -1.216595 0.306400 0.166818
105050706 -1.215419 0.306400 0.161959
105050707 -1.214243 0.306400 0.157099
105050708 -1.213066 0.306400 0.152239
105050709 -1.211890 0.306400 0.147380
105050710 -1.210714 0.306400 0.142520
105050711 -1.209537 0.306400 0.137660
105050712 -1.208361 0.306400 0.132801
105050713 -1.207185 0.306400 0.127941
105050714 -1.206008 0.306400 0.123081
105050715 -1.204832 0.306400 0.118222
105050716 -1.203656 0.306400 0.113362
105050717 -1.202479 0.306400 0.108502
105050718 -1.201303 0.306400 0.103643
105050719 -1.200127 0.306400 0.098783
105050720 -1.198950 0.306400 0.093923
105050721 -1.197774 0.306400 0.089064
105050722 -1.196598 0.306400 0.084204
105050723 -1.195421 0.306400 0.079344
105050724 -1.194245 0.306400 0.074485
105050725 -1.193069 0.306400 0.069625
105050726 -1.191892 0.306400 0.064765
105050727 -1.190716 0.306400 0.059906
105050728 -1.189540 0.306400 0.055046
105050729 -1.188363 0.306400 0.050186
105050730 -1.187187 0.306400 0.045327
105050731 -1.186011 0.306400 0.040467
105050732 -1.184834 0.306400 0.035607
105050733 -1.183658 0.306400 0.030748
105050734 -1.182482 0.306400 0.025888
105050735 -1.181305 0.306400 0.021029
105050736 -1.180129 0.306400 0.016169
105050737 -1.178953 0.306400 0.011309
105050738 -1.177776 0.306400 0.006450
105050739 -1.176600 0.306400 0.001590
105050740 -1.175424 0.306400 -0.003270
105050741 -1.174247 0.306400 -0.008129
105050742 -1.173071 0.306400 -0.012989
105050743 -1.171895 0.306400 -0.017849
105050744 -1.170718 0.306400 -0.022708
105050745 -1.169542 0.306400 -0.027568
105050746 -1.168366 0.306400 -0.032428
105050747 -1.167189 0.306400 -0.037287
105050748 -1.166013 0.306400 -0.042147
105050749 -1.164837 0.306400 -0.047007
105050750 -1.163660 0.306400 -0.051866
105050751 -1.162484 0.306400 -0.056726
105050752 -1.161308 0.306400 -0.061586
105050753 -1.160131 0.306400 -0.066445
105050754 -1.158955 0.306400 -0.071305
105050755 -1.157779 0.306400 -0.076165
105050756 -1.156602 0.306400 -0.081024
105050757 -1.155426 0.306400 -0.085884
105050758 -1.154250 0.306400 -0.090744
105050759 -1.153073 0.306400 -0.095603
105050760 -1.151897 0.306400 -0.100463
105050761 -1.150721 0.306400 -0.105323
105050762 -1.149544 0.306400 -0.110182
105050763 -1.148368 0.306400 -0.115042
105050764 -1.147192 0.306400 -0.119901
105050765 -1.146015 0.306400 -0.124761
105050766 -1.144839 0.306400 -0.129621
105050767 -1.143663 0.306400 -0.134480
105050768 -1.142487 0.306400 -0.139340
105050769 -1.141310 0.306400 -0.144200
105050770 -1.140134 0.306400 -0.149059
105050771 -1.138958 0.306400 -0.153919
105050772 -1.137781 0.306400 -0.158779
105050773 -1.136605 0.306400 -0.163638
105050774 -1.135429 0.306400 -0.168498
105050775 -1.134252 0.306400 -0.173358
105050776 -1.133076 0.306400 -0.178217
105050777 -1.131900 0.306400 -0.183077
105050778 -1.130723 0.306400 -0.187937
105050779 -1.129547 0.306400 -0.192796
105050780 -1.128371 0.306400 -0.197656
105050781 -1.127194 0.306400 -0.202516
105050782 -1.126018 0.306400 -0.207375
105050783 -1.124842 0.306400 -0.212235
105050784 -1.123665 0.306400 -0.217095
105050785 -1.122489 0.306400 -0.221954
105050786 -1.121313 0.306400 -0.226814
105050787 -1.120136 0.306400 -0.231674
105050788 -1.118960 0.306400 -0.236533
105050789 -1.117784 0.306400 -0.241393
105050790 -1.116607 0.306400 -0.246253
105050791 -1.115431 0.306400 -0.251112
105050792 -1.114255 0.306400 -0.255972
105050793 -1.113078 0.306400 -0.260831
105050794 -1.111902 0.306400 -0.265691
105050795 -1.110726 0.306400 -0.270551
105050796 -1.109549 0.306400 -0.275410
105050797 -1.108373 0.306400 -0.280270
105050798 -1.107197 0.306400 -0.285130
105050799 -1.106020 0.306400 -0.289989
105050800 -1.104844 0.306400 -0.294849
