112030001 1.212052 -0.199400 1.324417
112030002 1.210677 -0.199400 1.329224
112030003 1.209302 -0.199400 1.334031
112030004 1.207927 -0.199400 1.338838
112030005 1.206551 -0.199400 1.343645
112030006 1.205176 -0.199400 1.348452
112030007 1.203801 -0.199400 1.353260
112030008 1.202425 -0.199400 1.358067
112030009 1.201050 -0.199400 1.362874
112030010 1.199675 -0.199400 1.367681
112030011 1.198299 -0.199400 1.372488
112030012 1.196924 -0.199400 1.377295
112030013 1.195549 -0.199400 1.382102
112030014 1.194173 -0.199400 1.386909
112030015 1.192798 -0.199400 1.391717
112030016 1.191423 -0.199400 1.396524
112030017 1.190047 -0.199400 1.401331
112030018 1.188672 -0.199400 1.406138
112030019 1.187297 -0.199400 1.410945
112030020 1.185921 -0.199400 1.415752
112030021 1.184546 -0.199400 1.420559
112030022 1.183171 -0.199400 1.425366
112030023 1.181795 -0.199400 1.430174
112030024 1.180420 -0.199400 1.434981
112030025 1.179045 -0.199400 1.439788
112030026 1.177669 -0.199400 1.444595
112030027 1.176294 -0.199400 1.449402
112030028 1.174919 -0.199400 1.454209
112030029 1.173543 -0.199400 1.459016
112030030 1.172168 -0.199400 1.463824
112030031 1.170793 -0.199400 1.468631
112030032 1.169417 -0.199400 1.473438
112030033 1.168042 -0.199400 1.478245
112030034 1.166667 -0.199400 1.483052
112030035 1.165291 -0.199400 1.487859
112030036 1.163916 -0.199400 1.492666
112030037 1.162541 -0.199400 1.497473
112030038 1.161165 -0.199400 1.502281
112030039 1.159790 -0.199400 1.507088
112030040 1.158415 -0.199400 1.511895
112030041 1.157039 -0.199400 1.516702
112030042 1.155664 -0.199400 1.521509
112030043 1.154289 -0.199400 1.526316
112030044 1.152913 -0.199400 1.531123
112030045 1.151538 -0.199400 1.535930
112030046 1.150163 -0.199400 1.540738
112030047 1.148788 -0.199400 1.545545
112030048 1.147412 -0.199400 1.550352
112030049 1.146037 -0.199400 1.555159
112030050 1.144662 -0.199400 1.559966
112030051 1.143286 -0.199400 1.564773
112030052 1.141911 -0.199400 1.569580
112030053 1.140536 -0.199400 1.574387
112030054 1.139160 -0.199400 1.579195
112030055 1.137785 -0.199400 1.584002
112030056 1.136410 -0.199400 1.588809
112030057 1.135034 -0.199400 1.593616
112030058 1.133659 -0.199400 1.598423
112030059 1.132284 -0.199400 1.603230
112030060 1.130908 -0.199400 1.608037
112030061 1.129533 -0.199400 1.612844
112030062 1.128158 -0.199400 1.617652
112030063 1.126782 -0.199400 1.622459
112030064 1.125407 -0.199400 1.627266
112030065 1.124032 -0.199400 1.632073
112030066 1.122656 -0.199400 1.636880
112030067 1.121281 -0.199400 1.641687
112030068 1.119906 -0.199400 1.646494
112030069 1.118530 -0.199400 1.651301
112030070 1.117155 -0.199400 1.656109
112030071 1.115780 -0.199400 1.660916
112030072 1.114404 -0.199400 1.665723
112030073 1.113029 -0.199400 1.670530
112030074 1.111654 -0.199400 1.675337
112030075 1.110278 -0.199400 1.680144
112030076 1.108903 -0.199400 1.684951
112030077 1.107528 -0.199400 1.689759
112030078 1.106152 -0.199400 1.694566
112030079 1.104777 -0.199400 1.699373
112030080 1.103402 -0.199400 1.704180
112030081 1.102026 -0.199400 1.708987
112030082 1.100651 -0.199400 1.713794
112030083 1.099276 -0.199400 1.718601
112030084 1.097900 -0.199400 1.723408
112030085 1.096525 -0.199400 1.728216
112030086 1.095150 -0.199400 1.733023
112030087 1.093774 -0.199400 1.737830
112030088 1.092399 -0.199400 1.742637
112030089 1.091024 -0.199400 1.747444
112030090 1.089648 -0.199400 1.752251
112030091 1.088273 -0.199400 1.757058
112030092 1.086898 -0.199400 1.761865
112030093 1.085523 -0.199400 1.766673
112030094 1.084147 -0.199400 1.771480
112030095 1.082772 -0.199400 1.776287
112030096 1.081397 -0.199400 1.781094
112030097 1.080021 -0.199400 1.785901
112030098 1.078646 -0.199400 1.790708
112030099 1.077271 -0.199400 1.795515
112030100 1.075895 -0.199400 1.800322
112030101 1.212052 -0.173000 1.324417
112030102 1.210677 -0.173000 1.329224
112030103 1.209302 -0.173000 1.334031
112030104 1.207927 -0.173000 1.338838
112030105 1.206551 -0.173000 1.343645
112030106 1.205176 -0.173000 1.348452
112030107 1.203801 -0.173000 1.353260
112030108 1.202425 -0.173000 1.358067
112030109 1.201050 -0.173000 1.362874
112030110 1.199675 -0.173000 1.367681
112030111 1.198299 -0.173000 1.372488
112030112 1.196924 -0.173000 1.377295
112030113 1.195549 -0.173000 1.382102
112030114 1.194173 -0.173000 1.386909
112030115 1.192798 -0.173000 1.391717
112030116 1.191423 -0.173000 1.396524
112030117 1.190047 -0.173000 1.401331
112030118 1.188672 -0.173000 1.406138
112030119 1.187297 -0.173000 1.410945
112030120 1.185921 -0.173000 1.415752
112030121 1.184546 -0.173000 1.420559
112030122 1.183171 -0.173000 1.425366
112030123 1.181795 -0.173000 1.430174
112030124 1.180420 -0.173000 1.434981
112030125 1.179045 -0.173000 1.439788
112030126 1.177669 -0.173000 1.444595
112030127 1.176294 -0.173000 1.449402
112030128 1.174919 -0.173000 1.454209
112030129 1.173543 -0.173000 1.459016
112030130 1.172168 -0.173000 1.463824
112030131 1.170793 -0.173000 1.468631
112030132 1.169417 -0.173000 1.473438
112030133 1.168042 -0.173000 1.478245
112030134 1.166667 -0.173000 1.483052
112030135 1.165291 -0.173000 1.487859
112030136 1.163916 -0.173000 1.492666
112030137 1.162541 -0.173000 1.497473
112030138 1.161165 -0.173000 1.502281
112030139 1.159790 -0.173000 1.507088
112030140 1.158415 -0.173000 1.511895
112030141 1.157039 -0.173000 1.516702
112030142 1.155664 -0.173000 1.521509
112030143 1.154289 -0.173000 1.526316
112030144 1.152913 -0.173000 1.531123
112030145 1.151538 -0.173000 1.535930
112030146 1.150163 -0.173000 1.540738
112030147 1.148788 -0.173000 1.545545
112030148 1.147412 -0.173000 1.550352
112030149 1.146037 -0.173000 1.555159
112030150 1.144662 -0.173000 1.559966
112030151 1.143286 -0.173000 1.564773
112030152 1.141911 -0.173000 1.569580
112030153 1.140536 -0.173000 1.574387
112030154 1.139160 -0.173000 1.579195
112030155 1.137785 -0.173000 1.584002
112030156 1.136410 -0.173000 1.588809
112030157 1.135034 -0.173000 1.593616
112030158 1.133659 -0.173000 1.598423
112030159 1.132284 -0.173000 1.603230
112030160 1.130908 -0.173000 1.608037
112030161 1.129533 -0.173000 1.612844
112030162 1.128158 -0.173000 1.617652
112030163 1.126782 -0.173000 1.622459
112030164 1.125407 -0.173000 1.627266
112030165 1.124032 -0.173000 1.632073
112030166 1.122656 -0.173000 1.636880
112030167 1.121281 -0.173000 1.641687
112030168 1.119906 -0.173000 1.646494
112030169 1.118530 -0.173000 1.651301
112030170 1.117155 -0.173000 1.656109
112030171 1.115780 -0.173000 1.660916
112030172 1.114404 -0.173000 1.665723
112030173 1.113029 -0.173000 1.670530
112030174 1.111654 -0.173000 1.675337
112030175 1.110278 -0.173000 1.680144
112030176 1.108903 -0.173000 1.684951
112030177 1.107528 -0.173000 1.689759
112030178 1.106152 -0.173000 1.694566
112030179 1.104777 -0.173000 1.699373
112030180 1.103402 -0.173000 1.704180
112030181 1.102026 -0.173000 1.708987
112030182 1.100651 -0.173000 1.713794
112030183 1.099276 -0.173000 1.718601
112030184 1.097900 -0.173000 1.723408
112030185 1.096525 -0.173000 1.728216
112030186 1.095150 -0.173000 1.733023
112030187 1.093774 -0.173000 1.737830
112030188 1.092399 -0.173000 1.742637
112030189 1.091024 -0.173000 1.747444
112030190 1.089648 -0.173000 1.752251
112030191 1.088273 -0.173000 1.757058
112030192 1.086898 -0.173000 1.761865
112030193 1.085523 -0.173000 1.766673
112030194 1.084147 -0.173000 1.771480
112030195 1.082772 -0.173000 1.776287
112030196 1.081397 -0.173000 1.781094
112030197 1.080021 -0.173000 1.785901
112030198 1.078646 -0.173000 1.790708
112030199 1.077271 -0.173000 1.795515
112030200 1.075895 -0.173000 1.800322
112030201 1.212052 -0.146600 1.324417
112030202 1.210677 -0.146600 1.329224
112030203 1.209302 -0.146600 1.334031
112030204 1.207927 -0.146600 1.338838
112030205 1.206551 -0.146600 1.343645
112030206 1.205176 -0.146600 1.348452
112030207 1.203801 -0.146600 1.353260
112030208 1.202425 -0.146600 1.358067
112030209 1.201050 -0.146600 1.362874
112030210 1.199675 -0.146600 1.367681
112030211 1.198299 -0.146600 1.372488
112030212 1.196924 -0.146600 1.377295
112030213 1.195549 -0.146600 1.382102
112030214 1.194173 -0.146600 1.386909
112030215 1.192798 -0.146600 1.391717
112030216 1.191423 -0.146600 1.396524
112030217 1.190047 -0.146600 1.401331
112030218 1.188672 -0.146600 1.406138
112030219 1.187297 -0.146600 1.410945
112030220 1.185921 -0.146600 1.415752
112030221 1.184546 -0.146600 1.420559
112030222 1.183171 -0.146600 1.425366
112030223 1.181795 -0.146600 1.430174
112030224 1.180420 -0.146600 1.434981
112030225 1.179045 -0.146600 1.439788
112030226 1.177669 -0.146600 1.444595
112030227 1.176294 -0.146600 1.449402
112030228 1.174919 -0.146600 1.454209
112030229 1.173543 -0.146600 1.459016
112030230 1.172168 -0.146600 1.463824
112030231 1.170793 -0.146600 1.468631
112030232 1.169417 -0.146600 1.473438
112030233 1.168042 -0.146600 1.478245
112030234 1.166667 -0.146600 1.483052
112030235 1.165291 -0.146600 1.487859
112030236 1.163916 -0.146600 1.492666
112030237 1.162541 -0.146600 1.497473
112030238 1.161165 -0.146600 1.502281
112030239 1.159790 -0.146600 1.507088
112030240 1.158415 -0.146600 1.511895
112030241 1.157039 -0.146600 1.516702
112030242 1.155664 -0.146600 1.521509
112030243 1.154289 -0.146600 1.526316
112030244 1.152913 -0.146600 1.531123
112030245 1.151538 -0.146600 1.535930
112030246 1.150163 -0.146600 1.540738
112030247 1.148788 -0.146600 1.545545
112030248 1.147412 -0.146600 1.550352
112030249 1.146037 -0.146600 1.555159
112030250 1.144662 -0.146600 1.559966
112030251 1.143286 -0.146600 1.564773
112030252 1.141911 -0.146600 1.569580
112030253 1.140536 -0.146600 1.574387
112030254 1.139160 -0.146600 1.579195
112030255 1.137785 -0.146600 1.584002
112030256 1.136410 -0.146600 1.588809
112030257 1.135034 -0.146600 1.593616
112030258 1.133659 -0.146600 1.598423
112030259 1.132284 -0.146600 1.603230
112030260 1.130908 -0.146600 1.608037
112030261 1.129533 -0.146600 1.612844
112030262 1.128158 -0.146600 1.617652
112030263 1.126782 -0.146600 1.622459
112030264 1.125407 -0.146600 1.627266
112030265 1.124032 -0.146600 1.632073
112030266 1.122656 -0.146600 1.636880
112030267 1.121281 -0.146600 1.641687
112030268 1.119906 -0.146600 1.646494
112030269 1.118530 -0.146600 1.651301
112030270 1.117155 -0.146600 1.656109
112030271 1.115780 -0.146600 1.660916
112030272 1.114404 -0.146600 1.665723
112030273 1.113029 -0.146600 1.670530
112030274 1.111654 -0.146600 1.675337
112030275 1.110278 -0.146600 1.680144
112030276 1.108903 -0.146600 1.684951
112030277 1.107528 -0.146600 1.689759
112030278 1.106152 -0.146600 1.694566
112030279 1.104777 -0.146600 1.699373
112030280 1.103402 -0.146600 1.704180
112030281 1.102026 -0.146600 1.708987
112030282 1.100651 -0.146600 1.713794
112030283 1.099276 -0.146600 1.718601
112030284 1.097900 -0.146600 1.723408
112030285 1.096525 -0.146600 1.728216
112030286 1.095150 -0.146600 1.733023
112030287 1.093774 -0.146600 1.737830
112030288 1.092399 -0.146600 1.742637
112030289 1.091024 -0.146600 1.747444
112030290 1.089648 -0.146600 1.752251
112030291 1.088273 -0.146600 1.757058
112030292 1.086898 -0.146600 1.761865
112030293 1.085523 -0.146600 1.766673
112030294 1.084147 -0.146600 1.771480
112030295 1.082772 -0.146600 1.776287
112030296 1.081397 -0.146600 1.781094
112030297 1.080021 -0.146600 1.785901
112030298 1.078646 -0.146600 1.790708
112030299 1.077271 -0.146600 1.795515
112030300 1.075895 -0.146600 1.800322
112030301 1.212052 -0.120200 1.324417
112030302 1.210677 -0.120200 1.329224
112030303 1.209302 -0.120200 1.334031
112030304 1.207927 -0.120200 1.338838
112030305 1.206551 -0.120200 1.343645
112030306 1.205176 -0.120200 1.348452
112030307 1.203801 -0.120200 1.353260
112030308 1.202425 -0.120200 1.358067
112030309 1.201050 -0.120200 1.362874
112030310 1.199675 -0.120200 1.367681
112030311 1.198299 -0.120200 1.372488
112030312 1.196924 -0.120200 1.377295
112030313 1.195549 -0.120200 1.382102
112030314 1.194173 -0.120200 1.386909
112030315 1.192798 -0.120200 1.391717
112030316 1.191423 -0.120200 1.396524
112030317 1.190047 -0.120200 1.401331
112030318 1.188672 -0.120200 1.406138
112030319 1.187297 -0.120200 1.410945
112030320 1.185921 -0.120200 1.415752
112030321 1.184546 -0.120200 1.420559
112030322 1.183171 -0.120200 1.425366
112030323 1.181795 -0.120200 1.430174
112030324 1.180420 -0.120200 1.434981
112030325 1.179045 -0.120200 1.439788
112030326 1.177669 -0.120200 1.444595
112030327 1.176294 -0.120200 1.449402
112030328 1.174919 -0.120200 1.454209
112030329 1.173543 -0.120200 1.459016
112030330 1.172168 -0.120200 1.463824
112030331 1.170793 -0.120200 1.468631
112030332 1.169417 -0.120200 1.473438
112030333 1.168042 -0.120200 1.478245
112030334 1.166667 -0.120200 1.483052
112030335 1.165291 -0.120200 1.487859
112030336 1.163916 -0.120200 1.492666
112030337 1.162541 -0.120200 1.497473
112030338 1.161165 -0.120200 1.502281
112030339 1.159790 -0.120200 1.507088
112030340 1.158415 -0.120200 1.511895
112030341 1.157039 -0.120200 1.516702
112030342 1.155664 -0.120200 1.521509
112030343 1.154289 -0.120200 1.526316
112030344 1.152913 -0.120200 1.531123
112030345 1.151538 -0.120200 1.535930
112030346 1.150163 -0.120200 1.540738
112030347 1.148788 -0.120200 1.545545
112030348 1.147412 -0.120200 1.550352
112030349 1.146037 -0.120200 1.555159
112030350 1.144662 -0.120200 1.559966
112030351 1.143286 -0.120200 1.564773
112030352 1.141911 -0.120200 1.569580
112030353 1.140536 -0.120200 1.574387
112030354 1.139160 -0.120200 1.579195
112030355 1.137785 -0.120200 1.584002
112030356 1.136410 -0.120200 1.588809
112030357 1.135034 -0.120200 1.593616
112030358 1.133659 -0.120200 1.598423
112030359 1.132284 -0.120200 1.603230
112030360 1.130908 -0.120200 1.608037
112030361 1.129533 -0.120200 1.612844
112030362 1.128158 -0.120200 1.617652
112030363 1.126782 -0.120200 1.622459
112030364 1.125407 -0.120200 1.627266
112030365 1.124032 -0.120200 1.632073
112030366 1.122656 -0.120200 1.636880
112030367 1.121281 -0.120200 1.641687
112030368 1.119906 -0.120200 1.646494
112030369 1.118530 -0.120200 1.651301
112030370 1.117155 -0.120200 1.656109
112030371 1.115780 -0.120200 1.660916
112030372 1.114404 -0.120200 1.665723
112030373 1.113029 -0.120200 1.670530
112030374 1.111654 -0.120200 1.675337
112030375 1.110278 -0.120200 1.680144
112030376 1.108903 -0.120200 1.684951
112030377 1.107528 -0.120200 1.689759
112030378 1.106152 -0.120200 1.694566
112030379 1.104777 -0.120200 1.699373
112030380 1.103402 -0.120200 1.704180
112030381 1.102026 -0.120200 1.708987
112030382 1.100651 -0.120200 1.713794
112030383 1.099276 -0.120200 1.718601
112030384 1.097900 -0.120200 1.723408
112030385 1.096525 -0.120200 1.728216
112030386 1.095150 -0.120200 1.733023
112030387 1.093774 -0.120200 1.737830
112030388 1.092399 -0.120200 1.742637
112030389 1.091024 -0.120200 1.747444
112030390 1.089648 -0.120200 1.752251
112030391 1.088273 -0.120200 1.757058
112030392 1.086898 -0.120200 1.761865
112030393 1.085523 -0.120200 1.766673
112030394 1.084147 -0.120200 1.771480
112030395 1.082772 -0.120200 1.776287
112030396 1.081397 -0.120200 1.781094
112030397 1.080021 -0.120200 1.785901
112030398 1.078646 -0.120200 1.790708
112030399 1.077271 -0.120200 1.795515
112030400 1.075895 -0.120200 1.800322
112030401 1.212052 -0.093800 1.324417
112030402 1.210677 -0.093800 1.329224
112030403 1.209302 -0.093800 1.334031
112030404 1.207927 -0.093800 1.338838
112030405 1.206551 -0.093800 1.343645
112030406 1.205176 -0.093800 1.348452
112030407 1.203801 -0.093800 1.353260
112030408 1.202425 -0.093800 1.358067
112030409 1.201050 -0.093800 1.362874
112030410 1.199675 -0.093800 1.367681
112030411 1.198299 -0.093800 1.372488
112030412 1.196924 -0.093800 1.377295
112030413 1.195549 -0.093800 1.382102
112030414 1.194173 -0.093800 1.386909
112030415 1.192798 -0.093800 1.391717
112030416 1.191423 -0.093800 1.396524
112030417 1.190047 -0.093800 1.401331
112030418 1.188672 -0.093800 1.406138
112030419 1.187297 -0.093800 1.410945
112030420 1.185921 -0.093800 1.415752
112030421 1.184546 -0.093800 1.420559
112030422 1.183171 -0.093800 1.425366
112030423 1.181795 -0.093800 1.430174
112030424 1.180420 -0.093800 1.434981
112030425 1.179045 -0.093800 1.439788
112030426 1.177669 -0.093800 1.444595
112030427 1.176294 -0.093800 1.449402
112030428 1.174919 -0.093800 1.454209
112030429 1.173543 -0.093800 1.459016
112030430 1.172168 -0.093800 1.463824
112030431 1.170793 -0.093800 1.468631
112030432 1.169417 -0.093800 1.473438
112030433 1.168042 -0.093800 1.478245
112030434 1.166667 -0.093800 1.483052
112030435 1.165291 -0.093800 1.487859
112030436 1.163916 -0.093800 1.492666
112030437 1.162541 -0.093800 1.497473
112030438 1.161165 -0.093800 1.502281
112030439 1.159790 -0.093800 1.507088
112030440 1.158415 -0.093800 1.511895
112030441 1.157039 -0.093800 1.516702
112030442 1.155664 -0.093800 1.521509
112030443 1.154289 -0.093800 1.526316
112030444 1.152913 -0.093800 1.531123
112030445 1.151538 -0.093800 1.535930
112030446 1.150163 -0.093800 1.540738
112030447 1.148788 -0.093800 1.545545
112030448 1.147412 -0.093800 1.550352
112030449 1.146037 -0.093800 1.555159
112030450 1.144662 -0.093800 1.559966
112030451 1.143286 -0.093800 1.564773
112030452 1.141911 -0.093800 1.569580
112030453 1.140536 -0.093800 1.574387
112030454 1.139160 -0.093800 1.579195
112030455 1.137785 -0.093800 1.584002
112030456 1.136410 -0.093800 1.588809
112030457 1.135034 -0.093800 1.593616
112030458 1.133659 -0.093800 1.598423
112030459 1.132284 -0.093800 1.603230
112030460 1.130908 -0.093800 1.608037
112030461 1.129533 -0.093800 1.612844
112030462 1.128158 -0.093800 1.617652
112030463 1.126782 -0.093800 1.622459
112030464 1.125407 -0.093800 1.627266
112030465 1.124032 -0.093800 1.632073
112030466 1.122656 -0.093800 1.636880
112030467 1.121281 -0.093800 1.641687
112030468 1.119906 -0.093800 1.646494
112030469 1.118530 -0.093800 1.651301
112030470 1.117155 -0.093800 1.656109
112030471 1.115780 -0.093800 1.660916
112030472 1.114404 -0.093800 1.665723
112030473 1.113029 -0.093800 1.670530
112030474 1.111654 -0.093800 1.675337
112030475 1.110278 -0.093800 1.680144
112030476 1.108903 -0.093800 1.684951
112030477 1.107528 -0.093800 1.689759
112030478 1.106152 -0.093800 1.694566
112030479 1.104777 -0.093800 1.699373
112030480 1.103402 -0.093800 1.704180
112030481 1.102026 -0.093800 1.708987
112030482 1.100651 -0.093800 1.713794
112030483 1.099276 -0.093800 1.718601
112030484 1.097900 -0.093800 1.723408
112030485 1.096525 -0.093800 1.728216
112030486 1.095150 -0.093800 1.733023
112030487 1.093774 -0.093800 1.737830
112030488 1.092399 -0.093800 1.742637
112030489 1.091024 -0.093800 1.747444
112030490 1.089648 -0.093800 1.752251
112030491 1.088273 -0.093800 1.757058
112030492 1.086898 -0.093800 1.761865
112030493 1.085523 -0.093800 1.766673
112030494 1.084147 -0.093800 1.771480
112030495 1.082772 -0.093800 1.776287
112030496 1.081397 -0.093800 1.781094
112030497 1.080021 -0.093800 1.785901
112030498 1.078646 -0.093800 1.790708
112030499 1.077271 -0.093800 1.795515
112030500 1.075895 -0.093800 1.800322
112030501 1.212052 -0.067400 1.324417
112030502 1.210677 -0.067400 1.329224
112030503 1.209302 -0.067400 1.334031
112030504 1.207927 -0.067400 1.338838
112030505 1.206551 -0.067400 1.343645
112030506 1.205176 -0.067400 1.348452
112030507 1.203801 -0.067400 1.353260
112030508 1.202425 -0.067400 1.358067
112030509 1.201050 -0.067400 1.362874
112030510 1.199675 -0.067400 1.367681
112030511 1.198299 -0.067400 1.372488
112030512 1.196924 -0.067400 1.377295
112030513 1.195549 -0.067400 1.382102
112030514 1.194173 -0.067400 1.386909
112030515 1.192798 -0.067400 1.391717
112030516 1.191423 -0.067400 1.396524
112030517 1.190047 -0.067400 1.401331
112030518 1.188672 -0.067400 1.406138
112030519 1.187297 -0.067400 1.410945
112030520 1.185921 -0.067400 1.415752
112030521 1.184546 -0.067400 1.420559
112030522 1.183171 -0.067400 1.425366
112030523 1.181795 -0.067400 1.430174
112030524 1.180420 -0.067400 1.434981
112030525 1.179045 -0.067400 1.439788
112030526 1.177669 -0.067400 1.444595
112030527 1.176294 -0.067400 1.449402
112030528 1.174919 -0.067400 1.454209
112030529 1.173543 -0.067400 1.459016
112030530 1.172168 -0.067400 1.463824
112030531 1.170793 -0.067400 1.468631
112030532 1.169417 -0.067400 1.473438
112030533 1.168042 -0.067400 1.478245
112030534 1.166667 -0.067400 1.483052
112030535 1.165291 -0.067400 1.487859
112030536 1.163916 -0.067400 1.492666
112030537 1.162541 -0.067400 1.497473
112030538 1.161165 -0.067400 1.502281
112030539 1.159790 -0.067400 1.507088
112030540 1.158415 -0.067400 1.511895
112030541 1.157039 -0.067400 1.516702
112030542 1.155664 -0.067400 1.521509
112030543 1.154289 -0.067400 1.526316
112030544 1.152913 -0.067400 1.531123
112030545 1.151538 -0.067400 1.535930
112030546 1.150163 -0.067400 1.540738
112030547 1.148788 -0.067400 1.545545
112030548 1.147412 -0.067400 1.550352
112030549 1.146037 -0.067400 1.555159
112030550 1.144662 -0.067400 1.559966
112030551 1.143286 -0.067400 1.564773
112030552 1.141911 -0.067400 1.569580
112030553 1.140536 -0.067400 1.574387
112030554 1.139160 -0.067400 1.579195
112030555 1.137785 -0.067400 1.584002
112030556 1.136410 -0.067400 1.588809
112030557 1.135034 -0.067400 1.593616
112030558 1.133659 -0.067400 1.598423
112030559 1.132284 -0.067400 1.603230
112030560 1.130908 -0.067400 1.608037
112030561 1.129533 -0.067400 1.612844
112030562 1.128158 -0.067400 1.617652
112030563 1.126782 -0.067400 1.622459
112030564 1.125407 -0.067400 1.627266
112030565 1.124032 -0.067400 1.632073
112030566 1.122656 -0.067400 1.636880
112030567 1.121281 -0.067400 1.641687
112030568 1.119906 -0.067400 1.646494
112030569 1.118530 -0.067400 1.651301
112030570 1.117155 -0.067400 1.656109
112030571 1.115780 -0.067400 1.660916
112030572 1.114404 -0.067400 1.665723
112030573 1.113029 -0.067400 1.670530
112030574 1.111654 -0.067400 1.675337
112030575 1.110278 -0.067400 1.680144
112030576 1.108903 -0.067400 1.684951
112030577 1.107528 -0.067400 1.689759
112030578 1.106152 -0.067400 1.694566
112030579 1.104777 -0.067400 1.699373
112030580 1.103402 -0.067400 1.704180
112030581 1.102026 -0.067400 1.708987
112030582 1.100651 -0.067400 1.713794
112030583 1.099276 -0.067400 1.718601
112030584 1.097900 -0.067400 1.723408
112030585 1.096525 -0.067400 1.728216
112030586 1.095150 -0.067400 1.733023
112030587 1.093774 -0.067400 1.737830
112030588 1.092399 -0.067400 1.742637
112030589 1.091024 -0.067400 1.747444
112030590 1.089648 -0.067400 1.752251
112030591 1.088273 -0.067400 1.757058
112030592 1.086898 -0.067400 1.761865
112030593 1.085523 -0.067400 1.766673
112030594 1.084147 -0.067400 1.771480
112030595 1.082772 -0.067400 1.776287
112030596 1.081397 -0.067400 1.781094
112030597 1.080021 -0.067400 1.785901
112030598 1.078646 -0.067400 1.790708
112030599 1.077271 -0.067400 1.795515
112030600 1.075895 -0.067400 1.800322
112030601 1.212052 -0.041000 1.324417
112030602 1.210677 -0.041000 1.329224
112030603 1.209302 -0.041000 1.334031
112030604 1.207927 -0.041000 1.338838
112030605 1.206551 -0.041000 1.343645
112030606 1.205176 -0.041000 1.348452
112030607 1.203801 -0.041000 1.353260
112030608 1.202425 -0.041000 1.358067
112030609 1.201050 -0.041000 1.362874
112030610 1.199675 -0.041000 1.367681
112030611 1.198299 -0.041000 1.372488
112030612 1.196924 -0.041000 1.377295
112030613 1.195549 -0.041000 1.382102
112030614 1.194173 -0.041000 1.386909
112030615 1.192798 -0.041000 1.391717
112030616 1.191423 -0.041000 1.396524
112030617 1.190047 -0.041000 1.401331
112030618 1.188672 -0.041000 1.406138
112030619 1.187297 -0.041000 1.410945
112030620 1.185921 -0.041000 1.415752
112030621 1.184546 -0.041000 1.420559
112030622 1.183171 -0.041000 1.425366
112030623 1.181795 -0.041000 1.430174
112030624 1.180420 -0.041000 1.434981
112030625 1.179045 -0.041000 1.439788
112030626 1.177669 -0.041000 1.444595
112030627 1.176294 -0.041000 1.449402
112030628 1.174919 -0.041000 1.454209
112030629 1.173543 -0.041000 1.459016
112030630 1.172168 -0.041000 1.463824
112030631 1.170793 -0.041000 1.468631
112030632 1.169417 -0.041000 1.473438
112030633 1.168042 -0.041000 1.478245
112030634 1.166667 -0.041000 1.483052
112030635 1.165291 -0.041000 1.487859
112030636 1.163916 -0.041000 1.492666
112030637 1.162541 -0.041000 1.497473
112030638 1.161165 -0.041000 1.502281
112030639 1.159790 -0.041000 1.507088
112030640 1.158415 -0.041000 1.511895
112030641 1.157039 -0.041000 1.516702
112030642 1.155664 -0.041000 1.521509
112030643 1.154289 -0.041000 1.526316
112030644 1.152913 -0.041000 1.531123
112030645 1.151538 -0.041000 1.535930
112030646 1.150163 -0.041000 1.540738
112030647 1.148788 -0.041000 1.545545
112030648 1.147412 -0.041000 1.550352
112030649 1.146037 -0.041000 1.555159
112030650 1.144662 -0.041000 1.559966
112030651 1.143286 -0.041000 1.564773
112030652 1.141911 -0.041000 1.569580
112030653 1.140536 -0.041000 1.574387
112030654 1.139160 -0.041000 1.579195
112030655 1.137785 -0.041000 1.584002
112030656 1.136410 -0.041000 1.588809
112030657 1.135034 -0.041000 1.593616
112030658 1.133659 -0.041000 1.598423
112030659 1.132284 -0.041000 1.603230
112030660 1.130908 -0.041000 1.608037
112030661 1.129533 -0.041000 1.612844
112030662 1.128158 -0.041000 1.617652
112030663 1.126782 -0.041000 1.622459
112030664 1.125407 -0.041000 1.627266
112030665 1.124032 -0.041000 1.632073
112030666 1.122656 -0.041000 1.636880
112030667 1.121281 -0.041000 1.641687
112030668 1.119906 -0.041000 1.646494
112030669 1.118530 -0.041000 1.651301
112030670 1.117155 -0.041000 1.656109
112030671 1.115780 -0.041000 1.660916
112030672 1.114404 -0.041000 1.665723
112030673 1.113029 -0.041000 1.670530
112030674 1.111654 -0.041000 1.675337
112030675 1.110278 -0.041000 1.680144
112030676 1.108903 -0.041000 1.684951
112030677 1.107528 -0.041000 1.689759
112030678 1.106152 -0.041000 1.694566
112030679 1.104777 -0.041000 1.699373
112030680 1.103402 -0.041000 1.704180
112030681 1.102026 -0.041000 1.708987
112030682 1.100651 -0.041000 1.713794
112030683 1.099276 -0.041000 1.718601
112030684 1.097900 -0.041000 1.723408
112030685 1.096525 -0.041000 1.728216
112030686 1.095150 -0.041000 1.733023
112030687 1.093774 -0.041000 1.737830
112030688 1.092399 -0.041000 1.742637
112030689 1.091024 -0.041000 1.747444
112030690 1.089648 -0.041000 1.752251
112030691 1.088273 -0.041000 1.757058
112030692 1.086898 -0.041000 1.761865
112030693 1.085523 -0.041000 1.766673
112030694 1.084147 -0.041000 1.771480
112030695 1.082772 -0.041000 1.776287
112030696 1.081397 -0.041000 1.781094
112030697 1.080021 -0.041000 1.785901
112030698 1.078646 -0.041000 1.790708
112030699 1.077271 -0.041000 1.795515
112030700 1.075895 -0.041000 1.800322
112030701 1.212052 -0.014600 1.324417
112030702 1.210677 -0.014600 1.329224
112030703 1.209302 -0.014600 1.334031
112030704 1.207927 -0.014600 1.338838
112030705 1.206551 -0.014600 1.343645
112030706 1.205176 -0.014600 1.348452
112030707 1.203801 -0.014600 1.353260
112030708 1.202425 -0.014600 1.358067
112030709 1.201050 -0.014600 1.362874
112030710 1.199675 -0.014600 1.367681
112030711 1.198299 -0.014600 1.372488
112030712 1.196924 -0.014600 1.377295
112030713 1.195549 -0.014600 1.382102
112030714 1.194173 -0.014600 1.386909
112030715 1.192798 -0.014600 1.391717
112030716 1.191423 -0.014600 1.396524
112030717 1.190047 -0.014600 1.401331
112030718 1.188672 -0.014600 1.406138
112030719 1.187297 -0.014600 1.410945
112030720 1.185921 -0.014600 1.415752
112030721 1.184546 -0.014600 1.420559
112030722 1.183171 -0.014600 1.425366
112030723 1.181795 -0.014600 1.430174
112030724 1.180420 -0.014600 1.434981
112030725 1.179045 -0.014600 1.439788
112030726 1.177669 -0.014600 1.444595
112030727 1.176294 -0.014600 1.449402
112030728 1.174919 -0.014600 1.454209
112030729 1.173543 -0.014600 1.459016
112030730 1.172168 -0.014600 1.463824
112030731 1.170793 -0.014600 1.468631
112030732 1.169417 -0.014600 1.473438
112030733 1.168042 -0.014600 1.478245
112030734 1.166667 -0.014600 1.483052
112030735 1.165291 -0.014600 1.487859
112030736 1.163916 -0.014600 1.492666
112030737 1.162541 -0.014600 1.497473
112030738 1.161165 -0.014600 1.502281
112030739 1.159790 -0.014600 1.507088
112030740 1.158415 -0.014600 1.511895
112030741 1.157039 -0.014600 1.516702
112030742 1.155664 -0.014600 1.521509
112030743 1.154289 -0.014600 1.526316
112030744 1.152913 -0.014600 1.531123
112030745 1.151538 -0.014600 1.535930
112030746 1.150163 -0.014600 1.540738
112030747 1.148788 -0.014600 1.545545
112030748 1.147412 -0.014600 1.550352
112030749 1.146037 -0.014600 1.555159
112030750 1.144662 -0.014600 1.559966
112030751 1.143286 -0.014600 1.564773
112030752 1.141911 -0.014600 1.569580
112030753 1.140536 -0.014600 1.574387
112030754 1.139160 -0.014600 1.579195
112030755 1.137785 -0.014600 1.584002
112030756 1.136410 -0.014600 1.588809
112030757 1.135034 -0.014600 1.593616
112030758 1.133659 -0.014600 1.598423
112030759 1.132284 -0.014600 1.603230
112030760 1.130908 -0.014600 1.608037
112030761 1.129533 -0.014600 1.612844
112030762 1.128158 -0.014600 1.617652
112030763 1.126782 -0.014600 1.622459
112030764 1.125407 -0.014600 1.627266
112030765 1.124032 -0.014600 1.632073
112030766 1.122656 -0.014600 1.636880
112030767 1.121281 -0.014600 1.641687
112030768 1.119906 -0.014600 1.646494
112030769 1.118530 -0.014600 1.651301
112030770 1.117155 -0.014600 1.656109
112030771 1.115780 -0.014600 1.660916
112030772 1.114404 -0.014600 1.665723
112030773 1.113029 -0.014600 1.670530
112030774 1.111654 -0.014600 1.675337
112030775 1.110278 -0.014600 1.680144
112030776 1.108903 -0.014600 1.684951
112030777 1.107528 -0.014600 1.689759
112030778 1.106152 -0.014600 1.694566
112030779 1.104777 -0.014600 1.699373
112030780 1.103402 -0.014600 1.704180
112030781 1.102026 -0.014600 1.708987
112030782 1.100651 -0.014600 1.713794
112030783 1.099276 -0.014600 1.718601
112030784 1.097900 -0.014600 1.723408
112030785 1.096525 -0.014600 1.728216
112030786 1.095150 -0.014600 1.733023
112030787 1.093774 -0.014600 1.737830
112030788 1.092399 -0.014600 1.742637
112030789 1.091024 -0.014600 1.747444
112030790 1.089648 -0.014600 1.752251
112030791 1.088273 -0.014600 1.757058
112030792 1.086898 -0.014600 1.761865
112030793 1.085523 -0.014600 1.766673
112030794 1.084147 -0.014600 1.771480
112030795 1.082772 -0.014600 1.776287
112030796 1.081397 -0.014600 1.781094
112030797 1.080021 -0.014600 1.785901
112030798 1.078646 -0.014600 1.790708
112030799 1.077271 -0.014600 1.795515
112030800 1.075895 -0.014600 1.800322
