112010001 1.080644 -0.662731 1.286821
112010002 1.079269 -0.662731 1.291628
112010003 1.077893 -0.662731 1.296435
112010004 1.076518 -0.662731 1.301242
112010005 1.075143 -0.662731 1.306049
112010006 1.073767 -0.662731 1.310856
112010007 1.072392 -0.662731 1.315664
112010008 1.071017 -0.662731 1.320471
112010009 1.069642 -0.662731 1.325278
112010010 1.068266 -0.662731 1.330085
112010011 1.066891 -0.662731 1.334892
112010012 1.065516 -0.662731 1.339699
112010013 1.064140 -0.662731 1.344506
112010014 1.062765 -0.662731 1.349313
112010015 1.061390 -0.662731 1.354121
112010016 1.060014 -0.662731 1.358928
112010017 1.058639 -0.662731 1.363735
112010018 1.057264 -0.662731 1.368542
112010019 1.055888 -0.662731 1.373349
112010020 1.054513 -0.662731 1.378156
112010021 1.053138 -0.662731 1.382963
112010022 1.051762 -0.662731 1.387770
112010023 1.050387 -0.662731 1.392578
112010024 1.049012 -0.662731 1.397385
112010025 1.047636 -0.662731 1.402192
112010026 1.046261 -0.662731 1.406999
112010027 1.044886 -0.662731 1.411806
112010028 1.043510 -0.662731 1.416613
112010029 1.042135 -0.662731 1.421420
112010030 1.040760 -0.662731 1.426227
112010031 1.039384 -0.662731 1.431035
112010032 1.038009 -0.662731 1.435842
112010033 1.036634 -0.662731 1.440649
112010034 1.035258 -0.662731 1.445456
112010035 1.033883 -0.662731 1.450263
112010036 1.032508 -0.662731 1.455070
112010037 1.031132 -0.662731 1.459877
112010038 1.029757 -0.662731 1.464684
112010039 1.028382 -0.662731 1.469492
112010040 1.027006 -0.662731 1.474299
112010041 1.025631 -0.662731 1.479106
112010042 1.024256 -0.662731 1.483913
112010043 1.022880 -0.662731 1.488720
112010044 1.021505 -0.662731 1.493527
112010045 1.020130 -0.662731 1.498334
112010046 1.018754 -0.662731 1.503142
112010047 1.017379 -0.662731 1.507949
112010048 1.016004 -0.662731 1.512756
112010049 1.014628 -0.662731 1.517563
112010050 1.013253 -0.662731 1.522370
112010051 1.011878 -0.662731 1.527177
112010052 1.010502 -0.662731 1.531984
112010053 1.009127 -0.662731 1.536791
112010054 1.007752 -0.662731 1.541599
112010055 1.006377 -0.662731 1.546406
112010056 1.005001 -0.662731 1.551213
112010057 1.003626 -0.662731 1.556020
112010058 1.002251 -0.662731 1.560827
112010059 1.000875 -0.662731 1.565634
112010060 0.999500 -0.662731 1.570441
112010061 0.998125 -0.662731 1.575248
112010062 0.996749 -0.662731 1.580056
112010063 0.995374 -0.662731 1.584863
112010064 0.993999 -0.662731 1.589670
112010065 0.992623 -0.662731 1.594477
112010066 0.991248 -0.662731 1.599284
112010067 0.989873 -0.662731 1.604091
112010068 0.988497 -0.662731 1.608898
112010069 0.987122 -0.662731 1.613705
112010070 0.985747 -0.662731 1.618513
112010071 0.984371 -0.662731 1.623320
112010072 0.982996 -0.662731 1.628127
112010073 0.981621 -0.662731 1.632934
112010074 0.980245 -0.662731 1.637741
112010075 0.978870 -0.662731 1.642548
112010076 0.977495 -0.662731 1.647355
112010077 0.976119 -0.662731 1.652162
112010078 0.974744 -0.662731 1.656970
112010079 0.973369 -0.662731 1.661777
112010080 0.971993 -0.662731 1.666584
112010081 0.970618 -0.662731 1.671391
112010082 0.969243 -0.662731 1.676198
112010083 0.967867 -0.662731 1.681005
112010084 0.966492 -0.662731 1.685812
112010085 0.965117 -0.662731 1.690620
112010086 0.963741 -0.662731 1.695427
112010087 0.962366 -0.662731 1.700234
112010088 0.960991 -0.662731 1.705041
112010089 0.959615 -0.662731 1.709848
112010090 0.958240 -0.662731 1.714655
112010091 0.956865 -0.662731 1.719462
112010092 0.955489 -0.662731 1.724269
112010093 0.954114 -0.662731 1.729077
112010094 0.952739 -0.662731 1.733884
112010095 0.951363 -0.662731 1.738691
112010096 0.949988 -0.662731 1.743498
112010097 0.948613 -0.662731 1.748305
112010098 0.947237 -0.662731 1.753112
112010099 0.945862 -0.662731 1.757919
112010100 0.944487 -0.662731 1.762726
112010101 1.088495 -0.637625 1.289067
112010102 1.087119 -0.637625 1.293874
112010103 1.085744 -0.637625 1.298681
112010104 1.084369 -0.637625 1.303488
112010105 1.082993 -0.637625 1.308295
112010106 1.081618 -0.637625 1.313102
112010107 1.080243 -0.637625 1.317910
112010108 1.078867 -0.637625 1.322717
112010109 1.077492 -0.637625 1.327524
112010110 1.076117 -0.637625 1.332331
112010111 1.074741 -0.637625 1.337138
112010112 1.073366 -0.637625 1.341945
112010113 1.071991 -0.637625 1.346752
112010114 1.070615 -0.637625 1.351559
112010115 1.069240 -0.637625 1.356367
112010116 1.067865 -0.637625 1.361174
112010117 1.066489 -0.637625 1.365981
112010118 1.065114 -0.637625 1.370788
112010119 1.063739 -0.637625 1.375595
112010120 1.062364 -0.637625 1.380402
112010121 1.060988 -0.637625 1.385209
112010122 1.059613 -0.637625 1.390017
112010123 1.058238 -0.637625 1.394824
112010124 1.056862 -0.637625 1.399631
112010125 1.055487 -0.637625 1.404438
112010126 1.054112 -0.637625 1.409245
112010127 1.052736 -0.637625 1.414052
112010128 1.051361 -0.637625 1.418859
112010129 1.049986 -0.637625 1.423666
112010130 1.048610 -0.637625 1.428474
112010131 1.047235 -0.637625 1.433281
112010132 1.045860 -0.637625 1.438088
112010133 1.044484 -0.637625 1.442895
112010134 1.043109 -0.637625 1.447702
112010135 1.041734 -0.637625 1.452509
112010136 1.040358 -0.637625 1.457316
112010137 1.038983 -0.637625 1.462123
112010138 1.037608 -0.637625 1.466931
112010139 1.036232 -0.637625 1.471738
112010140 1.034857 -0.637625 1.476545
112010141 1.033482 -0.637625 1.481352
112010142 1.032106 -0.637625 1.486159
112010143 1.030731 -0.637625 1.490966
112010144 1.029356 -0.637625 1.495773
112010145 1.027980 -0.637625 1.500580
112010146 1.026605 -0.637625 1.505388
112010147 1.025230 -0.637625 1.510195
112010148 1.023854 -0.637625 1.515002
112010149 1.022479 -0.637625 1.519809
112010150 1.021104 -0.637625 1.524616
112010151 1.019728 -0.637625 1.529423
112010152 1.018353 -0.637625 1.534230
112010153 1.016978 -0.637625 1.539037
112010154 1.015602 -0.637625 1.543845
112010155 1.014227 -0.637625 1.548652
112010156 1.012852 -0.637625 1.553459
112010157 1.011476 -0.637625 1.558266
112010158 1.010101 -0.637625 1.563073
112010159 1.008726 -0.637625 1.567880
112010160 1.007350 -0.637625 1.572687
112010161 1.005975 -0.637625 1.577495
112010162 1.004600 -0.637625 1.582302
112010163 1.003224 -0.637625 1.587109
112010164 1.001849 -0.637625 1.591916
112010165 1.000474 -0.637625 1.596723
112010166 0.999099 -0.637625 1.601530
112010167 0.997723 -0.637625 1.606337
112010168 0.996348 -0.637625 1.611144
112010169 0.994973 -0.637625 1.615952
112010170 0.993597 -0.637625 1.620759
112010171 0.992222 -0.637625 1.625566
112010172 0.990847 -0.637625 1.630373
112010173 0.989471 -0.637625 1.635180
112010174 0.988096 -0.637625 1.639987
112010175 0.986721 -0.637625 1.644794
112010176 0.985345 -0.637625 1.649601
112010177 0.983970 -0.637625 1.654409
112010178 0.982595 -0.637625 1.659216
112010179 0.981219 -0.637625 1.664023
112010180 0.979844 -0.637625 1.668830
112010181 0.978469 -0.637625 1.673637
112010182 0.977093 -0.637625 1.678444
112010183 0.975718 -0.637625 1.683251
112010184 0.974343 -0.637625 1.688058
112010185 0.972967 -0.637625 1.692866
112010186 0.971592 -0.637625 1.697673
112010187 0.970217 -0.637625 1.702480
112010188 0.968841 -0.637625 1.707287
112010189 0.967466 -0.637625 1.712094
112010190 0.966091 -0.637625 1.716901
112010191 0.964715 -0.637625 1.721708
112010192 0.963340 -0.637625 1.726515
112010193 0.961965 -0.637625 1.731323
112010194 0.960589 -0.637625 1.736130
112010195 0.959214 -0.637625 1.740937
112010196 0.957839 -0.637625 1.745744
112010197 0.956463 -0.637625 1.750551
112010198 0.955088 -0.637625 1.755358
112010199 0.953713 -0.637625 1.760165
112010200 0.952337 -0.637625 1.764972
112010201 1.096345 -0.612520 1.291313
112010202 1.094970 -0.612520 1.296120
112010203 1.093595 -0.612520 1.300927
112010204 1.092219 -0.612520 1.305734
112010205 1.090844 -0.612520 1.310541
112010206 1.089469 -0.612520 1.315349
112010207 1.088093 -0.612520 1.320156
112010208 1.086718 -0.612520 1.324963
112010209 1.085343 -0.612520 1.329770
112010210 1.083967 -0.612520 1.334577
112010211 1.082592 -0.612520 1.339384
112010212 1.081217 -0.612520 1.344191
112010213 1.079841 -0.612520 1.348998
112010214 1.078466 -0.612520 1.353806
112010215 1.077091 -0.612520 1.358613
112010216 1.075715 -0.612520 1.363420
112010217 1.074340 -0.612520 1.368227
112010218 1.072965 -0.612520 1.373034
112010219 1.071589 -0.612520 1.377841
112010220 1.070214 -0.612520 1.382648
112010221 1.068839 -0.612520 1.387455
112010222 1.067463 -0.612520 1.392263
112010223 1.066088 -0.612520 1.397070
112010224 1.064713 -0.612520 1.401877
112010225 1.063337 -0.612520 1.406684
112010226 1.061962 -0.612520 1.411491
112010227 1.060587 -0.612520 1.416298
112010228 1.059212 -0.612520 1.421105
112010229 1.057836 -0.612520 1.425912
112010230 1.056461 -0.612520 1.430720
112010231 1.055086 -0.612520 1.435527
112010232 1.053710 -0.612520 1.440334
112010233 1.052335 -0.612520 1.445141
112010234 1.050960 -0.612520 1.449948
112010235 1.049584 -0.612520 1.454755
112010236 1.048209 -0.612520 1.459562
112010237 1.046834 -0.612520 1.464370
112010238 1.045458 -0.612520 1.469177
112010239 1.044083 -0.612520 1.473984
112010240 1.042708 -0.612520 1.478791
112010241 1.041332 -0.612520 1.483598
112010242 1.039957 -0.612520 1.488405
112010243 1.038582 -0.612520 1.493212
112010244 1.037206 -0.612520 1.498019
112010245 1.035831 -0.612520 1.502827
112010246 1.034456 -0.612520 1.507634
112010247 1.033080 -0.612520 1.512441
112010248 1.031705 -0.612520 1.517248
112010249 1.030330 -0.612520 1.522055
112010250 1.028954 -0.612520 1.526862
112010251 1.027579 -0.612520 1.531669
112010252 1.026204 -0.612520 1.536476
112010253 1.024828 -0.612520 1.541284
112010254 1.023453 -0.612520 1.546091
112010255 1.022078 -0.612520 1.550898
112010256 1.020702 -0.612520 1.555705
112010257 1.019327 -0.612520 1.560512
112010258 1.017952 -0.612520 1.565319
112010259 1.016576 -0.612520 1.570126
112010260 1.015201 -0.612520 1.574933
112010261 1.013826 -0.612520 1.579741
112010262 1.012450 -0.612520 1.584548
112010263 1.011075 -0.612520 1.589355
112010264 1.009700 -0.612520 1.594162
112010265 1.008324 -0.612520 1.598969
112010266 1.006949 -0.612520 1.603776
112010267 1.005574 -0.612520 1.608583
112010268 1.004198 -0.612520 1.613390
112010269 1.002823 -0.612520 1.618198
112010270 1.001448 -0.612520 1.623005
112010271 1.000072 -0.612520 1.627812
112010272 0.998697 -0.612520 1.632619
112010273 0.997322 -0.612520 1.637426
112010274 0.995947 -0.612520 1.642233
112010275 0.994571 -0.612520 1.647040
112010276 0.993196 -0.612520 1.651847
112010277 0.991821 -0.612520 1.656655
112010278 0.990445 -0.612520 1.661462
112010279 0.989070 -0.612520 1.666269
112010280 0.987695 -0.612520 1.671076
112010281 0.986319 -0.612520 1.675883
112010282 0.984944 -0.612520 1.680690
112010283 0.983569 -0.612520 1.685497
112010284 0.982193 -0.612520 1.690305
112010285 0.980818 -0.612520 1.695112
112010286 0.979443 -0.612520 1.699919
112010287 0.978067 -0.612520 1.704726
112010288 0.976692 -0.612520 1.709533
112010289 0.975317 -0.612520 1.714340
112010290 0.973941 -0.612520 1.719147
112010291 0.972566 -0.612520 1.723954
112010292 0.971191 -0.612520 1.728762
112010293 0.969815 -0.612520 1.733569
112010294 0.968440 -0.612520 1.738376
112010295 0.967065 -0.612520 1.743183
112010296 0.965689 -0.612520 1.747990
112010297 0.964314 -0.612520 1.752797
112010298 0.962939 -0.612520 1.757604
112010299 0.961563 -0.612520 1.762411
112010300 0.960188 -0.612520 1.767219
112010301 1.104196 -0.587415 1.293559
112010302 1.102821 -0.587415 1.298366
112010303 1.101445 -0.587415 1.303173
112010304 1.100070 -0.587415 1.307980
112010305 1.098695 -0.587415 1.312787
112010306 1.097319 -0.587415 1.317595
112010307 1.095944 -0.587415 1.322402
112010308 1.094569 -0.587415 1.327209
112010309 1.093193 -0.587415 1.332016
112010310 1.091818 -0.587415 1.336823
112010311 1.090443 -0.587415 1.341630
112010312 1.089067 -0.587415 1.346437
112010313 1.087692 -0.587415 1.351245
112010314 1.086317 -0.587415 1.356052
112010315 1.084941 -0.587415 1.360859
112010316 1.083566 -0.587415 1.365666
112010317 1.082191 -0.587415 1.370473
112010318 1.080815 -0.587415 1.375280
112010319 1.079440 -0.587415 1.380087
112010320 1.078065 -0.587415 1.384894
112010321 1.076689 -0.587415 1.389702
112010322 1.075314 -0.587415 1.394509
112010323 1.073939 -0.587415 1.399316
112010324 1.072563 -0.587415 1.404123
112010325 1.071188 -0.587415 1.408930
112010326 1.069813 -0.587415 1.413737
112010327 1.068437 -0.587415 1.418544
112010328 1.067062 -0.587415 1.423351
112010329 1.065687 -0.587415 1.428159
112010330 1.064311 -0.587415 1.432966
112010331 1.062936 -0.587415 1.437773
112010332 1.061561 -0.587415 1.442580
112010333 1.060185 -0.587415 1.447387
112010334 1.058810 -0.587415 1.452194
112010335 1.057435 -0.587415 1.457001
112010336 1.056060 -0.587415 1.461808
112010337 1.054684 -0.587415 1.466616
112010338 1.053309 -0.587415 1.471423
112010339 1.051934 -0.587415 1.476230
112010340 1.050558 -0.587415 1.481037
112010341 1.049183 -0.587415 1.485844
112010342 1.047808 -0.587415 1.490651
112010343 1.046432 -0.587415 1.495458
112010344 1.045057 -0.587415 1.500265
112010345 1.043682 -0.587415 1.505073
112010346 1.042306 -0.587415 1.509880
112010347 1.040931 -0.587415 1.514687
112010348 1.039556 -0.587415 1.519494
112010349 1.038180 -0.587415 1.524301
112010350 1.036805 -0.587415 1.529108
112010351 1.035430 -0.587415 1.533915
112010352 1.034054 -0.587415 1.538722
112010353 1.032679 -0.587415 1.543530
112010354 1.031304 -0.587415 1.548337
112010355 1.029928 -0.587415 1.553144
112010356 1.028553 -0.587415 1.557951
112010357 1.027178 -0.587415 1.562758
112010358 1.025802 -0.587415 1.567565
112010359 1.024427 -0.587415 1.572372
112010360 1.023052 -0.587415 1.577180
112010361 1.021676 -0.587415 1.581987
112010362 1.020301 -0.587415 1.586794
112010363 1.018926 -0.587415 1.591601
112010364 1.017550 -0.587415 1.596408
112010365 1.016175 -0.587415 1.601215
112010366 1.014800 -0.587415 1.606022
112010367 1.013424 -0.587415 1.610829
112010368 1.012049 -0.587415 1.615637
112010369 1.010674 -0.587415 1.620444
112010370 1.009298 -0.587415 1.625251
112010371 1.007923 -0.587415 1.630058
112010372 1.006548 -0.587415 1.634865
112010373 1.005172 -0.587415 1.639672
112010374 1.003797 -0.587415 1.644479
112010375 1.002422 -0.587415 1.649286
112010376 1.001046 -0.587415 1.654094
112010377 0.999671 -0.587415 1.658901
112010378 0.998296 -0.587415 1.663708
112010379 0.996920 -0.587415 1.668515
112010380 0.995545 -0.587415 1.673322
112010381 0.994170 -0.587415 1.678129
112010382 0.992795 -0.587415 1.682936
112010383 0.991419 -0.587415 1.687743
112010384 0.990044 -0.587415 1.692551
112010385 0.988669 -0.587415 1.697358
112010386 0.987293 -0.587415 1.702165
112010387 0.985918 -0.587415 1.706972
112010388 0.984543 -0.587415 1.711779
112010389 0.983167 -0.587415 1.716586
112010390 0.981792 -0.587415 1.721393
112010391 0.980417 -0.587415 1.726200
112010392 0.979041 -0.587415 1.731008
112010393 0.977666 -0.587415 1.735815
112010394 0.976291 -0.587415 1.740622
112010395 0.974915 -0.587415 1.745429
112010396 0.973540 -0.587415 1.750236
112010397 0.972165 -0.587415 1.755043
112010398 0.970789 -0.587415 1.759850
112010399 0.969414 -0.587415 1.764658
112010400 0.968039 -0.587415 1.769465
112010401 1.112047 -0.562309 1.295805
112010402 1.110671 -0.562309 1.300612
112010403 1.109296 -0.562309 1.305419
112010404 1.107921 -0.562309 1.310226
112010405 1.106545 -0.562309 1.315034
112010406 1.105170 -0.562309 1.319841
112010407 1.103795 -0.562309 1.324648
112010408 1.102419 -0.562309 1.329455
112010409 1.101044 -0.562309 1.334262
112010410 1.099669 -0.562309 1.339069
112010411 1.098293 -0.562309 1.343876
112010412 1.096918 -0.562309 1.348683
112010413 1.095543 -0.562309 1.353491
112010414 1.094167 -0.562309 1.358298
112010415 1.092792 -0.562309 1.363105
112010416 1.091417 -0.562309 1.367912
112010417 1.090041 -0.562309 1.372719
112010418 1.088666 -0.562309 1.377526
112010419 1.087291 -0.562309 1.382333
112010420 1.085915 -0.562309 1.387140
112010421 1.084540 -0.562309 1.391948
112010422 1.083165 -0.562309 1.396755
112010423 1.081789 -0.562309 1.401562
112010424 1.080414 -0.562309 1.406369
112010425 1.079039 -0.562309 1.411176
112010426 1.077663 -0.562309 1.415983
112010427 1.076288 -0.562309 1.420790
112010428 1.074913 -0.562309 1.425597
112010429 1.073537 -0.562309 1.430405
112010430 1.072162 -0.562309 1.435212
112010431 1.070787 -0.562309 1.440019
112010432 1.069411 -0.562309 1.444826
112010433 1.068036 -0.562309 1.449633
112010434 1.066661 -0.562309 1.454440
112010435 1.065285 -0.562309 1.459247
112010436 1.063910 -0.562309 1.464055
112010437 1.062535 -0.562309 1.468862
112010438 1.061159 -0.562309 1.473669
112010439 1.059784 -0.562309 1.478476
112010440 1.058409 -0.562309 1.483283
112010441 1.057033 -0.562309 1.488090
112010442 1.055658 -0.562309 1.492897
112010443 1.054283 -0.562309 1.497704
112010444 1.052908 -0.562309 1.502512
112010445 1.051532 -0.562309 1.507319
112010446 1.050157 -0.562309 1.512126
112010447 1.048782 -0.562309 1.516933
112010448 1.047406 -0.562309 1.521740
112010449 1.046031 -0.562309 1.526547
112010450 1.044656 -0.562309 1.531354
112010451 1.043280 -0.562309 1.536161
112010452 1.041905 -0.562309 1.540969
112010453 1.040530 -0.562309 1.545776
112010454 1.039154 -0.562309 1.550583
112010455 1.037779 -0.562309 1.555390
112010456 1.036404 -0.562309 1.560197
112010457 1.035028 -0.562309 1.565004
112010458 1.033653 -0.562309 1.569811
112010459 1.032278 -0.562309 1.574618
112010460 1.030902 -0.562309 1.579426
112010461 1.029527 -0.562309 1.584233
112010462 1.028152 -0.562309 1.589040
112010463 1.026776 -0.562309 1.593847
112010464 1.025401 -0.562309 1.598654
112010465 1.024026 -0.562309 1.603461
112010466 1.022650 -0.562309 1.608268
112010467 1.021275 -0.562309 1.613075
112010468 1.019900 -0.562309 1.617883
112010469 1.018524 -0.562309 1.622690
112010470 1.017149 -0.562309 1.627497
112010471 1.015774 -0.562309 1.632304
112010472 1.014398 -0.562309 1.637111
112010473 1.013023 -0.562309 1.641918
112010474 1.011648 -0.562309 1.646725
112010475 1.010272 -0.562309 1.651533
112010476 1.008897 -0.562309 1.656340
112010477 1.007522 -0.562309 1.661147
112010478 1.006146 -0.562309 1.665954
112010479 1.004771 -0.562309 1.670761
112010480 1.003396 -0.562309 1.675568
112010481 1.002020 -0.562309 1.680375
112010482 1.000645 -0.562309 1.685182
112010483 0.999270 -0.562309 1.689990
112010484 0.997894 -0.562309 1.694797
112010485 0.996519 -0.562309 1.699604
112010486 0.995144 -0.562309 1.704411
112010487 0.993768 -0.562309 1.709218
112010488 0.992393 -0.562309 1.714025
112010489 0.991018 -0.562309 1.718832
112010490 0.989643 -0.562309 1.723639
112010491 0.988267 -0.562309 1.728447
112010492 0.986892 -0.562309 1.733254
112010493 0.985517 -0.562309 1.738061
112010494 0.984141 -0.562309 1.742868
112010495 0.982766 -0.562309 1.747675
112010496 0.981391 -0.562309 1.752482
112010497 0.980015 -0.562309 1.757289
112010498 0.978640 -0.562309 1.762096
112010499 0.977265 -0.562309 1.766904
112010500 0.975889 -0.562309 1.771711
112010501 1.119897 -0.537204 1.298051
112010502 1.118522 -0.537204 1.302858
112010503 1.117146 -0.537204 1.307665
112010504 1.115771 -0.537204 1.312472
112010505 1.114396 -0.537204 1.317280
112010506 1.113020 -0.537204 1.322087
112010507 1.111645 -0.537204 1.326894
112010508 1.110270 -0.537204 1.331701
112010509 1.108895 -0.537204 1.336508
112010510 1.107519 -0.537204 1.341315
112010511 1.106144 -0.537204 1.346122
112010512 1.104769 -0.537204 1.350930
112010513 1.103393 -0.537204 1.355737
112010514 1.102018 -0.537204 1.360544
112010515 1.100643 -0.537204 1.365351
112010516 1.099267 -0.537204 1.370158
112010517 1.097892 -0.537204 1.374965
112010518 1.096517 -0.537204 1.379772
112010519 1.095141 -0.537204 1.384579
112010520 1.093766 -0.537204 1.389387
112010521 1.092391 -0.537204 1.394194
112010522 1.091015 -0.537204 1.399001
112010523 1.089640 -0.537204 1.403808
112010524 1.088265 -0.537204 1.408615
112010525 1.086889 -0.537204 1.413422
112010526 1.085514 -0.537204 1.418229
112010527 1.084139 -0.537204 1.423036
112010528 1.082763 -0.537204 1.427844
112010529 1.081388 -0.537204 1.432651
112010530 1.080013 -0.537204 1.437458
112010531 1.078637 -0.537204 1.442265
112010532 1.077262 -0.537204 1.447072
112010533 1.075887 -0.537204 1.451879
112010534 1.074511 -0.537204 1.456686
112010535 1.073136 -0.537204 1.461493
112010536 1.071761 -0.537204 1.466301
112010537 1.070385 -0.537204 1.471108
112010538 1.069010 -0.537204 1.475915
112010539 1.067635 -0.537204 1.480722
112010540 1.066259 -0.537204 1.485529
112010541 1.064884 -0.537204 1.490336
112010542 1.063509 -0.537204 1.495143
112010543 1.062133 -0.537204 1.499950
112010544 1.060758 -0.537204 1.504758
112010545 1.059383 -0.537204 1.509565
112010546 1.058007 -0.537204 1.514372
112010547 1.056632 -0.537204 1.519179
112010548 1.055257 -0.537204 1.523986
112010549 1.053881 -0.537204 1.528793
112010550 1.052506 -0.537204 1.533600
112010551 1.051131 -0.537204 1.538408
112010552 1.049755 -0.537204 1.543215
112010553 1.048380 -0.537204 1.548022
112010554 1.047005 -0.537204 1.552829
112010555 1.045630 -0.537204 1.557636
112010556 1.044254 -0.537204 1.562443
112010557 1.042879 -0.537204 1.567250
112010558 1.041504 -0.537204 1.572057
112010559 1.040128 -0.537204 1.576865
112010560 1.038753 -0.537204 1.581672
112010561 1.037378 -0.537204 1.586479
112010562 1.036002 -0.537204 1.591286
112010563 1.034627 -0.537204 1.596093
112010564 1.033252 -0.537204 1.600900
112010565 1.031876 -0.537204 1.605707
112010566 1.030501 -0.537204 1.610514
112010567 1.029126 -0.537204 1.615322
112010568 1.027750 -0.537204 1.620129
112010569 1.026375 -0.537204 1.624936
112010570 1.025000 -0.537204 1.629743
112010571 1.023624 -0.537204 1.634550
112010572 1.022249 -0.537204 1.639357
112010573 1.020874 -0.537204 1.644164
112010574 1.019498 -0.537204 1.648971
112010575 1.018123 -0.537204 1.653779
112010576 1.016748 -0.537204 1.658586
112010577 1.015372 -0.537204 1.663393
112010578 1.013997 -0.537204 1.668200
112010579 1.012622 -0.537204 1.673007
112010580 1.011246 -0.537204 1.677814
112010581 1.009871 -0.537204 1.682621
112010582 1.008496 -0.537204 1.687428
112010583 1.007120 -0.537204 1.692236
112010584 1.005745 -0.537204 1.697043
112010585 1.004370 -0.537204 1.701850
112010586 1.002994 -0.537204 1.706657
112010587 1.001619 -0.537204 1.711464
112010588 1.000244 -0.537204 1.716271
112010589 0.998868 -0.537204 1.721078
112010590 0.997493 -0.537204 1.725885
112010591 0.996118 -0.537204 1.730693
112010592 0.994742 -0.537204 1.735500
112010593 0.993367 -0.537204 1.740307
112010594 0.991992 -0.537204 1.745114
112010595 0.990616 -0.537204 1.749921
112010596 0.989241 -0.537204 1.754728
112010597 0.987866 -0.537204 1.759535
112010598 0.986490 -0.537204 1.764343
112010599 0.985115 -0.537204 1.769150
112010600 0.983740 -0.537204 1.773957
112010601 1.127748 -0.512098 1.300297
112010602 1.126372 -0.512098 1.305104
112010603 1.124997 -0.512098 1.309911
112010604 1.123622 -0.512098 1.314719
112010605 1.122246 -0.512098 1.319526
112010606 1.120871 -0.512098 1.324333
112010607 1.119496 -0.512098 1.329140
112010608 1.118120 -0.512098 1.333947
112010609 1.116745 -0.512098 1.338754
112010610 1.115370 -0.512098 1.343561
112010611 1.113994 -0.512098 1.348368
112010612 1.112619 -0.512098 1.353176
112010613 1.111244 -0.512098 1.357983
112010614 1.109868 -0.512098 1.362790
112010615 1.108493 -0.512098 1.367597
112010616 1.107118 -0.512098 1.372404
112010617 1.105743 -0.512098 1.377211
112010618 1.104367 -0.512098 1.382018
112010619 1.102992 -0.512098 1.386825
112010620 1.101617 -0.512098 1.391633
112010621 1.100241 -0.512098 1.396440
112010622 1.098866 -0.512098 1.401247
112010623 1.097491 -0.512098 1.406054
112010624 1.096115 -0.512098 1.410861
112010625 1.094740 -0.512098 1.415668
112010626 1.093365 -0.512098 1.420475
112010627 1.091989 -0.512098 1.425283
112010628 1.090614 -0.512098 1.430090
112010629 1.089239 -0.512098 1.434897
112010630 1.087863 -0.512098 1.439704
112010631 1.086488 -0.512098 1.444511
112010632 1.085113 -0.512098 1.449318
112010633 1.083737 -0.512098 1.454125
112010634 1.082362 -0.512098 1.458932
112010635 1.080987 -0.512098 1.463740
112010636 1.079611 -0.512098 1.468547
112010637 1.078236 -0.512098 1.473354
112010638 1.076861 -0.512098 1.478161
112010639 1.075485 -0.512098 1.482968
112010640 1.074110 -0.512098 1.487775
112010641 1.072735 -0.512098 1.492582
112010642 1.071359 -0.512098 1.497389
112010643 1.069984 -0.512098 1.502197
112010644 1.068609 -0.512098 1.507004
112010645 1.067233 -0.512098 1.511811
112010646 1.065858 -0.512098 1.516618
112010647 1.064483 -0.512098 1.521425
112010648 1.063107 -0.512098 1.526232
112010649 1.061732 -0.512098 1.531039
112010650 1.060357 -0.512098 1.535846
112010651 1.058981 -0.512098 1.540654
112010652 1.057606 -0.512098 1.545461
112010653 1.056231 -0.512098 1.550268
112010654 1.054855 -0.512098 1.555075
112010655 1.053480 -0.512098 1.559882
112010656 1.052105 -0.512098 1.564689
112010657 1.050729 -0.512098 1.569496
112010658 1.049354 -0.512098 1.574303
112010659 1.047979 -0.512098 1.579111
112010660 1.046603 -0.512098 1.583918
112010661 1.045228 -0.512098 1.588725
112010662 1.043853 -0.512098 1.593532
112010663 1.042478 -0.512098 1.598339
112010664 1.041102 -0.512098 1.603146
112010665 1.039727 -0.512098 1.607953
112010666 1.038352 -0.512098 1.612760
112010667 1.036976 -0.512098 1.617568
112010668 1.035601 -0.512098 1.622375
112010669 1.034226 -0.512098 1.627182
112010670 1.032850 -0.512098 1.631989
112010671 1.031475 -0.512098 1.636796
112010672 1.030100 -0.512098 1.641603
112010673 1.028724 -0.512098 1.646410
112010674 1.027349 -0.512098 1.651218
112010675 1.025974 -0.512098 1.656025
112010676 1.024598 -0.512098 1.660832
112010677 1.023223 -0.512098 1.665639
112010678 1.021848 -0.512098 1.670446
112010679 1.020472 -0.512098 1.675253
112010680 1.019097 -0.512098 1.680060
112010681 1.017722 -0.512098 1.684867
112010682 1.016346 -0.512098 1.689675
112010683 1.014971 -0.512098 1.694482
112010684 1.013596 -0.512098 1.699289
112010685 1.012220 -0.512098 1.704096
112010686 1.010845 -0.512098 1.708903
112010687 1.009470 -0.512098 1.713710
112010688 1.008094 -0.512098 1.718517
112010689 1.006719 -0.512098 1.723324
112010690 1.005344 -0.512098 1.728132
112010691 1.003968 -0.512098 1.732939
112010692 1.002593 -0.512098 1.737746
112010693 1.001218 -0.512098 1.742553
112010694 0.999842 -0.512098 1.747360
112010695 0.998467 -0.512098 1.752167
112010696 0.997092 -0.512098 1.756974
112010697 0.995716 -0.512098 1.761781
112010698 0.994341 -0.512098 1.766589
112010699 0.992966 -0.512098 1.771396
112010700 0.991590 -0.512098 1.776203
112010701 1.135598 -0.486993 1.302543
112010702 1.134223 -0.486993 1.307350
112010703 1.132848 -0.486993 1.312158
112010704 1.131472 -0.486993 1.316965
112010705 1.130097 -0.486993 1.321772
112010706 1.128722 -0.486993 1.326579
112010707 1.127346 -0.486993 1.331386
112010708 1.125971 -0.486993 1.336193
112010709 1.124596 -0.486993 1.341000
112010710 1.123220 -0.486993 1.345807
112010711 1.121845 -0.486993 1.350615
112010712 1.120470 -0.486993 1.355422
112010713 1.119094 -0.486993 1.360229
112010714 1.117719 -0.486993 1.365036
112010715 1.116344 -0.486993 1.369843
112010716 1.114968 -0.486993 1.374650
112010717 1.113593 -0.486993 1.379457
112010718 1.112218 -0.486993 1.384264
112010719 1.110842 -0.486993 1.389072
112010720 1.109467 -0.486993 1.393879
112010721 1.108092 -0.486993 1.398686
112010722 1.106716 -0.486993 1.403493
112010723 1.105341 -0.486993 1.408300
112010724 1.103966 -0.486993 1.413107
112010725 1.102591 -0.486993 1.417914
112010726 1.101215 -0.486993 1.422721
112010727 1.099840 -0.486993 1.427529
112010728 1.098465 -0.486993 1.432336
112010729 1.097089 -0.486993 1.437143
112010730 1.095714 -0.486993 1.441950
112010731 1.094339 -0.486993 1.446757
112010732 1.092963 -0.486993 1.451564
112010733 1.091588 -0.486993 1.456371
112010734 1.090213 -0.486993 1.461178
112010735 1.088837 -0.486993 1.465986
112010736 1.087462 -0.486993 1.470793
112010737 1.086087 -0.486993 1.475600
112010738 1.084711 -0.486993 1.480407
112010739 1.083336 -0.486993 1.485214
112010740 1.081961 -0.486993 1.490021
112010741 1.080585 -0.486993 1.494828
112010742 1.079210 -0.486993 1.499635
112010743 1.077835 -0.486993 1.504443
112010744 1.076459 -0.486993 1.509250
112010745 1.075084 -0.486993 1.514057
112010746 1.073709 -0.486993 1.518864
112010747 1.072333 -0.486993 1.523671
112010748 1.070958 -0.486993 1.528478
112010749 1.069583 -0.486993 1.533285
112010750 1.068207 -0.486993 1.538093
112010751 1.066832 -0.486993 1.542900
112010752 1.065457 -0.486993 1.547707
112010753 1.064081 -0.486993 1.552514
112010754 1.062706 -0.486993 1.557321
112010755 1.061331 -0.486993 1.562128
112010756 1.059955 -0.486993 1.566935
112010757 1.058580 -0.486993 1.571742
112010758 1.057205 -0.486993 1.576550
112010759 1.055829 -0.486993 1.581357
112010760 1.054454 -0.486993 1.586164
112010761 1.053079 -0.486993 1.590971
112010762 1.051703 -0.486993 1.595778
112010763 1.050328 -0.486993 1.600585
112010764 1.048953 -0.486993 1.605392
112010765 1.047577 -0.486993 1.610199
112010766 1.046202 -0.486993 1.615007
112010767 1.044827 -0.486993 1.619814
112010768 1.043451 -0.486993 1.624621
112010769 1.042076 -0.486993 1.629428
112010770 1.040701 -0.486993 1.634235
112010771 1.039326 -0.486993 1.639042
112010772 1.037950 -0.486993 1.643849
112010773 1.036575 -0.486993 1.648656
112010774 1.035200 -0.486993 1.653464
112010775 1.033824 -0.486993 1.658271
112010776 1.032449 -0.486993 1.663078
112010777 1.031074 -0.486993 1.667885
112010778 1.029698 -0.486993 1.672692
112010779 1.028323 -0.486993 1.677499
112010780 1.026948 -0.486993 1.682306
112010781 1.025572 -0.486993 1.687113
112010782 1.024197 -0.486993 1.691921
112010783 1.022822 -0.486993 1.696728
112010784 1.021446 -0.486993 1.701535
112010785 1.020071 -0.486993 1.706342
112010786 1.018696 -0.486993 1.711149
112010787 1.017320 -0.486993 1.715956
112010788 1.015945 -0.486993 1.720763
112010789 1.014570 -0.486993 1.725570
112010790 1.013194 -0.486993 1.730378
112010791 1.011819 -0.486993 1.735185
112010792 1.010444 -0.486993 1.739992
112010793 1.009068 -0.486993 1.744799
112010794 1.007693 -0.486993 1.749606
112010795 1.006318 -0.486993 1.754413
112010796 1.004942 -0.486993 1.759220
112010797 1.003567 -0.486993 1.764028
112010798 1.002192 -0.486993 1.768835
112010799 1.000816 -0.486993 1.773642
112010800 0.999441 -0.486993 1.778449
