113030001 0.714487 -0.199400 2.213767
113030002 0.713227 -0.199400 2.218606
113030003 0.711967 -0.199400 2.223444
113030004 0.710708 -0.199400 2.228283
113030005 0.709448 -0.199400 2.233122
113030006 0.708188 -0.199400 2.237960
113030007 0.706928 -0.199400 2.242799
113030008 0.705668 -0.199400 2.247638
113030009 0.704408 -0.199400 2.252476
113030010 0.703148 -0.199400 2.257315
113030011 0.701889 -0.199400 2.262154
113030012 0.700629 -0.199400 2.266992
113030013 0.699369 -0.199400 2.271831
113030014 0.698109 -0.199400 2.276670
113030015 0.696849 -0.199400 2.281508
113030016 0.695589 -0.199400 2.286347
113030017 0.694330 -0.199400 2.291186
113030018 0.693070 -0.199400 2.296024
113030019 0.691810 -0.199400 2.300863
113030020 0.690550 -0.199400 2.305702
113030021 0.689290 -0.199400 2.310541
113030022 0.688030 -0.199400 2.315379
113030023 0.686770 -0.199400 2.320218
113030024 0.685511 -0.199400 2.325057
113030025 0.684251 -0.199400 2.329895
113030026 0.682991 -0.199400 2.334734
113030027 0.681731 -0.199400 2.339573
113030028 0.680471 -0.199400 2.344411
113030029 0.679211 -0.199400 2.349250
113030030 0.677951 -0.199400 2.354089
113030031 0.676692 -0.199400 2.358927
113030032 0.675432 -0.199400 2.363766
113030033 0.674172 -0.199400 2.368605
113030034 0.672912 -0.199400 2.373443
113030035 0.671652 -0.199400 2.378282
113030036 0.670392 -0.199400 2.383121
113030037 0.669133 -0.199400 2.387959
113030038 0.667873 -0.199400 2.392798
113030039 0.666613 -0.199400 2.397637
113030040 0.665353 -0.199400 2.402475
113030041 0.664093 -0.199400 2.407314
113030042 0.662833 -0.199400 2.412153
113030043 0.661573 -0.199400 2.416991
113030044 0.660314 -0.199400 2.421830
113030045 0.659054 -0.199400 2.426669
113030046 0.657794 -0.199400 2.431507
113030047 0.656534 -0.199400 2.436346
113030048 0.655274 -0.199400 2.441185
113030049 0.654014 -0.199400 2.446023
113030050 0.652755 -0.199400 2.450862
113030051 0.651495 -0.199400 2.455701
113030052 0.650235 -0.199400 2.460539
113030053 0.648975 -0.199400 2.465378
113030054 0.647715 -0.199400 2.470217
113030055 0.646455 -0.199400 2.475055
113030056 0.645195 -0.199400 2.479894
113030057 0.643936 -0.199400 2.484733
113030058 0.642676 -0.199400 2.489572
113030059 0.641416 -0.199400 2.494410
113030060 0.640156 -0.199400 2.499249
113030061 0.638896 -0.199400 2.504088
113030062 0.637636 -0.199400 2.508926
113030063 0.636376 -0.199400 2.513765
113030064 0.635117 -0.199400 2.518604
113030065 0.633857 -0.199400 2.523442
113030066 0.632597 -0.199400 2.528281
113030067 0.631337 -0.199400 2.533120
113030068 0.630077 -0.199400 2.537958
113030069 0.628817 -0.199400 2.542797
113030070 0.627558 -0.199400 2.547636
113030071 0.626298 -0.199400 2.552474
113030072 0.625038 -0.199400 2.557313
113030073 0.623778 -0.199400 2.562152
113030074 0.622518 -0.199400 2.566990
113030075 0.621258 -0.199400 2.571829
113030076 0.619998 -0.199400 2.576668
113030077 0.618739 -0.199400 2.581506
113030078 0.617479 -0.199400 2.586345
113030079 0.616219 -0.199400 2.591184
113030080 0.614959 -0.199400 2.596022
113030081 0.613699 -0.199400 2.600861
113030082 0.612439 -0.199400 2.605700
113030083 0.611180 -0.199400 2.610538
113030084 0.609920 -0.199400 2.615377
113030085 0.608660 -0.199400 2.620216
113030086 0.607400 -0.199400 2.625054
113030087 0.606140 -0.199400 2.629893
113030088 0.604880 -0.199400 2.634732
113030089 0.603620 -0.199400 2.639570
113030090 0.602361 -0.199400 2.644409
113030091 0.601101 -0.199400 2.649248
113030092 0.599841 -0.199400 2.654086
113030093 0.598581 -0.199400 2.658925
113030094 0.597321 -0.199400 2.663764
113030095 0.596061 -0.199400 2.668603
113030096 0.594801 -0.199400 2.673441
113030097 0.593542 -0.199400 2.678280
113030098 0.592282 -0.199400 2.683119
113030099 0.591022 -0.199400 2.687957
113030100 0.589762 -0.199400 2.692796
113030101 0.714487 -0.173000 2.213767
113030102 0.713227 -0.173000 2.218606
113030103 0.711967 -0.173000 2.223444
113030104 0.710708 -0.173000 2.228283
113030105 0.709448 -0.173000 2.233122
113030106 0.708188 -0.173000 2.237960
113030107 0.706928 -0.173000 2.242799
113030108 0.705668 -0.173000 2.247638
113030109 0.704408 -0.173000 2.252476
113030110 0.703148 -0.173000 2.257315
113030111 0.701889 -0.173000 2.262154
113030112 0.700629 -0.173000 2.266992
113030113 0.699369 -0.173000 2.271831
113030114 0.698109 -0.173000 2.276670
113030115 0.696849 -0.173000 2.281508
113030116 0.695589 -0.173000 2.286347
113030117 0.694330 -0.173000 2.291186
113030118 0.693070 -0.173000 2.296024
113030119 0.691810 -0.173000 2.300863
113030120 0.690550 -0.173000 2.305702
113030121 0.689290 -0.173000 2.310541
113030122 0.688030 -0.173000 2.315379
113030123 0.686770 -0.173000 2.320218
113030124 0.685511 -0.173000 2.325057
113030125 0.684251 -0.173000 2.329895
113030126 0.682991 -0.173000 2.334734
113030127 0.681731 -0.173000 2.339573
113030128 0.680471 -0.173000 2.344411
113030129 0.679211 -0.173000 2.349250
113030130 0.677951 -0.173000 2.354089
113030131 0.676692 -0.173000 2.358927
113030132 0.675432 -0.173000 2.363766
113030133 0.674172 -0.173000 2.368605
113030134 0.672912 -0.173000 2.373443
113030135 0.671652 -0.173000 2.378282
113030136 0.670392 -0.173000 2.383121
113030137 0.669133 -0.173000 2.387959
113030138 0.667873 -0.173000 2.392798
113030139 0.666613 -0.173000 2.397637
113030140 0.665353 -0.173000 2.402475
113030141 0.664093 -0.173000 2.407314
113030142 0.662833 -0.173000 2.412153
113030143 0.661573 -0.173000 2.416991
113030144 0.660314 -0.173000 2.421830
113030145 0.659054 -0.173000 2.426669
113030146 0.657794 -0.173000 2.431507
113030147 0.656534 -0.173000 2.436346
113030148 0.655274 -0.173000 2.441185
113030149 0.654014 -0.173000 2.446023
113030150 0.652755 -0.173000 2.450862
113030151 0.651495 -0.173000 2.455701
113030152 0.650235 -0.173000 2.460539
113030153 0.648975 -0.173000 2.465378
113030154 0.647715 -0.173000 2.470217
113030155 0.646455 -0.173000 2.475055
113030156 0.645195 -0.173000 2.479894
113030157 0.643936 -0.173000 2.484733
113030158 0.642676 -0.173000 2.489572
113030159 0.641416 -0.173000 2.494410
113030160 0.640156 -0.173000 2.499249
113030161 0.638896 -0.173000 2.504088
113030162 0.637636 -0.173000 2.508926
113030163 0.636376 -0.173000 2.513765
113030164 0.635117 -0.173000 2.518604
113030165 0.633857 -0.173000 2.523442
113030166 0.632597 -0.173000 2.528281
113030167 0.631337 -0.173000 2.533120
113030168 0.630077 -0.173000 2.537958
113030169 0.628817 -0.173000 2.542797
113030170 0.627558 -0.173000 2.547636
113030171 0.626298 -0.173000 2.552474
113030172 0.625038 -0.173000 2.557313
113030173 0.623778 -0.173000 2.562152
113030174 0.622518 -0.173000 2.566990
113030175 0.621258 -0.173000 2.571829
113030176 0.619998 -0.173000 2.576668
113030177 0.618739 -0.173000 2.581506
113030178 0.617479 -0.173000 2.586345
113030179 0.616219 -0.173000 2.591184
113030180 0.614959 -0.173000 2.596022
113030181 0.613699 -0.173000 2.600861
113030182 0.612439 -0.173000 2.605700
113030183 0.611180 -0.173000 2.610538
113030184 0.609920 -0.173000 2.615377
113030185 0.608660 -0.173000 2.620216
113030186 0.607400 -0.173000 2.625054
113030187 0.606140 -0.173000 2.629893
113030188 0.604880 -0.173000 2.634732
113030189 0.603620 -0.173000 2.639570
113030190 0.602361 -0.173000 2.644409
113030191 0.601101 -0.173000 2.649248
113030192 0.599841 -0.173000 2.654086
113030193 0.598581 -0.173000 2.658925
113030194 0.597321 -0.173000 2.663764
113030195 0.596061 -0.173000 2.668603
113030196 0.594801 -0.173000 2.673441
113030197 0.593542 -0.173000 2.678280
113030198 0.592282 -0.173000 2.683119
113030199 0.591022 -0.173000 2.687957
113030200 0.589762 -0.173000 2.692796
113030201 0.714487 -0.146600 2.213767
113030202 0.713227 -0.146600 2.218606
113030203 0.711967 -0.146600 2.223444
113030204 0.710708 -0.146600 2.228283
113030205 0.709448 -0.146600 2.233122
113030206 0.708188 -0.146600 2.237960
113030207 0.706928 -0.146600 2.242799
113030208 0.705668 -0.146600 2.247638
113030209 0.704408 -0.146600 2.252476
113030210 0.703148 -0.146600 2.257315
113030211 0.701889 -0.146600 2.262154
113030212 0.700629 -0.146600 2.266992
113030213 0.699369 -0.146600 2.271831
113030214 0.698109 -0.146600 2.276670
113030215 0.696849 -0.146600 2.281508
113030216 0.695589 -0.146600 2.286347
113030217 0.694330 -0.146600 2.291186
113030218 0.693070 -0.146600 2.296024
113030219 0.691810 -0.146600 2.300863
113030220 0.690550 -0.146600 2.305702
113030221 0.689290 -0.146600 2.310541
113030222 0.688030 -0.146600 2.315379
113030223 0.686770 -0.146600 2.320218
113030224 0.685511 -0.146600 2.325057
113030225 0.684251 -0.146600 2.329895
113030226 0.682991 -0.146600 2.334734
113030227 0.681731 -0.146600 2.339573
113030228 0.680471 -0.146600 2.344411
113030229 0.679211 -0.146600 2.349250
113030230 0.677951 -0.146600 2.354089
113030231 0.676692 -0.146600 2.358927
113030232 0.675432 -0.146600 2.363766
113030233 0.674172 -0.146600 2.368605
113030234 0.672912 -0.146600 2.373443
113030235 0.671652 -0.146600 2.378282
113030236 0.670392 -0.146600 2.383121
113030237 0.669133 -0.146600 2.387959
113030238 0.667873 -0.146600 2.392798
113030239 0.666613 -0.146600 2.397637
113030240 0.665353 -0.146600 2.402475
113030241 0.664093 -0.146600 2.407314
113030242 0.662833 -0.146600 2.412153
113030243 0.661573 -0.146600 2.416991
113030244 0.660314 -0.146600 2.421830
113030245 0.659054 -0.146600 2.426669
113030246 0.657794 -0.146600 2.431507
113030247 0.656534 -0.146600 2.436346
113030248 0.655274 -0.146600 2.441185
113030249 0.654014 -0.146600 2.446023
113030250 0.652755 -0.146600 2.450862
113030251 0.651495 -0.146600 2.455701
113030252 0.650235 -0.146600 2.460539
113030253 0.648975 -0.146600 2.465378
113030254 0.647715 -0.146600 2.470217
113030255 0.646455 -0.146600 2.475055
113030256 0.645195 -0.146600 2.479894
113030257 0.643936 -0.146600 2.484733
113030258 0.642676 -0.146600 2.489572
113030259 0.641416 -0.146600 2.494410
113030260 0.640156 -0.146600 2.499249
113030261 0.638896 -0.146600 2.504088
113030262 0.637636 -0.146600 2.508926
113030263 0.636376 -0.146600 2.513765
113030264 0.635117 -0.146600 2.518604
113030265 0.633857 -0.146600 2.523442
113030266 0.632597 -0.146600 2.528281
113030267 0.631337 -0.146600 2.533120
113030268 0.630077 -0.146600 2.537958
113030269 0.628817 -0.146600 2.542797
113030270 0.627558 -0.146600 2.547636
113030271 0.626298 -0.146600 2.552474
113030272 0.625038 -0.146600 2.557313
113030273 0.623778 -0.146600 2.562152
113030274 0.622518 -0.146600 2.566990
113030275 0.621258 -0.146600 2.571829
113030276 0.619998 -0.146600 2.576668
113030277 0.618739 -0.146600 2.581506
113030278 0.617479 -0.146600 2.586345
113030279 0.616219 -0.146600 2.591184
113030280 0.614959 -0.146600 2.596022
113030281 0.613699 -0.146600 2.600861
113030282 0.612439 -0.146600 2.605700
113030283 0.611180 -0.146600 2.610538
113030284 0.609920 -0.146600 2.615377
113030285 0.608660 -0.146600 2.620216
113030286 0.607400 -0.146600 2.625054
113030287 0.606140 -0.146600 2.629893
113030288 0.604880 -0.146600 2.634732
113030289 0.603620 -0.146600 2.639570
113030290 0.602361 -0.146600 2.644409
113030291 0.601101 -0.146600 2.649248
113030292 0.599841 -0.146600 2.654086
113030293 0.598581 -0.146600 2.658925
113030294 0.597321 -0.146600 2.663764
113030295 0.596061 -0.146600 2.668603
113030296 0.594801 -0.146600 2.673441
113030297 0.593542 -0.146600 2.678280
113030298 0.592282 -0.146600 2.683119
113030299 0.591022 -0.146600 2.687957
113030300 0.589762 -0.146600 2.692796
113030301 0.714487 -0.120200 2.213767
113030302 0.713227 -0.120200 2.218606
113030303 0.711967 -0.120200 2.223444
113030304 0.710708 -0.120200 2.228283
113030305 0.709448 -0.120200 2.233122
113030306 0.708188 -0.120200 2.237960
113030307 0.706928 -0.120200 2.242799
113030308 0.705668 -0.120200 2.247638
113030309 0.704408 -0.120200 2.252476
113030310 0.703148 -0.120200 2.257315
113030311 0.701889 -0.120200 2.262154
113030312 0.700629 -0.120200 2.266992
113030313 0.699369 -0.120200 2.271831
113030314 0.698109 -0.120200 2.276670
113030315 0.696849 -0.120200 2.281508
113030316 0.695589 -0.120200 2.286347
113030317 0.694330 -0.120200 2.291186
113030318 0.693070 -0.120200 2.296024
113030319 0.691810 -0.120200 2.300863
113030320 0.690550 -0.120200 2.305702
113030321 0.689290 -0.120200 2.310541
113030322 0.688030 -0.120200 2.315379
113030323 0.686770 -0.120200 2.320218
113030324 0.685511 -0.120200 2.325057
113030325 0.684251 -0.120200 2.329895
113030326 0.682991 -0.120200 2.334734
113030327 0.681731 -0.120200 2.339573
113030328 0.680471 -0.120200 2.344411
113030329 0.679211 -0.120200 2.349250
113030330 0.677951 -0.120200 2.354089
113030331 0.676692 -0.120200 2.358927
113030332 0.675432 -0.120200 2.363766
113030333 0.674172 -0.120200 2.368605
113030334 0.672912 -0.120200 2.373443
113030335 0.671652 -0.120200 2.378282
113030336 0.670392 -0.120200 2.383121
113030337 0.669133 -0.120200 2.387959
113030338 0.667873 -0.120200 2.392798
113030339 0.666613 -0.120200 2.397637
113030340 0.665353 -0.120200 2.402475
113030341 0.664093 -0.120200 2.407314
113030342 0.662833 -0.120200 2.412153
113030343 0.661573 -0.120200 2.416991
113030344 0.660314 -0.120200 2.421830
113030345 0.659054 -0.120200 2.426669
113030346 0.657794 -0.120200 2.431507
113030347 0.656534 -0.120200 2.436346
113030348 0.655274 -0.120200 2.441185
113030349 0.654014 -0.120200 2.446023
113030350 0.652755 -0.120200 2.450862
113030351 0.651495 -0.120200 2.455701
113030352 0.650235 -0.120200 2.460539
113030353 0.648975 -0.120200 2.465378
113030354 0.647715 -0.120200 2.470217
113030355 0.646455 -0.120200 2.475055
113030356 0.645195 -0.120200 2.479894
113030357 0.643936 -0.120200 2.484733
113030358 0.642676 -0.120200 2.489572
113030359 0.641416 -0.120200 2.494410
113030360 0.640156 -0.120200 2.499249
113030361 0.638896 -0.120200 2.504088
113030362 0.637636 -0.120200 2.508926
113030363 0.636376 -0.120200 2.513765
113030364 0.635117 -0.120200 2.518604
113030365 0.633857 -0.120200 2.523442
113030366 0.632597 -0.120200 2.528281
113030367 0.631337 -0.120200 2.533120
113030368 0.630077 -0.120200 2.537958
113030369 0.628817 -0.120200 2.542797
113030370 0.627558 -0.120200 2.547636
113030371 0.626298 -0.120200 2.552474
113030372 0.625038 -0.120200 2.557313
113030373 0.623778 -0.120200 2.562152
113030374 0.622518 -0.120200 2.566990
113030375 0.621258 -0.120200 2.571829
113030376 0.619998 -0.120200 2.576668
113030377 0.618739 -0.120200 2.581506
113030378 0.617479 -0.120200 2.586345
113030379 0.616219 -0.120200 2.591184
113030380 0.614959 -0.120200 2.596022
113030381 0.613699 -0.120200 2.600861
113030382 0.612439 -0.120200 2.605700
113030383 0.611180 -0.120200 2.610538
113030384 0.609920 -0.120200 2.615377
113030385 0.608660 -0.120200 2.620216
113030386 0.607400 -0.120200 2.625054
113030387 0.606140 -0.120200 2.629893
113030388 0.604880 -0.120200 2.634732
113030389 0.603620 -0.120200 2.639570
113030390 0.602361 -0.120200 2.644409
113030391 0.601101 -0.120200 2.649248
113030392 0.599841 -0.120200 2.654086
113030393 0.598581 -0.120200 2.658925
113030394 0.597321 -0.120200 2.663764
113030395 0.596061 -0.120200 2.668603
113030396 0.594801 -0.120200 2.673441
113030397 0.593542 -0.120200 2.678280
113030398 0.592282 -0.120200 2.683119
113030399 0.591022 -0.120200 2.687957
113030400 0.589762 -0.120200 2.692796
113030401 0.714487 -0.093800 2.213767
113030402 0.713227 -0.093800 2.218606
113030403 0.711967 -0.093800 2.223444
113030404 0.710708 -0.093800 2.228283
113030405 0.709448 -0.093800 2.233122
113030406 0.708188 -0.093800 2.237960
113030407 0.706928 -0.093800 2.242799
113030408 0.705668 -0.093800 2.247638
113030409 0.704408 -0.093800 2.252476
113030410 0.703148 -0.093800 2.257315
113030411 0.701889 -0.093800 2.262154
113030412 0.700629 -0.093800 2.266992
113030413 0.699369 -0.093800 2.271831
113030414 0.698109 -0.093800 2.276670
113030415 0.696849 -0.093800 2.281508
113030416 0.695589 -0.093800 2.286347
113030417 0.694330 -0.093800 2.291186
113030418 0.693070 -0.093800 2.296024
113030419 0.691810 -0.093800 2.300863
113030420 0.690550 -0.093800 2.305702
113030421 0.689290 -0.093800 2.310541
113030422 0.688030 -0.093800 2.315379
113030423 0.686770 -0.093800 2.320218
113030424 0.685511 -0.093800 2.325057
113030425 0.684251 -0.093800 2.329895
113030426 0.682991 -0.093800 2.334734
113030427 0.681731 -0.093800 2.339573
113030428 0.680471 -0.093800 2.344411
113030429 0.679211 -0.093800 2.349250
113030430 0.677951 -0.093800 2.354089
113030431 0.676692 -0.093800 2.358927
113030432 0.675432 -0.093800 2.363766
113030433 0.674172 -0.093800 2.368605
113030434 0.672912 -0.093800 2.373443
113030435 0.671652 -0.093800 2.378282
113030436 0.670392 -0.093800 2.383121
113030437 0.669133 -0.093800 2.387959
113030438 0.667873 -0.093800 2.392798
113030439 0.666613 -0.093800 2.397637
113030440 0.665353 -0.093800 2.402475
113030441 0.664093 -0.093800 2.407314
113030442 0.662833 -0.093800 2.412153
113030443 0.661573 -0.093800 2.416991
113030444 0.660314 -0.093800 2.421830
113030445 0.659054 -0.093800 2.426669
113030446 0.657794 -0.093800 2.431507
113030447 0.656534 -0.093800 2.436346
113030448 0.655274 -0.093800 2.441185
113030449 0.654014 -0.093800 2.446023
113030450 0.652755 -0.093800 2.450862
113030451 0.651495 -0.093800 2.455701
113030452 0.650235 -0.093800 2.460539
113030453 0.648975 -0.093800 2.465378
113030454 0.647715 -0.093800 2.470217
113030455 0.646455 -0.093800 2.475055
113030456 0.645195 -0.093800 2.479894
113030457 0.643936 -0.093800 2.484733
113030458 0.642676 -0.093800 2.489572
113030459 0.641416 -0.093800 2.494410
113030460 0.640156 -0.093800 2.499249
113030461 0.638896 -0.093800 2.504088
113030462 0.637636 -0.093800 2.508926
113030463 0.636376 -0.093800 2.513765
113030464 0.635117 -0.093800 2.518604
113030465 0.633857 -0.093800 2.523442
113030466 0.632597 -0.093800 2.528281
113030467 0.631337 -0.093800 2.533120
113030468 0.630077 -0.093800 2.537958
113030469 0.628817 -0.093800 2.542797
113030470 0.627558 -0.093800 2.547636
113030471 0.626298 -0.093800 2.552474
113030472 0.625038 -0.093800 2.557313
113030473 0.623778 -0.093800 2.562152
113030474 0.622518 -0.093800 2.566990
113030475 0.621258 -0.093800 2.571829
113030476 0.619998 -0.093800 2.576668
113030477 0.618739 -0.093800 2.581506
113030478 0.617479 -0.093800 2.586345
113030479 0.616219 -0.093800 2.591184
113030480 0.614959 -0.093800 2.596022
113030481 0.613699 -0.093800 2.600861
113030482 0.612439 -0.093800 2.605700
113030483 0.611180 -0.093800 2.610538
113030484 0.609920 -0.093800 2.615377
113030485 0.608660 -0.093800 2.620216
113030486 0.607400 -0.093800 2.625054
113030487 0.606140 -0.093800 2.629893
113030488 0.604880 -0.093800 2.634732
113030489 0.603620 -0.093800 2.639570
113030490 0.602361 -0.093800 2.644409
113030491 0.601101 -0.093800 2.649248
113030492 0.599841 -0.093800 2.654086
113030493 0.598581 -0.093800 2.658925
113030494 0.597321 -0.093800 2.663764
113030495 0.596061 -0.093800 2.668603
113030496 0.594801 -0.093800 2.673441
113030497 0.593542 -0.093800 2.678280
113030498 0.592282 -0.093800 2.683119
113030499 0.591022 -0.093800 2.687957
113030500 0.589762 -0.093800 2.692796
113030501 0.714487 -0.067400 2.213767
113030502 0.713227 -0.067400 2.218606
113030503 0.711967 -0.067400 2.223444
113030504 0.710708 -0.067400 2.228283
113030505 0.709448 -0.067400 2.233122
113030506 0.708188 -0.067400 2.237960
113030507 0.706928 -0.067400 2.242799
113030508 0.705668 -0.067400 2.247638
113030509 0.704408 -0.067400 2.252476
113030510 0.703148 -0.067400 2.257315
113030511 0.701889 -0.067400 2.262154
113030512 0.700629 -0.067400 2.266992
113030513 0.699369 -0.067400 2.271831
113030514 0.698109 -0.067400 2.276670
113030515 0.696849 -0.067400 2.281508
113030516 0.695589 -0.067400 2.286347
113030517 0.694330 -0.067400 2.291186
113030518 0.693070 -0.067400 2.296024
113030519 0.691810 -0.067400 2.300863
113030520 0.690550 -0.067400 2.305702
113030521 0.689290 -0.067400 2.310541
113030522 0.688030 -0.067400 2.315379
113030523 0.686770 -0.067400 2.320218
113030524 0.685511 -0.067400 2.325057
113030525 0.684251 -0.067400 2.329895
113030526 0.682991 -0.067400 2.334734
113030527 0.681731 -0.067400 2.339573
113030528 0.680471 -0.067400 2.344411
113030529 0.679211 -0.067400 2.349250
113030530 0.677951 -0.067400 2.354089
113030531 0.676692 -0.067400 2.358927
113030532 0.675432 -0.067400 2.363766
113030533 0.674172 -0.067400 2.368605
113030534 0.672912 -0.067400 2.373443
113030535 0.671652 -0.067400 2.378282
113030536 0.670392 -0.067400 2.383121
113030537 0.669133 -0.067400 2.387959
113030538 0.667873 -0.067400 2.392798
113030539 0.666613 -0.067400 2.397637
113030540 0.665353 -0.067400 2.402475
113030541 0.664093 -0.067400 2.407314
113030542 0.662833 -0.067400 2.412153
113030543 0.661573 -0.067400 2.416991
113030544 0.660314 -0.067400 2.421830
113030545 0.659054 -0.067400 2.426669
113030546 0.657794 -0.067400 2.431507
113030547 0.656534 -0.067400 2.436346
113030548 0.655274 -0.067400 2.441185
113030549 0.654014 -0.067400 2.446023
113030550 0.652755 -0.067400 2.450862
113030551 0.651495 -0.067400 2.455701
113030552 0.650235 -0.067400 2.460539
113030553 0.648975 -0.067400 2.465378
113030554 0.647715 -0.067400 2.470217
113030555 0.646455 -0.067400 2.475055
113030556 0.645195 -0.067400 2.479894
113030557 0.643936 -0.067400 2.484733
113030558 0.642676 -0.067400 2.489572
113030559 0.641416 -0.067400 2.494410
113030560 0.640156 -0.067400 2.499249
113030561 0.638896 -0.067400 2.504088
113030562 0.637636 -0.067400 2.508926
113030563 0.636376 -0.067400 2.513765
113030564 0.635117 -0.067400 2.518604
113030565 0.633857 -0.067400 2.523442
113030566 0.632597 -0.067400 2.528281
113030567 0.631337 -0.067400 2.533120
113030568 0.630077 -0.067400 2.537958
113030569 0.628817 -0.067400 2.542797
113030570 0.627558 -0.067400 2.547636
113030571 0.626298 -0.067400 2.552474
113030572 0.625038 -0.067400 2.557313
113030573 0.623778 -0.067400 2.562152
113030574 0.622518 -0.067400 2.566990
113030575 0.621258 -0.067400 2.571829
113030576 0.619998 -0.067400 2.576668
113030577 0.618739 -0.067400 2.581506
113030578 0.617479 -0.067400 2.586345
113030579 0.616219 -0.067400 2.591184
113030580 0.614959 -0.067400 2.596022
113030581 0.613699 -0.067400 2.600861
113030582 0.612439 -0.067400 2.605700
113030583 0.611180 -0.067400 2.610538
113030584 0.609920 -0.067400 2.615377
113030585 0.608660 -0.067400 2.620216
113030586 0.607400 -0.067400 2.625054
113030587 0.606140 -0.067400 2.629893
113030588 0.604880 -0.067400 2.634732
113030589 0.603620 -0.067400 2.639570
113030590 0.602361 -0.067400 2.644409
113030591 0.601101 -0.067400 2.649248
113030592 0.599841 -0.067400 2.654086
113030593 0.598581 -0.067400 2.658925
113030594 0.597321 -0.067400 2.663764
113030595 0.596061 -0.067400 2.668603
113030596 0.594801 -0.067400 2.673441
113030597 0.593542 -0.067400 2.678280
113030598 0.592282 -0.067400 2.683119
113030599 0.591022 -0.067400 2.687957
113030600 0.589762 -0.067400 2.692796
113030601 0.714487 -0.041000 2.213767
113030602 0.713227 -0.041000 2.218606
113030603 0.711967 -0.041000 2.223444
113030604 0.710708 -0.041000 2.228283
113030605 0.709448 -0.041000 2.233122
113030606 0.708188 -0.041000 2.237960
113030607 0.706928 -0.041000 2.242799
113030608 0.705668 -0.041000 2.247638
113030609 0.704408 -0.041000 2.252476
113030610 0.703148 -0.041000 2.257315
113030611 0.701889 -0.041000 2.262154
113030612 0.700629 -0.041000 2.266992
113030613 0.699369 -0.041000 2.271831
113030614 0.698109 -0.041000 2.276670
113030615 0.696849 -0.041000 2.281508
113030616 0.695589 -0.041000 2.286347
113030617 0.694330 -0.041000 2.291186
113030618 0.693070 -0.041000 2.296024
113030619 0.691810 -0.041000 2.300863
113030620 0.690550 -0.041000 2.305702
113030621 0.689290 -0.041000 2.310541
113030622 0.688030 -0.041000 2.315379
113030623 0.686770 -0.041000 2.320218
113030624 0.685511 -0.041000 2.325057
113030625 0.684251 -0.041000 2.329895
113030626 0.682991 -0.041000 2.334734
113030627 0.681731 -0.041000 2.339573
113030628 0.680471 -0.041000 2.344411
113030629 0.679211 -0.041000 2.349250
113030630 0.677951 -0.041000 2.354089
113030631 0.676692 -0.041000 2.358927
113030632 0.675432 -0.041000 2.363766
113030633 0.674172 -0.041000 2.368605
113030634 0.672912 -0.041000 2.373443
113030635 0.671652 -0.041000 2.378282
113030636 0.670392 -0.041000 2.383121
113030637 0.669133 -0.041000 2.387959
113030638 0.667873 -0.041000 2.392798
113030639 0.666613 -0.041000 2.397637
113030640 0.665353 -0.041000 2.402475
113030641 0.664093 -0.041000 2.407314
113030642 0.662833 -0.041000 2.412153
113030643 0.661573 -0.041000 2.416991
113030644 0.660314 -0.041000 2.421830
113030645 0.659054 -0.041000 2.426669
113030646 0.657794 -0.041000 2.431507
113030647 0.656534 -0.041000 2.436346
113030648 0.655274 -0.041000 2.441185
113030649 0.654014 -0.041000 2.446023
113030650 0.652755 -0.041000 2.450862
113030651 0.651495 -0.041000 2.455701
113030652 0.650235 -0.041000 2.460539
113030653 0.648975 -0.041000 2.465378
113030654 0.647715 -0.041000 2.470217
113030655 0.646455 -0.041000 2.475055
113030656 0.645195 -0.041000 2.479894
113030657 0.643936 -0.041000 2.484733
113030658 0.642676 -0.041000 2.489572
113030659 0.641416 -0.041000 2.494410
113030660 0.640156 -0.041000 2.499249
113030661 0.638896 -0.041000 2.504088
113030662 0.637636 -0.041000 2.508926
113030663 0.636376 -0.041000 2.513765
113030664 0.635117 -0.041000 2.518604
113030665 0.633857 -0.041000 2.523442
113030666 0.632597 -0.041000 2.528281
113030667 0.631337 -0.041000 2.533120
113030668 0.630077 -0.041000 2.537958
113030669 0.628817 -0.041000 2.542797
113030670 0.627558 -0.041000 2.547636
113030671 0.626298 -0.041000 2.552474
113030672 0.625038 -0.041000 2.557313
113030673 0.623778 -0.041000 2.562152
113030674 0.622518 -0.041000 2.566990
113030675 0.621258 -0.041000 2.571829
113030676 0.619998 -0.041000 2.576668
113030677 0.618739 -0.041000 2.581506
113030678 0.617479 -0.041000 2.586345
113030679 0.616219 -0.041000 2.591184
113030680 0.614959 -0.041000 2.596022
113030681 0.613699 -0.041000 2.600861
113030682 0.612439 -0.041000 2.605700
113030683 0.611180 -0.041000 2.610538
113030684 0.609920 -0.041000 2.615377
113030685 0.608660 -0.041000 2.620216
113030686 0.607400 -0.041000 2.625054
113030687 0.606140 -0.041000 2.629893
113030688 0.604880 -0.041000 2.634732
113030689 0.603620 -0.041000 2.639570
113030690 0.602361 -0.041000 2.644409
113030691 0.601101 -0.041000 2.649248
113030692 0.599841 -0.041000 2.654086
113030693 0.598581 -0.041000 2.658925
113030694 0.597321 -0.041000 2.663764
113030695 0.596061 -0.041000 2.668603
113030696 0.594801 -0.041000 2.673441
113030697 0.593542 -0.041000 2.678280
113030698 0.592282 -0.041000 2.683119
113030699 0.591022 -0.041000 2.687957
113030700 0.589762 -0.041000 2.692796
113030701 0.714487 -0.014600 2.213767
113030702 0.713227 -0.014600 2.218606
113030703 0.711967 -0.014600 2.223444
113030704 0.710708 -0.014600 2.228283
113030705 0.709448 -0.014600 2.233122
113030706 0.708188 -0.014600 2.237960
113030707 0.706928 -0.014600 2.242799
113030708 0.705668 -0.014600 2.247638
113030709 0.704408 -0.014600 2.252476
113030710 0.703148 -0.014600 2.257315
113030711 0.701889 -0.014600 2.262154
113030712 0.700629 -0.014600 2.266992
113030713 0.699369 -0.014600 2.271831
113030714 0.698109 -0.014600 2.276670
113030715 0.696849 -0.014600 2.281508
113030716 0.695589 -0.014600 2.286347
113030717 0.694330 -0.014600 2.291186
113030718 0.693070 -0.014600 2.296024
113030719 0.691810 -0.014600 2.300863
113030720 0.690550 -0.014600 2.305702
113030721 0.689290 -0.014600 2.310541
113030722 0.688030 -0.014600 2.315379
113030723 0.686770 -0.014600 2.320218
113030724 0.685511 -0.014600 2.325057
113030725 0.684251 -0.014600 2.329895
113030726 0.682991 -0.014600 2.334734
113030727 0.681731 -0.014600 2.339573
113030728 0.680471 -0.014600 2.344411
113030729 0.679211 -0.014600 2.349250
113030730 0.677951 -0.014600 2.354089
113030731 0.676692 -0.014600 2.358927
113030732 0.675432 -0.014600 2.363766
113030733 0.674172 -0.014600 2.368605
113030734 0.672912 -0.014600 2.373443
113030735 0.671652 -0.014600 2.378282
113030736 0.670392 -0.014600 2.383121
113030737 0.669133 -0.014600 2.387959
113030738 0.667873 -0.014600 2.392798
113030739 0.666613 -0.014600 2.397637
113030740 0.665353 -0.014600 2.402475
113030741 0.664093 -0.014600 2.407314
113030742 0.662833 -0.014600 2.412153
113030743 0.661573 -0.014600 2.416991
113030744 0.660314 -0.014600 2.421830
113030745 0.659054 -0.014600 2.426669
113030746 0.657794 -0.014600 2.431507
113030747 0.656534 -0.014600 2.436346
113030748 0.655274 -0.014600 2.441185
113030749 0.654014 -0.014600 2.446023
113030750 0.652755 -0.014600 2.450862
113030751 0.651495 -0.014600 2.455701
113030752 0.650235 -0.014600 2.460539
113030753 0.648975 -0.014600 2.465378
113030754 0.647715 -0.014600 2.470217
113030755 0.646455 -0.014600 2.475055
113030756 0.645195 -0.014600 2.479894
113030757 0.643936 -0.014600 2.484733
113030758 0.642676 -0.014600 2.489572
113030759 0.641416 -0.014600 2.494410
113030760 0.640156 -0.014600 2.499249
113030761 0.638896 -0.014600 2.504088
113030762 0.637636 -0.014600 2.508926
113030763 0.636376 -0.014600 2.513765
113030764 0.635117 -0.014600 2.518604
113030765 0.633857 -0.014600 2.523442
113030766 0.632597 -0.014600 2.528281
113030767 0.631337 -0.014600 2.533120
113030768 0.630077 -0.014600 2.537958
113030769 0.628817 -0.014600 2.542797
113030770 0.627558 -0.014600 2.547636
113030771 0.626298 -0.014600 2.552474
113030772 0.625038 -0.014600 2.557313
113030773 0.623778 -0.014600 2.562152
113030774 0.622518 -0.014600 2.566990
113030775 0.621258 -0.014600 2.571829
113030776 0.619998 -0.014600 2.576668
113030777 0.618739 -0.014600 2.581506
113030778 0.617479 -0.014600 2.586345
113030779 0.616219 -0.014600 2.591184
113030780 0.614959 -0.014600 2.596022
113030781 0.613699 -0.014600 2.600861
113030782 0.612439 -0.014600 2.605700
113030783 0.611180 -0.014600 2.610538
113030784 0.609920 -0.014600 2.615377
113030785 0.608660 -0.014600 2.620216
113030786 0.607400 -0.014600 2.625054
113030787 0.606140 -0.014600 2.629893
113030788 0.604880 -0.014600 2.634732
113030789 0.603620 -0.014600 2.639570
113030790 0.602361 -0.014600 2.644409
113030791 0.601101 -0.014600 2.649248
113030792 0.599841 -0.014600 2.654086
113030793 0.598581 -0.014600 2.658925
113030794 0.597321 -0.014600 2.663764
113030795 0.596061 -0.014600 2.668603
113030796 0.594801 -0.014600 2.673441
113030797 0.593542 -0.014600 2.678280
113030798 0.592282 -0.014600 2.683119
113030799 0.591022 -0.014600 2.687957
113030800 0.589762 -0.014600 2.692796
