103020001 -1.006749 -0.459225 1.785740
103020002 -1.008125 -0.459225 1.780933
103020003 -1.009500 -0.459225 1.776126
103020004 -1.010875 -0.459225 1.771319
103020005 -1.012251 -0.459225 1.766511
103020006 -1.013626 -0.459225 1.761704
103020007 -1.015001 -0.459225 1.756897
103020008 -1.016377 -0.459225 1.752090
103020009 -1.017752 -0.459225 1.747283
103020010 -1.019127 -0.459225 1.742476
103020011 -1.020503 -0.459225 1.737669
103020012 -1.021878 -0.459225 1.732862
103020013 -1.023253 -0.459225 1.728054
103020014 -1.024629 -0.459225 1.723247
103020015 -1.026004 -0.459225 1.718440
103020016 -1.027379 -0.459225 1.713633
103020017 -1.028755 -0.459225 1.708826
103020018 -1.030130 -0.459225 1.704019
103020019 -1.031505 -0.459225 1.699212
103020020 -1.032880 -0.459225 1.694405
103020021 -1.034256 -0.459225 1.689597
103020022 -1.035631 -0.459225 1.684790
103020023 -1.037006 -0.459225 1.679983
103020024 -1.038382 -0.459225 1.675176
103020025 -1.039757 -0.459225 1.670369
103020026 -1.041132 -0.459225 1.665562
103020027 -1.042508 -0.459225 1.660755
103020028 -1.043883 -0.459225 1.655948
103020029 -1.045258 -0.459225 1.651140
103020030 -1.046634 -0.459225 1.646333
103020031 -1.048009 -0.459225 1.641526
103020032 -1.049384 -0.459225 1.636719
103020033 -1.050760 -0.459225 1.631912
103020034 -1.052135 -0.459225 1.627105
103020035 -1.053510 -0.459225 1.622298
103020036 -1.054886 -0.459225 1.617491
103020037 -1.056261 -0.459225 1.612683
103020038 -1.057636 -0.459225 1.607876
103020039 -1.059012 -0.459225 1.603069
103020040 -1.060387 -0.459225 1.598262
103020041 -1.061762 -0.459225 1.593455
103020042 -1.063138 -0.459225 1.588648
103020043 -1.064513 -0.459225 1.583841
103020044 -1.065888 -0.459225 1.579034
103020045 -1.067264 -0.459225 1.574226
103020046 -1.068639 -0.459225 1.569419
103020047 -1.070014 -0.459225 1.564612
103020048 -1.071390 -0.459225 1.559805
103020049 -1.072765 -0.459225 1.554998
103020050 -1.074140 -0.459225 1.550191
103020051 -1.075516 -0.459225 1.545384
103020052 -1.076891 -0.459225 1.540576
103020053 -1.078266 -0.459225 1.535769
103020054 -1.079642 -0.459225 1.530962
103020055 -1.081017 -0.459225 1.526155
103020056 -1.082392 -0.459225 1.521348
103020057 -1.083768 -0.459225 1.516541
103020058 -1.085143 -0.459225 1.511734
103020059 -1.086518 -0.459225 1.506927
103020060 -1.087894 -0.459225 1.502119
103020061 -1.089269 -0.459225 1.497312
103020062 -1.090644 -0.459225 1.492505
103020063 -1.092020 -0.459225 1.487698
103020064 -1.093395 -0.459225 1.482891
103020065 -1.094770 -0.459225 1.478084
103020066 -1.096145 -0.459225 1.473277
103020067 -1.097521 -0.459225 1.468470
103020068 -1.098896 -0.459225 1.463662
103020069 -1.100271 -0.459225 1.458855
103020070 -1.101647 -0.459225 1.454048
103020071 -1.103022 -0.459225 1.449241
103020072 -1.104397 -0.459225 1.444434
103020073 -1.105773 -0.459225 1.439627
103020074 -1.107148 -0.459225 1.434820
103020075 -1.108523 -0.459225 1.430013
103020076 -1.109899 -0.459225 1.425205
103020077 -1.111274 -0.459225 1.420398
103020078 -1.112649 -0.459225 1.415591
103020079 -1.114025 -0.459225 1.410784
103020080 -1.115400 -0.459225 1.405977
103020081 -1.116775 -0.459225 1.401170
103020082 -1.118151 -0.459225 1.396363
103020083 -1.119526 -0.459225 1.391556
103020084 -1.120901 -0.459225 1.386748
103020085 -1.122277 -0.459225 1.381941
103020086 -1.123652 -0.459225 1.377134
103020087 -1.125027 -0.459225 1.372327
103020088 -1.126403 -0.459225 1.367520
103020089 -1.127778 -0.459225 1.362713
103020090 -1.129153 -0.459225 1.357906
103020091 -1.130529 -0.459225 1.353098
103020092 -1.131904 -0.459225 1.348291
103020093 -1.133279 -0.459225 1.343484
103020094 -1.134655 -0.459225 1.338677
103020095 -1.136030 -0.459225 1.333870
103020096 -1.137405 -0.459225 1.329063
103020097 -1.138781 -0.459225 1.324256
103020098 -1.140156 -0.459225 1.319449
103020099 -1.141531 -0.459225 1.314641
103020100 -1.142907 -0.459225 1.309834
103020101 -1.014600 -0.434119 1.787986
103020102 -1.015975 -0.434119 1.783179
103020103 -1.017351 -0.434119 1.778372
103020104 -1.018726 -0.434119 1.773565
103020105 -1.020101 -0.434119 1.768758
103020106 -1.021477 -0.434119 1.763950
103020107 -1.022852 -0.434119 1.759143
103020108 -1.024227 -0.434119 1.754336
103020109 -1.025603 -0.434119 1.749529
103020110 -1.026978 -0.434119 1.744722
103020111 -1.028353 -0.434119 1.739915
103020112 -1.029728 -0.434119 1.735108
103020113 -1.031104 -0.434119 1.730301
103020114 -1.032479 -0.434119 1.725493
103020115 -1.033854 -0.434119 1.720686
103020116 -1.035230 -0.434119 1.715879
103020117 -1.036605 -0.434119 1.711072
103020118 -1.037980 -0.434119 1.706265
103020119 -1.039356 -0.434119 1.701458
103020120 -1.040731 -0.434119 1.696651
103020121 -1.042106 -0.434119 1.691844
103020122 -1.043482 -0.434119 1.687036
103020123 -1.044857 -0.434119 1.682229
103020124 -1.046232 -0.434119 1.677422
103020125 -1.047608 -0.434119 1.672615
103020126 -1.048983 -0.434119 1.667808
103020127 -1.050358 -0.434119 1.663001
103020128 -1.051734 -0.434119 1.658194
103020129 -1.053109 -0.434119 1.653386
103020130 -1.054484 -0.434119 1.648579
103020131 -1.055860 -0.434119 1.643772
103020132 -1.057235 -0.434119 1.638965
103020133 -1.058610 -0.434119 1.634158
103020134 -1.059986 -0.434119 1.629351
103020135 -1.061361 -0.434119 1.624544
103020136 -1.062736 -0.434119 1.619737
103020137 -1.064112 -0.434119 1.614929
103020138 -1.065487 -0.434119 1.610122
103020139 -1.066862 -0.434119 1.605315
103020140 -1.068238 -0.434119 1.600508
103020141 -1.069613 -0.434119 1.595701
103020142 -1.070988 -0.434119 1.590894
103020143 -1.072364 -0.434119 1.586087
103020144 -1.073739 -0.434119 1.581280
103020145 -1.075114 -0.434119 1.576472
103020146 -1.076490 -0.434119 1.571665
103020147 -1.077865 -0.434119 1.566858
103020148 -1.079240 -0.434119 1.562051
103020149 -1.080616 -0.434119 1.557244
103020150 -1.081991 -0.434119 1.552437
103020151 -1.083366 -0.434119 1.547630
103020152 -1.084742 -0.434119 1.542823
103020153 -1.086117 -0.434119 1.538015
103020154 -1.087492 -0.434119 1.533208
103020155 -1.088868 -0.434119 1.528401
103020156 -1.090243 -0.434119 1.523594
103020157 -1.091618 -0.434119 1.518787
103020158 -1.092993 -0.434119 1.513980
103020159 -1.094369 -0.434119 1.509173
103020160 -1.095744 -0.434119 1.504366
103020161 -1.097119 -0.434119 1.499558
103020162 -1.098495 -0.434119 1.494751
103020163 -1.099870 -0.434119 1.489944
103020164 -1.101245 -0.434119 1.485137
103020165 -1.102621 -0.434119 1.480330
103020166 -1.103996 -0.434119 1.475523
103020167 -1.105371 -0.434119 1.470716
103020168 -1.106747 -0.434119 1.465909
103020169 -1.108122 -0.434119 1.461101
103020170 -1.109497 -0.434119 1.456294
103020171 -1.110873 -0.434119 1.451487
103020172 -1.112248 -0.434119 1.446680
103020173 -1.113623 -0.434119 1.441873
103020174 -1.114999 -0.434119 1.437066
103020175 -1.116374 -0.434119 1.432259
103020176 -1.117749 -0.434119 1.427451
103020177 -1.119125 -0.434119 1.422644
103020178 -1.120500 -0.434119 1.417837
103020179 -1.121875 -0.434119 1.413030
103020180 -1.123251 -0.434119 1.408223
103020181 -1.124626 -0.434119 1.403416
103020182 -1.126001 -0.434119 1.398609
103020183 -1.127377 -0.434119 1.393802
103020184 -1.128752 -0.434119 1.388994
103020185 -1.130127 -0.434119 1.384187
103020186 -1.131503 -0.434119 1.379380
103020187 -1.132878 -0.434119 1.374573
103020188 -1.134253 -0.434119 1.369766
103020189 -1.135629 -0.434119 1.364959
103020190 -1.137004 -0.434119 1.360152
103020191 -1.138379 -0.434119 1.355345
103020192 -1.139755 -0.434119 1.350537
103020193 -1.141130 -0.434119 1.345730
103020194 -1.142505 -0.434119 1.340923
103020195 -1.143881 -0.434119 1.336116
103020196 -1.145256 -0.434119 1.331309
103020197 -1.146631 -0.434119 1.326502
103020198 -1.148007 -0.434119 1.321695
103020199 -1.149382 -0.434119 1.316888
103020200 -1.150757 -0.434119 1.312080
103020201 -1.022451 -0.409014 1.790232
103020202 -1.023826 -0.409014 1.785425
103020203 -1.025201 -0.409014 1.780618
103020204 -1.026576 -0.409014 1.775811
103020205 -1.027952 -0.409014 1.771004
103020206 -1.029327 -0.409014 1.766196
103020207 -1.030702 -0.409014 1.761389
103020208 -1.032078 -0.409014 1.756582
103020209 -1.033453 -0.409014 1.751775
103020210 -1.034828 -0.409014 1.746968
103020211 -1.036204 -0.409014 1.742161
103020212 -1.037579 -0.409014 1.737354
103020213 -1.038954 -0.409014 1.732547
103020214 -1.040330 -0.409014 1.727739
103020215 -1.041705 -0.409014 1.722932
103020216 -1.043080 -0.409014 1.718125
103020217 -1.044456 -0.409014 1.713318
103020218 -1.045831 -0.409014 1.708511
103020219 -1.047206 -0.409014 1.703704
103020220 -1.048582 -0.409014 1.698897
103020221 -1.049957 -0.409014 1.694090
103020222 -1.051332 -0.409014 1.689282
103020223 -1.052708 -0.409014 1.684475
103020224 -1.054083 -0.409014 1.679668
103020225 -1.055458 -0.409014 1.674861
103020226 -1.056834 -0.409014 1.670054
103020227 -1.058209 -0.409014 1.665247
103020228 -1.059584 -0.409014 1.660440
103020229 -1.060960 -0.409014 1.655633
103020230 -1.062335 -0.409014 1.650825
103020231 -1.063710 -0.409014 1.646018
103020232 -1.065086 -0.409014 1.641211
103020233 -1.066461 -0.409014 1.636404
103020234 -1.067836 -0.409014 1.631597
103020235 -1.069212 -0.409014 1.626790
103020236 -1.070587 -0.409014 1.621983
103020237 -1.071962 -0.409014 1.617176
103020238 -1.073338 -0.409014 1.612368
103020239 -1.074713 -0.409014 1.607561
103020240 -1.076088 -0.409014 1.602754
103020241 -1.077464 -0.409014 1.597947
103020242 -1.078839 -0.409014 1.593140
103020243 -1.080214 -0.409014 1.588333
103020244 -1.081590 -0.409014 1.583526
103020245 -1.082965 -0.409014 1.578719
103020246 -1.084340 -0.409014 1.573911
103020247 -1.085716 -0.409014 1.569104
103020248 -1.087091 -0.409014 1.564297
103020249 -1.088466 -0.409014 1.559490
103020250 -1.089841 -0.409014 1.554683
103020251 -1.091217 -0.409014 1.549876
103020252 -1.092592 -0.409014 1.545069
103020253 -1.093967 -0.409014 1.540261
103020254 -1.095343 -0.409014 1.535454
103020255 -1.096718 -0.409014 1.530647
103020256 -1.098093 -0.409014 1.525840
103020257 -1.099469 -0.409014 1.521033
103020258 -1.100844 -0.409014 1.516226
103020259 -1.102219 -0.409014 1.511419
103020260 -1.103595 -0.409014 1.506612
103020261 -1.104970 -0.409014 1.501804
103020262 -1.106345 -0.409014 1.496997
103020263 -1.107721 -0.409014 1.492190
103020264 -1.109096 -0.409014 1.487383
103020265 -1.110471 -0.409014 1.482576
103020266 -1.111847 -0.409014 1.477769
103020267 -1.113222 -0.409014 1.472962
103020268 -1.114597 -0.409014 1.468155
103020269 -1.115973 -0.409014 1.463347
103020270 -1.117348 -0.409014 1.458540
103020271 -1.118723 -0.409014 1.453733
103020272 -1.120099 -0.409014 1.448926
103020273 -1.121474 -0.409014 1.444119
103020274 -1.122849 -0.409014 1.439312
103020275 -1.124225 -0.409014 1.434505
103020276 -1.125600 -0.409014 1.429698
103020277 -1.126975 -0.409014 1.424890
103020278 -1.128351 -0.409014 1.420083
103020279 -1.129726 -0.409014 1.415276
103020280 -1.131101 -0.409014 1.410469
103020281 -1.132477 -0.409014 1.405662
103020282 -1.133852 -0.409014 1.400855
103020283 -1.135227 -0.409014 1.396048
103020284 -1.136603 -0.409014 1.391241
103020285 -1.137978 -0.409014 1.386433
103020286 -1.139353 -0.409014 1.381626
103020287 -1.140729 -0.409014 1.376819
103020288 -1.142104 -0.409014 1.372012
103020289 -1.143479 -0.409014 1.367205
103020290 -1.144855 -0.409014 1.362398
103020291 -1.146230 -0.409014 1.357591
103020292 -1.147605 -0.409014 1.352784
103020293 -1.148980 -0.409014 1.347976
103020294 -1.150356 -0.409014 1.343169
103020295 -1.151731 -0.409014 1.338362
103020296 -1.153106 -0.409014 1.333555
103020297 -1.154482 -0.409014 1.328748
103020298 -1.155857 -0.409014 1.323941
103020299 -1.157232 -0.409014 1.319134
103020300 -1.158608 -0.409014 1.314326
103020301 -1.030301 -0.383908 1.792478
103020302 -1.031676 -0.383908 1.787671
103020303 -1.033052 -0.383908 1.782864
103020304 -1.034427 -0.383908 1.778057
103020305 -1.035802 -0.383908 1.773250
103020306 -1.037178 -0.383908 1.768443
103020307 -1.038553 -0.383908 1.763635
103020308 -1.039928 -0.383908 1.758828
103020309 -1.041304 -0.383908 1.754021
103020310 -1.042679 -0.383908 1.749214
103020311 -1.044054 -0.383908 1.744407
103020312 -1.045430 -0.383908 1.739600
103020313 -1.046805 -0.383908 1.734793
103020314 -1.048180 -0.383908 1.729986
103020315 -1.049556 -0.383908 1.725178
103020316 -1.050931 -0.383908 1.720371
103020317 -1.052306 -0.383908 1.715564
103020318 -1.053682 -0.383908 1.710757
103020319 -1.055057 -0.383908 1.705950
103020320 -1.056432 -0.383908 1.701143
103020321 -1.057808 -0.383908 1.696336
103020322 -1.059183 -0.383908 1.691529
103020323 -1.060558 -0.383908 1.686721
103020324 -1.061934 -0.383908 1.681914
103020325 -1.063309 -0.383908 1.677107
103020326 -1.064684 -0.383908 1.672300
103020327 -1.066060 -0.383908 1.667493
103020328 -1.067435 -0.383908 1.662686
103020329 -1.068810 -0.383908 1.657879
103020330 -1.070186 -0.383908 1.653071
103020331 -1.071561 -0.383908 1.648264
103020332 -1.072936 -0.383908 1.643457
103020333 -1.074312 -0.383908 1.638650
103020334 -1.075687 -0.383908 1.633843
103020335 -1.077062 -0.383908 1.629036
103020336 -1.078438 -0.383908 1.624229
103020337 -1.079813 -0.383908 1.619422
103020338 -1.081188 -0.383908 1.614614
103020339 -1.082563 -0.383908 1.609807
103020340 -1.083939 -0.383908 1.605000
103020341 -1.085314 -0.383908 1.600193
103020342 -1.086689 -0.383908 1.595386
103020343 -1.088065 -0.383908 1.590579
103020344 -1.089440 -0.383908 1.585772
103020345 -1.090815 -0.383908 1.580965
103020346 -1.092191 -0.383908 1.576157
103020347 -1.093566 -0.383908 1.571350
103020348 -1.094941 -0.383908 1.566543
103020349 -1.096317 -0.383908 1.561736
103020350 -1.097692 -0.383908 1.556929
103020351 -1.099067 -0.383908 1.552122
103020352 -1.100443 -0.383908 1.547315
103020353 -1.101818 -0.383908 1.542508
103020354 -1.103193 -0.383908 1.537700
103020355 -1.104569 -0.383908 1.532893
103020356 -1.105944 -0.383908 1.528086
103020357 -1.107319 -0.383908 1.523279
103020358 -1.108695 -0.383908 1.518472
103020359 -1.110070 -0.383908 1.513665
103020360 -1.111445 -0.383908 1.508858
103020361 -1.112821 -0.383908 1.504051
103020362 -1.114196 -0.383908 1.499243
103020363 -1.115571 -0.383908 1.494436
103020364 -1.116947 -0.383908 1.489629
103020365 -1.118322 -0.383908 1.484822
103020366 -1.119697 -0.383908 1.480015
103020367 -1.121073 -0.383908 1.475208
103020368 -1.122448 -0.383908 1.470401
103020369 -1.123823 -0.383908 1.465594
103020370 -1.125199 -0.383908 1.460786
103020371 -1.126574 -0.383908 1.455979
103020372 -1.127949 -0.383908 1.451172
103020373 -1.129325 -0.383908 1.446365
103020374 -1.130700 -0.383908 1.441558
103020375 -1.132075 -0.383908 1.436751
103020376 -1.133451 -0.383908 1.431944
103020377 -1.134826 -0.383908 1.427136
103020378 -1.136201 -0.383908 1.422329
103020379 -1.137577 -0.383908 1.417522
103020380 -1.138952 -0.383908 1.412715
103020381 -1.140327 -0.383908 1.407908
103020382 -1.141703 -0.383908 1.403101
103020383 -1.143078 -0.383908 1.398294
103020384 -1.144453 -0.383908 1.393487
103020385 -1.145828 -0.383908 1.388679
103020386 -1.147204 -0.383908 1.383872
103020387 -1.148579 -0.383908 1.379065
103020388 -1.149954 -0.383908 1.374258
103020389 -1.151330 -0.383908 1.369451
103020390 -1.152705 -0.383908 1.364644
103020391 -1.154080 -0.383908 1.359837
103020392 -1.155456 -0.383908 1.355030
103020393 -1.156831 -0.383908 1.350222
103020394 -1.158206 -0.383908 1.345415
103020395 -1.159582 -0.383908 1.340608
103020396 -1.160957 -0.383908 1.335801
103020397 -1.162332 -0.383908 1.330994
103020398 -1.163708 -0.383908 1.326187
103020399 -1.165083 -0.383908 1.321380
103020400 -1.166458 -0.383908 1.316573
103020401 -1.038152 -0.358803 1.794724
103020402 -1.039527 -0.358803 1.789917
103020403 -1.040902 -0.358803 1.785110
103020404 -1.042278 -0.358803 1.780303
103020405 -1.043653 -0.358803 1.775496
103020406 -1.045028 -0.358803 1.770689
103020407 -1.046404 -0.358803 1.765882
103020408 -1.047779 -0.358803 1.761074
103020409 -1.049154 -0.358803 1.756267
103020410 -1.050530 -0.358803 1.751460
103020411 -1.051905 -0.358803 1.746653
103020412 -1.053280 -0.358803 1.741846
103020413 -1.054656 -0.358803 1.737039
103020414 -1.056031 -0.358803 1.732232
103020415 -1.057406 -0.358803 1.727424
103020416 -1.058782 -0.358803 1.722617
103020417 -1.060157 -0.358803 1.717810
103020418 -1.061532 -0.358803 1.713003
103020419 -1.062908 -0.358803 1.708196
103020420 -1.064283 -0.358803 1.703389
103020421 -1.065658 -0.358803 1.698582
103020422 -1.067034 -0.358803 1.693775
103020423 -1.068409 -0.358803 1.688967
103020424 -1.069784 -0.358803 1.684160
103020425 -1.071160 -0.358803 1.679353
103020426 -1.072535 -0.358803 1.674546
103020427 -1.073910 -0.358803 1.669739
103020428 -1.075286 -0.358803 1.664932
103020429 -1.076661 -0.358803 1.660125
103020430 -1.078036 -0.358803 1.655318
103020431 -1.079411 -0.358803 1.650510
103020432 -1.080787 -0.358803 1.645703
103020433 -1.082162 -0.358803 1.640896
103020434 -1.083537 -0.358803 1.636089
103020435 -1.084913 -0.358803 1.631282
103020436 -1.086288 -0.358803 1.626475
103020437 -1.087663 -0.358803 1.621668
103020438 -1.089039 -0.358803 1.616861
103020439 -1.090414 -0.358803 1.612053
103020440 -1.091789 -0.358803 1.607246
103020441 -1.093165 -0.358803 1.602439
103020442 -1.094540 -0.358803 1.597632
103020443 -1.095915 -0.358803 1.592825
103020444 -1.097291 -0.358803 1.588018
103020445 -1.098666 -0.358803 1.583211
103020446 -1.100041 -0.358803 1.578404
103020447 -1.101417 -0.358803 1.573596
103020448 -1.102792 -0.358803 1.568789
103020449 -1.104167 -0.358803 1.563982
103020450 -1.105543 -0.358803 1.559175
103020451 -1.106918 -0.358803 1.554368
103020452 -1.108293 -0.358803 1.549561
103020453 -1.109669 -0.358803 1.544754
103020454 -1.111044 -0.358803 1.539946
103020455 -1.112419 -0.358803 1.535139
103020456 -1.113795 -0.358803 1.530332
103020457 -1.115170 -0.358803 1.525525
103020458 -1.116545 -0.358803 1.520718
103020459 -1.117921 -0.358803 1.515911
103020460 -1.119296 -0.358803 1.511104
103020461 -1.120671 -0.358803 1.506297
103020462 -1.122047 -0.358803 1.501489
103020463 -1.123422 -0.358803 1.496682
103020464 -1.124797 -0.358803 1.491875
103020465 -1.126173 -0.358803 1.487068
103020466 -1.127548 -0.358803 1.482261
103020467 -1.128923 -0.358803 1.477454
103020468 -1.130299 -0.358803 1.472647
103020469 -1.131674 -0.358803 1.467840
103020470 -1.133049 -0.358803 1.463032
103020471 -1.134425 -0.358803 1.458225
103020472 -1.135800 -0.358803 1.453418
103020473 -1.137175 -0.358803 1.448611
103020474 -1.138551 -0.358803 1.443804
103020475 -1.139926 -0.358803 1.438997
103020476 -1.141301 -0.358803 1.434190
103020477 -1.142676 -0.358803 1.429383
103020478 -1.144052 -0.358803 1.424575
103020479 -1.145427 -0.358803 1.419768
103020480 -1.146802 -0.358803 1.414961
103020481 -1.148178 -0.358803 1.410154
103020482 -1.149553 -0.358803 1.405347
103020483 -1.150928 -0.358803 1.400540
103020484 -1.152304 -0.358803 1.395733
103020485 -1.153679 -0.358803 1.390926
103020486 -1.155054 -0.358803 1.386118
103020487 -1.156430 -0.358803 1.381311
103020488 -1.157805 -0.358803 1.376504
103020489 -1.159180 -0.358803 1.371697
103020490 -1.160556 -0.358803 1.366890
103020491 -1.161931 -0.358803 1.362083
103020492 -1.163306 -0.358803 1.357276
103020493 -1.164682 -0.358803 1.352469
103020494 -1.166057 -0.358803 1.347661
103020495 -1.167432 -0.358803 1.342854
103020496 -1.168808 -0.358803 1.338047
103020497 -1.170183 -0.358803 1.333240
103020498 -1.171558 -0.358803 1.328433
103020499 -1.172934 -0.358803 1.323626
103020500 -1.174309 -0.358803 1.318819
103020501 -1.046002 -0.333697 1.796970
103020502 -1.047378 -0.333697 1.792163
103020503 -1.048753 -0.333697 1.787356
103020504 -1.050128 -0.333697 1.782549
103020505 -1.051504 -0.333697 1.777742
103020506 -1.052879 -0.333697 1.772935
103020507 -1.054254 -0.333697 1.768128
103020508 -1.055630 -0.333697 1.763320
103020509 -1.057005 -0.333697 1.758513
103020510 -1.058380 -0.333697 1.753706
103020511 -1.059756 -0.333697 1.748899
103020512 -1.061131 -0.333697 1.744092
103020513 -1.062506 -0.333697 1.739285
103020514 -1.063882 -0.333697 1.734478
103020515 -1.065257 -0.333697 1.729671
103020516 -1.066632 -0.333697 1.724863
103020517 -1.068008 -0.333697 1.720056
103020518 -1.069383 -0.333697 1.715249
103020519 -1.070758 -0.333697 1.710442
103020520 -1.072134 -0.333697 1.705635
103020521 -1.073509 -0.333697 1.700828
103020522 -1.074884 -0.333697 1.696021
103020523 -1.076259 -0.333697 1.691214
103020524 -1.077635 -0.333697 1.686406
103020525 -1.079010 -0.333697 1.681599
103020526 -1.080385 -0.333697 1.676792
103020527 -1.081761 -0.333697 1.671985
103020528 -1.083136 -0.333697 1.667178
103020529 -1.084511 -0.333697 1.662371
103020530 -1.085887 -0.333697 1.657564
103020531 -1.087262 -0.333697 1.652757
103020532 -1.088637 -0.333697 1.647949
103020533 -1.090013 -0.333697 1.643142
103020534 -1.091388 -0.333697 1.638335
103020535 -1.092763 -0.333697 1.633528
103020536 -1.094139 -0.333697 1.628721
103020537 -1.095514 -0.333697 1.623914
103020538 -1.096889 -0.333697 1.619107
103020539 -1.098265 -0.333697 1.614299
103020540 -1.099640 -0.333697 1.609492
103020541 -1.101015 -0.333697 1.604685
103020542 -1.102391 -0.333697 1.599878
103020543 -1.103766 -0.333697 1.595071
103020544 -1.105141 -0.333697 1.590264
103020545 -1.106517 -0.333697 1.585457
103020546 -1.107892 -0.333697 1.580650
103020547 -1.109267 -0.333697 1.575842
103020548 -1.110643 -0.333697 1.571035
103020549 -1.112018 -0.333697 1.566228
103020550 -1.113393 -0.333697 1.561421
103020551 -1.114769 -0.333697 1.556614
103020552 -1.116144 -0.333697 1.551807
103020553 -1.117519 -0.333697 1.547000
103020554 -1.118895 -0.333697 1.542193
103020555 -1.120270 -0.333697 1.537385
103020556 -1.121645 -0.333697 1.532578
103020557 -1.123021 -0.333697 1.527771
103020558 -1.124396 -0.333697 1.522964
103020559 -1.125771 -0.333697 1.518157
103020560 -1.127147 -0.333697 1.513350
103020561 -1.128522 -0.333697 1.508543
103020562 -1.129897 -0.333697 1.503736
103020563 -1.131273 -0.333697 1.498928
103020564 -1.132648 -0.333697 1.494121
103020565 -1.134023 -0.333697 1.489314
103020566 -1.135399 -0.333697 1.484507
103020567 -1.136774 -0.333697 1.479700
103020568 -1.138149 -0.333697 1.474893
103020569 -1.139524 -0.333697 1.470086
103020570 -1.140900 -0.333697 1.465279
103020571 -1.142275 -0.333697 1.460471
103020572 -1.143650 -0.333697 1.455664
103020573 -1.145026 -0.333697 1.450857
103020574 -1.146401 -0.333697 1.446050
103020575 -1.147776 -0.333697 1.441243
103020576 -1.149152 -0.333697 1.436436
103020577 -1.150527 -0.333697 1.431629
103020578 -1.151902 -0.333697 1.426821
103020579 -1.153278 -0.333697 1.422014
103020580 -1.154653 -0.333697 1.417207
103020581 -1.156028 -0.333697 1.412400
103020582 -1.157404 -0.333697 1.407593
103020583 -1.158779 -0.333697 1.402786
103020584 -1.160154 -0.333697 1.397979
103020585 -1.161530 -0.333697 1.393172
103020586 -1.162905 -0.333697 1.388364
103020587 -1.164280 -0.333697 1.383557
103020588 -1.165656 -0.333697 1.378750
103020589 -1.167031 -0.333697 1.373943
103020590 -1.168406 -0.333697 1.369136
103020591 -1.169782 -0.333697 1.364329
103020592 -1.171157 -0.333697 1.359522
103020593 -1.172532 -0.333697 1.354715
103020594 -1.173908 -0.333697 1.349907
103020595 -1.175283 -0.333697 1.345100
103020596 -1.176658 -0.333697 1.340293
103020597 -1.178034 -0.333697 1.335486
103020598 -1.179409 -0.333697 1.330679
103020599 -1.180784 -0.333697 1.325872
103020600 -1.182160 -0.333697 1.321065
103020601 -1.053853 -0.308592 1.799216
103020602 -1.055228 -0.308592 1.794409
103020603 -1.056604 -0.308592 1.789602
103020604 -1.057979 -0.308592 1.784795
103020605 -1.059354 -0.308592 1.779988
103020606 -1.060730 -0.308592 1.775181
103020607 -1.062105 -0.308592 1.770374
103020608 -1.063480 -0.308592 1.765567
103020609 -1.064856 -0.308592 1.760759
103020610 -1.066231 -0.308592 1.755952
103020611 -1.067606 -0.308592 1.751145
103020612 -1.068982 -0.308592 1.746338
103020613 -1.070357 -0.308592 1.741531
103020614 -1.071732 -0.308592 1.736724
103020615 -1.073107 -0.308592 1.731917
103020616 -1.074483 -0.308592 1.727109
103020617 -1.075858 -0.308592 1.722302
103020618 -1.077233 -0.308592 1.717495
103020619 -1.078609 -0.308592 1.712688
103020620 -1.079984 -0.308592 1.707881
103020621 -1.081359 -0.308592 1.703074
103020622 -1.082735 -0.308592 1.698267
103020623 -1.084110 -0.308592 1.693460
103020624 -1.085485 -0.308592 1.688652
103020625 -1.086861 -0.308592 1.683845
103020626 -1.088236 -0.308592 1.679038
103020627 -1.089611 -0.308592 1.674231
103020628 -1.090987 -0.308592 1.669424
103020629 -1.092362 -0.308592 1.664617
103020630 -1.093737 -0.308592 1.659810
103020631 -1.095113 -0.308592 1.655003
103020632 -1.096488 -0.308592 1.650195
103020633 -1.097863 -0.308592 1.645388
103020634 -1.099239 -0.308592 1.640581
103020635 -1.100614 -0.308592 1.635774
103020636 -1.101989 -0.308592 1.630967
103020637 -1.103365 -0.308592 1.626160
103020638 -1.104740 -0.308592 1.621353
103020639 -1.106115 -0.308592 1.616546
103020640 -1.107491 -0.308592 1.611738
103020641 -1.108866 -0.308592 1.606931
103020642 -1.110241 -0.308592 1.602124
103020643 -1.111617 -0.308592 1.597317
103020644 -1.112992 -0.308592 1.592510
103020645 -1.114367 -0.308592 1.587703
103020646 -1.115743 -0.308592 1.582896
103020647 -1.117118 -0.308592 1.578089
103020648 -1.118493 -0.308592 1.573281
103020649 -1.119869 -0.308592 1.568474
103020650 -1.121244 -0.308592 1.563667
103020651 -1.122619 -0.308592 1.558860
103020652 -1.123995 -0.308592 1.554053
103020653 -1.125370 -0.308592 1.549246
103020654 -1.126745 -0.308592 1.544439
103020655 -1.128121 -0.308592 1.539632
103020656 -1.129496 -0.308592 1.534824
103020657 -1.130871 -0.308592 1.530017
103020658 -1.132247 -0.308592 1.525210
103020659 -1.133622 -0.308592 1.520403
103020660 -1.134997 -0.308592 1.515596
103020661 -1.136372 -0.308592 1.510789
103020662 -1.137748 -0.308592 1.505982
103020663 -1.139123 -0.308592 1.501174
103020664 -1.140498 -0.308592 1.496367
103020665 -1.141874 -0.308592 1.491560
103020666 -1.143249 -0.308592 1.486753
103020667 -1.144624 -0.308592 1.481946
103020668 -1.146000 -0.308592 1.477139
103020669 -1.147375 -0.308592 1.472332
103020670 -1.148750 -0.308592 1.467525
103020671 -1.150126 -0.308592 1.462717
103020672 -1.151501 -0.308592 1.457910
103020673 -1.152876 -0.308592 1.453103
103020674 -1.154252 -0.308592 1.448296
103020675 -1.155627 -0.308592 1.443489
103020676 -1.157002 -0.308592 1.438682
103020677 -1.158378 -0.308592 1.433875
103020678 -1.159753 -0.308592 1.429068
103020679 -1.161128 -0.308592 1.424260
103020680 -1.162504 -0.308592 1.419453
103020681 -1.163879 -0.308592 1.414646
103020682 -1.165254 -0.308592 1.409839
103020683 -1.166630 -0.308592 1.405032
103020684 -1.168005 -0.308592 1.400225
103020685 -1.169380 -0.308592 1.395418
103020686 -1.170756 -0.308592 1.390611
103020687 -1.172131 -0.308592 1.385803
103020688 -1.173506 -0.308592 1.380996
103020689 -1.174882 -0.308592 1.376189
103020690 -1.176257 -0.308592 1.371382
103020691 -1.177632 -0.308592 1.366575
103020692 -1.179008 -0.308592 1.361768
103020693 -1.180383 -0.308592 1.356961
103020694 -1.181758 -0.308592 1.352154
103020695 -1.183134 -0.308592 1.347346
103020696 -1.184509 -0.308592 1.342539
103020697 -1.185884 -0.308592 1.337732
103020698 -1.187260 -0.308592 1.332925
103020699 -1.188635 -0.308592 1.328118
103020700 -1.190010 -0.308592 1.323311
103020701 -1.061704 -0.283487 1.801462
103020702 -1.063079 -0.283487 1.796655
103020703 -1.064454 -0.283487 1.791848
103020704 -1.065829 -0.283487 1.787041
103020705 -1.067205 -0.283487 1.782234
103020706 -1.068580 -0.283487 1.777427
103020707 -1.069955 -0.283487 1.772620
103020708 -1.071331 -0.283487 1.767813
103020709 -1.072706 -0.283487 1.763005
103020710 -1.074081 -0.283487 1.758198
103020711 -1.075457 -0.283487 1.753391
103020712 -1.076832 -0.283487 1.748584
103020713 -1.078207 -0.283487 1.743777
103020714 -1.079583 -0.283487 1.738970
103020715 -1.080958 -0.283487 1.734163
103020716 -1.082333 -0.283487 1.729356
103020717 -1.083709 -0.283487 1.724548
103020718 -1.085084 -0.283487 1.719741
103020719 -1.086459 -0.283487 1.714934
103020720 -1.087835 -0.283487 1.710127
103020721 -1.089210 -0.283487 1.705320
103020722 -1.090585 -0.283487 1.700513
103020723 -1.091961 -0.283487 1.695706
103020724 -1.093336 -0.283487 1.690899
103020725 -1.094711 -0.283487 1.686091
103020726 -1.096087 -0.283487 1.681284
103020727 -1.097462 -0.283487 1.676477
103020728 -1.098837 -0.283487 1.671670
103020729 -1.100213 -0.283487 1.666863
103020730 -1.101588 -0.283487 1.662056
103020731 -1.102963 -0.283487 1.657249
103020732 -1.104339 -0.283487 1.652442
103020733 -1.105714 -0.283487 1.647634
103020734 -1.107089 -0.283487 1.642827
103020735 -1.108465 -0.283487 1.638020
103020736 -1.109840 -0.283487 1.633213
103020737 -1.111215 -0.283487 1.628406
103020738 -1.112591 -0.283487 1.623599
103020739 -1.113966 -0.283487 1.618792
103020740 -1.115341 -0.283487 1.613984
103020741 -1.116717 -0.283487 1.609177
103020742 -1.118092 -0.283487 1.604370
103020743 -1.119467 -0.283487 1.599563
103020744 -1.120843 -0.283487 1.594756
103020745 -1.122218 -0.283487 1.589949
103020746 -1.123593 -0.283487 1.585142
103020747 -1.124969 -0.283487 1.580335
103020748 -1.126344 -0.283487 1.575527
103020749 -1.127719 -0.283487 1.570720
103020750 -1.129094 -0.283487 1.565913
103020751 -1.130470 -0.283487 1.561106
103020752 -1.131845 -0.283487 1.556299
103020753 -1.133220 -0.283487 1.551492
103020754 -1.134596 -0.283487 1.546685
103020755 -1.135971 -0.283487 1.541878
103020756 -1.137346 -0.283487 1.537070
103020757 -1.138722 -0.283487 1.532263
103020758 -1.140097 -0.283487 1.527456
103020759 -1.141472 -0.283487 1.522649
103020760 -1.142848 -0.283487 1.517842
103020761 -1.144223 -0.283487 1.513035
103020762 -1.145598 -0.283487 1.508228
103020763 -1.146974 -0.283487 1.503421
103020764 -1.148349 -0.283487 1.498613
103020765 -1.149724 -0.283487 1.493806
103020766 -1.151100 -0.283487 1.488999
103020767 -1.152475 -0.283487 1.484192
103020768 -1.153850 -0.283487 1.479385
103020769 -1.155226 -0.283487 1.474578
103020770 -1.156601 -0.283487 1.469771
103020771 -1.157976 -0.283487 1.464964
103020772 -1.159352 -0.283487 1.460156
103020773 -1.160727 -0.283487 1.455349
103020774 -1.162102 -0.283487 1.450542
103020775 -1.163478 -0.283487 1.445735
103020776 -1.164853 -0.283487 1.440928
103020777 -1.166228 -0.283487 1.436121
103020778 -1.167604 -0.283487 1.431314
103020779 -1.168979 -0.283487 1.426507
103020780 -1.170354 -0.283487 1.421699
103020781 -1.171730 -0.283487 1.416892
103020782 -1.173105 -0.283487 1.412085
103020783 -1.174480 -0.283487 1.407278
103020784 -1.175856 -0.283487 1.402471
103020785 -1.177231 -0.283487 1.397664
103020786 -1.178606 -0.283487 1.392857
103020787 -1.179982 -0.283487 1.388049
103020788 -1.181357 -0.283487 1.383242
103020789 -1.182732 -0.283487 1.378435
103020790 -1.184108 -0.283487 1.373628
103020791 -1.185483 -0.283487 1.368821
103020792 -1.186858 -0.283487 1.364014
103020793 -1.188234 -0.283487 1.359207
103020794 -1.189609 -0.283487 1.354400
103020795 -1.190984 -0.283487 1.349592
103020796 -1.192359 -0.283487 1.344785
103020797 -1.193735 -0.283487 1.339978
103020798 -1.195110 -0.283487 1.335171
103020799 -1.196485 -0.283487 1.330364
103020800 -1.197861 -0.283487 1.325557
