109040001 0.679849 0.228600 -0.994214
109040002 0.683300 0.228600 -0.990596
109040003 0.686752 0.228600 -0.986979
109040004 0.690203 0.228600 -0.983361
109040005 0.693655 0.228600 -0.979744
109040006 0.697107 0.228600 -0.976126
109040007 0.700558 0.228600 -0.972509
109040008 0.704010 0.228600 -0.968891
109040009 0.707462 0.228600 -0.965274
109040010 0.710913 0.228600 -0.961656
109040011 0.714365 0.228600 -0.958039
109040012 0.717816 0.228600 -0.954421
109040013 0.721268 0.228600 -0.950804
109040014 0.724720 0.228600 -0.947186
109040015 0.728171 0.228600 -0.943569
109040016 0.731623 0.228600 -0.939951
109040017 0.735074 0.228600 -0.936334
109040018 0.738526 0.228600 -0.932716
109040019 0.741978 0.228600 -0.929099
109040020 0.745429 0.228600 -0.925481
109040021 0.748881 0.228600 -0.921864
109040022 0.752333 0.228600 -0.918246
109040023 0.755784 0.228600 -0.914629
109040024 0.759236 0.228600 -0.911011
109040025 0.762687 0.228600 -0.907394
109040026 0.766139 0.228600 -0.903776
109040027 0.769591 0.228600 -0.900159
109040028 0.773042 0.228600 -0.896541
109040029 0.776494 0.228600 -0.892924
109040030 0.779945 0.228600 -0.889306
109040031 0.783397 0.228600 -0.885689
109040032 0.786849 0.228600 -0.882071
109040033 0.790300 0.228600 -0.878454
109040034 0.793752 0.228600 -0.874836
109040035 0.797204 0.228600 -0.871219
109040036 0.800655 0.228600 -0.867601
109040037 0.804107 0.228600 -0.863984
109040038 0.807558 0.228600 -0.860366
109040039 0.811010 0.228600 -0.856749
109040040 0.814462 0.228600 -0.853131
109040041 0.817913 0.228600 -0.849514
109040042 0.821365 0.228600 -0.845896
109040043 0.824816 0.228600 -0.842279
109040044 0.828268 0.228600 -0.838661
109040045 0.831720 0.228600 -0.835044
109040046 0.835171 0.228600 -0.831426
109040047 0.838623 0.228600 -0.827809
109040048 0.842075 0.228600 -0.824191
109040049 0.845526 0.228600 -0.820574
109040050 0.848978 0.228600 -0.816956
109040051 0.852429 0.228600 -0.813339
109040052 0.855881 0.228600 -0.809721
109040053 0.859333 0.228600 -0.806104
109040054 0.862784 0.228600 -0.802486
109040055 0.866236 0.228600 -0.798869
109040056 0.869687 0.228600 -0.795251
109040057 0.873139 0.228600 -0.791633
109040058 0.876591 0.228600 -0.788016
109040059 0.880042 0.228600 -0.784398
109040060 0.883494 0.228600 -0.780781
109040061 0.886946 0.228600 -0.777163
109040062 0.890397 0.228600 -0.773546
109040063 0.893849 0.228600 -0.769928
109040064 0.897300 0.228600 -0.766311
109040065 0.900752 0.228600 -0.762693
109040066 0.904204 0.228600 -0.759076
109040067 0.907655 0.228600 -0.755458
109040068 0.911107 0.228600 -0.751841
109040069 0.914558 0.228600 -0.748223
109040070 0.918010 0.228600 -0.744606
109040071 0.921462 0.228600 -0.740988
109040072 0.924913 0.228600 -0.737371
109040073 0.928365 0.228600 -0.733753
109040074 0.931817 0.228600 -0.730136
109040075 0.935268 0.228600 -0.726518
109040076 0.938720 0.228600 -0.722901
109040077 0.942171 0.228600 -0.719283
109040078 0.945623 0.228600 -0.715666
109040079 0.949075 0.228600 -0.712048
109040080 0.952526 0.228600 -0.708431
109040081 0.955978 0.228600 -0.704813
109040082 0.959430 0.228600 -0.701196
109040083 0.962881 0.228600 -0.697578
109040084 0.966333 0.228600 -0.693961
109040085 0.969784 0.228600 -0.690343
109040086 0.973236 0.228600 -0.686726
109040087 0.976688 0.228600 -0.683108
109040088 0.980139 0.228600 -0.679491
109040089 0.983591 0.228600 -0.675873
109040090 0.987042 0.228600 -0.672256
109040091 0.990494 0.228600 -0.668638
109040092 0.993946 0.228600 -0.665021
109040093 0.997397 0.228600 -0.661403
109040094 1.000849 0.228600 -0.657786
109040095 1.004301 0.228600 -0.654168
109040096 1.007752 0.228600 -0.650551
109040097 1.011204 0.228600 -0.646933
109040098 1.014655 0.228600 -0.643316
109040099 1.018107 0.228600 -0.639698
109040100 1.021559 0.228600 -0.636081
109040101 0.679849 0.255000 -0.994214
109040102 0.683300 0.255000 -0.990596
109040103 0.686752 0.255000 -0.986979
109040104 0.690203 0.255000 -0.983361
109040105 0.693655 0.255000 -0.979744
109040106 0.697107 0.255000 -0.976126
109040107 0.700558 0.255000 -0.972509
109040108 0.704010 0.255000 -0.968891
109040109 0.707462 0.255000 -0.965274
109040110 0.710913 0.255000 -0.961656
109040111 0.714365 0.255000 -0.958039
109040112 0.717816 0.255000 -0.954421
109040113 0.721268 0.255000 -0.950804
109040114 0.724720 0.255000 -0.947186
109040115 0.728171 0.255000 -0.943569
109040116 0.731623 0.255000 -0.939951
109040117 0.735074 0.255000 -0.936334
109040118 0.738526 0.255000 -0.932716
109040119 0.741978 0.255000 -0.929099
109040120 0.745429 0.255000 -0.925481
109040121 0.748881 0.255000 -0.921864
109040122 0.752333 0.255000 -0.918246
109040123 0.755784 0.255000 -0.914629
109040124 0.759236 0.255000 -0.911011
109040125 0.762687 0.255000 -0.907394
109040126 0.766139 0.255000 -0.903776
109040127 0.769591 0.255000 -0.900159
109040128 0.773042 0.255000 -0.896541
109040129 0.776494 0.255000 -0.892924
109040130 0.779945 0.255000 -0.889306
109040131 0.783397 0.255000 -0.885689
109040132 0.786849 0.255000 -0.882071
109040133 0.790300 0.255000 -0.878454
109040134 0.793752 0.255000 -0.874836
109040135 0.797204 0.255000 -0.871219
109040136 0.800655 0.255000 -0.867601
109040137 0.804107 0.255000 -0.863984
109040138 0.807558 0.255000 -0.860366
109040139 0.811010 0.255000 -0.856749
109040140 0.814462 0.255000 -0.853131
109040141 0.817913 0.255000 -0.849514
109040142 0.821365 0.255000 -0.845896
109040143 0.824816 0.255000 -0.842279
109040144 0.828268 0.255000 -0.838661
109040145 0.831720 0.255000 -0.835044
109040146 0.835171 0.255000 -0.831426
109040147 0.838623 0.255000 -0.827809
109040148 0.842075 0.255000 -0.824191
109040149 0.845526 0.255000 -0.820574
109040150 0.848978 0.255000 -0.816956
109040151 0.852429 0.255000 -0.813339
109040152 0.855881 0.255000 -0.809721
109040153 0.859333 0.255000 -0.806104
109040154 0.862784 0.255000 -0.802486
109040155 0.866236 0.255000 -0.798869
109040156 0.869687 0.255000 -0.795251
109040157 0.873139 0.255000 -0.791633
109040158 0.876591 0.255000 -0.788016
109040159 0.880042 0.255000 -0.784398
109040160 0.883494 0.255000 -0.780781
109040161 0.886946 0.255000 -0.777163
109040162 0.890397 0.255000 -0.773546
109040163 0.893849 0.255000 -0.769928
109040164 0.897300 0.255000 -0.766311
109040165 0.900752 0.255000 -0.762693
109040166 0.904204 0.255000 -0.759076
109040167 0.907655 0.255000 -0.755458
109040168 0.911107 0.255000 -0.751841
109040169 0.914558 0.255000 -0.748223
109040170 0.918010 0.255000 -0.744606
109040171 0.921462 0.255000 -0.740988
109040172 0.924913 0.255000 -0.737371
109040173 0.928365 0.255000 -0.733753
109040174 0.931817 0.255000 -0.730136
109040175 0.935268 0.255000 -0.726518
109040176 0.938720 0.255000 -0.722901
109040177 0.942171 0.255000 -0.719283
109040178 0.945623 0.255000 -0.715666
109040179 0.949075 0.255000 -0.712048
109040180 0.952526 0.255000 -0.708431
109040181 0.955978 0.255000 -0.704813
109040182 0.959430 0.255000 -0.701196
109040183 0.962881 0.255000 -0.697578
109040184 0.966333 0.255000 -0.693961
109040185 0.969784 0.255000 -0.690343
109040186 0.973236 0.255000 -0.686726
109040187 0.976688 0.255000 -0.683108
109040188 0.980139 0.255000 -0.679491
109040189 0.983591 0.255000 -0.675873
109040190 0.987042 0.255000 -0.672256
109040191 0.990494 0.255000 -0.668638
109040192 0.993946 0.255000 -0.665021
109040193 0.997397 0.255000 -0.661403
109040194 1.000849 0.255000 -0.657786
109040195 1.004301 0.255000 -0.654168
109040196 1.007752 0.255000 -0.650551
109040197 1.011204 0.255000 -0.646933
109040198 1.014655 0.255000 -0.643316
109040199 1.018107 0.255000 -0.639698
109040200 1.021559 0.255000 -0.636081
109040201 0.679849 0.281400 -0.994214
109040202 0.683300 0.281400 -0.990596
109040203 0.686752 0.281400 -0.986979
109040204 0.690203 0.281400 -0.983361
109040205 0.693655 0.281400 -0.979744
109040206 0.697107 0.281400 -0.976126
109040207 0.700558 0.281400 -0.972509
109040208 0.704010 0.281400 -0.968891
109040209 0.707462 0.281400 -0.965274
109040210 0.710913 0.281400 -0.961656
109040211 0.714365 0.281400 -0.958039
109040212 0.717816 0.281400 -0.954421
109040213 0.721268 0.281400 -0.950804
109040214 0.724720 0.281400 -0.947186
109040215 0.728171 0.281400 -0.943569
109040216 0.731623 0.281400 -0.939951
109040217 0.735074 0.281400 -0.936334
109040218 0.738526 0.281400 -0.932716
109040219 0.741978 0.281400 -0.929099
109040220 0.745429 0.281400 -0.925481
109040221 0.748881 0.281400 -0.921864
109040222 0.752333 0.281400 -0.918246
109040223 0.755784 0.281400 -0.914629
109040224 0.759236 0.281400 -0.911011
109040225 0.762687 0.281400 -0.907394
109040226 0.766139 0.281400 -0.903776
109040227 0.769591 0.281400 -0.900159
109040228 0.773042 0.281400 -0.896541
109040229 0.776494 0.281400 -0.892924
109040230 0.779945 0.281400 -0.889306
109040231 0.783397 0.281400 -0.885689
109040232 0.786849 0.281400 -0.882071
109040233 0.790300 0.281400 -0.878454
109040234 0.793752 0.281400 -0.874836
109040235 0.797204 0.281400 -0.871219
109040236 0.800655 0.281400 -0.867601
109040237 0.804107 0.281400 -0.863984
109040238 0.807558 0.281400 -0.860366
109040239 0.811010 0.281400 -0.856749
109040240 0.814462 0.281400 -0.853131
109040241 0.817913 0.281400 -0.849514
109040242 0.821365 0.281400 -0.845896
109040243 0.824816 0.281400 -0.842279
109040244 0.828268 0.281400 -0.838661
109040245 0.831720 0.281400 -0.835044
109040246 0.835171 0.281400 -0.831426
109040247 0.838623 0.281400 -0.827809
109040248 0.842075 0.281400 -0.824191
109040249 0.845526 0.281400 -0.820574
109040250 0.848978 0.281400 -0.816956
109040251 0.852429 0.281400 -0.813339
109040252 0.855881 0.281400 -0.809721
109040253 0.859333 0.281400 -0.806104
109040254 0.862784 0.281400 -0.802486
109040255 0.866236 0.281400 -0.798869
109040256 0.869687 0.281400 -0.795251
109040257 0.873139 0.281400 -0.791633
109040258 0.876591 0.281400 -0.788016
109040259 0.880042 0.281400 -0.784398
109040260 0.883494 0.281400 -0.780781
109040261 0.886946 0.281400 -0.777163
109040262 0.890397 0.281400 -0.773546
109040263 0.893849 0.281400 -0.769928
109040264 0.897300 0.281400 -0.766311
109040265 0.900752 0.281400 -0.762693
109040266 0.904204 0.281400 -0.759076
109040267 0.907655 0.281400 -0.755458
109040268 0.911107 0.281400 -0.751841
109040269 0.914558 0.281400 -0.748223
109040270 0.918010 0.281400 -0.744606
109040271 0.921462 0.281400 -0.740988
109040272 0.924913 0.281400 -0.737371
109040273 0.928365 0.281400 -0.733753
109040274 0.931817 0.281400 -0.730136
109040275 0.935268 0.281400 -0.726518
109040276 0.938720 0.281400 -0.722901
109040277 0.942171 0.281400 -0.719283
109040278 0.945623 0.281400 -0.715666
109040279 0.949075 0.281400 -0.712048
109040280 0.952526 0.281400 -0.708431
109040281 0.955978 0.281400 -0.704813
109040282 0.959430 0.281400 -0.701196
109040283 0.962881 0.281400 -0.697578
109040284 0.966333 0.281400 -0.693961
109040285 0.969784 0.281400 -0.690343
109040286 0.973236 0.281400 -0.686726
109040287 0.976688 0.281400 -0.683108
109040288 0.980139 0.281400 -0.679491
109040289 0.983591 0.281400 -0.675873
109040290 0.987042 0.281400 -0.672256
109040291 0.990494 0.281400 -0.668638
109040292 0.993946 0.281400 -0.665021
109040293 0.997397 0.281400 -0.661403
109040294 1.000849 0.281400 -0.657786
109040295 1.004301 0.281400 -0.654168
109040296 1.007752 0.281400 -0.650551
109040297 1.011204 0.281400 -0.646933
109040298 1.014655 0.281400 -0.643316
109040299 1.018107 0.281400 -0.639698
109040300 1.021559 0.281400 -0.636081
109040301 0.679849 0.307800 -0.994214
109040302 0.683300 0.307800 -0.990596
109040303 0.686752 0.307800 -0.986979
109040304 0.690203 0.307800 -0.983361
109040305 0.693655 0.307800 -0.979744
109040306 0.697107 0.307800 -0.976126
109040307 0.700558 0.307800 -0.972509
109040308 0.704010 0.307800 -0.968891
109040309 0.707462 0.307800 -0.965274
109040310 0.710913 0.307800 -0.961656
109040311 0.714365 0.307800 -0.958039
109040312 0.717816 0.307800 -0.954421
109040313 0.721268 0.307800 -0.950804
109040314 0.724720 0.307800 -0.947186
109040315 0.728171 0.307800 -0.943569
109040316 0.731623 0.307800 -0.939951
109040317 0.735074 0.307800 -0.936334
109040318 0.738526 0.307800 -0.932716
109040319 0.741978 0.307800 -0.929099
109040320 0.745429 0.307800 -0.925481
109040321 0.748881 0.307800 -0.921864
109040322 0.752333 0.307800 -0.918246
109040323 0.755784 0.307800 -0.914629
109040324 0.759236 0.307800 -0.911011
109040325 0.762687 0.307800 -0.907394
109040326 0.766139 0.307800 -0.903776
109040327 0.769591 0.307800 -0.900159
109040328 0.773042 0.307800 -0.896541
109040329 0.776494 0.307800 -0.892924
109040330 0.779945 0.307800 -0.889306
109040331 0.783397 0.307800 -0.885689
109040332 0.786849 0.307800 -0.882071
109040333 0.790300 0.307800 -0.878454
109040334 0.793752 0.307800 -0.874836
109040335 0.797204 0.307800 -0.871219
109040336 0.800655 0.307800 -0.867601
109040337 0.804107 0.307800 -0.863984
109040338 0.807558 0.307800 -0.860366
109040339 0.811010 0.307800 -0.856749
109040340 0.814462 0.307800 -0.853131
109040341 0.817913 0.307800 -0.849514
109040342 0.821365 0.307800 -0.845896
109040343 0.824816 0.307800 -0.842279
109040344 0.828268 0.307800 -0.838661
109040345 0.831720 0.307800 -0.835044
109040346 0.835171 0.307800 -0.831426
109040347 0.838623 0.307800 -0.827809
109040348 0.842075 0.307800 -0.824191
109040349 0.845526 0.307800 -0.820574
109040350 0.848978 0.307800 -0.816956
109040351 0.852429 0.307800 -0.813339
109040352 0.855881 0.307800 -0.809721
109040353 0.859333 0.307800 -0.806104
109040354 0.862784 0.307800 -0.802486
109040355 0.866236 0.307800 -0.798869
109040356 0.869687 0.307800 -0.795251
109040357 0.873139 0.307800 -0.791633
109040358 0.876591 0.307800 -0.788016
109040359 0.880042 0.307800 -0.784398
109040360 0.883494 0.307800 -0.780781
109040361 0.886946 0.307800 -0.777163
109040362 0.890397 0.307800 -0.773546
109040363 0.893849 0.307800 -0.769928
109040364 0.897300 0.307800 -0.766311
109040365 0.900752 0.307800 -0.762693
109040366 0.904204 0.307800 -0.759076
109040367 0.907655 0.307800 -0.755458
109040368 0.911107 0.307800 -0.751841
109040369 0.914558 0.307800 -0.748223
109040370 0.918010 0.307800 -0.744606
109040371 0.921462 0.307800 -0.740988
109040372 0.924913 0.307800 -0.737371
109040373 0.928365 0.307800 -0.733753
109040374 0.931817 0.307800 -0.730136
109040375 0.935268 0.307800 -0.726518
109040376 0.938720 0.307800 -0.722901
109040377 0.942171 0.307800 -0.719283
109040378 0.945623 0.307800 -0.715666
109040379 0.949075 0.307800 -0.712048
109040380 0.952526 0.307800 -0.708431
109040381 0.955978 0.307800 -0.704813
109040382 0.959430 0.307800 -0.701196
109040383 0.962881 0.307800 -0.697578
109040384 0.966333 0.307800 -0.693961
109040385 0.969784 0.307800 -0.690343
109040386 0.973236 0.307800 -0.686726
109040387 0.976688 0.307800 -0.683108
109040388 0.980139 0.307800 -0.679491
109040389 0.983591 0.307800 -0.675873
109040390 0.987042 0.307800 -0.672256
109040391 0.990494 0.307800 -0.668638
109040392 0.993946 0.307800 -0.665021
109040393 0.997397 0.307800 -0.661403
109040394 1.000849 0.307800 -0.657786
109040395 1.004301 0.307800 -0.654168
109040396 1.007752 0.307800 -0.650551
109040397 1.011204 0.307800 -0.646933
109040398 1.014655 0.307800 -0.643316
109040399 1.018107 0.307800 -0.639698
109040400 1.021559 0.307800 -0.636081
109040401 0.679849 0.334200 -0.994214
109040402 0.683300 0.334200 -0.990596
109040403 0.686752 0.334200 -0.986979
109040404 0.690203 0.334200 -0.983361
109040405 0.693655 0.334200 -0.979744
109040406 0.697107 0.334200 -0.976126
109040407 0.700558 0.334200 -0.972509
109040408 0.704010 0.334200 -0.968891
109040409 0.707462 0.334200 -0.965274
109040410 0.710913 0.334200 -0.961656
109040411 0.714365 0.334200 -0.958039
109040412 0.717816 0.334200 -0.954421
109040413 0.721268 0.334200 -0.950804
109040414 0.724720 0.334200 -0.947186
109040415 0.728171 0.334200 -0.943569
109040416 0.731623 0.334200 -0.939951
109040417 0.735074 0.334200 -0.936334
109040418 0.738526 0.334200 -0.932716
109040419 0.741978 0.334200 -0.929099
109040420 0.745429 0.334200 -0.925481
109040421 0.748881 0.334200 -0.921864
109040422 0.752333 0.334200 -0.918246
109040423 0.755784 0.334200 -0.914629
109040424 0.759236 0.334200 -0.911011
109040425 0.762687 0.334200 -0.907394
109040426 0.766139 0.334200 -0.903776
109040427 0.769591 0.334200 -0.900159
109040428 0.773042 0.334200 -0.896541
109040429 0.776494 0.334200 -0.892924
109040430 0.779945 0.334200 -0.889306
109040431 0.783397 0.334200 -0.885689
109040432 0.786849 0.334200 -0.882071
109040433 0.790300 0.334200 -0.878454
109040434 0.793752 0.334200 -0.874836
109040435 0.797204 0.334200 -0.871219
109040436 0.800655 0.334200 -0.867601
109040437 0.804107 0.334200 -0.863984
109040438 0.807558 0.334200 -0.860366
109040439 0.811010 0.334200 -0.856749
109040440 0.814462 0.334200 -0.853131
109040441 0.817913 0.334200 -0.849514
109040442 0.821365 0.334200 -0.845896
109040443 0.824816 0.334200 -0.842279
109040444 0.828268 0.334200 -0.838661
109040445 0.831720 0.334200 -0.835044
109040446 0.835171 0.334200 -0.831426
109040447 0.838623 0.334200 -0.827809
109040448 0.842075 0.334200 -0.824191
109040449 0.845526 0.334200 -0.820574
109040450 0.848978 0.334200 -0.816956
109040451 0.852429 0.334200 -0.813339
109040452 0.855881 0.334200 -0.809721
109040453 0.859333 0.334200 -0.806104
109040454 0.862784 0.334200 -0.802486
109040455 0.866236 0.334200 -0.798869
109040456 0.869687 0.334200 -0.795251
109040457 0.873139 0.334200 -0.791633
109040458 0.876591 0.334200 -0.788016
109040459 0.880042 0.334200 -0.784398
109040460 0.883494 0.334200 -0.780781
109040461 0.886946 0.334200 -0.777163
109040462 0.890397 0.334200 -0.773546
109040463 0.893849 0.334200 -0.769928
109040464 0.897300 0.334200 -0.766311
109040465 0.900752 0.334200 -0.762693
109040466 0.904204 0.334200 -0.759076
109040467 0.907655 0.334200 -0.755458
109040468 0.911107 0.334200 -0.751841
109040469 0.914558 0.334200 -0.748223
109040470 0.918010 0.334200 -0.744606
109040471 0.921462 0.334200 -0.740988
109040472 0.924913 0.334200 -0.737371
109040473 0.928365 0.334200 -0.733753
109040474 0.931817 0.334200 -0.730136
109040475 0.935268 0.334200 -0.726518
109040476 0.938720 0.334200 -0.722901
109040477 0.942171 0.334200 -0.719283
109040478 0.945623 0.334200 -0.715666
109040479 0.949075 0.334200 -0.712048
109040480 0.952526 0.334200 -0.708431
109040481 0.955978 0.334200 -0.704813
109040482 0.959430 0.334200 -0.701196
109040483 0.962881 0.334200 -0.697578
109040484 0.966333 0.334200 -0.693961
109040485 0.969784 0.334200 -0.690343
109040486 0.973236 0.334200 -0.686726
109040487 0.976688 0.334200 -0.683108
109040488 0.980139 0.334200 -0.679491
109040489 0.983591 0.334200 -0.675873
109040490 0.987042 0.334200 -0.672256
109040491 0.990494 0.334200 -0.668638
109040492 0.993946 0.334200 -0.665021
109040493 0.997397 0.334200 -0.661403
109040494 1.000849 0.334200 -0.657786
109040495 1.004301 0.334200 -0.654168
109040496 1.007752 0.334200 -0.650551
109040497 1.011204 0.334200 -0.646933
109040498 1.014655 0.334200 -0.643316
109040499 1.018107 0.334200 -0.639698
109040500 1.021559 0.334200 -0.636081
109040501 0.679849 0.360600 -0.994214
109040502 0.683300 0.360600 -0.990596
109040503 0.686752 0.360600 -0.986979
109040504 0.690203 0.360600 -0.983361
109040505 0.693655 0.360600 -0.979744
109040506 0.697107 0.360600 -0.976126
109040507 0.700558 0.360600 -0.972509
109040508 0.704010 0.360600 -0.968891
109040509 0.707462 0.360600 -0.965274
109040510 0.710913 0.360600 -0.961656
109040511 0.714365 0.360600 -0.958039
109040512 0.717816 0.360600 -0.954421
109040513 0.721268 0.360600 -0.950804
109040514 0.724720 0.360600 -0.947186
109040515 0.728171 0.360600 -0.943569
109040516 0.731623 0.360600 -0.939951
109040517 0.735074 0.360600 -0.936334
109040518 0.738526 0.360600 -0.932716
109040519 0.741978 0.360600 -0.929099
109040520 0.745429 0.360600 -0.925481
109040521 0.748881 0.360600 -0.921864
109040522 0.752333 0.360600 -0.918246
109040523 0.755784 0.360600 -0.914629
109040524 0.759236 0.360600 -0.911011
109040525 0.762687 0.360600 -0.907394
109040526 0.766139 0.360600 -0.903776
109040527 0.769591 0.360600 -0.900159
109040528 0.773042 0.360600 -0.896541
109040529 0.776494 0.360600 -0.892924
109040530 0.779945 0.360600 -0.889306
109040531 0.783397 0.360600 -0.885689
109040532 0.786849 0.360600 -0.882071
109040533 0.790300 0.360600 -0.878454
109040534 0.793752 0.360600 -0.874836
109040535 0.797204 0.360600 -0.871219
109040536 0.800655 0.360600 -0.867601
109040537 0.804107 0.360600 -0.863984
109040538 0.807558 0.360600 -0.860366
109040539 0.811010 0.360600 -0.856749
109040540 0.814462 0.360600 -0.853131
109040541 0.817913 0.360600 -0.849514
109040542 0.821365 0.360600 -0.845896
109040543 0.824816 0.360600 -0.842279
109040544 0.828268 0.360600 -0.838661
109040545 0.831720 0.360600 -0.835044
109040546 0.835171 0.360600 -0.831426
109040547 0.838623 0.360600 -0.827809
109040548 0.842075 0.360600 -0.824191
109040549 0.845526 0.360600 -0.820574
109040550 0.848978 0.360600 -0.816956
109040551 0.852429 0.360600 -0.813339
109040552 0.855881 0.360600 -0.809721
109040553 0.859333 0.360600 -0.806104
109040554 0.862784 0.360600 -0.802486
109040555 0.866236 0.360600 -0.798869
109040556 0.869687 0.360600 -0.795251
109040557 0.873139 0.360600 -0.791633
109040558 0.876591 0.360600 -0.788016
109040559 0.880042 0.360600 -0.784398
109040560 0.883494 0.360600 -0.780781
109040561 0.886946 0.360600 -0.777163
109040562 0.890397 0.360600 -0.773546
109040563 0.893849 0.360600 -0.769928
109040564 0.897300 0.360600 -0.766311
109040565 0.900752 0.360600 -0.762693
109040566 0.904204 0.360600 -0.759076
109040567 0.907655 0.360600 -0.755458
109040568 0.911107 0.360600 -0.751841
109040569 0.914558 0.360600 -0.748223
109040570 0.918010 0.360600 -0.744606
109040571 0.921462 0.360600 -0.740988
109040572 0.924913 0.360600 -0.737371
109040573 0.928365 0.360600 -0.733753
109040574 0.931817 0.360600 -0.730136
109040575 0.935268 0.360600 -0.726518
109040576 0.938720 0.360600 -0.722901
109040577 0.942171 0.360600 -0.719283
109040578 0.945623 0.360600 -0.715666
109040579 0.949075 0.360600 -0.712048
109040580 0.952526 0.360600 -0.708431
109040581 0.955978 0.360600 -0.704813
109040582 0.959430 0.360600 -0.701196
109040583 0.962881 0.360600 -0.697578
109040584 0.966333 0.360600 -0.693961
109040585 0.969784 0.360600 -0.690343
109040586 0.973236 0.360600 -0.686726
109040587 0.976688 0.360600 -0.683108
109040588 0.980139 0.360600 -0.679491
109040589 0.983591 0.360600 -0.675873
109040590 0.987042 0.360600 -0.672256
109040591 0.990494 0.360600 -0.668638
109040592 0.993946 0.360600 -0.665021
109040593 0.997397 0.360600 -0.661403
109040594 1.000849 0.360600 -0.657786
109040595 1.004301 0.360600 -0.654168
109040596 1.007752 0.360600 -0.650551
109040597 1.011204 0.360600 -0.646933
109040598 1.014655 0.360600 -0.643316
109040599 1.018107 0.360600 -0.639698
109040600 1.021559 0.360600 -0.636081
109040601 0.679849 0.387000 -0.994214
109040602 0.683300 0.387000 -0.990596
109040603 0.686752 0.387000 -0.986979
109040604 0.690203 0.387000 -0.983361
109040605 0.693655 0.387000 -0.979744
109040606 0.697107 0.387000 -0.976126
109040607 0.700558 0.387000 -0.972509
109040608 0.704010 0.387000 -0.968891
109040609 0.707462 0.387000 -0.965274
109040610 0.710913 0.387000 -0.961656
109040611 0.714365 0.387000 -0.958039
109040612 0.717816 0.387000 -0.954421
109040613 0.721268 0.387000 -0.950804
109040614 0.724720 0.387000 -0.947186
109040615 0.728171 0.387000 -0.943569
109040616 0.731623 0.387000 -0.939951
109040617 0.735074 0.387000 -0.936334
109040618 0.738526 0.387000 -0.932716
109040619 0.741978 0.387000 -0.929099
109040620 0.745429 0.387000 -0.925481
109040621 0.748881 0.387000 -0.921864
109040622 0.752333 0.387000 -0.918246
109040623 0.755784 0.387000 -0.914629
109040624 0.759236 0.387000 -0.911011
109040625 0.762687 0.387000 -0.907394
109040626 0.766139 0.387000 -0.903776
109040627 0.769591 0.387000 -0.900159
109040628 0.773042 0.387000 -0.896541
109040629 0.776494 0.387000 -0.892924
109040630 0.779945 0.387000 -0.889306
109040631 0.783397 0.387000 -0.885689
109040632 0.786849 0.387000 -0.882071
109040633 0.790300 0.387000 -0.878454
109040634 0.793752 0.387000 -0.874836
109040635 0.797204 0.387000 -0.871219
109040636 0.800655 0.387000 -0.867601
109040637 0.804107 0.387000 -0.863984
109040638 0.807558 0.387000 -0.860366
109040639 0.811010 0.387000 -0.856749
109040640 0.814462 0.387000 -0.853131
109040641 0.817913 0.387000 -0.849514
109040642 0.821365 0.387000 -0.845896
109040643 0.824816 0.387000 -0.842279
109040644 0.828268 0.387000 -0.838661
109040645 0.831720 0.387000 -0.835044
109040646 0.835171 0.387000 -0.831426
109040647 0.838623 0.387000 -0.827809
109040648 0.842075 0.387000 -0.824191
109040649 0.845526 0.387000 -0.820574
109040650 0.848978 0.387000 -0.816956
109040651 0.852429 0.387000 -0.813339
109040652 0.855881 0.387000 -0.809721
109040653 0.859333 0.387000 -0.806104
109040654 0.862784 0.387000 -0.802486
109040655 0.866236 0.387000 -0.798869
109040656 0.869687 0.387000 -0.795251
109040657 0.873139 0.387000 -0.791633
109040658 0.876591 0.387000 -0.788016
109040659 0.880042 0.387000 -0.784398
109040660 0.883494 0.387000 -0.780781
109040661 0.886946 0.387000 -0.777163
109040662 0.890397 0.387000 -0.773546
109040663 0.893849 0.387000 -0.769928
109040664 0.897300 0.387000 -0.766311
109040665 0.900752 0.387000 -0.762693
109040666 0.904204 0.387000 -0.759076
109040667 0.907655 0.387000 -0.755458
109040668 0.911107 0.387000 -0.751841
109040669 0.914558 0.387000 -0.748223
109040670 0.918010 0.387000 -0.744606
109040671 0.921462 0.387000 -0.740988
109040672 0.924913 0.387000 -0.737371
109040673 0.928365 0.387000 -0.733753
109040674 0.931817 0.387000 -0.730136
109040675 0.935268 0.387000 -0.726518
109040676 0.938720 0.387000 -0.722901
109040677 0.942171 0.387000 -0.719283
109040678 0.945623 0.387000 -0.715666
109040679 0.949075 0.387000 -0.712048
109040680 0.952526 0.387000 -0.708431
109040681 0.955978 0.387000 -0.704813
109040682 0.959430 0.387000 -0.701196
109040683 0.962881 0.387000 -0.697578
109040684 0.966333 0.387000 -0.693961
109040685 0.969784 0.387000 -0.690343
109040686 0.973236 0.387000 -0.686726
109040687 0.976688 0.387000 -0.683108
109040688 0.980139 0.387000 -0.679491
109040689 0.983591 0.387000 -0.675873
109040690 0.987042 0.387000 -0.672256
109040691 0.990494 0.387000 -0.668638
109040692 0.993946 0.387000 -0.665021
109040693 0.997397 0.387000 -0.661403
109040694 1.000849 0.387000 -0.657786
109040695 1.004301 0.387000 -0.654168
109040696 1.007752 0.387000 -0.650551
109040697 1.011204 0.387000 -0.646933
109040698 1.014655 0.387000 -0.643316
109040699 1.018107 0.387000 -0.639698
109040700 1.021559 0.387000 -0.636081
109040701 0.679849 0.413400 -0.994214
109040702 0.683300 0.413400 -0.990596
109040703 0.686752 0.413400 -0.986979
109040704 0.690203 0.413400 -0.983361
109040705 0.693655 0.413400 -0.979744
109040706 0.697107 0.413400 -0.976126
109040707 0.700558 0.413400 -0.972509
109040708 0.704010 0.413400 -0.968891
109040709 0.707462 0.413400 -0.965274
109040710 0.710913 0.413400 -0.961656
109040711 0.714365 0.413400 -0.958039
109040712 0.717816 0.413400 -0.954421
109040713 0.721268 0.413400 -0.950804
109040714 0.724720 0.413400 -0.947186
109040715 0.728171 0.413400 -0.943569
109040716 0.731623 0.413400 -0.939951
109040717 0.735074 0.413400 -0.936334
109040718 0.738526 0.413400 -0.932716
109040719 0.741978 0.413400 -0.929099
109040720 0.745429 0.413400 -0.925481
109040721 0.748881 0.413400 -0.921864
109040722 0.752333 0.413400 -0.918246
109040723 0.755784 0.413400 -0.914629
109040724 0.759236 0.413400 -0.911011
109040725 0.762687 0.413400 -0.907394
109040726 0.766139 0.413400 -0.903776
109040727 0.769591 0.413400 -0.900159
109040728 0.773042 0.413400 -0.896541
109040729 0.776494 0.413400 -0.892924
109040730 0.779945 0.413400 -0.889306
109040731 0.783397 0.413400 -0.885689
109040732 0.786849 0.413400 -0.882071
109040733 0.790300 0.413400 -0.878454
109040734 0.793752 0.413400 -0.874836
109040735 0.797204 0.413400 -0.871219
109040736 0.800655 0.413400 -0.867601
109040737 0.804107 0.413400 -0.863984
109040738 0.807558 0.413400 -0.860366
109040739 0.811010 0.413400 -0.856749
109040740 0.814462 0.413400 -0.853131
109040741 0.817913 0.413400 -0.849514
109040742 0.821365 0.413400 -0.845896
109040743 0.824816 0.413400 -0.842279
109040744 0.828268 0.413400 -0.838661
109040745 0.831720 0.413400 -0.835044
109040746 0.835171 0.413400 -0.831426
109040747 0.838623 0.413400 -0.827809
109040748 0.842075 0.413400 -0.824191
109040749 0.845526 0.413400 -0.820574
109040750 0.848978 0.413400 -0.816956
109040751 0.852429 0.413400 -0.813339
109040752 0.855881 0.413400 -0.809721
109040753 0.859333 0.413400 -0.806104
109040754 0.862784 0.413400 -0.802486
109040755 0.866236 0.413400 -0.798869
109040756 0.869687 0.413400 -0.795251
109040757 0.873139 0.413400 -0.791633
109040758 0.876591 0.413400 -0.788016
109040759 0.880042 0.413400 -0.784398
109040760 0.883494 0.413400 -0.780781
109040761 0.886946 0.413400 -0.777163
109040762 0.890397 0.413400 -0.773546
109040763 0.893849 0.413400 -0.769928
109040764 0.897300 0.413400 -0.766311
109040765 0.900752 0.413400 -0.762693
109040766 0.904204 0.413400 -0.759076
109040767 0.907655 0.413400 -0.755458
109040768 0.911107 0.413400 -0.751841
109040769 0.914558 0.413400 -0.748223
109040770 0.918010 0.413400 -0.744606
109040771 0.921462 0.413400 -0.740988
109040772 0.924913 0.413400 -0.737371
109040773 0.928365 0.413400 -0.733753
109040774 0.931817 0.413400 -0.730136
109040775 0.935268 0.413400 -0.726518
109040776 0.938720 0.413400 -0.722901
109040777 0.942171 0.413400 -0.719283
109040778 0.945623 0.413400 -0.715666
109040779 0.949075 0.413400 -0.712048
109040780 0.952526 0.413400 -0.708431
109040781 0.955978 0.413400 -0.704813
109040782 0.959430 0.413400 -0.701196
109040783 0.962881 0.413400 -0.697578
109040784 0.966333 0.413400 -0.693961
109040785 0.969784 0.413400 -0.690343
109040786 0.973236 0.413400 -0.686726
109040787 0.976688 0.413400 -0.683108
109040788 0.980139 0.413400 -0.679491
109040789 0.983591 0.413400 -0.675873
109040790 0.987042 0.413400 -0.672256
109040791 0.990494 0.413400 -0.668638
109040792 0.993946 0.413400 -0.665021
109040793 0.997397 0.413400 -0.661403
109040794 1.000849 0.413400 -0.657786
109040795 1.004301 0.413400 -0.654168
109040796 1.007752 0.413400 -0.650551
109040797 1.011204 0.413400 -0.646933
109040798 1.014655 0.413400 -0.643316
109040799 1.018107 0.413400 -0.639698
109040800 1.021559 0.413400 -0.636081
