105020001 -1.112781 -0.554040 0.212525
105020002 -1.111605 -0.554040 0.207665
105020003 -1.110429 -0.554040 0.202806
105020004 -1.109252 -0.554040 0.197946
105020005 -1.108076 -0.554040 0.193086
105020006 -1.106900 -0.554040 0.188227
105020007 -1.105723 -0.554040 0.183367
105020008 -1.104547 -0.554040 0.178507
105020009 -1.103371 -0.554040 0.173648
105020010 -1.102194 -0.554040 0.168788
105020011 -1.101018 -0.554040 0.163928
105020012 -1.099842 -0.554040 0.159069
105020013 -1.098665 -0.554040 0.154209
105020014 -1.097489 -0.554040 0.149350
105020015 -1.096313 -0.554040 0.144490
105020016 -1.095136 -0.554040 0.139630
105020017 -1.093960 -0.554040 0.134771
105020018 -1.092784 -0.554040 0.129911
105020019 -1.091607 -0.554040 0.125051
105020020 -1.090431 -0.554040 0.120192
105020021 -1.089254 -0.554040 0.115332
105020022 -1.088078 -0.554040 0.110472
105020023 -1.086902 -0.554040 0.105613
105020024 -1.085725 -0.554040 0.100753
105020025 -1.084549 -0.554040 0.095893
105020026 -1.083373 -0.554040 0.091034
105020027 -1.082196 -0.554040 0.086174
105020028 -1.081020 -0.554040 0.081314
105020029 -1.079844 -0.554040 0.076455
105020030 -1.078667 -0.554040 0.071595
105020031 -1.077491 -0.554040 0.066735
105020032 -1.076315 -0.554040 0.061876
105020033 -1.075138 -0.554040 0.057016
105020034 -1.073962 -0.554040 0.052156
105020035 -1.072786 -0.554040 0.047297
105020036 -1.071609 -0.554040 0.042437
105020037 -1.070433 -0.554040 0.037577
105020038 -1.069257 -0.554040 0.032718
105020039 -1.068080 -0.554040 0.027858
105020040 -1.066904 -0.554040 0.022999
105020041 -1.065728 -0.554040 0.018139
105020042 -1.064551 -0.554040 0.013279
105020043 -1.063375 -0.554040 0.008420
105020044 -1.062199 -0.554040 0.003560
105020045 -1.061022 -0.554040 -0.001300
105020046 -1.059846 -0.554040 -0.006159
105020047 -1.058670 -0.554040 -0.011019
105020048 -1.057493 -0.554040 -0.015879
105020049 -1.056317 -0.554040 -0.020738
105020050 -1.055141 -0.554040 -0.025598
105020051 -1.053964 -0.554040 -0.030458
105020052 -1.052788 -0.554040 -0.035317
105020053 -1.051612 -0.554040 -0.040177
105020054 -1.050435 -0.554040 -0.045037
105020055 -1.049259 -0.554040 -0.049896
105020056 -1.048083 -0.554040 -0.054756
105020057 -1.046906 -0.554040 -0.059616
105020058 -1.045730 -0.554040 -0.064475
105020059 -1.044554 -0.554040 -0.069335
105020060 -1.043377 -0.554040 -0.074195
105020061 -1.042201 -0.554040 -0.079054
105020062 -1.041025 -0.554040 -0.083914
105020063 -1.039848 -0.554040 -0.088773
105020064 -1.038672 -0.554040 -0.093633
105020065 -1.037496 -0.554040 -0.098493
105020066 -1.036319 -0.554040 -0.103352
105020067 -1.035143 -0.554040 -0.108212
105020068 -1.033967 -0.554040 -0.113072
105020069 -1.032790 -0.554040 -0.117931
105020070 -1.031614 -0.554040 -0.122791
105020071 -1.030438 -0.554040 -0.127651
105020072 -1.029261 -0.554040 -0.132510
105020073 -1.028085 -0.554040 -0.137370
105020074 -1.026909 -0.554040 -0.142230
105020075 -1.025732 -0.554040 -0.147089
105020076 -1.024556 -0.554040 -0.151949
105020077 -1.023380 -0.554040 -0.156809
105020078 -1.022203 -0.554040 -0.161668
105020079 -1.021027 -0.554040 -0.166528
105020080 -1.019851 -0.554040 -0.171388
105020081 -1.018674 -0.554040 -0.176247
105020082 -1.017498 -0.554040 -0.181107
105020083 -1.016322 -0.554040 -0.185967
105020084 -1.015145 -0.554040 -0.190826
105020085 -1.013969 -0.554040 -0.195686
105020086 -1.012793 -0.554040 -0.200546
105020087 -1.011616 -0.554040 -0.205405
105020088 -1.010440 -0.554040 -0.210265
105020089 -1.009263 -0.554040 -0.215124
105020090 -1.008087 -0.554040 -0.219984
105020091 -1.006911 -0.554040 -0.224844
105020092 -1.005734 -0.554040 -0.229703
105020093 -1.004558 -0.554040 -0.234563
105020094 -1.003382 -0.554040 -0.239423
105020095 -1.002205 -0.554040 -0.244282
105020096 -1.001029 -0.554040 -0.249142
105020097 -0.999853 -0.554040 -0.254002
105020098 -0.998676 -0.554040 -0.258861
105020099 -0.997500 -0.554040 -0.263721
105020100 -0.996324 -0.554040 -0.268581
105020101 -1.125203 -0.530939 0.209518
105020102 -1.124027 -0.530939 0.204658
105020103 -1.122850 -0.530939 0.199799
105020104 -1.121674 -0.530939 0.194939
105020105 -1.120498 -0.530939 0.190080
105020106 -1.119321 -0.530939 0.185220
105020107 -1.118145 -0.530939 0.180360
105020108 -1.116969 -0.530939 0.175501
105020109 -1.115792 -0.530939 0.170641
105020110 -1.114616 -0.530939 0.165781
105020111 -1.113440 -0.530939 0.160922
105020112 -1.112263 -0.530939 0.156062
105020113 -1.111087 -0.530939 0.151202
105020114 -1.109911 -0.530939 0.146343
105020115 -1.108734 -0.530939 0.141483
105020116 -1.107558 -0.530939 0.136623
105020117 -1.106382 -0.530939 0.131764
105020118 -1.105205 -0.530939 0.126904
105020119 -1.104029 -0.530939 0.122044
105020120 -1.102853 -0.530939 0.117185
105020121 -1.101676 -0.530939 0.112325
105020122 -1.100500 -0.530939 0.107465
105020123 -1.099324 -0.530939 0.102606
105020124 -1.098147 -0.530939 0.097746
105020125 -1.096971 -0.530939 0.092886
105020126 -1.095795 -0.530939 0.088027
105020127 -1.094618 -0.530939 0.083167
105020128 -1.093442 -0.530939 0.078307
105020129 -1.092266 -0.530939 0.073448
105020130 -1.091089 -0.530939 0.068588
105020131 -1.089913 -0.530939 0.063729
105020132 -1.088737 -0.530939 0.058869
105020133 -1.087560 -0.530939 0.054009
105020134 -1.086384 -0.530939 0.049150
105020135 -1.085208 -0.530939 0.044290
105020136 -1.084031 -0.530939 0.039430
105020137 -1.082855 -0.530939 0.034571
105020138 -1.081679 -0.530939 0.029711
105020139 -1.080502 -0.530939 0.024851
105020140 -1.079326 -0.530939 0.019992
105020141 -1.078150 -0.530939 0.015132
105020142 -1.076973 -0.530939 0.010272
105020143 -1.075797 -0.530939 0.005413
105020144 -1.074621 -0.530939 0.000553
105020145 -1.073444 -0.530939 -0.004307
105020146 -1.072268 -0.530939 -0.009166
105020147 -1.071092 -0.530939 -0.014026
105020148 -1.069915 -0.530939 -0.018886
105020149 -1.068739 -0.530939 -0.023745
105020150 -1.067563 -0.530939 -0.028605
105020151 -1.066386 -0.530939 -0.033465
105020152 -1.065210 -0.530939 -0.038324
105020153 -1.064034 -0.530939 -0.043184
105020154 -1.062857 -0.530939 -0.048043
105020155 -1.061681 -0.530939 -0.052903
105020156 -1.060505 -0.530939 -0.057763
105020157 -1.059328 -0.530939 -0.062622
105020158 -1.058152 -0.530939 -0.067482
105020159 -1.056976 -0.530939 -0.072342
105020160 -1.055799 -0.530939 -0.077201
105020161 -1.054623 -0.530939 -0.082061
105020162 -1.053447 -0.530939 -0.086921
105020163 -1.052270 -0.530939 -0.091780
105020164 -1.051094 -0.530939 -0.096640
105020165 -1.049917 -0.530939 -0.101500
105020166 -1.048741 -0.530939 -0.106359
105020167 -1.047565 -0.530939 -0.111219
105020168 -1.046388 -0.530939 -0.116079
105020169 -1.045212 -0.530939 -0.120938
105020170 -1.044036 -0.530939 -0.125798
105020171 -1.042859 -0.530939 -0.130658
105020172 -1.041683 -0.530939 -0.135517
105020173 -1.040507 -0.530939 -0.140377
105020174 -1.039330 -0.530939 -0.145237
105020175 -1.038154 -0.530939 -0.150096
105020176 -1.036978 -0.530939 -0.154956
105020177 -1.035801 -0.530939 -0.159816
105020178 -1.034625 -0.530939 -0.164675
105020179 -1.033449 -0.530939 -0.169535
105020180 -1.032272 -0.530939 -0.174394
105020181 -1.031096 -0.530939 -0.179254
105020182 -1.029920 -0.530939 -0.184114
105020183 -1.028743 -0.530939 -0.188973
105020184 -1.027567 -0.530939 -0.193833
105020185 -1.026391 -0.530939 -0.198693
105020186 -1.025214 -0.530939 -0.203552
105020187 -1.024038 -0.530939 -0.208412
105020188 -1.022862 -0.530939 -0.213272
105020189 -1.021685 -0.530939 -0.218131
105020190 -1.020509 -0.530939 -0.222991
105020191 -1.019333 -0.530939 -0.227851
105020192 -1.018156 -0.530939 -0.232710
105020193 -1.016980 -0.530939 -0.237570
105020194 -1.015804 -0.530939 -0.242430
105020195 -1.014627 -0.530939 -0.247289
105020196 -1.013451 -0.530939 -0.252149
105020197 -1.012275 -0.530939 -0.257009
105020198 -1.011098 -0.530939 -0.261868
105020199 -1.009922 -0.530939 -0.266728
105020200 -1.008746 -0.530939 -0.271588
105020201 -1.137625 -0.507839 0.206511
105020202 -1.136449 -0.507839 0.201652
105020203 -1.135272 -0.507839 0.196792
105020204 -1.134096 -0.507839 0.191932
105020205 -1.132920 -0.507839 0.187073
105020206 -1.131743 -0.507839 0.182213
105020207 -1.130567 -0.507839 0.177353
105020208 -1.129391 -0.507839 0.172494
105020209 -1.128214 -0.507839 0.167634
105020210 -1.127038 -0.507839 0.162774
105020211 -1.125862 -0.507839 0.157915
105020212 -1.124685 -0.507839 0.153055
105020213 -1.123509 -0.507839 0.148195
105020214 -1.122333 -0.507839 0.143336
105020215 -1.121156 -0.507839 0.138476
105020216 -1.119980 -0.507839 0.133616
105020217 -1.118804 -0.507839 0.128757
105020218 -1.117627 -0.507839 0.123897
105020219 -1.116451 -0.507839 0.119038
105020220 -1.115275 -0.507839 0.114178
105020221 -1.114098 -0.507839 0.109318
105020222 -1.112922 -0.507839 0.104459
105020223 -1.111746 -0.507839 0.099599
105020224 -1.110569 -0.507839 0.094739
105020225 -1.109393 -0.507839 0.089880
105020226 -1.108217 -0.507839 0.085020
105020227 -1.107040 -0.507839 0.080160
105020228 -1.105864 -0.507839 0.075301
105020229 -1.104688 -0.507839 0.070441
105020230 -1.103511 -0.507839 0.065581
105020231 -1.102335 -0.507839 0.060722
105020232 -1.101159 -0.507839 0.055862
105020233 -1.099982 -0.507839 0.051002
105020234 -1.098806 -0.507839 0.046143
105020235 -1.097630 -0.507839 0.041283
105020236 -1.096453 -0.507839 0.036423
105020237 -1.095277 -0.507839 0.031564
105020238 -1.094101 -0.507839 0.026704
105020239 -1.092924 -0.507839 0.021844
105020240 -1.091748 -0.507839 0.016985
105020241 -1.090572 -0.507839 0.012125
105020242 -1.089395 -0.507839 0.007265
105020243 -1.088219 -0.507839 0.002406
105020244 -1.087042 -0.507839 -0.002454
105020245 -1.085866 -0.507839 -0.007313
105020246 -1.084690 -0.507839 -0.012173
105020247 -1.083513 -0.507839 -0.017033
105020248 -1.082337 -0.507839 -0.021892
105020249 -1.081161 -0.507839 -0.026752
105020250 -1.079984 -0.507839 -0.031612
105020251 -1.078808 -0.507839 -0.036471
105020252 -1.077632 -0.507839 -0.041331
105020253 -1.076455 -0.507839 -0.046191
105020254 -1.075279 -0.507839 -0.051050
105020255 -1.074103 -0.507839 -0.055910
105020256 -1.072926 -0.507839 -0.060770
105020257 -1.071750 -0.507839 -0.065629
105020258 -1.070574 -0.507839 -0.070489
105020259 -1.069397 -0.507839 -0.075349
105020260 -1.068221 -0.507839 -0.080208
105020261 -1.067045 -0.507839 -0.085068
105020262 -1.065868 -0.507839 -0.089928
105020263 -1.064692 -0.507839 -0.094787
105020264 -1.063516 -0.507839 -0.099647
105020265 -1.062339 -0.507839 -0.104507
105020266 -1.061163 -0.507839 -0.109366
105020267 -1.059987 -0.507839 -0.114226
105020268 -1.058810 -0.507839 -0.119085
105020269 -1.057634 -0.507839 -0.123945
105020270 -1.056458 -0.507839 -0.128805
105020271 -1.055281 -0.507839 -0.133664
105020272 -1.054105 -0.507839 -0.138524
105020273 -1.052929 -0.507839 -0.143384
105020274 -1.051752 -0.507839 -0.148243
105020275 -1.050576 -0.507839 -0.153103
105020276 -1.049400 -0.507839 -0.157963
105020277 -1.048223 -0.507839 -0.162822
105020278 -1.047047 -0.507839 -0.167682
105020279 -1.045871 -0.507839 -0.172542
105020280 -1.044694 -0.507839 -0.177401
105020281 -1.043518 -0.507839 -0.182261
105020282 -1.042342 -0.507839 -0.187121
105020283 -1.041165 -0.507839 -0.191980
105020284 -1.039989 -0.507839 -0.196840
105020285 -1.038813 -0.507839 -0.201700
105020286 -1.037636 -0.507839 -0.206559
105020287 -1.036460 -0.507839 -0.211419
105020288 -1.035284 -0.507839 -0.216279
105020289 -1.034107 -0.507839 -0.221138
105020290 -1.032931 -0.507839 -0.225998
105020291 -1.031755 -0.507839 -0.230858
105020292 -1.030578 -0.507839 -0.235717
105020293 -1.029402 -0.507839 -0.240577
105020294 -1.028226 -0.507839 -0.245436
105020295 -1.027049 -0.507839 -0.250296
105020296 -1.025873 -0.507839 -0.255156
105020297 -1.024697 -0.507839 -0.260015
105020298 -1.023520 -0.507839 -0.264875
105020299 -1.022344 -0.507839 -0.269735
105020300 -1.021168 -0.507839 -0.274594
105020301 -1.150047 -0.484739 0.203504
105020302 -1.148871 -0.484739 0.198645
105020303 -1.147694 -0.484739 0.193785
105020304 -1.146518 -0.484739 0.188925
105020305 -1.145342 -0.484739 0.184066
105020306 -1.144165 -0.484739 0.179206
105020307 -1.142989 -0.484739 0.174346
105020308 -1.141813 -0.484739 0.169487
105020309 -1.140636 -0.484739 0.164627
105020310 -1.139460 -0.484739 0.159768
105020311 -1.138284 -0.484739 0.154908
105020312 -1.137107 -0.484739 0.150048
105020313 -1.135931 -0.484739 0.145189
105020314 -1.134755 -0.484739 0.140329
105020315 -1.133578 -0.484739 0.135469
105020316 -1.132402 -0.484739 0.130610
105020317 -1.131226 -0.484739 0.125750
105020318 -1.130049 -0.484739 0.120890
105020319 -1.128873 -0.484739 0.116031
105020320 -1.127696 -0.484739 0.111171
105020321 -1.126520 -0.484739 0.106311
105020322 -1.125344 -0.484739 0.101452
105020323 -1.124167 -0.484739 0.096592
105020324 -1.122991 -0.484739 0.091732
105020325 -1.121815 -0.484739 0.086873
105020326 -1.120638 -0.484739 0.082013
105020327 -1.119462 -0.484739 0.077153
105020328 -1.118286 -0.484739 0.072294
105020329 -1.117109 -0.484739 0.067434
105020330 -1.115933 -0.484739 0.062574
105020331 -1.114757 -0.484739 0.057715
105020332 -1.113580 -0.484739 0.052855
105020333 -1.112404 -0.484739 0.047995
105020334 -1.111228 -0.484739 0.043136
105020335 -1.110051 -0.484739 0.038276
105020336 -1.108875 -0.484739 0.033417
105020337 -1.107699 -0.484739 0.028557
105020338 -1.106522 -0.484739 0.023697
105020339 -1.105346 -0.484739 0.018838
105020340 -1.104170 -0.484739 0.013978
105020341 -1.102993 -0.484739 0.009118
105020342 -1.101817 -0.484739 0.004259
105020343 -1.100641 -0.484739 -0.000601
105020344 -1.099464 -0.484739 -0.005461
105020345 -1.098288 -0.484739 -0.010320
105020346 -1.097112 -0.484739 -0.015180
105020347 -1.095935 -0.484739 -0.020040
105020348 -1.094759 -0.484739 -0.024899
105020349 -1.093583 -0.484739 -0.029759
105020350 -1.092406 -0.484739 -0.034619
105020351 -1.091230 -0.484739 -0.039478
105020352 -1.090054 -0.484739 -0.044338
105020353 -1.088877 -0.484739 -0.049198
105020354 -1.087701 -0.484739 -0.054057
105020355 -1.086525 -0.484739 -0.058917
105020356 -1.085348 -0.484739 -0.063777
105020357 -1.084172 -0.484739 -0.068636
105020358 -1.082996 -0.484739 -0.073496
105020359 -1.081819 -0.484739 -0.078355
105020360 -1.080643 -0.484739 -0.083215
105020361 -1.079467 -0.484739 -0.088075
105020362 -1.078290 -0.484739 -0.092934
105020363 -1.077114 -0.484739 -0.097794
105020364 -1.075938 -0.484739 -0.102654
105020365 -1.074761 -0.484739 -0.107513
105020366 -1.073585 -0.484739 -0.112373
105020367 -1.072409 -0.484739 -0.117233
105020368 -1.071232 -0.484739 -0.122092
105020369 -1.070056 -0.484739 -0.126952
105020370 -1.068880 -0.484739 -0.131812
105020371 -1.067703 -0.484739 -0.136671
105020372 -1.066527 -0.484739 -0.141531
105020373 -1.065351 -0.484739 -0.146391
105020374 -1.064174 -0.484739 -0.151250
105020375 -1.062998 -0.484739 -0.156110
105020376 -1.061822 -0.484739 -0.160970
105020377 -1.060645 -0.484739 -0.165829
105020378 -1.059469 -0.484739 -0.170689
105020379 -1.058293 -0.484739 -0.175549
105020380 -1.057116 -0.484739 -0.180408
105020381 -1.055940 -0.484739 -0.185268
105020382 -1.054764 -0.484739 -0.190128
105020383 -1.053587 -0.484739 -0.194987
105020384 -1.052411 -0.484739 -0.199847
105020385 -1.051235 -0.484739 -0.204706
105020386 -1.050058 -0.484739 -0.209566
105020387 -1.048882 -0.484739 -0.214426
105020388 -1.047705 -0.484739 -0.219285
105020389 -1.046529 -0.484739 -0.224145
105020390 -1.045353 -0.484739 -0.229005
105020391 -1.044176 -0.484739 -0.233864
105020392 -1.043000 -0.484739 -0.238724
105020393 -1.041824 -0.484739 -0.243584
105020394 -1.040647 -0.484739 -0.248443
105020395 -1.039471 -0.484739 -0.253303
105020396 -1.038295 -0.484739 -0.258163
105020397 -1.037118 -0.484739 -0.263022
105020398 -1.035942 -0.484739 -0.267882
105020399 -1.034766 -0.484739 -0.272742
105020400 -1.033589 -0.484739 -0.277601
105020401 -1.162469 -0.461639 0.200498
105020402 -1.161292 -0.461639 0.195638
105020403 -1.160116 -0.461639 0.190778
105020404 -1.158940 -0.461639 0.185919
105020405 -1.157763 -0.461639 0.181059
105020406 -1.156587 -0.461639 0.176199
105020407 -1.155411 -0.461639 0.171340
105020408 -1.154234 -0.461639 0.166480
105020409 -1.153058 -0.461639 0.161620
105020410 -1.151882 -0.461639 0.156761
105020411 -1.150705 -0.461639 0.151901
105020412 -1.149529 -0.461639 0.147041
105020413 -1.148353 -0.461639 0.142182
105020414 -1.147176 -0.461639 0.137322
105020415 -1.146000 -0.461639 0.132462
105020416 -1.144824 -0.461639 0.127603
105020417 -1.143647 -0.461639 0.122743
105020418 -1.142471 -0.461639 0.117883
105020419 -1.141295 -0.461639 0.113024
105020420 -1.140118 -0.461639 0.108164
105020421 -1.138942 -0.461639 0.103304
105020422 -1.137766 -0.461639 0.098445
105020423 -1.136589 -0.461639 0.093585
105020424 -1.135413 -0.461639 0.088725
105020425 -1.134237 -0.461639 0.083866
105020426 -1.133060 -0.461639 0.079006
105020427 -1.131884 -0.461639 0.074147
105020428 -1.130708 -0.461639 0.069287
105020429 -1.129531 -0.461639 0.064427
105020430 -1.128355 -0.461639 0.059568
105020431 -1.127179 -0.461639 0.054708
105020432 -1.126002 -0.461639 0.049848
105020433 -1.124826 -0.461639 0.044989
105020434 -1.123650 -0.461639 0.040129
105020435 -1.122473 -0.461639 0.035269
105020436 -1.121297 -0.461639 0.030410
105020437 -1.120121 -0.461639 0.025550
105020438 -1.118944 -0.461639 0.020690
105020439 -1.117768 -0.461639 0.015831
105020440 -1.116592 -0.461639 0.010971
105020441 -1.115415 -0.461639 0.006111
105020442 -1.114239 -0.461639 0.001252
105020443 -1.113063 -0.461639 -0.003608
105020444 -1.111886 -0.461639 -0.008468
105020445 -1.110710 -0.461639 -0.013327
105020446 -1.109534 -0.461639 -0.018187
105020447 -1.108357 -0.461639 -0.023047
105020448 -1.107181 -0.461639 -0.027906
105020449 -1.106005 -0.461639 -0.032766
105020450 -1.104828 -0.461639 -0.037625
105020451 -1.103652 -0.461639 -0.042485
105020452 -1.102476 -0.461639 -0.047345
105020453 -1.101299 -0.461639 -0.052204
105020454 -1.100123 -0.461639 -0.057064
105020455 -1.098947 -0.461639 -0.061924
105020456 -1.097770 -0.461639 -0.066783
105020457 -1.096594 -0.461639 -0.071643
105020458 -1.095418 -0.461639 -0.076503
105020459 -1.094241 -0.461639 -0.081362
105020460 -1.093065 -0.461639 -0.086222
105020461 -1.091889 -0.461639 -0.091082
105020462 -1.090712 -0.461639 -0.095941
105020463 -1.089536 -0.461639 -0.100801
105020464 -1.088360 -0.461639 -0.105661
105020465 -1.087183 -0.461639 -0.110520
105020466 -1.086007 -0.461639 -0.115380
105020467 -1.084830 -0.461639 -0.120240
105020468 -1.083654 -0.461639 -0.125099
105020469 -1.082478 -0.461639 -0.129959
105020470 -1.081301 -0.461639 -0.134819
105020471 -1.080125 -0.461639 -0.139678
105020472 -1.078949 -0.461639 -0.144538
105020473 -1.077772 -0.461639 -0.149398
105020474 -1.076596 -0.461639 -0.154257
105020475 -1.075420 -0.461639 -0.159117
105020476 -1.074243 -0.461639 -0.163976
105020477 -1.073067 -0.461639 -0.168836
105020478 -1.071891 -0.461639 -0.173696
105020479 -1.070714 -0.461639 -0.178555
105020480 -1.069538 -0.461639 -0.183415
105020481 -1.068362 -0.461639 -0.188275
105020482 -1.067185 -0.461639 -0.193134
105020483 -1.066009 -0.461639 -0.197994
105020484 -1.064833 -0.461639 -0.202854
105020485 -1.063656 -0.461639 -0.207713
105020486 -1.062480 -0.461639 -0.212573
105020487 -1.061304 -0.461639 -0.217433
105020488 -1.060127 -0.461639 -0.222292
105020489 -1.058951 -0.461639 -0.227152
105020490 -1.057775 -0.461639 -0.232012
105020491 -1.056598 -0.461639 -0.236871
105020492 -1.055422 -0.461639 -0.241731
105020493 -1.054246 -0.461639 -0.246591
105020494 -1.053069 -0.461639 -0.251450
105020495 -1.051893 -0.461639 -0.256310
105020496 -1.050717 -0.461639 -0.261170
105020497 -1.049540 -0.461639 -0.266029
105020498 -1.048364 -0.461639 -0.270889
105020499 -1.047188 -0.461639 -0.275748
105020500 -1.046011 -0.461639 -0.280608
105020501 -1.174891 -0.438539 0.197491
105020502 -1.173714 -0.438539 0.192631
105020503 -1.172538 -0.438539 0.187771
105020504 -1.171362 -0.438539 0.182912
105020505 -1.170185 -0.438539 0.178052
105020506 -1.169009 -0.438539 0.173192
105020507 -1.167833 -0.438539 0.168333
105020508 -1.166656 -0.438539 0.163473
105020509 -1.165480 -0.438539 0.158613
105020510 -1.164304 -0.438539 0.153754
105020511 -1.163127 -0.438539 0.148894
105020512 -1.161951 -0.438539 0.144034
105020513 -1.160775 -0.438539 0.139175
105020514 -1.159598 -0.438539 0.134315
105020515 -1.158422 -0.438539 0.129456
105020516 -1.157246 -0.438539 0.124596
105020517 -1.156069 -0.438539 0.119736
105020518 -1.154893 -0.438539 0.114877
105020519 -1.153717 -0.438539 0.110017
105020520 -1.152540 -0.438539 0.105157
105020521 -1.151364 -0.438539 0.100298
105020522 -1.150188 -0.438539 0.095438
105020523 -1.149011 -0.438539 0.090578
105020524 -1.147835 -0.438539 0.085719
105020525 -1.146659 -0.438539 0.080859
105020526 -1.145482 -0.438539 0.075999
105020527 -1.144306 -0.438539 0.071140
105020528 -1.143130 -0.438539 0.066280
105020529 -1.141953 -0.438539 0.061420
105020530 -1.140777 -0.438539 0.056561
105020531 -1.139601 -0.438539 0.051701
105020532 -1.138424 -0.438539 0.046841
105020533 -1.137248 -0.438539 0.041982
105020534 -1.136072 -0.438539 0.037122
105020535 -1.134895 -0.438539 0.032262
105020536 -1.133719 -0.438539 0.027403
105020537 -1.132543 -0.438539 0.022543
105020538 -1.131366 -0.438539 0.017683
105020539 -1.130190 -0.438539 0.012824
105020540 -1.129014 -0.438539 0.007964
105020541 -1.127837 -0.438539 0.003105
105020542 -1.126661 -0.438539 -0.001755
105020543 -1.125484 -0.438539 -0.006615
105020544 -1.124308 -0.438539 -0.011474
105020545 -1.123132 -0.438539 -0.016334
105020546 -1.121955 -0.438539 -0.021194
105020547 -1.120779 -0.438539 -0.026053
105020548 -1.119603 -0.438539 -0.030913
105020549 -1.118426 -0.438539 -0.035773
105020550 -1.117250 -0.438539 -0.040632
105020551 -1.116074 -0.438539 -0.045492
105020552 -1.114897 -0.438539 -0.050352
105020553 -1.113721 -0.438539 -0.055211
105020554 -1.112545 -0.438539 -0.060071
105020555 -1.111368 -0.438539 -0.064931
105020556 -1.110192 -0.438539 -0.069790
105020557 -1.109016 -0.438539 -0.074650
105020558 -1.107839 -0.438539 -0.079510
105020559 -1.106663 -0.438539 -0.084369
105020560 -1.105487 -0.438539 -0.089229
105020561 -1.104310 -0.438539 -0.094089
105020562 -1.103134 -0.438539 -0.098948
105020563 -1.101958 -0.438539 -0.103808
105020564 -1.100781 -0.438539 -0.108667
105020565 -1.099605 -0.438539 -0.113527
105020566 -1.098429 -0.438539 -0.118387
105020567 -1.097252 -0.438539 -0.123246
105020568 -1.096076 -0.438539 -0.128106
105020569 -1.094900 -0.438539 -0.132966
105020570 -1.093723 -0.438539 -0.137825
105020571 -1.092547 -0.438539 -0.142685
105020572 -1.091371 -0.438539 -0.147545
105020573 -1.090194 -0.438539 -0.152404
105020574 -1.089018 -0.438539 -0.157264
105020575 -1.087842 -0.438539 -0.162124
105020576 -1.086665 -0.438539 -0.166983
105020577 -1.085489 -0.438539 -0.171843
105020578 -1.084313 -0.438539 -0.176703
105020579 -1.083136 -0.438539 -0.181562
105020580 -1.081960 -0.438539 -0.186422
105020581 -1.080784 -0.438539 -0.191282
105020582 -1.079607 -0.438539 -0.196141
105020583 -1.078431 -0.438539 -0.201001
105020584 -1.077255 -0.438539 -0.205861
105020585 -1.076078 -0.438539 -0.210720
105020586 -1.074902 -0.438539 -0.215580
105020587 -1.073726 -0.438539 -0.220440
105020588 -1.072549 -0.438539 -0.225299
105020589 -1.071373 -0.438539 -0.230159
105020590 -1.070197 -0.438539 -0.235018
105020591 -1.069020 -0.438539 -0.239878
105020592 -1.067844 -0.438539 -0.244738
105020593 -1.066668 -0.438539 -0.249597
105020594 -1.065491 -0.438539 -0.254457
105020595 -1.064315 -0.438539 -0.259317
105020596 -1.063139 -0.438539 -0.264176
105020597 -1.061962 -0.438539 -0.269036
105020598 -1.060786 -0.438539 -0.273896
105020599 -1.059610 -0.438539 -0.278755
105020600 -1.058433 -0.438539 -0.283615
105020601 -1.187313 -0.415439 0.194484
105020602 -1.186136 -0.415439 0.189624
105020603 -1.184960 -0.415439 0.184764
105020604 -1.183784 -0.415439 0.179905
105020605 -1.182607 -0.415439 0.175045
105020606 -1.181431 -0.415439 0.170186
105020607 -1.180255 -0.415439 0.165326
105020608 -1.179078 -0.415439 0.160466
105020609 -1.177902 -0.415439 0.155607
105020610 -1.176726 -0.415439 0.150747
105020611 -1.175549 -0.415439 0.145887
105020612 -1.174373 -0.415439 0.141028
105020613 -1.173197 -0.415439 0.136168
105020614 -1.172020 -0.415439 0.131308
105020615 -1.170844 -0.415439 0.126449
105020616 -1.169668 -0.415439 0.121589
105020617 -1.168491 -0.415439 0.116729
105020618 -1.167315 -0.415439 0.111870
105020619 -1.166139 -0.415439 0.107010
105020620 -1.164962 -0.415439 0.102150
105020621 -1.163786 -0.415439 0.097291
105020622 -1.162609 -0.415439 0.092431
105020623 -1.161433 -0.415439 0.087571
105020624 -1.160257 -0.415439 0.082712
105020625 -1.159080 -0.415439 0.077852
105020626 -1.157904 -0.415439 0.072992
105020627 -1.156728 -0.415439 0.068133
105020628 -1.155551 -0.415439 0.063273
105020629 -1.154375 -0.415439 0.058413
105020630 -1.153199 -0.415439 0.053554
105020631 -1.152022 -0.415439 0.048694
105020632 -1.150846 -0.415439 0.043835
105020633 -1.149670 -0.415439 0.038975
105020634 -1.148493 -0.415439 0.034115
105020635 -1.147317 -0.415439 0.029256
105020636 -1.146141 -0.415439 0.024396
105020637 -1.144964 -0.415439 0.019536
105020638 -1.143788 -0.415439 0.014677
105020639 -1.142612 -0.415439 0.009817
105020640 -1.141435 -0.415439 0.004957
105020641 -1.140259 -0.415439 0.000098
105020642 -1.139083 -0.415439 -0.004762
105020643 -1.137906 -0.415439 -0.009622
105020644 -1.136730 -0.415439 -0.014481
105020645 -1.135554 -0.415439 -0.019341
105020646 -1.134377 -0.415439 -0.024201
105020647 -1.133201 -0.415439 -0.029060
105020648 -1.132025 -0.415439 -0.033920
105020649 -1.130848 -0.415439 -0.038780
105020650 -1.129672 -0.415439 -0.043639
105020651 -1.128496 -0.415439 -0.048499
105020652 -1.127319 -0.415439 -0.053359
105020653 -1.126143 -0.415439 -0.058218
105020654 -1.124967 -0.415439 -0.063078
105020655 -1.123790 -0.415439 -0.067937
105020656 -1.122614 -0.415439 -0.072797
105020657 -1.121438 -0.415439 -0.077657
105020658 -1.120261 -0.415439 -0.082516
105020659 -1.119085 -0.415439 -0.087376
105020660 -1.117909 -0.415439 -0.092236
105020661 -1.116732 -0.415439 -0.097095
105020662 -1.115556 -0.415439 -0.101955
105020663 -1.114380 -0.415439 -0.106815
105020664 -1.113203 -0.415439 -0.111674
105020665 -1.112027 -0.415439 -0.116534
105020666 -1.110851 -0.415439 -0.121394
105020667 -1.109674 -0.415439 -0.126253
105020668 -1.108498 -0.415439 -0.131113
105020669 -1.107322 -0.415439 -0.135973
105020670 -1.106145 -0.415439 -0.140832
105020671 -1.104969 -0.415439 -0.145692
105020672 -1.103793 -0.415439 -0.150552
105020673 -1.102616 -0.415439 -0.155411
105020674 -1.101440 -0.415439 -0.160271
105020675 -1.100264 -0.415439 -0.165131
105020676 -1.099087 -0.415439 -0.169990
105020677 -1.097911 -0.415439 -0.174850
105020678 -1.096735 -0.415439 -0.179710
105020679 -1.095558 -0.415439 -0.184569
105020680 -1.094382 -0.415439 -0.189429
105020681 -1.093206 -0.415439 -0.194288
105020682 -1.092029 -0.415439 -0.199148
105020683 -1.090853 -0.415439 -0.204008
105020684 -1.089677 -0.415439 -0.208867
105020685 -1.088500 -0.415439 -0.213727
105020686 -1.087324 -0.415439 -0.218587
105020687 -1.086148 -0.415439 -0.223446
105020688 -1.084971 -0.415439 -0.228306
105020689 -1.083795 -0.415439 -0.233166
105020690 -1.082618 -0.415439 -0.238025
105020691 -1.081442 -0.415439 -0.242885
105020692 -1.080266 -0.415439 -0.247745
105020693 -1.079089 -0.415439 -0.252604
105020694 -1.077913 -0.415439 -0.257464
105020695 -1.076737 -0.415439 -0.262324
105020696 -1.075560 -0.415439 -0.267183
105020697 -1.074384 -0.415439 -0.272043
105020698 -1.073208 -0.415439 -0.276903
105020699 -1.072031 -0.415439 -0.281762
105020700 -1.070855 -0.415439 -0.286622
105020701 -1.199734 -0.392339 0.191477
105020702 -1.198558 -0.392339 0.186617
105020703 -1.197382 -0.392339 0.181758
105020704 -1.196205 -0.392339 0.176898
105020705 -1.195029 -0.392339 0.172038
105020706 -1.193853 -0.392339 0.167179
105020707 -1.192676 -0.392339 0.162319
105020708 -1.191500 -0.392339 0.157459
105020709 -1.190324 -0.392339 0.152600
105020710 -1.189147 -0.392339 0.147740
105020711 -1.187971 -0.392339 0.142880
105020712 -1.186795 -0.392339 0.138021
105020713 -1.185618 -0.392339 0.133161
105020714 -1.184442 -0.392339 0.128301
105020715 -1.183266 -0.392339 0.123442
105020716 -1.182089 -0.392339 0.118582
105020717 -1.180913 -0.392339 0.113722
105020718 -1.179737 -0.392339 0.108863
105020719 -1.178560 -0.392339 0.104003
105020720 -1.177384 -0.392339 0.099144
105020721 -1.176208 -0.392339 0.094284
105020722 -1.175031 -0.392339 0.089424
105020723 -1.173855 -0.392339 0.084565
105020724 -1.172679 -0.392339 0.079705
105020725 -1.171502 -0.392339 0.074845
105020726 -1.170326 -0.392339 0.069986
105020727 -1.169150 -0.392339 0.065126
105020728 -1.167973 -0.392339 0.060266
105020729 -1.166797 -0.392339 0.055407
105020730 -1.165621 -0.392339 0.050547
105020731 -1.164444 -0.392339 0.045687
105020732 -1.163268 -0.392339 0.040828
105020733 -1.162092 -0.392339 0.035968
105020734 -1.160915 -0.392339 0.031108
105020735 -1.159739 -0.392339 0.026249
105020736 -1.158563 -0.392339 0.021389
105020737 -1.157386 -0.392339 0.016529
105020738 -1.156210 -0.392339 0.011670
105020739 -1.155034 -0.392339 0.006810
105020740 -1.153857 -0.392339 0.001950
105020741 -1.152681 -0.392339 -0.002909
105020742 -1.151505 -0.392339 -0.007769
105020743 -1.150328 -0.392339 -0.012629
105020744 -1.149152 -0.392339 -0.017488
105020745 -1.147976 -0.392339 -0.022348
105020746 -1.146799 -0.392339 -0.027207
105020747 -1.145623 -0.392339 -0.032067
105020748 -1.144447 -0.392339 -0.036927
105020749 -1.143270 -0.392339 -0.041786
105020750 -1.142094 -0.392339 -0.046646
105020751 -1.140918 -0.392339 -0.051506
105020752 -1.139741 -0.392339 -0.056365
105020753 -1.138565 -0.392339 -0.061225
105020754 -1.137389 -0.392339 -0.066085
105020755 -1.136212 -0.392339 -0.070944
105020756 -1.135036 -0.392339 -0.075804
105020757 -1.133860 -0.392339 -0.080664
105020758 -1.132683 -0.392339 -0.085523
105020759 -1.131507 -0.392339 -0.090383
105020760 -1.130331 -0.392339 -0.095243
105020761 -1.129154 -0.392339 -0.100102
105020762 -1.127978 -0.392339 -0.104962
105020763 -1.126802 -0.392339 -0.109822
105020764 -1.125625 -0.392339 -0.114681
105020765 -1.124449 -0.392339 -0.119541
105020766 -1.123272 -0.392339 -0.124401
105020767 -1.122096 -0.392339 -0.129260
105020768 -1.120920 -0.392339 -0.134120
105020769 -1.119743 -0.392339 -0.138979
105020770 -1.118567 -0.392339 -0.143839
105020771 -1.117391 -0.392339 -0.148699
105020772 -1.116214 -0.392339 -0.153558
105020773 -1.115038 -0.392339 -0.158418
105020774 -1.113862 -0.392339 -0.163278
105020775 -1.112685 -0.392339 -0.168137
105020776 -1.111509 -0.392339 -0.172997
105020777 -1.110333 -0.392339 -0.177857
105020778 -1.109156 -0.392339 -0.182716
105020779 -1.107980 -0.392339 -0.187576
105020780 -1.106804 -0.392339 -0.192436
105020781 -1.105627 -0.392339 -0.197295
105020782 -1.104451 -0.392339 -0.202155
105020783 -1.103275 -0.392339 -0.207015
105020784 -1.102098 -0.392339 -0.211874
105020785 -1.100922 -0.392339 -0.216734
105020786 -1.099746 -0.392339 -0.221594
105020787 -1.098569 -0.392339 -0.226453
105020788 -1.097393 -0.392339 -0.231313
105020789 -1.096217 -0.392339 -0.236173
105020790 -1.095040 -0.392339 -0.241032
105020791 -1.093864 -0.392339 -0.245892
105020792 -1.092688 -0.392339 -0.250752
105020793 -1.091511 -0.392339 -0.255611
105020794 -1.090335 -0.392339 -0.260471
105020795 -1.089159 -0.392339 -0.265330
105020796 -1.087982 -0.392339 -0.270190
105020797 -1.086806 -0.392339 -0.275050
105020798 -1.085630 -0.392339 -0.279909
105020799 -1.084453 -0.392339 -0.284769
105020800 -1.083277 -0.392339 -0.289629
