111010001 1.062720 -0.748940 0.521137
111010002 1.062720 -0.748940 0.526137
111010003 1.062720 -0.748940 0.531137
111010004 1.062720 -0.748940 0.536137
111010005 1.062720 -0.748940 0.541137
111010006 1.062720 -0.748940 0.546137
111010007 1.062720 -0.748940 0.551137
111010008 1.062720 -0.748940 0.556137
111010009 1.062720 -0.748940 0.561137
111010010 1.062720 -0.748940 0.566137
111010011 1.062720 -0.748940 0.571137
111010012 1.062720 -0.748940 0.576137
111010013 1.062720 -0.748940 0.581137
111010014 1.062720 -0.748940 0.586137
111010015 1.062720 -0.748940 0.591137
111010016 1.062720 -0.748940 0.596137
111010017 1.062720 -0.748940 0.601137
111010018 1.062720 -0.748940 0.606137
111010019 1.062720 -0.748940 0.611137
111010020 1.062720 -0.748940 0.616137
111010021 1.062720 -0.748940 0.621137
111010022 1.062720 -0.748940 0.626137
111010023 1.062720 -0.748940 0.631137
111010024 1.062720 -0.748940 0.636137
111010025 1.062720 -0.748940 0.641137
111010026 1.062720 -0.748940 0.646137
111010027 1.062720 -0.748940 0.651137
111010028 1.062720 -0.748940 0.656137
111010029 1.062720 -0.748940 0.661137
111010030 1.062720 -0.748940 0.666137
111010031 1.062720 -0.748940 0.671137
111010032 1.062720 -0.748940 0.676137
111010033 1.062720 -0.748940 0.681137
111010034 1.062720 -0.748940 0.686137
111010035 1.062720 -0.748940 0.691137
111010036 1.062720 -0.748940 0.696137
111010037 1.062720 -0.748940 0.701137
111010038 1.062720 -0.748940 0.706137
111010039 1.062720 -0.748940 0.711137
111010040 1.062720 -0.748940 0.716137
111010041 1.062720 -0.748940 0.721137
111010042 1.062720 -0.748940 0.726137
111010043 1.062720 -0.748940 0.731137
111010044 1.062720 -0.748940 0.736137
111010045 1.062720 -0.748940 0.741137
111010046 1.062720 -0.748940 0.746137
111010047 1.062720 -0.748940 0.751137
111010048 1.062720 -0.748940 0.756137
111010049 1.062720 -0.748940 0.761137
111010050 1.062720 -0.748940 0.766137
111010051 1.062720 -0.748940 0.771137
111010052 1.062720 -0.748940 0.776137
111010053 1.062720 -0.748940 0.781137
111010054 1.062720 -0.748940 0.786137
111010055 1.062720 -0.748940 0.791137
111010056 1.062720 -0.748940 0.796137
111010057 1.062720 -0.748940 0.801137
111010058 1.062720 -0.748940 0.806137
111010059 1.062720 -0.748940 0.811137
111010060 1.062720 -0.748940 0.816137
111010061 1.062720 -0.748940 0.821137
111010062 1.062720 -0.748940 0.826137
111010063 1.062720 -0.748940 0.831137
111010064 1.062720 -0.748940 0.836137
111010065 1.062720 -0.748940 0.841137
111010066 1.062720 -0.748940 0.846137
111010067 1.062720 -0.748940 0.851137
111010068 1.062720 -0.748940 0.856137
111010069 1.062720 -0.748940 0.861137
111010070 1.062720 -0.748940 0.866137
111010071 1.062720 -0.748940 0.871137
111010072 1.062720 -0.748940 0.876137
111010073 1.062720 -0.748940 0.881137
111010074 1.062720 -0.748940 0.886137
111010075 1.062720 -0.748940 0.891137
111010076 1.062720 -0.748940 0.896137
111010077 1.062720 -0.748940 0.901137
111010078 1.062720 -0.748940 0.906137
111010079 1.062720 -0.748940 0.911137
111010080 1.062720 -0.748940 0.916137
111010081 1.062720 -0.748940 0.921137
111010082 1.062720 -0.748940 0.926137
111010083 1.062720 -0.748940 0.931137
111010084 1.062720 -0.748940 0.936137
111010085 1.062720 -0.748940 0.941137
111010086 1.062720 -0.748940 0.946137
111010087 1.062720 -0.748940 0.951137
111010088 1.062720 -0.748940 0.956137
111010089 1.062720 -0.748940 0.961137
111010090 1.062720 -0.748940 0.966137
111010091 1.062720 -0.748940 0.971137
111010092 1.062720 -0.748940 0.976137
111010093 1.062720 -0.748940 0.981137
111010094 1.062720 -0.748940 0.986137
111010095 1.062720 -0.748940 0.991137
111010096 1.062720 -0.748940 0.996137
111010097 1.062720 -0.748940 1.001137
111010098 1.062720 -0.748940 1.006137
111010099 1.062720 -0.748940 1.011137
111010100 1.062720 -0.748940 1.016137
111010101 1.074438 -0.725283 0.521137
111010102 1.074438 -0.725283 0.526137
111010103 1.074438 -0.725283 0.531137
111010104 1.074438 -0.725283 0.536137
111010105 1.074438 -0.725283 0.541137
111010106 1.074438 -0.725283 0.546137
111010107 1.074438 -0.725283 0.551137
111010108 1.074438 -0.725283 0.556137
111010109 1.074438 -0.725283 0.561137
111010110 1.074438 -0.725283 0.566137
111010111 1.074438 -0.725283 0.571137
111010112 1.074438 -0.725283 0.576137
111010113 1.074438 -0.725283 0.581137
111010114 1.074438 -0.725283 0.586137
111010115 1.074438 -0.725283 0.591137
111010116 1.074438 -0.725283 0.596137
111010117 1.074438 -0.725283 0.601137
111010118 1.074438 -0.725283 0.606137
111010119 1.074438 -0.725283 0.611137
111010120 1.074438 -0.725283 0.616137
111010121 1.074438 -0.725283 0.621137
111010122 1.074438 -0.725283 0.626137
111010123 1.074438 -0.725283 0.631137
111010124 1.074438 -0.725283 0.636137
111010125 1.074438 -0.725283 0.641137
111010126 1.074438 -0.725283 0.646137
111010127 1.074438 -0.725283 0.651137
111010128 1.074438 -0.725283 0.656137
111010129 1.074438 -0.725283 0.661137
111010130 1.074438 -0.725283 0.666137
111010131 1.074438 -0.725283 0.671137
111010132 1.074438 -0.725283 0.676137
111010133 1.074438 -0.725283 0.681137
111010134 1.074438 -0.725283 0.686137
111010135 1.074438 -0.725283 0.691137
111010136 1.074438 -0.725283 0.696137
111010137 1.074438 -0.725283 0.701137
111010138 1.074438 -0.725283 0.706137
111010139 1.074438 -0.725283 0.711137
111010140 1.074438 -0.725283 0.716137
111010141 1.074438 -0.725283 0.721137
111010142 1.074438 -0.725283 0.726137
111010143 1.074438 -0.725283 0.731137
111010144 1.074438 -0.725283 0.736137
111010145 1.074438 -0.725283 0.741137
111010146 1.074438 -0.725283 0.746137
111010147 1.074438 -0.725283 0.751137
111010148 1.074438 -0.725283 0.756137
111010149 1.074438 -0.725283 0.761137
111010150 1.074438 -0.725283 0.766137
111010151 1.074438 -0.725283 0.771137
111010152 1.074438 -0.725283 0.776137
111010153 1.074438 -0.725283 0.781137
111010154 1.074438 -0.725283 0.786137
111010155 1.074438 -0.725283 0.791137
111010156 1.074438 -0.725283 0.796137
111010157 1.074438 -0.725283 0.801137
111010158 1.074438 -0.725283 0.806137
111010159 1.074438 -0.725283 0.811137
111010160 1.074438 -0.725283 0.816137
111010161 1.074438 -0.725283 0.821137
111010162 1.074438 -0.725283 0.826137
111010163 1.074438 -0.725283 0.831137
111010164 1.074438 -0.725283 0.836137
111010165 1.074438 -0.725283 0.841137
111010166 1.074438 -0.725283 0.846137
111010167 1.074438 -0.725283 0.851137
111010168 1.074438 -0.725283 0.856137
111010169 1.074438 -0.725283 0.861137
111010170 1.074438 -0.725283 0.866137
111010171 1.074438 -0.725283 0.871137
111010172 1.074438 -0.725283 0.876137
111010173 1.074438 -0.725283 0.881137
111010174 1.074438 -0.725283 0.886137
111010175 1.074438 -0.725283 0.891137
111010176 1.074438 -0.725283 0.896137
111010177 1.074438 -0.725283 0.901137
111010178 1.074438 -0.725283 0.906137
111010179 1.074438 -0.725283 0.911137
111010180 1.074438 -0.725283 0.916137
111010181 1.074438 -0.725283 0.921137
111010182 1.074438 -0.725283 0.926137
111010183 1.074438 -0.725283 0.931137
111010184 1.074438 -0.725283 0.936137
111010185 1.074438 -0.725283 0.941137
111010186 1.074438 -0.725283 0.946137
111010187 1.074438 -0.725283 0.951137
111010188 1.074438 -0.725283 0.956137
111010189 1.074438 -0.725283 0.961137
111010190 1.074438 -0.725283 0.966137
111010191 1.074438 -0.725283 0.971137
111010192 1.074438 -0.725283 0.976137
111010193 1.074438 -0.725283 0.981137
111010194 1.074438 -0.725283 0.986137
111010195 1.074438 -0.725283 0.991137
111010196 1.074438 -0.725283 0.996137
111010197 1.074438 -0.725283 1.001137
111010198 1.074438 -0.725283 1.006137
111010199 1.074438 -0.725283 1.011137
111010200 1.074438 -0.725283 1.016137
111010201 1.086157 -0.701627 0.521137
111010202 1.086157 -0.701627 0.526137
111010203 1.086157 -0.701627 0.531137
111010204 1.086157 -0.701627 0.536137
111010205 1.086157 -0.701627 0.541137
111010206 1.086157 -0.701627 0.546137
111010207 1.086157 -0.701627 0.551137
111010208 1.086157 -0.701627 0.556137
111010209 1.086157 -0.701627 0.561137
111010210 1.086157 -0.701627 0.566137
111010211 1.086157 -0.701627 0.571137
111010212 1.086157 -0.701627 0.576137
111010213 1.086157 -0.701627 0.581137
111010214 1.086157 -0.701627 0.586137
111010215 1.086157 -0.701627 0.591137
111010216 1.086157 -0.701627 0.596137
111010217 1.086157 -0.701627 0.601137
111010218 1.086157 -0.701627 0.606137
111010219 1.086157 -0.701627 0.611137
111010220 1.086157 -0.701627 0.616137
111010221 1.086157 -0.701627 0.621137
111010222 1.086157 -0.701627 0.626137
111010223 1.086157 -0.701627 0.631137
111010224 1.086157 -0.701627 0.636137
111010225 1.086157 -0.701627 0.641137
111010226 1.086157 -0.701627 0.646137
111010227 1.086157 -0.701627 0.651137
111010228 1.086157 -0.701627 0.656137
111010229 1.086157 -0.701627 0.661137
111010230 1.086157 -0.701627 0.666137
111010231 1.086157 -0.701627 0.671137
111010232 1.086157 -0.701627 0.676137
111010233 1.086157 -0.701627 0.681137
111010234 1.086157 -0.701627 0.686137
111010235 1.086157 -0.701627 0.691137
111010236 1.086157 -0.701627 0.696137
111010237 1.086157 -0.701627 0.701137
111010238 1.086157 -0.701627 0.706137
111010239 1.086157 -0.701627 0.711137
111010240 1.086157 -0.701627 0.716137
111010241 1.086157 -0.701627 0.721137
111010242 1.086157 -0.701627 0.726137
111010243 1.086157 -0.701627 0.731137
111010244 1.086157 -0.701627 0.736137
111010245 1.086157 -0.701627 0.741137
111010246 1.086157 -0.701627 0.746137
111010247 1.086157 -0.701627 0.751137
111010248 1.086157 -0.701627 0.756137
111010249 1.086157 -0.701627 0.761137
111010250 1.086157 -0.701627 0.766137
111010251 1.086157 -0.701627 0.771137
111010252 1.086157 -0.701627 0.776137
111010253 1.086157 -0.701627 0.781137
111010254 1.086157 -0.701627 0.786137
111010255 1.086157 -0.701627 0.791137
111010256 1.086157 -0.701627 0.796137
111010257 1.086157 -0.701627 0.801137
111010258 1.086157 -0.701627 0.806137
111010259 1.086157 -0.701627 0.811137
111010260 1.086157 -0.701627 0.816137
111010261 1.086157 -0.701627 0.821137
111010262 1.086157 -0.701627 0.826137
111010263 1.086157 -0.701627 0.831137
111010264 1.086157 -0.701627 0.836137
111010265 1.086157 -0.701627 0.841137
111010266 1.086157 -0.701627 0.846137
111010267 1.086157 -0.701627 0.851137
111010268 1.086157 -0.701627 0.856137
111010269 1.086157 -0.701627 0.861137
111010270 1.086157 -0.701627 0.866137
111010271 1.086157 -0.701627 0.871137
111010272 1.086157 -0.701627 0.876137
111010273 1.086157 -0.701627 0.881137
111010274 1.086157 -0.701627 0.886137
111010275 1.086157 -0.701627 0.891137
111010276 1.086157 -0.701627 0.896137
111010277 1.086157 -0.701627 0.901137
111010278 1.086157 -0.701627 0.906137
111010279 1.086157 -0.701627 0.911137
111010280 1.086157 -0.701627 0.916137
111010281 1.086157 -0.701627 0.921137
111010282 1.086157 -0.701627 0.926137
111010283 1.086157 -0.701627 0.931137
111010284 1.086157 -0.701627 0.936137
111010285 1.086157 -0.701627 0.941137
111010286 1.086157 -0.701627 0.946137
111010287 1.086157 -0.701627 0.951137
111010288 1.086157 -0.701627 0.956137
111010289 1.086157 -0.701627 0.961137
111010290 1.086157 -0.701627 0.966137
111010291 1.086157 -0.701627 0.971137
111010292 1.086157 -0.701627 0.976137
111010293 1.086157 -0.701627 0.981137
111010294 1.086157 -0.701627 0.986137
111010295 1.086157 -0.701627 0.991137
111010296 1.086157 -0.701627 0.996137
111010297 1.086157 -0.701627 1.001137
111010298 1.086157 -0.701627 1.006137
111010299 1.086157 -0.701627 1.011137
111010300 1.086157 -0.701627 1.016137
111010301 1.097875 -0.677970 0.521137
111010302 1.097875 -0.677970 0.526137
111010303 1.097875 -0.677970 0.531137
111010304 1.097875 -0.677970 0.536137
111010305 1.097875 -0.677970 0.541137
111010306 1.097875 -0.677970 0.546137
111010307 1.097875 -0.677970 0.551137
111010308 1.097875 -0.677970 0.556137
111010309 1.097875 -0.677970 0.561137
111010310 1.097875 -0.677970 0.566137
111010311 1.097875 -0.677970 0.571137
111010312 1.097875 -0.677970 0.576137
111010313 1.097875 -0.677970 0.581137
111010314 1.097875 -0.677970 0.586137
111010315 1.097875 -0.677970 0.591137
111010316 1.097875 -0.677970 0.596137
111010317 1.097875 -0.677970 0.601137
111010318 1.097875 -0.677970 0.606137
111010319 1.097875 -0.677970 0.611137
111010320 1.097875 -0.677970 0.616137
111010321 1.097875 -0.677970 0.621137
111010322 1.097875 -0.677970 0.626137
111010323 1.097875 -0.677970 0.631137
111010324 1.097875 -0.677970 0.636137
111010325 1.097875 -0.677970 0.641137
111010326 1.097875 -0.677970 0.646137
111010327 1.097875 -0.677970 0.651137
111010328 1.097875 -0.677970 0.656137
111010329 1.097875 -0.677970 0.661137
111010330 1.097875 -0.677970 0.666137
111010331 1.097875 -0.677970 0.671137
111010332 1.097875 -0.677970 0.676137
111010333 1.097875 -0.677970 0.681137
111010334 1.097875 -0.677970 0.686137
111010335 1.097875 -0.677970 0.691137
111010336 1.097875 -0.677970 0.696137
111010337 1.097875 -0.677970 0.701137
111010338 1.097875 -0.677970 0.706137
111010339 1.097875 -0.677970 0.711137
111010340 1.097875 -0.677970 0.716137
111010341 1.097875 -0.677970 0.721137
111010342 1.097875 -0.677970 0.726137
111010343 1.097875 -0.677970 0.731137
111010344 1.097875 -0.677970 0.736137
111010345 1.097875 -0.677970 0.741137
111010346 1.097875 -0.677970 0.746137
111010347 1.097875 -0.677970 0.751137
111010348 1.097875 -0.677970 0.756137
111010349 1.097875 -0.677970 0.761137
111010350 1.097875 -0.677970 0.766137
111010351 1.097875 -0.677970 0.771137
111010352 1.097875 -0.677970 0.776137
111010353 1.097875 -0.677970 0.781137
111010354 1.097875 -0.677970 0.786137
111010355 1.097875 -0.677970 0.791137
111010356 1.097875 -0.677970 0.796137
111010357 1.097875 -0.677970 0.801137
111010358 1.097875 -0.677970 0.806137
111010359 1.097875 -0.677970 0.811137
111010360 1.097875 -0.677970 0.816137
111010361 1.097875 -0.677970 0.821137
111010362 1.097875 -0.677970 0.826137
111010363 1.097875 -0.677970 0.831137
111010364 1.097875 -0.677970 0.836137
111010365 1.097875 -0.677970 0.841137
111010366 1.097875 -0.677970 0.846137
111010367 1.097875 -0.677970 0.851137
111010368 1.097875 -0.677970 0.856137
111010369 1.097875 -0.677970 0.861137
111010370 1.097875 -0.677970 0.866137
111010371 1.097875 -0.677970 0.871137
111010372 1.097875 -0.677970 0.876137
111010373 1.097875 -0.677970 0.881137
111010374 1.097875 -0.677970 0.886137
111010375 1.097875 -0.677970 0.891137
111010376 1.097875 -0.677970 0.896137
111010377 1.097875 -0.677970 0.901137
111010378 1.097875 -0.677970 0.906137
111010379 1.097875 -0.677970 0.911137
111010380 1.097875 -0.677970 0.916137
111010381 1.097875 -0.677970 0.921137
111010382 1.097875 -0.677970 0.926137
111010383 1.097875 -0.677970 0.931137
111010384 1.097875 -0.677970 0.936137
111010385 1.097875 -0.677970 0.941137
111010386 1.097875 -0.677970 0.946137
111010387 1.097875 -0.677970 0.951137
111010388 1.097875 -0.677970 0.956137
111010389 1.097875 -0.677970 0.961137
111010390 1.097875 -0.677970 0.966137
111010391 1.097875 -0.677970 0.971137
111010392 1.097875 -0.677970 0.976137
111010393 1.097875 -0.677970 0.981137
111010394 1.097875 -0.677970 0.986137
111010395 1.097875 -0.677970 0.991137
111010396 1.097875 -0.677970 0.996137
111010397 1.097875 -0.677970 1.001137
111010398 1.097875 -0.677970 1.006137
111010399 1.097875 -0.677970 1.011137
111010400 1.097875 -0.677970 1.016137
111010401 1.109594 -0.654313 0.521137
111010402 1.109594 -0.654313 0.526137
111010403 1.109594 -0.654313 0.531137
111010404 1.109594 -0.654313 0.536137
111010405 1.109594 -0.654313 0.541137
111010406 1.109594 -0.654313 0.546137
111010407 1.109594 -0.654313 0.551137
111010408 1.109594 -0.654313 0.556137
111010409 1.109594 -0.654313 0.561137
111010410 1.109594 -0.654313 0.566137
111010411 1.109594 -0.654313 0.571137
111010412 1.109594 -0.654313 0.576137
111010413 1.109594 -0.654313 0.581137
111010414 1.109594 -0.654313 0.586137
111010415 1.109594 -0.654313 0.591137
111010416 1.109594 -0.654313 0.596137
111010417 1.109594 -0.654313 0.601137
111010418 1.109594 -0.654313 0.606137
111010419 1.109594 -0.654313 0.611137
111010420 1.109594 -0.654313 0.616137
111010421 1.109594 -0.654313 0.621137
111010422 1.109594 -0.654313 0.626137
111010423 1.109594 -0.654313 0.631137
111010424 1.109594 -0.654313 0.636137
111010425 1.109594 -0.654313 0.641137
111010426 1.109594 -0.654313 0.646137
111010427 1.109594 -0.654313 0.651137
111010428 1.109594 -0.654313 0.656137
111010429 1.109594 -0.654313 0.661137
111010430 1.109594 -0.654313 0.666137
111010431 1.109594 -0.654313 0.671137
111010432 1.109594 -0.654313 0.676137
111010433 1.109594 -0.654313 0.681137
111010434 1.109594 -0.654313 0.686137
111010435 1.109594 -0.654313 0.691137
111010436 1.109594 -0.654313 0.696137
111010437 1.109594 -0.654313 0.701137
111010438 1.109594 -0.654313 0.706137
111010439 1.109594 -0.654313 0.711137
111010440 1.109594 -0.654313 0.716137
111010441 1.109594 -0.654313 0.721137
111010442 1.109594 -0.654313 0.726137
111010443 1.109594 -0.654313 0.731137
111010444 1.109594 -0.654313 0.736137
111010445 1.109594 -0.654313 0.741137
111010446 1.109594 -0.654313 0.746137
111010447 1.109594 -0.654313 0.751137
111010448 1.109594 -0.654313 0.756137
111010449 1.109594 -0.654313 0.761137
111010450 1.109594 -0.654313 0.766137
111010451 1.109594 -0.654313 0.771137
111010452 1.109594 -0.654313 0.776137
111010453 1.109594 -0.654313 0.781137
111010454 1.109594 -0.654313 0.786137
111010455 1.109594 -0.654313 0.791137
111010456 1.109594 -0.654313 0.796137
111010457 1.109594 -0.654313 0.801137
111010458 1.109594 -0.654313 0.806137
111010459 1.109594 -0.654313 0.811137
111010460 1.109594 -0.654313 0.816137
111010461 1.109594 -0.654313 0.821137
111010462 1.109594 -0.654313 0.826137
111010463 1.109594 -0.654313 0.831137
111010464 1.109594 -0.654313 0.836137
111010465 1.109594 -0.654313 0.841137
111010466 1.109594 -0.654313 0.846137
111010467 1.109594 -0.654313 0.851137
111010468 1.109594 -0.654313 0.856137
111010469 1.109594 -0.654313 0.861137
111010470 1.109594 -0.654313 0.866137
111010471 1.109594 -0.654313 0.871137
111010472 1.109594 -0.654313 0.876137
111010473 1.109594 -0.654313 0.881137
111010474 1.109594 -0.654313 0.886137
111010475 1.109594 -0.654313 0.891137
111010476 1.109594 -0.654313 0.896137
111010477 1.109594 -0.654313 0.901137
111010478 1.109594 -0.654313 0.906137
111010479 1.109594 -0.654313 0.911137
111010480 1.109594 -0.654313 0.916137
111010481 1.109594 -0.654313 0.921137
111010482 1.109594 -0.654313 0.926137
111010483 1.109594 -0.654313 0.931137
111010484 1.109594 -0.654313 0.936137
111010485 1.109594 -0.654313 0.941137
111010486 1.109594 -0.654313 0.946137
111010487 1.109594 -0.654313 0.951137
111010488 1.109594 -0.654313 0.956137
111010489 1.109594 -0.654313 0.961137
111010490 1.109594 -0.654313 0.966137
111010491 1.109594 -0.654313 0.971137
111010492 1.109594 -0.654313 0.976137
111010493 1.109594 -0.654313 0.981137
111010494 1.109594 -0.654313 0.986137
111010495 1.109594 -0.654313 0.991137
111010496 1.109594 -0.654313 0.996137
111010497 1.109594 -0.654313 1.001137
111010498 1.109594 -0.654313 1.006137
111010499 1.109594 -0.654313 1.011137
111010500 1.109594 -0.654313 1.016137
111010501 1.121312 -0.630657 0.521137
111010502 1.121312 -0.630657 0.526137
111010503 1.121312 -0.630657 0.531137
111010504 1.121312 -0.630657 0.536137
111010505 1.121312 -0.630657 0.541137
111010506 1.121312 -0.630657 0.546137
111010507 1.121312 -0.630657 0.551137
111010508 1.121312 -0.630657 0.556137
111010509 1.121312 -0.630657 0.561137
111010510 1.121312 -0.630657 0.566137
111010511 1.121312 -0.630657 0.571137
111010512 1.121312 -0.630657 0.576137
111010513 1.121312 -0.630657 0.581137
111010514 1.121312 -0.630657 0.586137
111010515 1.121312 -0.630657 0.591137
111010516 1.121312 -0.630657 0.596137
111010517 1.121312 -0.630657 0.601137
111010518 1.121312 -0.630657 0.606137
111010519 1.121312 -0.630657 0.611137
111010520 1.121312 -0.630657 0.616137
111010521 1.121312 -0.630657 0.621137
111010522 1.121312 -0.630657 0.626137
111010523 1.121312 -0.630657 0.631137
111010524 1.121312 -0.630657 0.636137
111010525 1.121312 -0.630657 0.641137
111010526 1.121312 -0.630657 0.646137
111010527 1.121312 -0.630657 0.651137
111010528 1.121312 -0.630657 0.656137
111010529 1.121312 -0.630657 0.661137
111010530 1.121312 -0.630657 0.666137
111010531 1.121312 -0.630657 0.671137
111010532 1.121312 -0.630657 0.676137
111010533 1.121312 -0.630657 0.681137
111010534 1.121312 -0.630657 0.686137
111010535 1.121312 -0.630657 0.691137
111010536 1.121312 -0.630657 0.696137
111010537 1.121312 -0.630657 0.701137
111010538 1.121312 -0.630657 0.706137
111010539 1.121312 -0.630657 0.711137
111010540 1.121312 -0.630657 0.716137
111010541 1.121312 -0.630657 0.721137
111010542 1.121312 -0.630657 0.726137
111010543 1.121312 -0.630657 0.731137
111010544 1.121312 -0.630657 0.736137
111010545 1.121312 -0.630657 0.741137
111010546 1.121312 -0.630657 0.746137
111010547 1.121312 -0.630657 0.751137
111010548 1.121312 -0.630657 0.756137
111010549 1.121312 -0.630657 0.761137
111010550 1.121312 -0.630657 0.766137
111010551 1.121312 -0.630657 0.771137
111010552 1.121312 -0.630657 0.776137
111010553 1.121312 -0.630657 0.781137
111010554 1.121312 -0.630657 0.786137
111010555 1.121312 -0.630657 0.791137
111010556 1.121312 -0.630657 0.796137
111010557 1.121312 -0.630657 0.801137
111010558 1.121312 -0.630657 0.806137
111010559 1.121312 -0.630657 0.811137
111010560 1.121312 -0.630657 0.816137
111010561 1.121312 -0.630657 0.821137
111010562 1.121312 -0.630657 0.826137
111010563 1.121312 -0.630657 0.831137
111010564 1.121312 -0.630657 0.836137
111010565 1.121312 -0.630657 0.841137
111010566 1.121312 -0.630657 0.846137
111010567 1.121312 -0.630657 0.851137
111010568 1.121312 -0.630657 0.856137
111010569 1.121312 -0.630657 0.861137
111010570 1.121312 -0.630657 0.866137
111010571 1.121312 -0.630657 0.871137
111010572 1.121312 -0.630657 0.876137
111010573 1.121312 -0.630657 0.881137
111010574 1.121312 -0.630657 0.886137
111010575 1.121312 -0.630657 0.891137
111010576 1.121312 -0.630657 0.896137
111010577 1.121312 -0.630657 0.901137
111010578 1.121312 -0.630657 0.906137
111010579 1.121312 -0.630657 0.911137
111010580 1.121312 -0.630657 0.916137
111010581 1.121312 -0.630657 0.921137
111010582 1.121312 -0.630657 0.926137
111010583 1.121312 -0.630657 0.931137
111010584 1.121312 -0.630657 0.936137
111010585 1.121312 -0.630657 0.941137
111010586 1.121312 -0.630657 0.946137
111010587 1.121312 -0.630657 0.951137
111010588 1.121312 -0.630657 0.956137
111010589 1.121312 -0.630657 0.961137
111010590 1.121312 -0.630657 0.966137
111010591 1.121312 -0.630657 0.971137
111010592 1.121312 -0.630657 0.976137
111010593 1.121312 -0.630657 0.981137
111010594 1.121312 -0.630657 0.986137
111010595 1.121312 -0.630657 0.991137
111010596 1.121312 -0.630657 0.996137
111010597 1.121312 -0.630657 1.001137
111010598 1.121312 -0.630657 1.006137
111010599 1.121312 -0.630657 1.011137
111010600 1.121312 -0.630657 1.016137
111010601 1.133030 -0.607000 0.521137
111010602 1.133030 -0.607000 0.526137
111010603 1.133030 -0.607000 0.531137
111010604 1.133030 -0.607000 0.536137
111010605 1.133030 -0.607000 0.541137
111010606 1.133030 -0.607000 0.546137
111010607 1.133030 -0.607000 0.551137
111010608 1.133030 -0.607000 0.556137
111010609 1.133030 -0.607000 0.561137
111010610 1.133030 -0.607000 0.566137
111010611 1.133030 -0.607000 0.571137
111010612 1.133030 -0.607000 0.576137
111010613 1.133030 -0.607000 0.581137
111010614 1.133030 -0.607000 0.586137
111010615 1.133030 -0.607000 0.591137
111010616 1.133030 -0.607000 0.596137
111010617 1.133030 -0.607000 0.601137
111010618 1.133030 -0.607000 0.606137
111010619 1.133030 -0.607000 0.611137
111010620 1.133030 -0.607000 0.616137
111010621 1.133030 -0.607000 0.621137
111010622 1.133030 -0.607000 0.626137
111010623 1.133030 -0.607000 0.631137
111010624 1.133030 -0.607000 0.636137
111010625 1.133030 -0.607000 0.641137
111010626 1.133030 -0.607000 0.646137
111010627 1.133030 -0.607000 0.651137
111010628 1.133030 -0.607000 0.656137
111010629 1.133030 -0.607000 0.661137
111010630 1.133030 -0.607000 0.666137
111010631 1.133030 -0.607000 0.671137
111010632 1.133030 -0.607000 0.676137
111010633 1.133030 -0.607000 0.681137
111010634 1.133030 -0.607000 0.686137
111010635 1.133030 -0.607000 0.691137
111010636 1.133030 -0.607000 0.696137
111010637 1.133030 -0.607000 0.701137
111010638 1.133030 -0.607000 0.706137
111010639 1.133030 -0.607000 0.711137
111010640 1.133030 -0.607000 0.716137
111010641 1.133030 -0.607000 0.721137
111010642 1.133030 -0.607000 0.726137
111010643 1.133030 -0.607000 0.731137
111010644 1.133030 -0.607000 0.736137
111010645 1.133030 -0.607000 0.741137
111010646 1.133030 -0.607000 0.746137
111010647 1.133030 -0.607000 0.751137
111010648 1.133030 -0.607000 0.756137
111010649 1.133030 -0.607000 0.761137
111010650 1.133030 -0.607000 0.766137
111010651 1.133030 -0.607000 0.771137
111010652 1.133030 -0.607000 0.776137
111010653 1.133030 -0.607000 0.781137
111010654 1.133030 -0.607000 0.786137
111010655 1.133030 -0.607000 0.791137
111010656 1.133030 -0.607000 0.796137
111010657 1.133030 -0.607000 0.801137
111010658 1.133030 -0.607000 0.806137
111010659 1.133030 -0.607000 0.811137
111010660 1.133030 -0.607000 0.816137
111010661 1.133030 -0.607000 0.821137
111010662 1.133030 -0.607000 0.826137
111010663 1.133030 -0.607000 0.831137
111010664 1.133030 -0.607000 0.836137
111010665 1.133030 -0.607000 0.841137
111010666 1.133030 -0.607000 0.846137
111010667 1.133030 -0.607000 0.851137
111010668 1.133030 -0.607000 0.856137
111010669 1.133030 -0.607000 0.861137
111010670 1.133030 -0.607000 0.866137
111010671 1.133030 -0.607000 0.871137
111010672 1.133030 -0.607000 0.876137
111010673 1.133030 -0.607000 0.881137
111010674 1.133030 -0.607000 0.886137
111010675 1.133030 -0.607000 0.891137
111010676 1.133030 -0.607000 0.896137
111010677 1.133030 -0.607000 0.901137
111010678 1.133030 -0.607000 0.906137
111010679 1.133030 -0.607000 0.911137
111010680 1.133030 -0.607000 0.916137
111010681 1.133030 -0.607000 0.921137
111010682 1.133030 -0.607000 0.926137
111010683 1.133030 -0.607000 0.931137
111010684 1.133030 -0.607000 0.936137
111010685 1.133030 -0.607000 0.941137
111010686 1.133030 -0.607000 0.946137
111010687 1.133030 -0.607000 0.951137
111010688 1.133030 -0.607000 0.956137
111010689 1.133030 -0.607000 0.961137
111010690 1.133030 -0.607000 0.966137
111010691 1.133030 -0.607000 0.971137
111010692 1.133030 -0.607000 0.976137
111010693 1.133030 -0.607000 0.981137
111010694 1.133030 -0.607000 0.986137
111010695 1.133030 -0.607000 0.991137
111010696 1.133030 -0.607000 0.996137
111010697 1.133030 -0.607000 1.001137
111010698 1.133030 -0.607000 1.006137
111010699 1.133030 -0.607000 1.011137
111010700 1.133030 -0.607000 1.016137
111010701 1.144749 -0.583343 0.521137
111010702 1.144749 -0.583343 0.526137
111010703 1.144749 -0.583343 0.531137
111010704 1.144749 -0.583343 0.536137
111010705 1.144749 -0.583343 0.541137
111010706 1.144749 -0.583343 0.546137
111010707 1.144749 -0.583343 0.551137
111010708 1.144749 -0.583343 0.556137
111010709 1.144749 -0.583343 0.561137
111010710 1.144749 -0.583343 0.566137
111010711 1.144749 -0.583343 0.571137
111010712 1.144749 -0.583343 0.576137
111010713 1.144749 -0.583343 0.581137
111010714 1.144749 -0.583343 0.586137
111010715 1.144749 -0.583343 0.591137
111010716 1.144749 -0.583343 0.596137
111010717 1.144749 -0.583343 0.601137
111010718 1.144749 -0.583343 0.606137
111010719 1.144749 -0.583343 0.611137
111010720 1.144749 -0.583343 0.616137
111010721 1.144749 -0.583343 0.621137
111010722 1.144749 -0.583343 0.626137
111010723 1.144749 -0.583343 0.631137
111010724 1.144749 -0.583343 0.636137
111010725 1.144749 -0.583343 0.641137
111010726 1.144749 -0.583343 0.646137
111010727 1.144749 -0.583343 0.651137
111010728 1.144749 -0.583343 0.656137
111010729 1.144749 -0.583343 0.661137
111010730 1.144749 -0.583343 0.666137
111010731 1.144749 -0.583343 0.671137
111010732 1.144749 -0.583343 0.676137
111010733 1.144749 -0.583343 0.681137
111010734 1.144749 -0.583343 0.686137
111010735 1.144749 -0.583343 0.691137
111010736 1.144749 -0.583343 0.696137
111010737 1.144749 -0.583343 0.701137
111010738 1.144749 -0.583343 0.706137
111010739 1.144749 -0.583343 0.711137
111010740 1.144749 -0.583343 0.716137
111010741 1.144749 -0.583343 0.721137
111010742 1.144749 -0.583343 0.726137
111010743 1.144749 -0.583343 0.731137
111010744 1.144749 -0.583343 0.736137
111010745 1.144749 -0.583343 0.741137
111010746 1.144749 -0.583343 0.746137
111010747 1.144749 -0.583343 0.751137
111010748 1.144749 -0.583343 0.756137
111010749 1.144749 -0.583343 0.761137
111010750 1.144749 -0.583343 0.766137
111010751 1.144749 -0.583343 0.771137
111010752 1.144749 -0.583343 0.776137
111010753 1.144749 -0.583343 0.781137
111010754 1.144749 -0.583343 0.786137
111010755 1.144749 -0.583343 0.791137
111010756 1.144749 -0.583343 0.796137
111010757 1.144749 -0.583343 0.801137
111010758 1.144749 -0.583343 0.806137
111010759 1.144749 -0.583343 0.811137
111010760 1.144749 -0.583343 0.816137
111010761 1.144749 -0.583343 0.821137
111010762 1.144749 -0.583343 0.826137
111010763 1.144749 -0.583343 0.831137
111010764 1.144749 -0.583343 0.836137
111010765 1.144749 -0.583343 0.841137
111010766 1.144749 -0.583343 0.846137
111010767 1.144749 -0.583343 0.851137
111010768 1.144749 -0.583343 0.856137
111010769 1.144749 -0.583343 0.861137
111010770 1.144749 -0.583343 0.866137
111010771 1.144749 -0.583343 0.871137
111010772 1.144749 -0.583343 0.876137
111010773 1.144749 -0.583343 0.881137
111010774 1.144749 -0.583343 0.886137
111010775 1.144749 -0.583343 0.891137
111010776 1.144749 -0.583343 0.896137
111010777 1.144749 -0.583343 0.901137
111010778 1.144749 -0.583343 0.906137
111010779 1.144749 -0.583343 0.911137
111010780 1.144749 -0.583343 0.916137
111010781 1.144749 -0.583343 0.921137
111010782 1.144749 -0.583343 0.926137
111010783 1.144749 -0.583343 0.931137
111010784 1.144749 -0.583343 0.936137
111010785 1.144749 -0.583343 0.941137
111010786 1.144749 -0.583343 0.946137
111010787 1.144749 -0.583343 0.951137
111010788 1.144749 -0.583343 0.956137
111010789 1.144749 -0.583343 0.961137
111010790 1.144749 -0.583343 0.966137
111010791 1.144749 -0.583343 0.971137
111010792 1.144749 -0.583343 0.976137
111010793 1.144749 -0.583343 0.981137
111010794 1.144749 -0.583343 0.986137
111010795 1.144749 -0.583343 0.991137
111010796 1.144749 -0.583343 0.996137
111010797 1.144749 -0.583343 1.001137
111010798 1.144749 -0.583343 1.006137
111010799 1.144749 -0.583343 1.011137
111010800 1.144749 -0.583343 1.016137
