110050001 1.103668 0.121600 -0.299709
110050002 1.104844 0.121600 -0.294849
110050003 1.106020 0.121600 -0.289989
110050004 1.107196 0.121600 -0.285130
110050005 1.108373 0.121600 -0.280270
110050006 1.109549 0.121600 -0.275410
110050007 1.110725 0.121600 -0.270551
110050008 1.111902 0.121600 -0.265691
110050009 1.113078 0.121600 -0.260831
110050010 1.114254 0.121600 -0.255972
110050011 1.115431 0.121600 -0.251112
110050012 1.116607 0.121600 -0.246252
110050013 1.117783 0.121600 -0.241393
110050014 1.118960 0.121600 -0.236533
110050015 1.120136 0.121600 -0.231674
110050016 1.121312 0.121600 -0.226814
110050017 1.122489 0.121600 -0.221954
110050018 1.123665 0.121600 -0.217095
110050019 1.124841 0.121600 -0.212235
110050020 1.126018 0.121600 -0.207375
110050021 1.127194 0.121600 -0.202516
110050022 1.128370 0.121600 -0.197656
110050023 1.129547 0.121600 -0.192796
110050024 1.130723 0.121600 -0.187937
110050025 1.131899 0.121600 -0.183077
110050026 1.133076 0.121600 -0.178217
110050027 1.134252 0.121600 -0.173358
110050028 1.135428 0.121600 -0.168498
110050029 1.136605 0.121600 -0.163638
110050030 1.137781 0.121600 -0.158779
110050031 1.138957 0.121600 -0.153919
110050032 1.140134 0.121600 -0.149059
110050033 1.141310 0.121600 -0.144200
110050034 1.142486 0.121600 -0.139340
110050035 1.143663 0.121600 -0.134480
110050036 1.144839 0.121600 -0.129621
110050037 1.146015 0.121600 -0.124761
110050038 1.147192 0.121600 -0.119901
110050039 1.148368 0.121600 -0.115042
110050040 1.149544 0.121600 -0.110182
110050041 1.150721 0.121600 -0.105322
110050042 1.151897 0.121600 -0.100463
110050043 1.153073 0.121600 -0.095603
110050044 1.154250 0.121600 -0.090744
110050045 1.155426 0.121600 -0.085884
110050046 1.156602 0.121600 -0.081024
110050047 1.157779 0.121600 -0.076165
110050048 1.158955 0.121600 -0.071305
110050049 1.160131 0.121600 -0.066445
110050050 1.161308 0.121600 -0.061586
110050051 1.162484 0.121600 -0.056726
110050052 1.163660 0.121600 -0.051866
110050053 1.164837 0.121600 -0.047007
110050054 1.166013 0.121600 -0.042147
110050055 1.167189 0.121600 -0.037287
110050056 1.168366 0.121600 -0.032428
110050057 1.169542 0.121600 -0.027568
110050058 1.170718 0.121600 -0.022708
110050059 1.171895 0.121600 -0.017849
110050060 1.173071 0.121600 -0.012989
110050061 1.174247 0.121600 -0.008129
110050062 1.175424 0.121600 -0.003270
110050063 1.176600 0.121600 0.001590
110050064 1.177776 0.121600 0.006450
110050065 1.178953 0.121600 0.011309
110050066 1.180129 0.121600 0.016169
110050067 1.181305 0.121600 0.021029
110050068 1.182482 0.121600 0.025888
110050069 1.183658 0.121600 0.030748
110050070 1.184834 0.121600 0.035608
110050071 1.186011 0.121600 0.040467
110050072 1.187187 0.121600 0.045327
110050073 1.188363 0.121600 0.050186
110050074 1.189540 0.121600 0.055046
110050075 1.190716 0.121600 0.059906
110050076 1.191892 0.121600 0.064765
110050077 1.193069 0.121600 0.069625
110050078 1.194245 0.121600 0.074485
110050079 1.195421 0.121600 0.079344
110050080 1.196598 0.121600 0.084204
110050081 1.197774 0.121600 0.089064
110050082 1.198950 0.121600 0.093923
110050083 1.200127 0.121600 0.098783
110050084 1.201303 0.121600 0.103643
110050085 1.202479 0.121600 0.108502
110050086 1.203656 0.121600 0.113362
110050087 1.204832 0.121600 0.118222
110050088 1.206008 0.121600 0.123081
110050089 1.207185 0.121600 0.127941
110050090 1.208361 0.121600 0.132801
110050091 1.209537 0.121600 0.137660
110050092 1.210714 0.121600 0.142520
110050093 1.211890 0.121600 0.147380
110050094 1.213066 0.121600 0.152239
110050095 1.214242 0.121600 0.157099
110050096 1.215419 0.121600 0.161959
110050097 1.216595 0.121600 0.166818
110050098 1.217771 0.121600 0.171678
110050099 1.218948 0.121600 0.176538
110050100 1.220124 0.121600 0.181397
110050101 1.103668 0.148000 -0.299709
110050102 1.104844 0.148000 -0.294849
110050103 1.106020 0.148000 -0.289989
110050104 1.107196 0.148000 -0.285130
110050105 1.108373 0.148000 -0.280270
110050106 1.109549 0.148000 -0.275410
110050107 1.110725 0.148000 -0.270551
110050108 1.111902 0.148000 -0.265691
110050109 1.113078 0.148000 -0.260831
110050110 1.114254 0.148000 -0.255972
110050111 1.115431 0.148000 -0.251112
110050112 1.116607 0.148000 -0.246252
110050113 1.117783 0.148000 -0.241393
110050114 1.118960 0.148000 -0.236533
110050115 1.120136 0.148000 -0.231674
110050116 1.121312 0.148000 -0.226814
110050117 1.122489 0.148000 -0.221954
110050118 1.123665 0.148000 -0.217095
110050119 1.124841 0.148000 -0.212235
110050120 1.126018 0.148000 -0.207375
110050121 1.127194 0.148000 -0.202516
110050122 1.128370 0.148000 -0.197656
110050123 1.129547 0.148000 -0.192796
110050124 1.130723 0.148000 -0.187937
110050125 1.131899 0.148000 -0.183077
110050126 1.133076 0.148000 -0.178217
110050127 1.134252 0.148000 -0.173358
110050128 1.135428 0.148000 -0.168498
110050129 1.136605 0.148000 -0.163638
110050130 1.137781 0.148000 -0.158779
110050131 1.138957 0.148000 -0.153919
110050132 1.140134 0.148000 -0.149059
110050133 1.141310 0.148000 -0.144200
110050134 1.142486 0.148000 -0.139340
110050135 1.143663 0.148000 -0.134480
110050136 1.144839 0.148000 -0.129621
110050137 1.146015 0.148000 -0.124761
110050138 1.147192 0.148000 -0.119901
110050139 1.148368 0.148000 -0.115042
110050140 1.149544 0.148000 -0.110182
110050141 1.150721 0.148000 -0.105322
110050142 1.151897 0.148000 -0.100463
110050143 1.153073 0.148000 -0.095603
110050144 1.154250 0.148000 -0.090744
110050145 1.155426 0.148000 -0.085884
110050146 1.156602 0.148000 -0.081024
110050147 1.157779 0.148000 -0.076165
110050148 1.158955 0.148000 -0.071305
110050149 1.160131 0.148000 -0.066445
110050150 1.161308 0.148000 -0.061586
110050151 1.162484 0.148000 -0.056726
110050152 1.163660 0.148000 -0.051866
110050153 1.164837 0.148000 -0.047007
110050154 1.166013 0.148000 -0.042147
110050155 1.167189 0.148000 -0.037287
110050156 1.168366 0.148000 -0.032428
110050157 1.169542 0.148000 -0.027568
110050158 1.170718 0.148000 -0.022708
110050159 1.171895 0.148000 -0.017849
110050160 1.173071 0.148000 -0.012989
110050161 1.174247 0.148000 -0.008129
110050162 1.175424 0.148000 -0.003270
110050163 1.176600 0.148000 0.001590
110050164 1.177776 0.148000 0.006450
110050165 1.178953 0.148000 0.011309
110050166 1.180129 0.148000 0.016169
110050167 1.181305 0.148000 0.021029
110050168 1.182482 0.148000 0.025888
110050169 1.183658 0.148000 0.030748
110050170 1.184834 0.148000 0.035608
110050171 1.186011 0.148000 0.040467
110050172 1.187187 0.148000 0.045327
110050173 1.188363 0.148000 0.050186
110050174 1.189540 0.148000 0.055046
110050175 1.190716 0.148000 0.059906
110050176 1.191892 0.148000 0.064765
110050177 1.193069 0.148000 0.069625
110050178 1.194245 0.148000 0.074485
110050179 1.195421 0.148000 0.079344
110050180 1.196598 0.148000 0.084204
110050181 1.197774 0.148000 0.089064
110050182 1.198950 0.148000 0.093923
110050183 1.200127 0.148000 0.098783
110050184 1.201303 0.148000 0.103643
110050185 1.202479 0.148000 0.108502
110050186 1.203656 0.148000 0.113362
110050187 1.204832 0.148000 0.118222
110050188 1.206008 0.148000 0.123081
110050189 1.207185 0.148000 0.127941
110050190 1.208361 0.148000 0.132801
110050191 1.209537 0.148000 0.137660
110050192 1.210714 0.148000 0.142520
110050193 1.211890 0.148000 0.147380
110050194 1.213066 0.148000 0.152239
110050195 1.214242 0.148000 0.157099
110050196 1.215419 0.148000 0.161959
110050197 1.216595 0.148000 0.166818
110050198 1.217771 0.148000 0.171678
110050199 1.218948 0.148000 0.176538
110050200 1.220124 0.148000 0.181397
110050201 1.103668 0.174400 -0.299709
110050202 1.104844 0.174400 -0.294849
110050203 1.106020 0.174400 -0.289989
110050204 1.107196 0.174400 -0.285130
110050205 1.108373 0.174400 -0.280270
110050206 1.109549 0.174400 -0.275410
110050207 1.110725 0.174400 -0.270551
110050208 1.111902 0.174400 -0.265691
110050209 1.113078 0.174400 -0.260831
110050210 1.114254 0.174400 -0.255972
110050211 1.115431 0.174400 -0.251112
110050212 1.116607 0.174400 -0.246252
110050213 1.117783 0.174400 -0.241393
110050214 1.118960 0.174400 -0.236533
110050215 1.120136 0.174400 -0.231674
110050216 1.121312 0.174400 -0.226814
110050217 1.122489 0.174400 -0.221954
110050218 1.123665 0.174400 -0.217095
110050219 1.124841 0.174400 -0.212235
110050220 1.126018 0.174400 -0.207375
110050221 1.127194 0.174400 -0.202516
110050222 1.128370 0.174400 -0.197656
110050223 1.129547 0.174400 -0.192796
110050224 1.130723 0.174400 -0.187937
110050225 1.131899 0.174400 -0.183077
110050226 1.133076 0.174400 -0.178217
110050227 1.134252 0.174400 -0.173358
110050228 1.135428 0.174400 -0.168498
110050229 1.136605 0.174400 -0.163638
110050230 1.137781 0.174400 -0.158779
110050231 1.138957 0.174400 -0.153919
110050232 1.140134 0.174400 -0.149059
110050233 1.141310 0.174400 -0.144200
110050234 1.142486 0.174400 -0.139340
110050235 1.143663 0.174400 -0.134480
110050236 1.144839 0.174400 -0.129621
110050237 1.146015 0.174400 -0.124761
110050238 1.147192 0.174400 -0.119901
110050239 1.148368 0.174400 -0.115042
110050240 1.149544 0.174400 -0.110182
110050241 1.150721 0.174400 -0.105322
110050242 1.151897 0.174400 -0.100463
110050243 1.153073 0.174400 -0.095603
110050244 1.154250 0.174400 -0.090744
110050245 1.155426 0.174400 -0.085884
110050246 1.156602 0.174400 -0.081024
110050247 1.157779 0.174400 -0.076165
110050248 1.158955 0.174400 -0.071305
110050249 1.160131 0.174400 -0.066445
110050250 1.161308 0.174400 -0.061586
110050251 1.162484 0.174400 -0.056726
110050252 1.163660 0.174400 -0.051866
110050253 1.164837 0.174400 -0.047007
110050254 1.166013 0.174400 -0.042147
110050255 1.167189 0.174400 -0.037287
110050256 1.168366 0.174400 -0.032428
110050257 1.169542 0.174400 -0.027568
110050258 1.170718 0.174400 -0.022708
110050259 1.171895 0.174400 -0.017849
110050260 1.173071 0.174400 -0.012989
110050261 1.174247 0.174400 -0.008129
110050262 1.175424 0.174400 -0.003270
110050263 1.176600 0.174400 0.001590
110050264 1.177776 0.174400 0.006450
110050265 1.178953 0.174400 0.011309
110050266 1.180129 0.174400 0.016169
110050267 1.181305 0.174400 0.021029
110050268 1.182482 0.174400 0.025888
110050269 1.183658 0.174400 0.030748
110050270 1.184834 0.174400 0.035608
110050271 1.186011 0.174400 0.040467
110050272 1.187187 0.174400 0.045327
110050273 1.188363 0.174400 0.050186
110050274 1.189540 0.174400 0.055046
110050275 1.190716 0.174400 0.059906
110050276 1.191892 0.174400 0.064765
110050277 1.193069 0.174400 0.069625
110050278 1.194245 0.174400 0.074485
110050279 1.195421 0.174400 0.079344
110050280 1.196598 0.174400 0.084204
110050281 1.197774 0.174400 0.089064
110050282 1.198950 0.174400 0.093923
110050283 1.200127 0.174400 0.098783
110050284 1.201303 0.174400 0.103643
110050285 1.202479 0.174400 0.108502
110050286 1.203656 0.174400 0.113362
110050287 1.204832 0.174400 0.118222
110050288 1.206008 0.174400 0.123081
110050289 1.207185 0.174400 0.127941
110050290 1.208361 0.174400 0.132801
110050291 1.209537 0.174400 0.137660
110050292 1.210714 0.174400 0.142520
110050293 1.211890 0.174400 0.147380
110050294 1.213066 0.174400 0.152239
110050295 1.214242 0.174400 0.157099
110050296 1.215419 0.174400 0.161959
110050297 1.216595 0.174400 0.166818
110050298 1.217771 0.174400 0.171678
110050299 1.218948 0.174400 0.176538
110050300 1.220124 0.174400 0.181397
110050301 1.103668 0.200800 -0.299709
110050302 1.104844 0.200800 -0.294849
110050303 1.106020 0.200800 -0.289989
110050304 1.107196 0.200800 -0.285130
110050305 1.108373 0.200800 -0.280270
110050306 1.109549 0.200800 -0.275410
110050307 1.110725 0.200800 -0.270551
110050308 1.111902 0.200800 -0.265691
110050309 1.113078 0.200800 -0.260831
110050310 1.114254 0.200800 -0.255972
110050311 1.115431 0.200800 -0.251112
110050312 1.116607 0.200800 -0.246252
110050313 1.117783 0.200800 -0.241393
110050314 1.118960 0.200800 -0.236533
110050315 1.120136 0.200800 -0.231674
110050316 1.121312 0.200800 -0.226814
110050317 1.122489 0.200800 -0.221954
110050318 1.123665 0.200800 -0.217095
110050319 1.124841 0.200800 -0.212235
110050320 1.126018 0.200800 -0.207375
110050321 1.127194 0.200800 -0.202516
110050322 1.128370 0.200800 -0.197656
110050323 1.129547 0.200800 -0.192796
110050324 1.130723 0.200800 -0.187937
110050325 1.131899 0.200800 -0.183077
110050326 1.133076 0.200800 -0.178217
110050327 1.134252 0.200800 -0.173358
110050328 1.135428 0.200800 -0.168498
110050329 1.136605 0.200800 -0.163638
110050330 1.137781 0.200800 -0.158779
110050331 1.138957 0.200800 -0.153919
110050332 1.140134 0.200800 -0.149059
110050333 1.141310 0.200800 -0.144200
110050334 1.142486 0.200800 -0.139340
110050335 1.143663 0.200800 -0.134480
110050336 1.144839 0.200800 -0.129621
110050337 1.146015 0.200800 -0.124761
110050338 1.147192 0.200800 -0.119901
110050339 1.148368 0.200800 -0.115042
110050340 1.149544 0.200800 -0.110182
110050341 1.150721 0.200800 -0.105322
110050342 1.151897 0.200800 -0.100463
110050343 1.153073 0.200800 -0.095603
110050344 1.154250 0.200800 -0.090744
110050345 1.155426 0.200800 -0.085884
110050346 1.156602 0.200800 -0.081024
110050347 1.157779 0.200800 -0.076165
110050348 1.158955 0.200800 -0.071305
110050349 1.160131 0.200800 -0.066445
110050350 1.161308 0.200800 -0.061586
110050351 1.162484 0.200800 -0.056726
110050352 1.163660 0.200800 -0.051866
110050353 1.164837 0.200800 -0.047007
110050354 1.166013 0.200800 -0.042147
110050355 1.167189 0.200800 -0.037287
110050356 1.168366 0.200800 -0.032428
110050357 1.169542 0.200800 -0.027568
110050358 1.170718 0.200800 -0.022708
110050359 1.171895 0.200800 -0.017849
110050360 1.173071 0.200800 -0.012989
110050361 1.174247 0.200800 -0.008129
110050362 1.175424 0.200800 -0.003270
110050363 1.176600 0.200800 0.001590
110050364 1.177776 0.200800 0.006450
110050365 1.178953 0.200800 0.011309
110050366 1.180129 0.200800 0.016169
110050367 1.181305 0.200800 0.021029
110050368 1.182482 0.200800 0.025888
110050369 1.183658 0.200800 0.030748
110050370 1.184834 0.200800 0.035608
110050371 1.186011 0.200800 0.040467
110050372 1.187187 0.200800 0.045327
110050373 1.188363 0.200800 0.050186
110050374 1.189540 0.200800 0.055046
110050375 1.190716 0.200800 0.059906
110050376 1.191892 0.200800 0.064765
110050377 1.193069 0.200800 0.069625
110050378 1.194245 0.200800 0.074485
110050379 1.195421 0.200800 0.079344
110050380 1.196598 0.200800 0.084204
110050381 1.197774 0.200800 0.089064
110050382 1.198950 0.200800 0.093923
110050383 1.200127 0.200800 0.098783
110050384 1.201303 0.200800 0.103643
110050385 1.202479 0.200800 0.108502
110050386 1.203656 0.200800 0.113362
110050387 1.204832 0.200800 0.118222
110050388 1.206008 0.200800 0.123081
110050389 1.207185 0.200800 0.127941
110050390 1.208361 0.200800 0.132801
110050391 1.209537 0.200800 0.137660
110050392 1.210714 0.200800 0.142520
110050393 1.211890 0.200800 0.147380
110050394 1.213066 0.200800 0.152239
110050395 1.214242 0.200800 0.157099
110050396 1.215419 0.200800 0.161959
110050397 1.216595 0.200800 0.166818
110050398 1.217771 0.200800 0.171678
110050399 1.218948 0.200800 0.176538
110050400 1.220124 0.200800 0.181397
110050401 1.103668 0.227200 -0.299709
110050402 1.104844 0.227200 -0.294849
110050403 1.106020 0.227200 -0.289989
110050404 1.107196 0.227200 -0.285130
110050405 1.108373 0.227200 -0.280270
110050406 1.109549 0.227200 -0.275410
110050407 1.110725 0.227200 -0.270551
110050408 1.111902 0.227200 -0.265691
110050409 1.113078 0.227200 -0.260831
110050410 1.114254 0.227200 -0.255972
110050411 1.115431 0.227200 -0.251112
110050412 1.116607 0.227200 -0.246252
110050413 1.117783 0.227200 -0.241393
110050414 1.118960 0.227200 -0.236533
110050415 1.120136 0.227200 -0.231674
110050416 1.121312 0.227200 -0.226814
110050417 1.122489 0.227200 -0.221954
110050418 1.123665 0.227200 -0.217095
110050419 1.124841 0.227200 -0.212235
110050420 1.126018 0.227200 -0.207375
110050421 1.127194 0.227200 -0.202516
110050422 1.128370 0.227200 -0.197656
110050423 1.129547 0.227200 -0.192796
110050424 1.130723 0.227200 -0.187937
110050425 1.131899 0.227200 -0.183077
110050426 1.133076 0.227200 -0.178217
110050427 1.134252 0.227200 -0.173358
110050428 1.135428 0.227200 -0.168498
110050429 1.136605 0.227200 -0.163638
110050430 1.137781 0.227200 -0.158779
110050431 1.138957 0.227200 -0.153919
110050432 1.140134 0.227200 -0.149059
110050433 1.141310 0.227200 -0.144200
110050434 1.142486 0.227200 -0.139340
110050435 1.143663 0.227200 -0.134480
110050436 1.144839 0.227200 -0.129621
110050437 1.146015 0.227200 -0.124761
110050438 1.147192 0.227200 -0.119901
110050439 1.148368 0.227200 -0.115042
110050440 1.149544 0.227200 -0.110182
110050441 1.150721 0.227200 -0.105322
110050442 1.151897 0.227200 -0.100463
110050443 1.153073 0.227200 -0.095603
110050444 1.154250 0.227200 -0.090744
110050445 1.155426 0.227200 -0.085884
110050446 1.156602 0.227200 -0.081024
110050447 1.157779 0.227200 -0.076165
110050448 1.158955 0.227200 -0.071305
110050449 1.160131 0.227200 -0.066445
110050450 1.161308 0.227200 -0.061586
110050451 1.162484 0.227200 -0.056726
110050452 1.163660 0.227200 -0.051866
110050453 1.164837 0.227200 -0.047007
110050454 1.166013 0.227200 -0.042147
110050455 1.167189 0.227200 -0.037287
110050456 1.168366 0.227200 -0.032428
110050457 1.169542 0.227200 -0.027568
110050458 1.170718 0.227200 -0.022708
110050459 1.171895 0.227200 -0.017849
110050460 1.173071 0.227200 -0.012989
110050461 1.174247 0.227200 -0.008129
110050462 1.175424 0.227200 -0.003270
110050463 1.176600 0.227200 0.001590
110050464 1.177776 0.227200 0.006450
110050465 1.178953 0.227200 0.011309
110050466 1.180129 0.227200 0.016169
110050467 1.181305 0.227200 0.021029
110050468 1.182482 0.227200 0.025888
110050469 1.183658 0.227200 0.030748
110050470 1.184834 0.227200 0.035608
110050471 1.186011 0.227200 0.040467
110050472 1.187187 0.227200 0.045327
110050473 1.188363 0.227200 0.050186
110050474 1.189540 0.227200 0.055046
110050475 1.190716 0.227200 0.059906
110050476 1.191892 0.227200 0.064765
110050477 1.193069 0.227200 0.069625
110050478 1.194245 0.227200 0.074485
110050479 1.195421 0.227200 0.079344
110050480 1.196598 0.227200 0.084204
110050481 1.197774 0.227200 0.089064
110050482 1.198950 0.227200 0.093923
110050483 1.200127 0.227200 0.098783
110050484 1.201303 0.227200 0.103643
110050485 1.202479 0.227200 0.108502
110050486 1.203656 0.227200 0.113362
110050487 1.204832 0.227200 0.118222
110050488 1.206008 0.227200 0.123081
110050489 1.207185 0.227200 0.127941
110050490 1.208361 0.227200 0.132801
110050491 1.209537 0.227200 0.137660
110050492 1.210714 0.227200 0.142520
110050493 1.211890 0.227200 0.147380
110050494 1.213066 0.227200 0.152239
110050495 1.214242 0.227200 0.157099
110050496 1.215419 0.227200 0.161959
110050497 1.216595 0.227200 0.166818
110050498 1.217771 0.227200 0.171678
110050499 1.218948 0.227200 0.176538
110050500 1.220124 0.227200 0.181397
110050501 1.103668 0.253600 -0.299709
110050502 1.104844 0.253600 -0.294849
110050503 1.106020 0.253600 -0.289989
110050504 1.107196 0.253600 -0.285130
110050505 1.108373 0.253600 -0.280270
110050506 1.109549 0.253600 -0.275410
110050507 1.110725 0.253600 -0.270551
110050508 1.111902 0.253600 -0.265691
110050509 1.113078 0.253600 -0.260831
110050510 1.114254 0.253600 -0.255972
110050511 1.115431 0.253600 -0.251112
110050512 1.116607 0.253600 -0.246252
110050513 1.117783 0.253600 -0.241393
110050514 1.118960 0.253600 -0.236533
110050515 1.120136 0.253600 -0.231674
110050516 1.121312 0.253600 -0.226814
110050517 1.122489 0.253600 -0.221954
110050518 1.123665 0.253600 -0.217095
110050519 1.124841 0.253600 -0.212235
110050520 1.126018 0.253600 -0.207375
110050521 1.127194 0.253600 -0.202516
110050522 1.128370 0.253600 -0.197656
110050523 1.129547 0.253600 -0.192796
110050524 1.130723 0.253600 -0.187937
110050525 1.131899 0.253600 -0.183077
110050526 1.133076 0.253600 -0.178217
110050527 1.134252 0.253600 -0.173358
110050528 1.135428 0.253600 -0.168498
110050529 1.136605 0.253600 -0.163638
110050530 1.137781 0.253600 -0.158779
110050531 1.138957 0.253600 -0.153919
110050532 1.140134 0.253600 -0.149059
110050533 1.141310 0.253600 -0.144200
110050534 1.142486 0.253600 -0.139340
110050535 1.143663 0.253600 -0.134480
110050536 1.144839 0.253600 -0.129621
110050537 1.146015 0.253600 -0.124761
110050538 1.147192 0.253600 -0.119901
110050539 1.148368 0.253600 -0.115042
110050540 1.149544 0.253600 -0.110182
110050541 1.150721 0.253600 -0.105322
110050542 1.151897 0.253600 -0.100463
110050543 1.153073 0.253600 -0.095603
110050544 1.154250 0.253600 -0.090744
110050545 1.155426 0.253600 -0.085884
110050546 1.156602 0.253600 -0.081024
110050547 1.157779 0.253600 -0.076165
110050548 1.158955 0.253600 -0.071305
110050549 1.160131 0.253600 -0.066445
110050550 1.161308 0.253600 -0.061586
110050551 1.162484 0.253600 -0.056726
110050552 1.163660 0.253600 -0.051866
110050553 1.164837 0.253600 -0.047007
110050554 1.166013 0.253600 -0.042147
110050555 1.167189 0.253600 -0.037287
110050556 1.168366 0.253600 -0.032428
110050557 1.169542 0.253600 -0.027568
110050558 1.170718 0.253600 -0.022708
110050559 1.171895 0.253600 -0.017849
110050560 1.173071 0.253600 -0.012989
110050561 1.174247 0.253600 -0.008129
110050562 1.175424 0.253600 -0.003270
110050563 1.176600 0.253600 0.001590
110050564 1.177776 0.253600 0.006450
110050565 1.178953 0.253600 0.011309
110050566 1.180129 0.253600 0.016169
110050567 1.181305 0.253600 0.021029
110050568 1.182482 0.253600 0.025888
110050569 1.183658 0.253600 0.030748
110050570 1.184834 0.253600 0.035608
110050571 1.186011 0.253600 0.040467
110050572 1.187187 0.253600 0.045327
110050573 1.188363 0.253600 0.050186
110050574 1.189540 0.253600 0.055046
110050575 1.190716 0.253600 0.059906
110050576 1.191892 0.253600 0.064765
110050577 1.193069 0.253600 0.069625
110050578 1.194245 0.253600 0.074485
110050579 1.195421 0.253600 0.079344
110050580 1.196598 0.253600 0.084204
110050581 1.197774 0.253600 0.089064
110050582 1.198950 0.253600 0.093923
110050583 1.200127 0.253600 0.098783
110050584 1.201303 0.253600 0.103643
110050585 1.202479 0.253600 0.108502
110050586 1.203656 0.253600 0.113362
110050587 1.204832 0.253600 0.118222
110050588 1.206008 0.253600 0.123081
110050589 1.207185 0.253600 0.127941
110050590 1.208361 0.253600 0.132801
110050591 1.209537 0.253600 0.137660
110050592 1.210714 0.253600 0.142520
110050593 1.211890 0.253600 0.147380
110050594 1.213066 0.253600 0.152239
110050595 1.214242 0.253600 0.157099
110050596 1.215419 0.253600 0.161959
110050597 1.216595 0.253600 0.166818
110050598 1.217771 0.253600 0.171678
110050599 1.218948 0.253600 0.176538
110050600 1.220124 0.253600 0.181397
110050601 1.103668 0.280000 -0.299709
110050602 1.104844 0.280000 -0.294849
110050603 1.106020 0.280000 -0.289989
110050604 1.107196 0.280000 -0.285130
110050605 1.108373 0.280000 -0.280270
110050606 1.109549 0.280000 -0.275410
110050607 1.110725 0.280000 -0.270551
110050608 1.111902 0.280000 -0.265691
110050609 1.113078 0.280000 -0.260831
110050610 1.114254 0.280000 -0.255972
110050611 1.115431 0.280000 -0.251112
110050612 1.116607 0.280000 -0.246252
110050613 1.117783 0.280000 -0.241393
110050614 1.118960 0.280000 -0.236533
110050615 1.120136 0.280000 -0.231674
110050616 1.121312 0.280000 -0.226814
110050617 1.122489 0.280000 -0.221954
110050618 1.123665 0.280000 -0.217095
110050619 1.124841 0.280000 -0.212235
110050620 1.126018 0.280000 -0.207375
110050621 1.127194 0.280000 -0.202516
110050622 1.128370 0.280000 -0.197656
110050623 1.129547 0.280000 -0.192796
110050624 1.130723 0.280000 -0.187937
110050625 1.131899 0.280000 -0.183077
110050626 1.133076 0.280000 -0.178217
110050627 1.134252 0.280000 -0.173358
110050628 1.135428 0.280000 -0.168498
110050629 1.136605 0.280000 -0.163638
110050630 1.137781 0.280000 -0.158779
110050631 1.138957 0.280000 -0.153919
110050632 1.140134 0.280000 -0.149059
110050633 1.141310 0.280000 -0.144200
110050634 1.142486 0.280000 -0.139340
110050635 1.143663 0.280000 -0.134480
110050636 1.144839 0.280000 -0.129621
110050637 1.146015 0.280000 -0.124761
110050638 1.147192 0.280000 -0.119901
110050639 1.148368 0.280000 -0.115042
110050640 1.149544 0.280000 -0.110182
110050641 1.150721 0.280000 -0.105322
110050642 1.151897 0.280000 -0.100463
110050643 1.153073 0.280000 -0.095603
110050644 1.154250 0.280000 -0.090744
110050645 1.155426 0.280000 -0.085884
110050646 1.156602 0.280000 -0.081024
110050647 1.157779 0.280000 -0.076165
110050648 1.158955 0.280000 -0.071305
110050649 1.160131 0.280000 -0.066445
110050650 1.161308 0.280000 -0.061586
110050651 1.162484 0.280000 -0.056726
110050652 1.163660 0.280000 -0.051866
110050653 1.164837 0.280000 -0.047007
110050654 1.166013 0.280000 -0.042147
110050655 1.167189 0.280000 -0.037287
110050656 1.168366 0.280000 -0.032428
110050657 1.169542 0.280000 -0.027568
110050658 1.170718 0.280000 -0.022708
110050659 1.171895 0.280000 -0.017849
110050660 1.173071 0.280000 -0.012989
110050661 1.174247 0.280000 -0.008129
110050662 1.175424 0.280000 -0.003270
110050663 1.176600 0.280000 0.001590
110050664 1.177776 0.280000 0.006450
110050665 1.178953 0.280000 0.011309
110050666 1.180129 0.280000 0.016169
110050667 1.181305 0.280000 0.021029
110050668 1.182482 0.280000 0.025888
110050669 1.183658 0.280000 0.030748
110050670 1.184834 0.280000 0.035608
110050671 1.186011 0.280000 0.040467
110050672 1.187187 0.280000 0.045327
110050673 1.188363 0.280000 0.050186
110050674 1.189540 0.280000 0.055046
110050675 1.190716 0.280000 0.059906
110050676 1.191892 0.280000 0.064765
110050677 1.193069 0.280000 0.069625
110050678 1.194245 0.280000 0.074485
110050679 1.195421 0.280000 0.079344
110050680 1.196598 0.280000 0.084204
110050681 1.197774 0.280000 0.089064
110050682 1.198950 0.280000 0.093923
110050683 1.200127 0.280000 0.098783
110050684 1.201303 0.280000 0.103643
110050685 1.202479 0.280000 0.108502
110050686 1.203656 0.280000 0.113362
110050687 1.204832 0.280000 0.118222
110050688 1.206008 0.280000 0.123081
110050689 1.207185 0.280000 0.127941
110050690 1.208361 0.280000 0.132801
110050691 1.209537 0.280000 0.137660
110050692 1.210714 0.280000 0.142520
110050693 1.211890 0.280000 0.147380
110050694 1.213066 0.280000 0.152239
110050695 1.214242 0.280000 0.157099
110050696 1.215419 0.280000 0.161959
110050697 1.216595 0.280000 0.166818
110050698 1.217771 0.280000 0.171678
110050699 1.218948 0.280000 0.176538
110050700 1.220124 0.280000 0.181397
110050701 1.103668 0.306400 -0.299709
110050702 1.104844 0.306400 -0.294849
110050703 1.106020 0.306400 -0.289989
110050704 1.107196 0.306400 -0.285130
110050705 1.108373 0.306400 -0.280270
110050706 1.109549 0.306400 -0.275410
110050707 1.110725 0.306400 -0.270551
110050708 1.111902 0.306400 -0.265691
110050709 1.113078 0.306400 -0.260831
110050710 1.114254 0.306400 -0.255972
110050711 1.115431 0.306400 -0.251112
110050712 1.116607 0.306400 -0.246252
110050713 1.117783 0.306400 -0.241393
110050714 1.118960 0.306400 -0.236533
110050715 1.120136 0.306400 -0.231674
110050716 1.121312 0.306400 -0.226814
110050717 1.122489 0.306400 -0.221954
110050718 1.123665 0.306400 -0.217095
110050719 1.124841 0.306400 -0.212235
110050720 1.126018 0.306400 -0.207375
110050721 1.127194 0.306400 -0.202516
110050722 1.128370 0.306400 -0.197656
110050723 1.129547 0.306400 -0.192796
110050724 1.130723 0.306400 -0.187937
110050725 1.131899 0.306400 -0.183077
110050726 1.133076 0.306400 -0.178217
110050727 1.134252 0.306400 -0.173358
110050728 1.135428 0.306400 -0.168498
110050729 1.136605 0.306400 -0.163638
110050730 1.137781 0.306400 -0.158779
110050731 1.138957 0.306400 -0.153919
110050732 1.140134 0.306400 -0.149059
110050733 1.141310 0.306400 -0.144200
110050734 1.142486 0.306400 -0.139340
110050735 1.143663 0.306400 -0.134480
110050736 1.144839 0.306400 -0.129621
110050737 1.146015 0.306400 -0.124761
110050738 1.147192 0.306400 -0.119901
110050739 1.148368 0.306400 -0.115042
110050740 1.149544 0.306400 -0.110182
110050741 1.150721 0.306400 -0.105322
110050742 1.151897 0.306400 -0.100463
110050743 1.153073 0.306400 -0.095603
110050744 1.154250 0.306400 -0.090744
110050745 1.155426 0.306400 -0.085884
110050746 1.156602 0.306400 -0.081024
110050747 1.157779 0.306400 -0.076165
110050748 1.158955 0.306400 -0.071305
110050749 1.160131 0.306400 -0.066445
110050750 1.161308 0.306400 -0.061586
110050751 1.162484 0.306400 -0.056726
110050752 1.163660 0.306400 -0.051866
110050753 1.164837 0.306400 -0.047007
110050754 1.166013 0.306400 -0.042147
110050755 1.167189 0.306400 -0.037287
110050756 1.168366 0.306400 -0.032428
110050757 1.169542 0.306400 -0.027568
110050758 1.170718 0.306400 -0.022708
110050759 1.171895 0.306400 -0.017849
110050760 1.173071 0.306400 -0.012989
110050761 1.174247 0.306400 -0.008129
110050762 1.175424 0.306400 -0.003270
110050763 1.176600 0.306400 0.001590
110050764 1.177776 0.306400 0.006450
110050765 1.178953 0.306400 0.011309
110050766 1.180129 0.306400 0.016169
110050767 1.181305 0.306400 0.021029
110050768 1.182482 0.306400 0.025888
110050769 1.183658 0.306400 0.030748
110050770 1.184834 0.306400 0.035608
110050771 1.186011 0.306400 0.040467
110050772 1.187187 0.306400 0.045327
110050773 1.188363 0.306400 0.050186
110050774 1.189540 0.306400 0.055046
110050775 1.190716 0.306400 0.059906
110050776 1.191892 0.306400 0.064765
110050777 1.193069 0.306400 0.069625
110050778 1.194245 0.306400 0.074485
110050779 1.195421 0.306400 0.079344
110050780 1.196598 0.306400 0.084204
110050781 1.197774 0.306400 0.089064
110050782 1.198950 0.306400 0.093923
110050783 1.200127 0.306400 0.098783
110050784 1.201303 0.306400 0.103643
110050785 1.202479 0.306400 0.108502
110050786 1.203656 0.306400 0.113362
110050787 1.204832 0.306400 0.118222
110050788 1.206008 0.306400 0.123081
110050789 1.207185 0.306400 0.127941
110050790 1.208361 0.306400 0.132801
110050791 1.209537 0.306400 0.137660
110050792 1.210714 0.306400 0.142520
110050793 1.211890 0.306400 0.147380
110050794 1.213066 0.306400 0.152239
110050795 1.214242 0.306400 0.157099
110050796 1.215419 0.306400 0.161959
110050797 1.216595 0.306400 0.166818
110050798 1.217771 0.306400 0.171678
110050799 1.218948 0.306400 0.176538
110050800 1.220124 0.306400 0.181397
