107030001 -0.513989 0.014600 -1.226291
107030002 -0.508989 0.014600 -1.226291
107030003 -0.503989 0.014600 -1.226291
107030004 -0.498989 0.014600 -1.226291
107030005 -0.493989 0.014600 -1.226291
107030006 -0.488989 0.014600 -1.226291
107030007 -0.483989 0.014600 -1.226291
107030008 -0.478989 0.014600 -1.226291
107030009 -0.473989 0.014600 -1.226291
107030010 -0.468989 0.014600 -1.226291
107030011 -0.463989 0.014600 -1.226291
107030012 -0.458989 0.014600 -1.226291
107030013 -0.453989 0.014600 -1.226291
107030014 -0.448989 0.014600 -1.226291
107030015 -0.443989 0.014600 -1.226291
107030016 -0.438989 0.014600 -1.226291
107030017 -0.433989 0.014600 -1.226291
107030018 -0.428989 0.014600 -1.226291
107030019 -0.423989 0.014600 -1.226291
107030020 -0.418989 0.014600 -1.226291
107030021 -0.413989 0.014600 -1.226291
107030022 -0.408989 0.014600 -1.226291
107030023 -0.403989 0.014600 -1.226291
107030024 -0.398989 0.014600 -1.226291
107030025 -0.393989 0.014600 -1.226291
107030026 -0.388989 0.014600 -1.226291
107030027 -0.383989 0.014600 -1.226291
107030028 -0.378989 0.014600 -1.226291
107030029 -0.373989 0.014600 -1.226291
107030030 -0.368989 0.014600 -1.226291
107030031 -0.363989 0.014600 -1.226291
107030032 -0.358989 0.014600 -1.226291
107030033 -0.353989 0.014600 -1.226291
107030034 -0.348989 0.014600 -1.226291
107030035 -0.343989 0.014600 -1.226291
107030036 -0.338989 0.014600 -1.226291
107030037 -0.333989 0.014600 -1.226291
107030038 -0.328989 0.014600 -1.226291
107030039 -0.323989 0.014600 -1.226291
107030040 -0.318989 0.014600 -1.226291
107030041 -0.313989 0.014600 -1.226291
107030042 -0.308989 0.014600 -1.226291
107030043 -0.303989 0.014600 -1.226291
107030044 -0.298989 0.014600 -1.226291
107030045 -0.293989 0.014600 -1.226291
107030046 -0.288989 0.014600 -1.226291
107030047 -0.283989 0.014600 -1.226291
107030048 -0.278989 0.014600 -1.226291
107030049 -0.273989 0.014600 -1.226291
107030050 -0.268989 0.014600 -1.226291
107030051 -0.263989 0.014600 -1.226291
107030052 -0.258989 0.014600 -1.226291
107030053 -0.253989 0.014600 -1.226291
107030054 -0.248989 0.014600 -1.226291
107030055 -0.243989 0.014600 -1.226291
107030056 -0.238989 0.014600 -1.226291
107030057 -0.233989 0.014600 -1.226291
107030058 -0.228989 0.014600 -1.226291
107030059 -0.223989 0.014600 -1.226291
107030060 -0.218989 0.014600 -1.226291
107030061 -0.513989 0.041000 -1.226291
107030062 -0.508989 0.041000 -1.226291
107030063 -0.503989 0.041000 -1.226291
107030064 -0.498989 0.041000 -1.226291
107030065 -0.493989 0.041000 -1.226291
107030066 -0.488989 0.041000 -1.226291
107030067 -0.483989 0.041000 -1.226291
107030068 -0.478989 0.041000 -1.226291
107030069 -0.473989 0.041000 -1.226291
107030070 -0.468989 0.041000 -1.226291
107030071 -0.463989 0.041000 -1.226291
107030072 -0.458989 0.041000 -1.226291
107030073 -0.453989 0.041000 -1.226291
107030074 -0.448989 0.041000 -1.226291
107030075 -0.443989 0.041000 -1.226291
107030076 -0.438989 0.041000 -1.226291
107030077 -0.433989 0.041000 -1.226291
107030078 -0.428989 0.041000 -1.226291
107030079 -0.423989 0.041000 -1.226291
107030080 -0.418989 0.041000 -1.226291
107030081 -0.413989 0.041000 -1.226291
107030082 -0.408989 0.041000 -1.226291
107030083 -0.403989 0.041000 -1.226291
107030084 -0.398989 0.041000 -1.226291
107030085 -0.393989 0.041000 -1.226291
107030086 -0.388989 0.041000 -1.226291
107030087 -0.383989 0.041000 -1.226291
107030088 -0.378989 0.041000 -1.226291
107030089 -0.373989 0.041000 -1.226291
107030090 -0.368989 0.041000 -1.226291
107030091 -0.363989 0.041000 -1.226291
107030092 -0.358989 0.041000 -1.226291
107030093 -0.353989 0.041000 -1.226291
107030094 -0.348989 0.041000 -1.226291
107030095 -0.343989 0.041000 -1.226291
107030096 -0.338989 0.041000 -1.226291
107030097 -0.333989 0.041000 -1.226291
107030098 -0.328989 0.041000 -1.226291
107030099 -0.323989 0.041000 -1.226291
107030100 -0.318989 0.041000 -1.226291
107030101 -0.313989 0.041000 -1.226291
107030102 -0.308989 0.041000 -1.226291
107030103 -0.303989 0.041000 -1.226291
107030104 -0.298989 0.041000 -1.226291
107030105 -0.293989 0.041000 -1.226291
107030106 -0.288989 0.041000 -1.226291
107030107 -0.283989 0.041000 -1.226291
107030108 -0.278989 0.041000 -1.226291
107030109 -0.273989 0.041000 -1.226291
107030110 -0.268989 0.041000 -1.226291
107030111 -0.263989 0.041000 -1.226291
107030112 -0.258989 0.041000 -1.226291
107030113 -0.253989 0.041000 -1.226291
107030114 -0.248989 0.041000 -1.226291
107030115 -0.243989 0.041000 -1.226291
107030116 -0.238989 0.041000 -1.226291
107030117 -0.233989 0.041000 -1.226291
107030118 -0.228989 0.041000 -1.226291
107030119 -0.223989 0.041000 -1.226291
107030120 -0.218989 0.041000 -1.226291
107030121 -0.513989 0.067400 -1.226291
107030122 -0.508989 0.067400 -1.226291
107030123 -0.503989 0.067400 -1.226291
107030124 -0.498989 0.067400 -1.226291
107030125 -0.493989 0.067400 -1.226291
107030126 -0.488989 0.067400 -1.226291
107030127 -0.483989 0.067400 -1.226291
107030128 -0.478989 0.067400 -1.226291
107030129 -0.473989 0.067400 -1.226291
107030130 -0.468989 0.067400 -1.226291
107030131 -0.463989 0.067400 -1.226291
107030132 -0.458989 0.067400 -1.226291
107030133 -0.453989 0.067400 -1.226291
107030134 -0.448989 0.067400 -1.226291
107030135 -0.443989 0.067400 -1.226291
107030136 -0.438989 0.067400 -1.226291
107030137 -0.433989 0.067400 -1.226291
107030138 -0.428989 0.067400 -1.226291
107030139 -0.423989 0.067400 -1.226291
107030140 -0.418989 0.067400 -1.226291
107030141 -0.413989 0.067400 -1.226291
107030142 -0.408989 0.067400 -1.226291
107030143 -0.403989 0.067400 -1.226291
107030144 -0.398989 0.067400 -1.226291
107030145 -0.393989 0.067400 -1.226291
107030146 -0.388989 0.067400 -1.226291
107030147 -0.383989 0.067400 -1.226291
107030148 -0.378989 0.067400 -1.226291
107030149 -0.373989 0.067400 -1.226291
107030150 -0.368989 0.067400 -1.226291
107030151 -0.363989 0.067400 -1.226291
107030152 -0.358989 0.067400 -1.226291
107030153 -0.353989 0.067400 -1.226291
107030154 -0.348989 0.067400 -1.226291
107030155 -0.343989 0.067400 -1.226291
107030156 -0.338989 0.067400 -1.226291
107030157 -0.333989 0.067400 -1.226291
107030158 -0.328989 0.067400 -1.226291
107030159 -0.323989 0.067400 -1.226291
107030160 -0.318989 0.067400 -1.226291
107030161 -0.313989 0.067400 -1.226291
107030162 -0.308989 0.067400 -1.226291
107030163 -0.303989 0.067400 -1.226291
107030164 -0.298989 0.067400 -1.226291
107030165 -0.293989 0.067400 -1.226291
107030166 -0.288989 0.067400 -1.226291
107030167 -0.283989 0.067400 -1.226291
107030168 -0.278989 0.067400 -1.226291
107030169 -0.273989 0.067400 -1.226291
107030170 -0.268989 0.067400 -1.226291
107030171 -0.263989 0.067400 -1.226291
107030172 -0.258989 0.067400 -1.226291
107030173 -0.253989 0.067400 -1.226291
107030174 -0.248989 0.067400 -1.226291
107030175 -0.243989 0.067400 -1.226291
107030176 -0.238989 0.067400 -1.226291
107030177 -0.233989 0.067400 -1.226291
107030178 -0.228989 0.067400 -1.226291
107030179 -0.223989 0.067400 -1.226291
107030180 -0.218989 0.067400 -1.226291
107030181 -0.513989 0.093800 -1.226291
107030182 -0.508989 0.093800 -1.226291
107030183 -0.503989 0.093800 -1.226291
107030184 -0.498989 0.093800 -1.226291
107030185 -0.493989 0.093800 -1.226291
107030186 -0.488989 0.093800 -1.226291
107030187 -0.483989 0.093800 -1.226291
107030188 -0.478989 0.093800 -1.226291
107030189 -0.473989 0.093800 -1.226291
107030190 -0.468989 0.093800 -1.226291
107030191 -0.463989 0.093800 -1.226291
107030192 -0.458989 0.093800 -1.226291
107030193 -0.453989 0.093800 -1.226291
107030194 -0.448989 0.093800 -1.226291
107030195 -0.443989 0.093800 -1.226291
107030196 -0.438989 0.093800 -1.226291
107030197 -0.433989 0.093800 -1.226291
107030198 -0.428989 0.093800 -1.226291
107030199 -0.423989 0.093800 -1.226291
107030200 -0.418989 0.093800 -1.226291
107030201 -0.413989 0.093800 -1.226291
107030202 -0.408989 0.093800 -1.226291
107030203 -0.403989 0.093800 -1.226291
107030204 -0.398989 0.093800 -1.226291
107030205 -0.393989 0.093800 -1.226291
107030206 -0.388989 0.093800 -1.226291
107030207 -0.383989 0.093800 -1.226291
107030208 -0.378989 0.093800 -1.226291
107030209 -0.373989 0.093800 -1.226291
107030210 -0.368989 0.093800 -1.226291
107030211 -0.363989 0.093800 -1.226291
107030212 -0.358989 0.093800 -1.226291
107030213 -0.353989 0.093800 -1.226291
107030214 -0.348989 0.093800 -1.226291
107030215 -0.343989 0.093800 -1.226291
107030216 -0.338989 0.093800 -1.226291
107030217 -0.333989 0.093800 -1.226291
107030218 -0.328989 0.093800 -1.226291
107030219 -0.323989 0.093800 -1.226291
107030220 -0.318989 0.093800 -1.226291
107030221 -0.313989 0.093800 -1.226291
107030222 -0.308989 0.093800 -1.226291
107030223 -0.303989 0.093800 -1.226291
107030224 -0.298989 0.093800 -1.226291
107030225 -0.293989 0.093800 -1.226291
107030226 -0.288989 0.093800 -1.226291
107030227 -0.283989 0.093800 -1.226291
107030228 -0.278989 0.093800 -1.226291
107030229 -0.273989 0.093800 -1.226291
107030230 -0.268989 0.093800 -1.226291
107030231 -0.263989 0.093800 -1.226291
107030232 -0.258989 0.093800 -1.226291
107030233 -0.253989 0.093800 -1.226291
107030234 -0.248989 0.093800 -1.226291
107030235 -0.243989 0.093800 -1.226291
107030236 -0.238989 0.093800 -1.226291
107030237 -0.233989 0.093800 -1.226291
107030238 -0.228989 0.093800 -1.226291
107030239 -0.223989 0.093800 -1.226291
107030240 -0.218989 0.093800 -1.226291
107030241 -0.513989 0.120200 -1.226291
107030242 -0.508989 0.120200 -1.226291
107030243 -0.503989 0.120200 -1.226291
107030244 -0.498989 0.120200 -1.226291
107030245 -0.493989 0.120200 -1.226291
107030246 -0.488989 0.120200 -1.226291
107030247 -0.483989 0.120200 -1.226291
107030248 -0.478989 0.120200 -1.226291
107030249 -0.473989 0.120200 -1.226291
107030250 -0.468989 0.120200 -1.226291
107030251 -0.463989 0.120200 -1.226291
107030252 -0.458989 0.120200 -1.226291
107030253 -0.453989 0.120200 -1.226291
107030254 -0.448989 0.120200 -1.226291
107030255 -0.443989 0.120200 -1.226291
107030256 -0.438989 0.120200 -1.226291
107030257 -0.433989 0.120200 -1.226291
107030258 -0.428989 0.120200 -1.226291
107030259 -0.423989 0.120200 -1.226291
107030260 -0.418989 0.120200 -1.226291
107030261 -0.413989 0.120200 -1.226291
107030262 -0.408989 0.120200 -1.226291
107030263 -0.403989 0.120200 -1.226291
107030264 -0.398989 0.120200 -1.226291
107030265 -0.393989 0.120200 -1.226291
107030266 -0.388989 0.120200 -1.226291
107030267 -0.383989 0.120200 -1.226291
107030268 -0.378989 0.120200 -1.226291
107030269 -0.373989 0.120200 -1.226291
107030270 -0.368989 0.120200 -1.226291
107030271 -0.363989 0.120200 -1.226291
107030272 -0.358989 0.120200 -1.226291
107030273 -0.353989 0.120200 -1.226291
107030274 -0.348989 0.120200 -1.226291
107030275 -0.343989 0.120200 -1.226291
107030276 -0.338989 0.120200 -1.226291
107030277 -0.333989 0.120200 -1.226291
107030278 -0.328989 0.120200 -1.226291
107030279 -0.323989 0.120200 -1.226291
107030280 -0.318989 0.120200 -1.226291
107030281 -0.313989 0.120200 -1.226291
107030282 -0.308989 0.120200 -1.226291
107030283 -0.303989 0.120200 -1.226291
107030284 -0.298989 0.120200 -1.226291
107030285 -0.293989 0.120200 -1.226291
107030286 -0.288989 0.120200 -1.226291
107030287 -0.283989 0.120200 -1.226291
107030288 -0.278989 0.120200 -1.226291
107030289 -0.273989 0.120200 -1.226291
107030290 -0.268989 0.120200 -1.226291
107030291 -0.263989 0.120200 -1.226291
107030292 -0.258989 0.120200 -1.226291
107030293 -0.253989 0.120200 -1.226291
107030294 -0.248989 0.120200 -1.226291
107030295 -0.243989 0.120200 -1.226291
107030296 -0.238989 0.120200 -1.226291
107030297 -0.233989 0.120200 -1.226291
107030298 -0.228989 0.120200 -1.226291
107030299 -0.223989 0.120200 -1.226291
107030300 -0.218989 0.120200 -1.226291
107030301 -0.513989 0.146600 -1.226291
107030302 -0.508989 0.146600 -1.226291
107030303 -0.503989 0.146600 -1.226291
107030304 -0.498989 0.146600 -1.226291
107030305 -0.493989 0.146600 -1.226291
107030306 -0.488989 0.146600 -1.226291
107030307 -0.483989 0.146600 -1.226291
107030308 -0.478989 0.146600 -1.226291
107030309 -0.473989 0.146600 -1.226291
107030310 -0.468989 0.146600 -1.226291
107030311 -0.463989 0.146600 -1.226291
107030312 -0.458989 0.146600 -1.226291
107030313 -0.453989 0.146600 -1.226291
107030314 -0.448989 0.146600 -1.226291
107030315 -0.443989 0.146600 -1.226291
107030316 -0.438989 0.146600 -1.226291
107030317 -0.433989 0.146600 -1.226291
107030318 -0.428989 0.146600 -1.226291
107030319 -0.423989 0.146600 -1.226291
107030320 -0.418989 0.146600 -1.226291
107030321 -0.413989 0.146600 -1.226291
107030322 -0.408989 0.146600 -1.226291
107030323 -0.403989 0.146600 -1.226291
107030324 -0.398989 0.146600 -1.226291
107030325 -0.393989 0.146600 -1.226291
107030326 -0.388989 0.146600 -1.226291
107030327 -0.383989 0.146600 -1.226291
107030328 -0.378989 0.146600 -1.226291
107030329 -0.373989 0.146600 -1.226291
107030330 -0.368989 0.146600 -1.226291
107030331 -0.363989 0.146600 -1.226291
107030332 -0.358989 0.146600 -1.226291
107030333 -0.353989 0.146600 -1.226291
107030334 -0.348989 0.146600 -1.226291
107030335 -0.343989 0.146600 -1.226291
107030336 -0.338989 0.146600 -1.226291
107030337 -0.333989 0.146600 -1.226291
107030338 -0.328989 0.146600 -1.226291
107030339 -0.323989 0.146600 -1.226291
107030340 -0.318989 0.146600 -1.226291
107030341 -0.313989 0.146600 -1.226291
107030342 -0.308989 0.146600 -1.226291
107030343 -0.303989 0.146600 -1.226291
107030344 -0.298989 0.146600 -1.226291
107030345 -0.293989 0.146600 -1.226291
107030346 -0.288989 0.146600 -1.226291
107030347 -0.283989 0.146600 -1.226291
107030348 -0.278989 0.146600 -1.226291
107030349 -0.273989 0.146600 -1.226291
107030350 -0.268989 0.146600 -1.226291
107030351 -0.263989 0.146600 -1.226291
107030352 -0.258989 0.146600 -1.226291
107030353 -0.253989 0.146600 -1.226291
107030354 -0.248989 0.146600 -1.226291
107030355 -0.243989 0.146600 -1.226291
107030356 -0.238989 0.146600 -1.226291
107030357 -0.233989 0.146600 -1.226291
107030358 -0.228989 0.146600 -1.226291
107030359 -0.223989 0.146600 -1.226291
107030360 -0.218989 0.146600 -1.226291
107030361 -0.513989 0.173000 -1.226291
107030362 -0.508989 0.173000 -1.226291
107030363 -0.503989 0.173000 -1.226291
107030364 -0.498989 0.173000 -1.226291
107030365 -0.493989 0.173000 -1.226291
107030366 -0.488989 0.173000 -1.226291
107030367 -0.483989 0.173000 -1.226291
107030368 -0.478989 0.173000 -1.226291
107030369 -0.473989 0.173000 -1.226291
107030370 -0.468989 0.173000 -1.226291
107030371 -0.463989 0.173000 -1.226291
107030372 -0.458989 0.173000 -1.226291
107030373 -0.453989 0.173000 -1.226291
107030374 -0.448989 0.173000 -1.226291
107030375 -0.443989 0.173000 -1.226291
107030376 -0.438989 0.173000 -1.226291
107030377 -0.433989 0.173000 -1.226291
107030378 -0.428989 0.173000 -1.226291
107030379 -0.423989 0.173000 -1.226291
107030380 -0.418989 0.173000 -1.226291
107030381 -0.413989 0.173000 -1.226291
107030382 -0.408989 0.173000 -1.226291
107030383 -0.403989 0.173000 -1.226291
107030384 -0.398989 0.173000 -1.226291
107030385 -0.393989 0.173000 -1.226291
107030386 -0.388989 0.173000 -1.226291
107030387 -0.383989 0.173000 -1.226291
107030388 -0.378989 0.173000 -1.226291
107030389 -0.373989 0.173000 -1.226291
107030390 -0.368989 0.173000 -1.226291
107030391 -0.363989 0.173000 -1.226291
107030392 -0.358989 0.173000 -1.226291
107030393 -0.353989 0.173000 -1.226291
107030394 -0.348989 0.173000 -1.226291
107030395 -0.343989 0.173000 -1.226291
107030396 -0.338989 0.173000 -1.226291
107030397 -0.333989 0.173000 -1.226291
107030398 -0.328989 0.173000 -1.226291
107030399 -0.323989 0.173000 -1.226291
107030400 -0.318989 0.173000 -1.226291
107030401 -0.313989 0.173000 -1.226291
107030402 -0.308989 0.173000 -1.226291
107030403 -0.303989 0.173000 -1.226291
107030404 -0.298989 0.173000 -1.226291
107030405 -0.293989 0.173000 -1.226291
107030406 -0.288989 0.173000 -1.226291
107030407 -0.283989 0.173000 -1.226291
107030408 -0.278989 0.173000 -1.226291
107030409 -0.273989 0.173000 -1.226291
107030410 -0.268989 0.173000 -1.226291
107030411 -0.263989 0.173000 -1.226291
107030412 -0.258989 0.173000 -1.226291
107030413 -0.253989 0.173000 -1.226291
107030414 -0.248989 0.173000 -1.226291
107030415 -0.243989 0.173000 -1.226291
107030416 -0.238989 0.173000 -1.226291
107030417 -0.233989 0.173000 -1.226291
107030418 -0.228989 0.173000 -1.226291
107030419 -0.223989 0.173000 -1.226291
107030420 -0.218989 0.173000 -1.226291
107030421 -0.513989 0.199400 -1.226291
107030422 -0.508989 0.199400 -1.226291
107030423 -0.503989 0.199400 -1.226291
107030424 -0.498989 0.199400 -1.226291
107030425 -0.493989 0.199400 -1.226291
107030426 -0.488989 0.199400 -1.226291
107030427 -0.483989 0.199400 -1.226291
107030428 -0.478989 0.199400 -1.226291
107030429 -0.473989 0.199400 -1.226291
107030430 -0.468989 0.199400 -1.226291
107030431 -0.463989 0.199400 -1.226291
107030432 -0.458989 0.199400 -1.226291
107030433 -0.453989 0.199400 -1.226291
107030434 -0.448989 0.199400 -1.226291
107030435 -0.443989 0.199400 -1.226291
107030436 -0.438989 0.199400 -1.226291
107030437 -0.433989 0.199400 -1.226291
107030438 -0.428989 0.199400 -1.226291
107030439 -0.423989 0.199400 -1.226291
107030440 -0.418989 0.199400 -1.226291
107030441 -0.413989 0.199400 -1.226291
107030442 -0.408989 0.199400 -1.226291
107030443 -0.403989 0.199400 -1.226291
107030444 -0.398989 0.199400 -1.226291
107030445 -0.393989 0.199400 -1.226291
107030446 -0.388989 0.199400 -1.226291
107030447 -0.383989 0.199400 -1.226291
107030448 -0.378989 0.199400 -1.226291
107030449 -0.373989 0.199400 -1.226291
107030450 -0.368989 0.199400 -1.226291
107030451 -0.363989 0.199400 -1.226291
107030452 -0.358989 0.199400 -1.226291
107030453 -0.353989 0.199400 -1.226291
107030454 -0.348989 0.199400 -1.226291
107030455 -0.343989 0.199400 -1.226291
107030456 -0.338989 0.199400 -1.226291
107030457 -0.333989 0.199400 -1.226291
107030458 -0.328989 0.199400 -1.226291
107030459 -0.323989 0.199400 -1.226291
107030460 -0.318989 0.199400 -1.226291
107030461 -0.313989 0.199400 -1.226291
107030462 -0.308989 0.199400 -1.226291
107030463 -0.303989 0.199400 -1.226291
107030464 -0.298989 0.199400 -1.226291
107030465 -0.293989 0.199400 -1.226291
107030466 -0.288989 0.199400 -1.226291
107030467 -0.283989 0.199400 -1.226291
107030468 -0.278989 0.199400 -1.226291
107030469 -0.273989 0.199400 -1.226291
107030470 -0.268989 0.199400 -1.226291
107030471 -0.263989 0.199400 -1.226291
107030472 -0.258989 0.199400 -1.226291
107030473 -0.253989 0.199400 -1.226291
107030474 -0.248989 0.199400 -1.226291
107030475 -0.243989 0.199400 -1.226291
107030476 -0.238989 0.199400 -1.226291
107030477 -0.233989 0.199400 -1.226291
107030478 -0.228989 0.199400 -1.226291
107030479 -0.223989 0.199400 -1.226291
107030480 -0.218989 0.199400 -1.226291
