105040001 -1.221301 -0.092400 0.186257
105040002 -1.220124 -0.092400 0.181397
105040003 -1.218948 -0.092400 0.176537
105040004 -1.217772 -0.092400 0.171678
105040005 -1.216595 -0.092400 0.166818
105040006 -1.215419 -0.092400 0.161959
105040007 -1.214243 -0.092400 0.157099
105040008 -1.213066 -0.092400 0.152239
105040009 -1.211890 -0.092400 0.147380
105040010 -1.210714 -0.092400 0.142520
105040011 -1.209537 -0.092400 0.137660
105040012 -1.208361 -0.092400 0.132801
105040013 -1.207185 -0.092400 0.127941
105040014 -1.206008 -0.092400 0.123081
105040015 -1.204832 -0.092400 0.118222
105040016 -1.203656 -0.092400 0.113362
105040017 -1.202479 -0.092400 0.108502
105040018 -1.201303 -0.092400 0.103643
105040019 -1.200127 -0.092400 0.098783
105040020 -1.198950 -0.092400 0.093923
105040021 -1.197774 -0.092400 0.089064
105040022 -1.196598 -0.092400 0.084204
105040023 -1.195421 -0.092400 0.079344
105040024 -1.194245 -0.092400 0.074485
105040025 -1.193069 -0.092400 0.069625
105040026 -1.191892 -0.092400 0.064765
105040027 -1.190716 -0.092400 0.059906
105040028 -1.189540 -0.092400 0.055046
105040029 -1.188363 -0.092400 0.050186
105040030 -1.187187 -0.092400 0.045327
105040031 -1.186011 -0.092400 0.040467
105040032 -1.184834 -0.092400 0.035607
105040033 -1.183658 -0.092400 0.030748
105040034 -1.182482 -0.092400 0.025888
105040035 -1.181305 -0.092400 0.021029
105040036 -1.180129 -0.092400 0.016169
105040037 -1.178953 -0.092400 0.011309
105040038 -1.177776 -0.092400 0.006450
105040039 -1.176600 -0.092400 0.001590
105040040 -1.175424 -0.092400 -0.003270
105040041 -1.174247 -0.092400 -0.008129
105040042 -1.173071 -0.092400 -0.012989
105040043 -1.171895 -0.092400 -0.017849
105040044 -1.170718 -0.092400 -0.022708
105040045 -1.169542 -0.092400 -0.027568
105040046 -1.168366 -0.092400 -0.032428
105040047 -1.167189 -0.092400 -0.037287
105040048 -1.166013 -0.092400 -0.042147
105040049 -1.164837 -0.092400 -0.047007
105040050 -1.163660 -0.092400 -0.051866
105040051 -1.162484 -0.092400 -0.056726
105040052 -1.161308 -0.092400 -0.061586
105040053 -1.160131 -0.092400 -0.066445
105040054 -1.158955 -0.092400 -0.071305
105040055 -1.157779 -0.092400 -0.076165
105040056 -1.156602 -0.092400 -0.081024
105040057 -1.155426 -0.092400 -0.085884
105040058 -1.154250 -0.092400 -0.090744
105040059 -1.153073 -0.092400 -0.095603
105040060 -1.151897 -0.092400 -0.100463
105040061 -1.150721 -0.092400 -0.105323
105040062 -1.149544 -0.092400 -0.110182
105040063 -1.148368 -0.092400 -0.115042
105040064 -1.147192 -0.092400 -0.119901
105040065 -1.146015 -0.092400 -0.124761
105040066 -1.144839 -0.092400 -0.129621
105040067 -1.143663 -0.092400 -0.134480
105040068 -1.142487 -0.092400 -0.139340
105040069 -1.141310 -0.092400 -0.144200
105040070 -1.140134 -0.092400 -0.149059
105040071 -1.138958 -0.092400 -0.153919
105040072 -1.137781 -0.092400 -0.158779
105040073 -1.136605 -0.092400 -0.163638
105040074 -1.135429 -0.092400 -0.168498
105040075 -1.134252 -0.092400 -0.173358
105040076 -1.133076 -0.092400 -0.178217
105040077 -1.131900 -0.092400 -0.183077
105040078 -1.130723 -0.092400 -0.187937
105040079 -1.129547 -0.092400 -0.192796
105040080 -1.128371 -0.092400 -0.197656
105040081 -1.127194 -0.092400 -0.202516
105040082 -1.126018 -0.092400 -0.207375
105040083 -1.124842 -0.092400 -0.212235
105040084 -1.123665 -0.092400 -0.217095
105040085 -1.122489 -0.092400 -0.221954
105040086 -1.121313 -0.092400 -0.226814
105040087 -1.120136 -0.092400 -0.231674
105040088 -1.118960 -0.092400 -0.236533
105040089 -1.117784 -0.092400 -0.241393
105040090 -1.116607 -0.092400 -0.246253
105040091 -1.115431 -0.092400 -0.251112
105040092 -1.114255 -0.092400 -0.255972
105040093 -1.113078 -0.092400 -0.260831
105040094 -1.111902 -0.092400 -0.265691
105040095 -1.110726 -0.092400 -0.270551
105040096 -1.109549 -0.092400 -0.275410
105040097 -1.108373 -0.092400 -0.280270
105040098 -1.107197 -0.092400 -0.285130
105040099 -1.106020 -0.092400 -0.289989
105040100 -1.104844 -0.092400 -0.294849
105040101 -1.221301 -0.066000 0.186257
105040102 -1.220124 -0.066000 0.181397
105040103 -1.218948 -0.066000 0.176537
105040104 -1.217772 -0.066000 0.171678
105040105 -1.216595 -0.066000 0.166818
105040106 -1.215419 -0.066000 0.161959
105040107 -1.214243 -0.066000 0.157099
105040108 -1.213066 -0.066000 0.152239
105040109 -1.211890 -0.066000 0.147380
105040110 -1.210714 -0.066000 0.142520
105040111 -1.209537 -0.066000 0.137660
105040112 -1.208361 -0.066000 0.132801
105040113 -1.207185 -0.066000 0.127941
105040114 -1.206008 -0.066000 0.123081
105040115 -1.204832 -0.066000 0.118222
105040116 -1.203656 -0.066000 0.113362
105040117 -1.202479 -0.066000 0.108502
105040118 -1.201303 -0.066000 0.103643
105040119 -1.200127 -0.066000 0.098783
105040120 -1.198950 -0.066000 0.093923
105040121 -1.197774 -0.066000 0.089064
105040122 -1.196598 -0.066000 0.084204
105040123 -1.195421 -0.066000 0.079344
105040124 -1.194245 -0.066000 0.074485
105040125 -1.193069 -0.066000 0.069625
105040126 -1.191892 -0.066000 0.064765
105040127 -1.190716 -0.066000 0.059906
105040128 -1.189540 -0.066000 0.055046
105040129 -1.188363 -0.066000 0.050186
105040130 -1.187187 -0.066000 0.045327
105040131 -1.186011 -0.066000 0.040467
105040132 -1.184834 -0.066000 0.035607
105040133 -1.183658 -0.066000 0.030748
105040134 -1.182482 -0.066000 0.025888
105040135 -1.181305 -0.066000 0.021029
105040136 -1.180129 -0.066000 0.016169
105040137 -1.178953 -0.066000 0.011309
105040138 -1.177776 -0.066000 0.006450
105040139 -1.176600 -0.066000 0.001590
105040140 -1.175424 -0.066000 -0.003270
105040141 -1.174247 -0.066000 -0.008129
105040142 -1.173071 -0.066000 -0.012989
105040143 -1.171895 -0.066000 -0.017849
105040144 -1.170718 -0.066000 -0.022708
105040145 -1.169542 -0.066000 -0.027568
105040146 -1.168366 -0.066000 -0.032428
105040147 -1.167189 -0.066000 -0.037287
105040148 -1.166013 -0.066000 -0.042147
105040149 -1.164837 -0.066000 -0.047007
105040150 -1.163660 -0.066000 -0.051866
105040151 -1.162484 -0.066000 -0.056726
105040152 -1.161308 -0.066000 -0.061586
105040153 -1.160131 -0.066000 -0.066445
105040154 -1.158955 -0.066000 -0.071305
105040155 -1.157779 -0.066000 -0.076165
105040156 -1.156602 -0.066000 -0.081024
105040157 -1.155426 -0.066000 -0.085884
105040158 -1.154250 -0.066000 -0.090744
105040159 -1.153073 -0.066000 -0.095603
105040160 -1.151897 -0.066000 -0.100463
105040161 -1.150721 -0.066000 -0.105323
105040162 -1.149544 -0.066000 -0.110182
105040163 -1.148368 -0.066000 -0.115042
105040164 -1.147192 -0.066000 -0.119901
105040165 -1.146015 -0.066000 -0.124761
105040166 -1.144839 -0.066000 -0.129621
105040167 -1.143663 -0.066000 -0.134480
105040168 -1.142487 -0.066000 -0.139340
105040169 -1.141310 -0.066000 -0.144200
105040170 -1.140134 -0.066000 -0.149059
105040171 -1.138958 -0.066000 -0.153919
105040172 -1.137781 -0.066000 -0.158779
105040173 -1.136605 -0.066000 -0.163638
105040174 -1.135429 -0.066000 -0.168498
105040175 -1.134252 -0.066000 -0.173358
105040176 -1.133076 -0.066000 -0.178217
105040177 -1.131900 -0.066000 -0.183077
105040178 -1.130723 -0.066000 -0.187937
105040179 -1.129547 -0.066000 -0.192796
105040180 -1.128371 -0.066000 -0.197656
105040181 -1.127194 -0.066000 -0.202516
105040182 -1.126018 -0.066000 -0.207375
105040183 -1.124842 -0.066000 -0.212235
105040184 -1.123665 -0.066000 -0.217095
105040185 -1.122489 -0.066000 -0.221954
105040186 -1.121313 -0.066000 -0.226814
105040187 -1.120136 -0.066000 -0.231674
105040188 -1.118960 -0.066000 -0.236533
105040189 -1.117784 -0.066000 -0.241393
105040190 -1.116607 -0.066000 -0.246253
105040191 -1.115431 -0.066000 -0.251112
105040192 -1.114255 -0.066000 -0.255972
105040193 -1.113078 -0.066000 -0.260831
105040194 -1.111902 -0.066000 -0.265691
105040195 -1.110726 -0.066000 -0.270551
105040196 -1.109549 -0.066000 -0.275410
105040197 -1.108373 -0.066000 -0.280270
105040198 -1.107197 -0.066000 -0.285130
105040199 -1.106020 -0.066000 -0.289989
105040200 -1.104844 -0.066000 -0.294849
105040201 -1.221301 -0.039600 0.186257
105040202 -1.220124 -0.039600 0.181397
105040203 -1.218948 -0.039600 0.176537
105040204 -1.217772 -0.039600 0.171678
105040205 -1.216595 -0.039600 0.166818
105040206 -1.215419 -0.039600 0.161959
105040207 -1.214243 -0.039600 0.157099
105040208 -1.213066 -0.039600 0.152239
105040209 -1.211890 -0.039600 0.147380
105040210 -1.210714 -0.039600 0.142520
105040211 -1.209537 -0.039600 0.137660
105040212 -1.208361 -0.039600 0.132801
105040213 -1.207185 -0.039600 0.127941
105040214 -1.206008 -0.039600 0.123081
105040215 -1.204832 -0.039600 0.118222
105040216 -1.203656 -0.039600 0.113362
105040217 -1.202479 -0.039600 0.108502
105040218 -1.201303 -0.039600 0.103643
105040219 -1.200127 -0.039600 0.098783
105040220 -1.198950 -0.039600 0.093923
105040221 -1.197774 -0.039600 0.089064
105040222 -1.196598 -0.039600 0.084204
105040223 -1.195421 -0.039600 0.079344
105040224 -1.194245 -0.039600 0.074485
105040225 -1.193069 -0.039600 0.069625
105040226 -1.191892 -0.039600 0.064765
105040227 -1.190716 -0.039600 0.059906
105040228 -1.189540 -0.039600 0.055046
105040229 -1.188363 -0.039600 0.050186
105040230 -1.187187 -0.039600 0.045327
105040231 -1.186011 -0.039600 0.040467
105040232 -1.184834 -0.039600 0.035607
105040233 -1.183658 -0.039600 0.030748
105040234 -1.182482 -0.039600 0.025888
105040235 -1.181305 -0.039600 0.021029
105040236 -1.180129 -0.039600 0.016169
105040237 -1.178953 -0.039600 0.011309
105040238 -1.177776 -0.039600 0.006450
105040239 -1.176600 -0.039600 0.001590
105040240 -1.175424 -0.039600 -0.003270
105040241 -1.174247 -0.039600 -0.008129
105040242 -1.173071 -0.039600 -0.012989
105040243 -1.171895 -0.039600 -0.017849
105040244 -1.170718 -0.039600 -0.022708
105040245 -1.169542 -0.039600 -0.027568
105040246 -1.168366 -0.039600 -0.032428
105040247 -1.167189 -0.039600 -0.037287
105040248 -1.166013 -0.039600 -0.042147
105040249 -1.164837 -0.039600 -0.047007
105040250 -1.163660 -0.039600 -0.051866
105040251 -1.162484 -0.039600 -0.056726
105040252 -1.161308 -0.039600 -0.061586
105040253 -1.160131 -0.039600 -0.066445
105040254 -1.158955 -0.039600 -0.071305
105040255 -1.157779 -0.039600 -0.076165
105040256 -1.156602 -0.039600 -0.081024
105040257 -1.155426 -0.039600 -0.085884
105040258 -1.154250 -0.039600 -0.090744
105040259 -1.153073 -0.039600 -0.095603
105040260 -1.151897 -0.039600 -0.100463
105040261 -1.150721 -0.039600 -0.105323
105040262 -1.149544 -0.039600 -0.110182
105040263 -1.148368 -0.039600 -0.115042
105040264 -1.147192 -0.039600 -0.119901
105040265 -1.146015 -0.039600 -0.124761
105040266 -1.144839 -0.039600 -0.129621
105040267 -1.143663 -0.039600 -0.134480
105040268 -1.142487 -0.039600 -0.139340
105040269 -1.141310 -0.039600 -0.144200
105040270 -1.140134 -0.039600 -0.149059
105040271 -1.138958 -0.039600 -0.153919
105040272 -1.137781 -0.039600 -0.158779
105040273 -1.136605 -0.039600 -0.163638
105040274 -1.135429 -0.039600 -0.168498
105040275 -1.134252 -0.039600 -0.173358
105040276 -1.133076 -0.039600 -0.178217
105040277 -1.131900 -0.039600 -0.183077
105040278 -1.130723 -0.039600 -0.187937
105040279 -1.129547 -0.039600 -0.192796
105040280 -1.128371 -0.039600 -0.197656
105040281 -1.127194 -0.039600 -0.202516
105040282 -1.126018 -0.039600 -0.207375
105040283 -1.124842 -0.039600 -0.212235
105040284 -1.123665 -0.039600 -0.217095
105040285 -1.122489 -0.039600 -0.221954
105040286 -1.121313 -0.039600 -0.226814
105040287 -1.120136 -0.039600 -0.231674
105040288 -1.118960 -0.039600 -0.236533
105040289 -1.117784 -0.039600 -0.241393
105040290 -1.116607 -0.039600 -0.246253
105040291 -1.115431 -0.039600 -0.251112
105040292 -1.114255 -0.039600 -0.255972
105040293 -1.113078 -0.039600 -0.260831
105040294 -1.111902 -0.039600 -0.265691
105040295 -1.110726 -0.039600 -0.270551
105040296 -1.109549 -0.039600 -0.275410
105040297 -1.108373 -0.039600 -0.280270
105040298 -1.107197 -0.039600 -0.285130
105040299 -1.106020 -0.039600 -0.289989
105040300 -1.104844 -0.039600 -0.294849
105040301 -1.221301 -0.013200 0.186257
105040302 -1.220124 -0.013200 0.181397
105040303 -1.218948 -0.013200 0.176537
105040304 -1.217772 -0.013200 0.171678
105040305 -1.216595 -0.013200 0.166818
105040306 -1.215419 -0.013200 0.161959
105040307 -1.214243 -0.013200 0.157099
105040308 -1.213066 -0.013200 0.152239
105040309 -1.211890 -0.013200 0.147380
105040310 -1.210714 -0.013200 0.142520
105040311 -1.209537 -0.013200 0.137660
105040312 -1.208361 -0.013200 0.132801
105040313 -1.207185 -0.013200 0.127941
105040314 -1.206008 -0.013200 0.123081
105040315 -1.204832 -0.013200 0.118222
105040316 -1.203656 -0.013200 0.113362
105040317 -1.202479 -0.013200 0.108502
105040318 -1.201303 -0.013200 0.103643
105040319 -1.200127 -0.013200 0.098783
105040320 -1.198950 -0.013200 0.093923
105040321 -1.197774 -0.013200 0.089064
105040322 -1.196598 -0.013200 0.084204
105040323 -1.195421 -0.013200 0.079344
105040324 -1.194245 -0.013200 0.074485
105040325 -1.193069 -0.013200 0.069625
105040326 -1.191892 -0.013200 0.064765
105040327 -1.190716 -0.013200 0.059906
105040328 -1.189540 -0.013200 0.055046
105040329 -1.188363 -0.013200 0.050186
105040330 -1.187187 -0.013200 0.045327
105040331 -1.186011 -0.013200 0.040467
105040332 -1.184834 -0.013200 0.035607
105040333 -1.183658 -0.013200 0.030748
105040334 -1.182482 -0.013200 0.025888
105040335 -1.181305 -0.013200 0.021029
105040336 -1.180129 -0.013200 0.016169
105040337 -1.178953 -0.013200 0.011309
105040338 -1.177776 -0.013200 0.006450
105040339 -1.176600 -0.013200 0.001590
105040340 -1.175424 -0.013200 -0.003270
105040341 -1.174247 -0.013200 -0.008129
105040342 -1.173071 -0.013200 -0.012989
105040343 -1.171895 -0.013200 -0.017849
105040344 -1.170718 -0.013200 -0.022708
105040345 -1.169542 -0.013200 -0.027568
105040346 -1.168366 -0.013200 -0.032428
105040347 -1.167189 -0.013200 -0.037287
105040348 -1.166013 -0.013200 -0.042147
105040349 -1.164837 -0.013200 -0.047007
105040350 -1.163660 -0.013200 -0.051866
105040351 -1.162484 -0.013200 -0.056726
105040352 -1.161308 -0.013200 -0.061586
105040353 -1.160131 -0.013200 -0.066445
105040354 -1.158955 -0.013200 -0.071305
105040355 -1.157779 -0.013200 -0.076165
105040356 -1.156602 -0.013200 -0.081024
105040357 -1.155426 -0.013200 -0.085884
105040358 -1.154250 -0.013200 -0.090744
105040359 -1.153073 -0.013200 -0.095603
105040360 -1.151897 -0.013200 -0.100463
105040361 -1.150721 -0.013200 -0.105323
105040362 -1.149544 -0.013200 -0.110182
105040363 -1.148368 -0.013200 -0.115042
105040364 -1.147192 -0.013200 -0.119901
105040365 -1.146015 -0.013200 -0.124761
105040366 -1.144839 -0.013200 -0.129621
105040367 -1.143663 -0.013200 -0.134480
105040368 -1.142487 -0.013200 -0.139340
105040369 -1.141310 -0.013200 -0.144200
105040370 -1.140134 -0.013200 -0.149059
105040371 -1.138958 -0.013200 -0.153919
105040372 -1.137781 -0.013200 -0.158779
105040373 -1.136605 -0.013200 -0.163638
105040374 -1.135429 -0.013200 -0.168498
105040375 -1.134252 -0.013200 -0.173358
105040376 -1.133076 -0.013200 -0.178217
105040377 -1.131900 -0.013200 -0.183077
105040378 -1.130723 -0.013200 -0.187937
105040379 -1.129547 -0.013200 -0.192796
105040380 -1.128371 -0.013200 -0.197656
105040381 -1.127194 -0.013200 -0.202516
105040382 -1.126018 -0.013200 -0.207375
105040383 -1.124842 -0.013200 -0.212235
105040384 -1.123665 -0.013200 -0.217095
105040385 -1.122489 -0.013200 -0.221954
105040386 -1.121313 -0.013200 -0.226814
105040387 -1.120136 -0.013200 -0.231674
105040388 -1.118960 -0.013200 -0.236533
105040389 -1.117784 -0.013200 -0.241393
105040390 -1.116607 -0.013200 -0.246253
105040391 -1.115431 -0.013200 -0.251112
105040392 -1.114255 -0.013200 -0.255972
105040393 -1.113078 -0.013200 -0.260831
105040394 -1.111902 -0.013200 -0.265691
105040395 -1.110726 -0.013200 -0.270551
105040396 -1.109549 -0.013200 -0.275410
105040397 -1.108373 -0.013200 -0.280270
105040398 -1.107197 -0.013200 -0.285130
105040399 -1.106020 -0.013200 -0.289989
105040400 -1.104844 -0.013200 -0.294849
105040401 -1.221301 0.013200 0.186257
105040402 -1.220124 0.013200 0.181397
105040403 -1.218948 0.013200 0.176537
105040404 -1.217772 0.013200 0.171678
105040405 -1.216595 0.013200 0.166818
105040406 -1.215419 0.013200 0.161959
105040407 -1.214243 0.013200 0.157099
105040408 -1.213066 0.013200 0.152239
105040409 -1.211890 0.013200 0.147380
105040410 -1.210714 0.013200 0.142520
105040411 -1.209537 0.013200 0.137660
105040412 -1.208361 0.013200 0.132801
105040413 -1.207185 0.013200 0.127941
105040414 -1.206008 0.013200 0.123081
105040415 -1.204832 0.013200 0.118222
105040416 -1.203656 0.013200 0.113362
105040417 -1.202479 0.013200 0.108502
105040418 -1.201303 0.013200 0.103643
105040419 -1.200127 0.013200 0.098783
105040420 -1.198950 0.013200 0.093923
105040421 -1.197774 0.013200 0.089064
105040422 -1.196598 0.013200 0.084204
105040423 -1.195421 0.013200 0.079344
105040424 -1.194245 0.013200 0.074485
105040425 -1.193069 0.013200 0.069625
105040426 -1.191892 0.013200 0.064765
105040427 -1.190716 0.013200 0.059906
105040428 -1.189540 0.013200 0.055046
105040429 -1.188363 0.013200 0.050186
105040430 -1.187187 0.013200 0.045327
105040431 -1.186011 0.013200 0.040467
105040432 -1.184834 0.013200 0.035607
105040433 -1.183658 0.013200 0.030748
105040434 -1.182482 0.013200 0.025888
105040435 -1.181305 0.013200 0.021029
105040436 -1.180129 0.013200 0.016169
105040437 -1.178953 0.013200 0.011309
105040438 -1.177776 0.013200 0.006450
105040439 -1.176600 0.013200 0.001590
105040440 -1.175424 0.013200 -0.003270
105040441 -1.174247 0.013200 -0.008129
105040442 -1.173071 0.013200 -0.012989
105040443 -1.171895 0.013200 -0.017849
105040444 -1.170718 0.013200 -0.022708
105040445 -1.169542 0.013200 -0.027568
105040446 -1.168366 0.013200 -0.032428
105040447 -1.167189 0.013200 -0.037287
105040448 -1.166013 0.013200 -0.042147
105040449 -1.164837 0.013200 -0.047007
105040450 -1.163660 0.013200 -0.051866
105040451 -1.162484 0.013200 -0.056726
105040452 -1.161308 0.013200 -0.061586
105040453 -1.160131 0.013200 -0.066445
105040454 -1.158955 0.013200 -0.071305
105040455 -1.157779 0.013200 -0.076165
105040456 -1.156602 0.013200 -0.081024
105040457 -1.155426 0.013200 -0.085884
105040458 -1.154250 0.013200 -0.090744
105040459 -1.153073 0.013200 -0.095603
105040460 -1.151897 0.013200 -0.100463
105040461 -1.150721 0.013200 -0.105323
105040462 -1.149544 0.013200 -0.110182
105040463 -1.148368 0.013200 -0.115042
105040464 -1.147192 0.013200 -0.119901
105040465 -1.146015 0.013200 -0.124761
105040466 -1.144839 0.013200 -0.129621
105040467 -1.143663 0.013200 -0.134480
105040468 -1.142487 0.013200 -0.139340
105040469 -1.141310 0.013200 -0.144200
105040470 -1.140134 0.013200 -0.149059
105040471 -1.138958 0.013200 -0.153919
105040472 -1.137781 0.013200 -0.158779
105040473 -1.136605 0.013200 -0.163638
105040474 -1.135429 0.013200 -0.168498
105040475 -1.134252 0.013200 -0.173358
105040476 -1.133076 0.013200 -0.178217
105040477 -1.131900 0.013200 -0.183077
105040478 -1.130723 0.013200 -0.187937
105040479 -1.129547 0.013200 -0.192796
105040480 -1.128371 0.013200 -0.197656
105040481 -1.127194 0.013200 -0.202516
105040482 -1.126018 0.013200 -0.207375
105040483 -1.124842 0.013200 -0.212235
105040484 -1.123665 0.013200 -0.217095
105040485 -1.122489 0.013200 -0.221954
105040486 -1.121313 0.013200 -0.226814
105040487 -1.120136 0.013200 -0.231674
105040488 -1.118960 0.013200 -0.236533
105040489 -1.117784 0.013200 -0.241393
105040490 -1.116607 0.013200 -0.246253
105040491 -1.115431 0.013200 -0.251112
105040492 -1.114255 0.013200 -0.255972
105040493 -1.113078 0.013200 -0.260831
105040494 -1.111902 0.013200 -0.265691
105040495 -1.110726 0.013200 -0.270551
105040496 -1.109549 0.013200 -0.275410
105040497 -1.108373 0.013200 -0.280270
105040498 -1.107197 0.013200 -0.285130
105040499 -1.106020 0.013200 -0.289989
105040500 -1.104844 0.013200 -0.294849
105040501 -1.221301 0.039600 0.186257
105040502 -1.220124 0.039600 0.181397
105040503 -1.218948 0.039600 0.176537
105040504 -1.217772 0.039600 0.171678
105040505 -1.216595 0.039600 0.166818
105040506 -1.215419 0.039600 0.161959
105040507 -1.214243 0.039600 0.157099
105040508 -1.213066 0.039600 0.152239
105040509 -1.211890 0.039600 0.147380
105040510 -1.210714 0.039600 0.142520
105040511 -1.209537 0.039600 0.137660
105040512 -1.208361 0.039600 0.132801
105040513 -1.207185 0.039600 0.127941
105040514 -1.206008 0.039600 0.123081
105040515 -1.204832 0.039600 0.118222
105040516 -1.203656 0.039600 0.113362
105040517 -1.202479 0.039600 0.108502
105040518 -1.201303 0.039600 0.103643
105040519 -1.200127 0.039600 0.098783
105040520 -1.198950 0.039600 0.093923
105040521 -1.197774 0.039600 0.089064
105040522 -1.196598 0.039600 0.084204
105040523 -1.195421 0.039600 0.079344
105040524 -1.194245 0.039600 0.074485
105040525 -1.193069 0.039600 0.069625
105040526 -1.191892 0.039600 0.064765
105040527 -1.190716 0.039600 0.059906
105040528 -1.189540 0.039600 0.055046
105040529 -1.188363 0.039600 0.050186
105040530 -1.187187 0.039600 0.045327
105040531 -1.186011 0.039600 0.040467
105040532 -1.184834 0.039600 0.035607
105040533 -1.183658 0.039600 0.030748
105040534 -1.182482 0.039600 0.025888
105040535 -1.181305 0.039600 0.021029
105040536 -1.180129 0.039600 0.016169
105040537 -1.178953 0.039600 0.011309
105040538 -1.177776 0.039600 0.006450
105040539 -1.176600 0.039600 0.001590
105040540 -1.175424 0.039600 -0.003270
105040541 -1.174247 0.039600 -0.008129
105040542 -1.173071 0.039600 -0.012989
105040543 -1.171895 0.039600 -0.017849
105040544 -1.170718 0.039600 -0.022708
105040545 -1.169542 0.039600 -0.027568
105040546 -1.168366 0.039600 -0.032428
105040547 -1.167189 0.039600 -0.037287
105040548 -1.166013 0.039600 -0.042147
105040549 -1.164837 0.039600 -0.047007
105040550 -1.163660 0.039600 -0.051866
105040551 -1.162484 0.039600 -0.056726
105040552 -1.161308 0.039600 -0.061586
105040553 -1.160131 0.039600 -0.066445
105040554 -1.158955 0.039600 -0.071305
105040555 -1.157779 0.039600 -0.076165
105040556 -1.156602 0.039600 -0.081024
105040557 -1.155426 0.039600 -0.085884
105040558 -1.154250 0.039600 -0.090744
105040559 -1.153073 0.039600 -0.095603
105040560 -1.151897 0.039600 -0.100463
105040561 -1.150721 0.039600 -0.105323
105040562 -1.149544 0.039600 -0.110182
105040563 -1.148368 0.039600 -0.115042
105040564 -1.147192 0.039600 -0.119901
105040565 -1.146015 0.039600 -0.124761
105040566 -1.144839 0.039600 -0.129621
105040567 -1.143663 0.039600 -0.134480
105040568 -1.142487 0.039600 -0.139340
105040569 -1.141310 0.039600 -0.144200
105040570 -1.140134 0.039600 -0.149059
105040571 -1.138958 0.039600 -0.153919
105040572 -1.137781 0.039600 -0.158779
105040573 -1.136605 0.039600 -0.163638
105040574 -1.135429 0.039600 -0.168498
105040575 -1.134252 0.039600 -0.173358
105040576 -1.133076 0.039600 -0.178217
105040577 -1.131900 0.039600 -0.183077
105040578 -1.130723 0.039600 -0.187937
105040579 -1.129547 0.039600 -0.192796
105040580 -1.128371 0.039600 -0.197656
105040581 -1.127194 0.039600 -0.202516
105040582 -1.126018 0.039600 -0.207375
105040583 -1.124842 0.039600 -0.212235
105040584 -1.123665 0.039600 -0.217095
105040585 -1.122489 0.039600 -0.221954
105040586 -1.121313 0.039600 -0.226814
105040587 -1.120136 0.039600 -0.231674
105040588 -1.118960 0.039600 -0.236533
105040589 -1.117784 0.039600 -0.241393
105040590 -1.116607 0.039600 -0.246253
105040591 -1.115431 0.039600 -0.251112
105040592 -1.114255 0.039600 -0.255972
105040593 -1.113078 0.039600 -0.260831
105040594 -1.111902 0.039600 -0.265691
105040595 -1.110726 0.039600 -0.270551
105040596 -1.109549 0.039600 -0.275410
105040597 -1.108373 0.039600 -0.280270
105040598 -1.107197 0.039600 -0.285130
105040599 -1.106020 0.039600 -0.289989
105040600 -1.104844 0.039600 -0.294849
105040601 -1.221301 0.066000 0.186257
105040602 -1.220124 0.066000 0.181397
105040603 -1.218948 0.066000 0.176537
105040604 -1.217772 0.066000 0.171678
105040605 -1.216595 0.066000 0.166818
105040606 -1.215419 0.066000 0.161959
105040607 -1.214243 0.066000 0.157099
105040608 -1.213066 0.066000 0.152239
105040609 -1.211890 0.066000 0.147380
105040610 -1.210714 0.066000 0.142520
105040611 -1.209537 0.066000 0.137660
105040612 -1.208361 0.066000 0.132801
105040613 -1.207185 0.066000 0.127941
105040614 -1.206008 0.066000 0.123081
105040615 -1.204832 0.066000 0.118222
105040616 -1.203656 0.066000 0.113362
105040617 -1.202479 0.066000 0.108502
105040618 -1.201303 0.066000 0.103643
105040619 -1.200127 0.066000 0.098783
105040620 -1.198950 0.066000 0.093923
105040621 -1.197774 0.066000 0.089064
105040622 -1.196598 0.066000 0.084204
105040623 -1.195421 0.066000 0.079344
105040624 -1.194245 0.066000 0.074485
105040625 -1.193069 0.066000 0.069625
105040626 -1.191892 0.066000 0.064765
105040627 -1.190716 0.066000 0.059906
105040628 -1.189540 0.066000 0.055046
105040629 -1.188363 0.066000 0.050186
105040630 -1.187187 0.066000 0.045327
105040631 -1.186011 0.066000 0.040467
105040632 -1.184834 0.066000 0.035607
105040633 -1.183658 0.066000 0.030748
105040634 -1.182482 0.066000 0.025888
105040635 -1.181305 0.066000 0.021029
105040636 -1.180129 0.066000 0.016169
105040637 -1.178953 0.066000 0.011309
105040638 -1.177776 0.066000 0.006450
105040639 -1.176600 0.066000 0.001590
105040640 -1.175424 0.066000 -0.003270
105040641 -1.174247 0.066000 -0.008129
105040642 -1.173071 0.066000 -0.012989
105040643 -1.171895 0.066000 -0.017849
105040644 -1.170718 0.066000 -0.022708
105040645 -1.169542 0.066000 -0.027568
105040646 -1.168366 0.066000 -0.032428
105040647 -1.167189 0.066000 -0.037287
105040648 -1.166013 0.066000 -0.042147
105040649 -1.164837 0.066000 -0.047007
105040650 -1.163660 0.066000 -0.051866
105040651 -1.162484 0.066000 -0.056726
105040652 -1.161308 0.066000 -0.061586
105040653 -1.160131 0.066000 -0.066445
105040654 -1.158955 0.066000 -0.071305
105040655 -1.157779 0.066000 -0.076165
105040656 -1.156602 0.066000 -0.081024
105040657 -1.155426 0.066000 -0.085884
105040658 -1.154250 0.066000 -0.090744
105040659 -1.153073 0.066000 -0.095603
105040660 -1.151897 0.066000 -0.100463
105040661 -1.150721 0.066000 -0.105323
105040662 -1.149544 0.066000 -0.110182
105040663 -1.148368 0.066000 -0.115042
105040664 -1.147192 0.066000 -0.119901
105040665 -1.146015 0.066000 -0.124761
105040666 -1.144839 0.066000 -0.129621
105040667 -1.143663 0.066000 -0.134480
105040668 -1.142487 0.066000 -0.139340
105040669 -1.141310 0.066000 -0.144200
105040670 -1.140134 0.066000 -0.149059
105040671 -1.138958 0.066000 -0.153919
105040672 -1.137781 0.066000 -0.158779
105040673 -1.136605 0.066000 -0.163638
105040674 -1.135429 0.066000 -0.168498
105040675 -1.134252 0.066000 -0.173358
105040676 -1.133076 0.066000 -0.178217
105040677 -1.131900 0.066000 -0.183077
105040678 -1.130723 0.066000 -0.187937
105040679 -1.129547 0.066000 -0.192796
105040680 -1.128371 0.066000 -0.197656
105040681 -1.127194 0.066000 -0.202516
105040682 -1.126018 0.066000 -0.207375
105040683 -1.124842 0.066000 -0.212235
105040684 -1.123665 0.066000 -0.217095
105040685 -1.122489 0.066000 -0.221954
105040686 -1.121313 0.066000 -0.226814
105040687 -1.120136 0.066000 -0.231674
105040688 -1.118960 0.066000 -0.236533
105040689 -1.117784 0.066000 -0.241393
105040690 -1.116607 0.066000 -0.246253
105040691 -1.115431 0.066000 -0.251112
105040692 -1.114255 0.066000 -0.255972
105040693 -1.113078 0.066000 -0.260831
105040694 -1.111902 0.066000 -0.265691
105040695 -1.110726 0.066000 -0.270551
105040696 -1.109549 0.066000 -0.275410
105040697 -1.108373 0.066000 -0.280270
105040698 -1.107197 0.066000 -0.285130
105040699 -1.106020 0.066000 -0.289989
105040700 -1.104844 0.066000 -0.294849
105040701 -1.221301 0.092400 0.186257
105040702 -1.220124 0.092400 0.181397
105040703 -1.218948 0.092400 0.176537
105040704 -1.217772 0.092400 0.171678
105040705 -1.216595 0.092400 0.166818
105040706 -1.215419 0.092400 0.161959
105040707 -1.214243 0.092400 0.157099
105040708 -1.213066 0.092400 0.152239
105040709 -1.211890 0.092400 0.147380
105040710 -1.210714 0.092400 0.142520
105040711 -1.209537 0.092400 0.137660
105040712 -1.208361 0.092400 0.132801
105040713 -1.207185 0.092400 0.127941
105040714 -1.206008 0.092400 0.123081
105040715 -1.204832 0.092400 0.118222
105040716 -1.203656 0.092400 0.113362
105040717 -1.202479 0.092400 0.108502
105040718 -1.201303 0.092400 0.103643
105040719 -1.200127 0.092400 0.098783
105040720 -1.198950 0.092400 0.093923
105040721 -1.197774 0.092400 0.089064
105040722 -1.196598 0.092400 0.084204
105040723 -1.195421 0.092400 0.079344
105040724 -1.194245 0.092400 0.074485
105040725 -1.193069 0.092400 0.069625
105040726 -1.191892 0.092400 0.064765
105040727 -1.190716 0.092400 0.059906
105040728 -1.189540 0.092400 0.055046
105040729 -1.188363 0.092400 0.050186
105040730 -1.187187 0.092400 0.045327
105040731 -1.186011 0.092400 0.040467
105040732 -1.184834 0.092400 0.035607
105040733 -1.183658 0.092400 0.030748
105040734 -1.182482 0.092400 0.025888
105040735 -1.181305 0.092400 0.021029
105040736 -1.180129 0.092400 0.016169
105040737 -1.178953 0.092400 0.011309
105040738 -1.177776 0.092400 0.006450
105040739 -1.176600 0.092400 0.001590
105040740 -1.175424 0.092400 -0.003270
105040741 -1.174247 0.092400 -0.008129
105040742 -1.173071 0.092400 -0.012989
105040743 -1.171895 0.092400 -0.017849
105040744 -1.170718 0.092400 -0.022708
105040745 -1.169542 0.092400 -0.027568
105040746 -1.168366 0.092400 -0.032428
105040747 -1.167189 0.092400 -0.037287
105040748 -1.166013 0.092400 -0.042147
105040749 -1.164837 0.092400 -0.047007
105040750 -1.163660 0.092400 -0.051866
105040751 -1.162484 0.092400 -0.056726
105040752 -1.161308 0.092400 -0.061586
105040753 -1.160131 0.092400 -0.066445
105040754 -1.158955 0.092400 -0.071305
105040755 -1.157779 0.092400 -0.076165
105040756 -1.156602 0.092400 -0.081024
105040757 -1.155426 0.092400 -0.085884
105040758 -1.154250 0.092400 -0.090744
105040759 -1.153073 0.092400 -0.095603
105040760 -1.151897 0.092400 -0.100463
105040761 -1.150721 0.092400 -0.105323
105040762 -1.149544 0.092400 -0.110182
105040763 -1.148368 0.092400 -0.115042
105040764 -1.147192 0.092400 -0.119901
105040765 -1.146015 0.092400 -0.124761
105040766 -1.144839 0.092400 -0.129621
105040767 -1.143663 0.092400 -0.134480
105040768 -1.142487 0.092400 -0.139340
105040769 -1.141310 0.092400 -0.144200
105040770 -1.140134 0.092400 -0.149059
105040771 -1.138958 0.092400 -0.153919
105040772 -1.137781 0.092400 -0.158779
105040773 -1.136605 0.092400 -0.163638
105040774 -1.135429 0.092400 -0.168498
105040775 -1.134252 0.092400 -0.173358
105040776 -1.133076 0.092400 -0.178217
105040777 -1.131900 0.092400 -0.183077
105040778 -1.130723 0.092400 -0.187937
105040779 -1.129547 0.092400 -0.192796
105040780 -1.128371 0.092400 -0.197656
105040781 -1.127194 0.092400 -0.202516
105040782 -1.126018 0.092400 -0.207375
105040783 -1.124842 0.092400 -0.212235
105040784 -1.123665 0.092400 -0.217095
105040785 -1.122489 0.092400 -0.221954
105040786 -1.121313 0.092400 -0.226814
105040787 -1.120136 0.092400 -0.231674
105040788 -1.118960 0.092400 -0.236533
105040789 -1.117784 0.092400 -0.241393
105040790 -1.116607 0.092400 -0.246253
105040791 -1.115431 0.092400 -0.251112
105040792 -1.114255 0.092400 -0.255972
105040793 -1.113078 0.092400 -0.260831
105040794 -1.111902 0.092400 -0.265691
105040795 -1.110726 0.092400 -0.270551
105040796 -1.109549 0.092400 -0.275410
105040797 -1.108373 0.092400 -0.280270
105040798 -1.107197 0.092400 -0.285130
105040799 -1.106020 0.092400 -0.289989
105040800 -1.104844 0.092400 -0.294849
