111030001 1.259680 -0.306400 0.521137
111030002 1.259680 -0.306400 0.526137
111030003 1.259680 -0.306400 0.531137
111030004 1.259680 -0.306400 0.536137
111030005 1.259680 -0.306400 0.541137
111030006 1.259680 -0.306400 0.546137
111030007 1.259680 -0.306400 0.551137
111030008 1.259680 -0.306400 0.556137
111030009 1.259680 -0.306400 0.561137
111030010 1.259680 -0.306400 0.566137
111030011 1.259680 -0.306400 0.571137
111030012 1.259680 -0.306400 0.576137
111030013 1.259680 -0.306400 0.581137
111030014 1.259680 -0.306400 0.586137
111030015 1.259680 -0.306400 0.591137
111030016 1.259680 -0.306400 0.596137
111030017 1.259680 -0.306400 0.601137
111030018 1.259680 -0.306400 0.606137
111030019 1.259680 -0.306400 0.611137
111030020 1.259680 -0.306400 0.616137
111030021 1.259680 -0.306400 0.621137
111030022 1.259680 -0.306400 0.626137
111030023 1.259680 -0.306400 0.631137
111030024 1.259680 -0.306400 0.636137
111030025 1.259680 -0.306400 0.641137
111030026 1.259680 -0.306400 0.646137
111030027 1.259680 -0.306400 0.651137
111030028 1.259680 -0.306400 0.656137
111030029 1.259680 -0.306400 0.661137
111030030 1.259680 -0.306400 0.666137
111030031 1.259680 -0.306400 0.671137
111030032 1.259680 -0.306400 0.676137
111030033 1.259680 -0.306400 0.681137
111030034 1.259680 -0.306400 0.686137
111030035 1.259680 -0.306400 0.691137
111030036 1.259680 -0.306400 0.696137
111030037 1.259680 -0.306400 0.701137
111030038 1.259680 -0.306400 0.706137
111030039 1.259680 -0.306400 0.711137
111030040 1.259680 -0.306400 0.716137
111030041 1.259680 -0.306400 0.721137
111030042 1.259680 -0.306400 0.726137
111030043 1.259680 -0.306400 0.731137
111030044 1.259680 -0.306400 0.736137
111030045 1.259680 -0.306400 0.741137
111030046 1.259680 -0.306400 0.746137
111030047 1.259680 -0.306400 0.751137
111030048 1.259680 -0.306400 0.756137
111030049 1.259680 -0.306400 0.761137
111030050 1.259680 -0.306400 0.766137
111030051 1.259680 -0.306400 0.771137
111030052 1.259680 -0.306400 0.776137
111030053 1.259680 -0.306400 0.781137
111030054 1.259680 -0.306400 0.786137
111030055 1.259680 -0.306400 0.791137
111030056 1.259680 -0.306400 0.796137
111030057 1.259680 -0.306400 0.801137
111030058 1.259680 -0.306400 0.806137
111030059 1.259680 -0.306400 0.811137
111030060 1.259680 -0.306400 0.816137
111030061 1.259680 -0.306400 0.821137
111030062 1.259680 -0.306400 0.826137
111030063 1.259680 -0.306400 0.831137
111030064 1.259680 -0.306400 0.836137
111030065 1.259680 -0.306400 0.841137
111030066 1.259680 -0.306400 0.846137
111030067 1.259680 -0.306400 0.851137
111030068 1.259680 -0.306400 0.856137
111030069 1.259680 -0.306400 0.861137
111030070 1.259680 -0.306400 0.866137
111030071 1.259680 -0.306400 0.871137
111030072 1.259680 -0.306400 0.876137
111030073 1.259680 -0.306400 0.881137
111030074 1.259680 -0.306400 0.886137
111030075 1.259680 -0.306400 0.891137
111030076 1.259680 -0.306400 0.896137
111030077 1.259680 -0.306400 0.901137
111030078 1.259680 -0.306400 0.906137
111030079 1.259680 -0.306400 0.911137
111030080 1.259680 -0.306400 0.916137
111030081 1.259680 -0.306400 0.921137
111030082 1.259680 -0.306400 0.926137
111030083 1.259680 -0.306400 0.931137
111030084 1.259680 -0.306400 0.936137
111030085 1.259680 -0.306400 0.941137
111030086 1.259680 -0.306400 0.946137
111030087 1.259680 -0.306400 0.951137
111030088 1.259680 -0.306400 0.956137
111030089 1.259680 -0.306400 0.961137
111030090 1.259680 -0.306400 0.966137
111030091 1.259680 -0.306400 0.971137
111030092 1.259680 -0.306400 0.976137
111030093 1.259680 -0.306400 0.981137
111030094 1.259680 -0.306400 0.986137
111030095 1.259680 -0.306400 0.991137
111030096 1.259680 -0.306400 0.996137
111030097 1.259680 -0.306400 1.001137
111030098 1.259680 -0.306400 1.006137
111030099 1.259680 -0.306400 1.011137
111030100 1.259680 -0.306400 1.016137
111030101 1.259680 -0.280000 0.521137
111030102 1.259680 -0.280000 0.526137
111030103 1.259680 -0.280000 0.531137
111030104 1.259680 -0.280000 0.536137
111030105 1.259680 -0.280000 0.541137
111030106 1.259680 -0.280000 0.546137
111030107 1.259680 -0.280000 0.551137
111030108 1.259680 -0.280000 0.556137
111030109 1.259680 -0.280000 0.561137
111030110 1.259680 -0.280000 0.566137
111030111 1.259680 -0.280000 0.571137
111030112 1.259680 -0.280000 0.576137
111030113 1.259680 -0.280000 0.581137
111030114 1.259680 -0.280000 0.586137
111030115 1.259680 -0.280000 0.591137
111030116 1.259680 -0.280000 0.596137
111030117 1.259680 -0.280000 0.601137
111030118 1.259680 -0.280000 0.606137
111030119 1.259680 -0.280000 0.611137
111030120 1.259680 -0.280000 0.616137
111030121 1.259680 -0.280000 0.621137
111030122 1.259680 -0.280000 0.626137
111030123 1.259680 -0.280000 0.631137
111030124 1.259680 -0.280000 0.636137
111030125 1.259680 -0.280000 0.641137
111030126 1.259680 -0.280000 0.646137
111030127 1.259680 -0.280000 0.651137
111030128 1.259680 -0.280000 0.656137
111030129 1.259680 -0.280000 0.661137
111030130 1.259680 -0.280000 0.666137
111030131 1.259680 -0.280000 0.671137
111030132 1.259680 -0.280000 0.676137
111030133 1.259680 -0.280000 0.681137
111030134 1.259680 -0.280000 0.686137
111030135 1.259680 -0.280000 0.691137
111030136 1.259680 -0.280000 0.696137
111030137 1.259680 -0.280000 0.701137
111030138 1.259680 -0.280000 0.706137
111030139 1.259680 -0.280000 0.711137
111030140 1.259680 -0.280000 0.716137
111030141 1.259680 -0.280000 0.721137
111030142 1.259680 -0.280000 0.726137
111030143 1.259680 -0.280000 0.731137
111030144 1.259680 -0.280000 0.736137
111030145 1.259680 -0.280000 0.741137
111030146 1.259680 -0.280000 0.746137
111030147 1.259680 -0.280000 0.751137
111030148 1.259680 -0.280000 0.756137
111030149 1.259680 -0.280000 0.761137
111030150 1.259680 -0.280000 0.766137
111030151 1.259680 -0.280000 0.771137
111030152 1.259680 -0.280000 0.776137
111030153 1.259680 -0.280000 0.781137
111030154 1.259680 -0.280000 0.786137
111030155 1.259680 -0.280000 0.791137
111030156 1.259680 -0.280000 0.796137
111030157 1.259680 -0.280000 0.801137
111030158 1.259680 -0.280000 0.806137
111030159 1.259680 -0.280000 0.811137
111030160 1.259680 -0.280000 0.816137
111030161 1.259680 -0.280000 0.821137
111030162 1.259680 -0.280000 0.826137
111030163 1.259680 -0.280000 0.831137
111030164 1.259680 -0.280000 0.836137
111030165 1.259680 -0.280000 0.841137
111030166 1.259680 -0.280000 0.846137
111030167 1.259680 -0.280000 0.851137
111030168 1.259680 -0.280000 0.856137
111030169 1.259680 -0.280000 0.861137
111030170 1.259680 -0.280000 0.866137
111030171 1.259680 -0.280000 0.871137
111030172 1.259680 -0.280000 0.876137
111030173 1.259680 -0.280000 0.881137
111030174 1.259680 -0.280000 0.886137
111030175 1.259680 -0.280000 0.891137
111030176 1.259680 -0.280000 0.896137
111030177 1.259680 -0.280000 0.901137
111030178 1.259680 -0.280000 0.906137
111030179 1.259680 -0.280000 0.911137
111030180 1.259680 -0.280000 0.916137
111030181 1.259680 -0.280000 0.921137
111030182 1.259680 -0.280000 0.926137
111030183 1.259680 -0.280000 0.931137
111030184 1.259680 -0.280000 0.936137
111030185 1.259680 -0.280000 0.941137
111030186 1.259680 -0.280000 0.946137
111030187 1.259680 -0.280000 0.951137
111030188 1.259680 -0.280000 0.956137
111030189 1.259680 -0.280000 0.961137
111030190 1.259680 -0.280000 0.966137
111030191 1.259680 -0.280000 0.971137
111030192 1.259680 -0.280000 0.976137
111030193 1.259680 -0.280000 0.981137
111030194 1.259680 -0.280000 0.986137
111030195 1.259680 -0.280000 0.991137
111030196 1.259680 -0.280000 0.996137
111030197 1.259680 -0.280000 1.001137
111030198 1.259680 -0.280000 1.006137
111030199 1.259680 -0.280000 1.011137
111030200 1.259680 -0.280000 1.016137
111030201 1.259680 -0.253600 0.521137
111030202 1.259680 -0.253600 0.526137
111030203 1.259680 -0.253600 0.531137
111030204 1.259680 -0.253600 0.536137
111030205 1.259680 -0.253600 0.541137
111030206 1.259680 -0.253600 0.546137
111030207 1.259680 -0.253600 0.551137
111030208 1.259680 -0.253600 0.556137
111030209 1.259680 -0.253600 0.561137
111030210 1.259680 -0.253600 0.566137
111030211 1.259680 -0.253600 0.571137
111030212 1.259680 -0.253600 0.576137
111030213 1.259680 -0.253600 0.581137
111030214 1.259680 -0.253600 0.586137
111030215 1.259680 -0.253600 0.591137
111030216 1.259680 -0.253600 0.596137
111030217 1.259680 -0.253600 0.601137
111030218 1.259680 -0.253600 0.606137
111030219 1.259680 -0.253600 0.611137
111030220 1.259680 -0.253600 0.616137
111030221 1.259680 -0.253600 0.621137
111030222 1.259680 -0.253600 0.626137
111030223 1.259680 -0.253600 0.631137
111030224 1.259680 -0.253600 0.636137
111030225 1.259680 -0.253600 0.641137
111030226 1.259680 -0.253600 0.646137
111030227 1.259680 -0.253600 0.651137
111030228 1.259680 -0.253600 0.656137
111030229 1.259680 -0.253600 0.661137
111030230 1.259680 -0.253600 0.666137
111030231 1.259680 -0.253600 0.671137
111030232 1.259680 -0.253600 0.676137
111030233 1.259680 -0.253600 0.681137
111030234 1.259680 -0.253600 0.686137
111030235 1.259680 -0.253600 0.691137
111030236 1.259680 -0.253600 0.696137
111030237 1.259680 -0.253600 0.701137
111030238 1.259680 -0.253600 0.706137
111030239 1.259680 -0.253600 0.711137
111030240 1.259680 -0.253600 0.716137
111030241 1.259680 -0.253600 0.721137
111030242 1.259680 -0.253600 0.726137
111030243 1.259680 -0.253600 0.731137
111030244 1.259680 -0.253600 0.736137
111030245 1.259680 -0.253600 0.741137
111030246 1.259680 -0.253600 0.746137
111030247 1.259680 -0.253600 0.751137
111030248 1.259680 -0.253600 0.756137
111030249 1.259680 -0.253600 0.761137
111030250 1.259680 -0.253600 0.766137
111030251 1.259680 -0.253600 0.771137
111030252 1.259680 -0.253600 0.776137
111030253 1.259680 -0.253600 0.781137
111030254 1.259680 -0.253600 0.786137
111030255 1.259680 -0.253600 0.791137
111030256 1.259680 -0.253600 0.796137
111030257 1.259680 -0.253600 0.801137
111030258 1.259680 -0.253600 0.806137
111030259 1.259680 -0.253600 0.811137
111030260 1.259680 -0.253600 0.816137
111030261 1.259680 -0.253600 0.821137
111030262 1.259680 -0.253600 0.826137
111030263 1.259680 -0.253600 0.831137
111030264 1.259680 -0.253600 0.836137
111030265 1.259680 -0.253600 0.841137
111030266 1.259680 -0.253600 0.846137
111030267 1.259680 -0.253600 0.851137
111030268 1.259680 -0.253600 0.856137
111030269 1.259680 -0.253600 0.861137
111030270 1.259680 -0.253600 0.866137
111030271 1.259680 -0.253600 0.871137
111030272 1.259680 -0.253600 0.876137
111030273 1.259680 -0.253600 0.881137
111030274 1.259680 -0.253600 0.886137
111030275 1.259680 -0.253600 0.891137
111030276 1.259680 -0.253600 0.896137
111030277 1.259680 -0.253600 0.901137
111030278 1.259680 -0.253600 0.906137
111030279 1.259680 -0.253600 0.911137
111030280 1.259680 -0.253600 0.916137
111030281 1.259680 -0.253600 0.921137
111030282 1.259680 -0.253600 0.926137
111030283 1.259680 -0.253600 0.931137
111030284 1.259680 -0.253600 0.936137
111030285 1.259680 -0.253600 0.941137
111030286 1.259680 -0.253600 0.946137
111030287 1.259680 -0.253600 0.951137
111030288 1.259680 -0.253600 0.956137
111030289 1.259680 -0.253600 0.961137
111030290 1.259680 -0.253600 0.966137
111030291 1.259680 -0.253600 0.971137
111030292 1.259680 -0.253600 0.976137
111030293 1.259680 -0.253600 0.981137
111030294 1.259680 -0.253600 0.986137
111030295 1.259680 -0.253600 0.991137
111030296 1.259680 -0.253600 0.996137
111030297 1.259680 -0.253600 1.001137
111030298 1.259680 -0.253600 1.006137
111030299 1.259680 -0.253600 1.011137
111030300 1.259680 -0.253600 1.016137
111030301 1.259680 -0.227200 0.521137
111030302 1.259680 -0.227200 0.526137
111030303 1.259680 -0.227200 0.531137
111030304 1.259680 -0.227200 0.536137
111030305 1.259680 -0.227200 0.541137
111030306 1.259680 -0.227200 0.546137
111030307 1.259680 -0.227200 0.551137
111030308 1.259680 -0.227200 0.556137
111030309 1.259680 -0.227200 0.561137
111030310 1.259680 -0.227200 0.566137
111030311 1.259680 -0.227200 0.571137
111030312 1.259680 -0.227200 0.576137
111030313 1.259680 -0.227200 0.581137
111030314 1.259680 -0.227200 0.586137
111030315 1.259680 -0.227200 0.591137
111030316 1.259680 -0.227200 0.596137
111030317 1.259680 -0.227200 0.601137
111030318 1.259680 -0.227200 0.606137
111030319 1.259680 -0.227200 0.611137
111030320 1.259680 -0.227200 0.616137
111030321 1.259680 -0.227200 0.621137
111030322 1.259680 -0.227200 0.626137
111030323 1.259680 -0.227200 0.631137
111030324 1.259680 -0.227200 0.636137
111030325 1.259680 -0.227200 0.641137
111030326 1.259680 -0.227200 0.646137
111030327 1.259680 -0.227200 0.651137
111030328 1.259680 -0.227200 0.656137
111030329 1.259680 -0.227200 0.661137
111030330 1.259680 -0.227200 0.666137
111030331 1.259680 -0.227200 0.671137
111030332 1.259680 -0.227200 0.676137
111030333 1.259680 -0.227200 0.681137
111030334 1.259680 -0.227200 0.686137
111030335 1.259680 -0.227200 0.691137
111030336 1.259680 -0.227200 0.696137
111030337 1.259680 -0.227200 0.701137
111030338 1.259680 -0.227200 0.706137
111030339 1.259680 -0.227200 0.711137
111030340 1.259680 -0.227200 0.716137
111030341 1.259680 -0.227200 0.721137
111030342 1.259680 -0.227200 0.726137
111030343 1.259680 -0.227200 0.731137
111030344 1.259680 -0.227200 0.736137
111030345 1.259680 -0.227200 0.741137
111030346 1.259680 -0.227200 0.746137
111030347 1.259680 -0.227200 0.751137
111030348 1.259680 -0.227200 0.756137
111030349 1.259680 -0.227200 0.761137
111030350 1.259680 -0.227200 0.766137
111030351 1.259680 -0.227200 0.771137
111030352 1.259680 -0.227200 0.776137
111030353 1.259680 -0.227200 0.781137
111030354 1.259680 -0.227200 0.786137
111030355 1.259680 -0.227200 0.791137
111030356 1.259680 -0.227200 0.796137
111030357 1.259680 -0.227200 0.801137
111030358 1.259680 -0.227200 0.806137
111030359 1.259680 -0.227200 0.811137
111030360 1.259680 -0.227200 0.816137
111030361 1.259680 -0.227200 0.821137
111030362 1.259680 -0.227200 0.826137
111030363 1.259680 -0.227200 0.831137
111030364 1.259680 -0.227200 0.836137
111030365 1.259680 -0.227200 0.841137
111030366 1.259680 -0.227200 0.846137
111030367 1.259680 -0.227200 0.851137
111030368 1.259680 -0.227200 0.856137
111030369 1.259680 -0.227200 0.861137
111030370 1.259680 -0.227200 0.866137
111030371 1.259680 -0.227200 0.871137
111030372 1.259680 -0.227200 0.876137
111030373 1.259680 -0.227200 0.881137
111030374 1.259680 -0.227200 0.886137
111030375 1.259680 -0.227200 0.891137
111030376 1.259680 -0.227200 0.896137
111030377 1.259680 -0.227200 0.901137
111030378 1.259680 -0.227200 0.906137
111030379 1.259680 -0.227200 0.911137
111030380 1.259680 -0.227200 0.916137
111030381 1.259680 -0.227200 0.921137
111030382 1.259680 -0.227200 0.926137
111030383 1.259680 -0.227200 0.931137
111030384 1.259680 -0.227200 0.936137
111030385 1.259680 -0.227200 0.941137
111030386 1.259680 -0.227200 0.946137
111030387 1.259680 -0.227200 0.951137
111030388 1.259680 -0.227200 0.956137
111030389 1.259680 -0.227200 0.961137
111030390 1.259680 -0.227200 0.966137
111030391 1.259680 -0.227200 0.971137
111030392 1.259680 -0.227200 0.976137
111030393 1.259680 -0.227200 0.981137
111030394 1.259680 -0.227200 0.986137
111030395 1.259680 -0.227200 0.991137
111030396 1.259680 -0.227200 0.996137
111030397 1.259680 -0.227200 1.001137
111030398 1.259680 -0.227200 1.006137
111030399 1.259680 -0.227200 1.011137
111030400 1.259680 -0.227200 1.016137
111030401 1.259680 -0.200800 0.521137
111030402 1.259680 -0.200800 0.526137
111030403 1.259680 -0.200800 0.531137
111030404 1.259680 -0.200800 0.536137
111030405 1.259680 -0.200800 0.541137
111030406 1.259680 -0.200800 0.546137
111030407 1.259680 -0.200800 0.551137
111030408 1.259680 -0.200800 0.556137
111030409 1.259680 -0.200800 0.561137
111030410 1.259680 -0.200800 0.566137
111030411 1.259680 -0.200800 0.571137
111030412 1.259680 -0.200800 0.576137
111030413 1.259680 -0.200800 0.581137
111030414 1.259680 -0.200800 0.586137
111030415 1.259680 -0.200800 0.591137
111030416 1.259680 -0.200800 0.596137
111030417 1.259680 -0.200800 0.601137
111030418 1.259680 -0.200800 0.606137
111030419 1.259680 -0.200800 0.611137
111030420 1.259680 -0.200800 0.616137
111030421 1.259680 -0.200800 0.621137
111030422 1.259680 -0.200800 0.626137
111030423 1.259680 -0.200800 0.631137
111030424 1.259680 -0.200800 0.636137
111030425 1.259680 -0.200800 0.641137
111030426 1.259680 -0.200800 0.646137
111030427 1.259680 -0.200800 0.651137
111030428 1.259680 -0.200800 0.656137
111030429 1.259680 -0.200800 0.661137
111030430 1.259680 -0.200800 0.666137
111030431 1.259680 -0.200800 0.671137
111030432 1.259680 -0.200800 0.676137
111030433 1.259680 -0.200800 0.681137
111030434 1.259680 -0.200800 0.686137
111030435 1.259680 -0.200800 0.691137
111030436 1.259680 -0.200800 0.696137
111030437 1.259680 -0.200800 0.701137
111030438 1.259680 -0.200800 0.706137
111030439 1.259680 -0.200800 0.711137
111030440 1.259680 -0.200800 0.716137
111030441 1.259680 -0.200800 0.721137
111030442 1.259680 -0.200800 0.726137
111030443 1.259680 -0.200800 0.731137
111030444 1.259680 -0.200800 0.736137
111030445 1.259680 -0.200800 0.741137
111030446 1.259680 -0.200800 0.746137
111030447 1.259680 -0.200800 0.751137
111030448 1.259680 -0.200800 0.756137
111030449 1.259680 -0.200800 0.761137
111030450 1.259680 -0.200800 0.766137
111030451 1.259680 -0.200800 0.771137
111030452 1.259680 -0.200800 0.776137
111030453 1.259680 -0.200800 0.781137
111030454 1.259680 -0.200800 0.786137
111030455 1.259680 -0.200800 0.791137
111030456 1.259680 -0.200800 0.796137
111030457 1.259680 -0.200800 0.801137
111030458 1.259680 -0.200800 0.806137
111030459 1.259680 -0.200800 0.811137
111030460 1.259680 -0.200800 0.816137
111030461 1.259680 -0.200800 0.821137
111030462 1.259680 -0.200800 0.826137
111030463 1.259680 -0.200800 0.831137
111030464 1.259680 -0.200800 0.836137
111030465 1.259680 -0.200800 0.841137
111030466 1.259680 -0.200800 0.846137
111030467 1.259680 -0.200800 0.851137
111030468 1.259680 -0.200800 0.856137
111030469 1.259680 -0.200800 0.861137
111030470 1.259680 -0.200800 0.866137
111030471 1.259680 -0.200800 0.871137
111030472 1.259680 -0.200800 0.876137
111030473 1.259680 -0.200800 0.881137
111030474 1.259680 -0.200800 0.886137
111030475 1.259680 -0.200800 0.891137
111030476 1.259680 -0.200800 0.896137
111030477 1.259680 -0.200800 0.901137
111030478 1.259680 -0.200800 0.906137
111030479 1.259680 -0.200800 0.911137
111030480 1.259680 -0.200800 0.916137
111030481 1.259680 -0.200800 0.921137
111030482 1.259680 -0.200800 0.926137
111030483 1.259680 -0.200800 0.931137
111030484 1.259680 -0.200800 0.936137
111030485 1.259680 -0.200800 0.941137
111030486 1.259680 -0.200800 0.946137
111030487 1.259680 -0.200800 0.951137
111030488 1.259680 -0.200800 0.956137
111030489 1.259680 -0.200800 0.961137
111030490 1.259680 -0.200800 0.966137
111030491 1.259680 -0.200800 0.971137
111030492 1.259680 -0.200800 0.976137
111030493 1.259680 -0.200800 0.981137
111030494 1.259680 -0.200800 0.986137
111030495 1.259680 -0.200800 0.991137
111030496 1.259680 -0.200800 0.996137
111030497 1.259680 -0.200800 1.001137
111030498 1.259680 -0.200800 1.006137
111030499 1.259680 -0.200800 1.011137
111030500 1.259680 -0.200800 1.016137
111030501 1.259680 -0.174400 0.521137
111030502 1.259680 -0.174400 0.526137
111030503 1.259680 -0.174400 0.531137
111030504 1.259680 -0.174400 0.536137
111030505 1.259680 -0.174400 0.541137
111030506 1.259680 -0.174400 0.546137
111030507 1.259680 -0.174400 0.551137
111030508 1.259680 -0.174400 0.556137
111030509 1.259680 -0.174400 0.561137
111030510 1.259680 -0.174400 0.566137
111030511 1.259680 -0.174400 0.571137
111030512 1.259680 -0.174400 0.576137
111030513 1.259680 -0.174400 0.581137
111030514 1.259680 -0.174400 0.586137
111030515 1.259680 -0.174400 0.591137
111030516 1.259680 -0.174400 0.596137
111030517 1.259680 -0.174400 0.601137
111030518 1.259680 -0.174400 0.606137
111030519 1.259680 -0.174400 0.611137
111030520 1.259680 -0.174400 0.616137
111030521 1.259680 -0.174400 0.621137
111030522 1.259680 -0.174400 0.626137
111030523 1.259680 -0.174400 0.631137
111030524 1.259680 -0.174400 0.636137
111030525 1.259680 -0.174400 0.641137
111030526 1.259680 -0.174400 0.646137
111030527 1.259680 -0.174400 0.651137
111030528 1.259680 -0.174400 0.656137
111030529 1.259680 -0.174400 0.661137
111030530 1.259680 -0.174400 0.666137
111030531 1.259680 -0.174400 0.671137
111030532 1.259680 -0.174400 0.676137
111030533 1.259680 -0.174400 0.681137
111030534 1.259680 -0.174400 0.686137
111030535 1.259680 -0.174400 0.691137
111030536 1.259680 -0.174400 0.696137
111030537 1.259680 -0.174400 0.701137
111030538 1.259680 -0.174400 0.706137
111030539 1.259680 -0.174400 0.711137
111030540 1.259680 -0.174400 0.716137
111030541 1.259680 -0.174400 0.721137
111030542 1.259680 -0.174400 0.726137
111030543 1.259680 -0.174400 0.731137
111030544 1.259680 -0.174400 0.736137
111030545 1.259680 -0.174400 0.741137
111030546 1.259680 -0.174400 0.746137
111030547 1.259680 -0.174400 0.751137
111030548 1.259680 -0.174400 0.756137
111030549 1.259680 -0.174400 0.761137
111030550 1.259680 -0.174400 0.766137
111030551 1.259680 -0.174400 0.771137
111030552 1.259680 -0.174400 0.776137
111030553 1.259680 -0.174400 0.781137
111030554 1.259680 -0.174400 0.786137
111030555 1.259680 -0.174400 0.791137
111030556 1.259680 -0.174400 0.796137
111030557 1.259680 -0.174400 0.801137
111030558 1.259680 -0.174400 0.806137
111030559 1.259680 -0.174400 0.811137
111030560 1.259680 -0.174400 0.816137
111030561 1.259680 -0.174400 0.821137
111030562 1.259680 -0.174400 0.826137
111030563 1.259680 -0.174400 0.831137
111030564 1.259680 -0.174400 0.836137
111030565 1.259680 -0.174400 0.841137
111030566 1.259680 -0.174400 0.846137
111030567 1.259680 -0.174400 0.851137
111030568 1.259680 -0.174400 0.856137
111030569 1.259680 -0.174400 0.861137
111030570 1.259680 -0.174400 0.866137
111030571 1.259680 -0.174400 0.871137
111030572 1.259680 -0.174400 0.876137
111030573 1.259680 -0.174400 0.881137
111030574 1.259680 -0.174400 0.886137
111030575 1.259680 -0.174400 0.891137
111030576 1.259680 -0.174400 0.896137
111030577 1.259680 -0.174400 0.901137
111030578 1.259680 -0.174400 0.906137
111030579 1.259680 -0.174400 0.911137
111030580 1.259680 -0.174400 0.916137
111030581 1.259680 -0.174400 0.921137
111030582 1.259680 -0.174400 0.926137
111030583 1.259680 -0.174400 0.931137
111030584 1.259680 -0.174400 0.936137
111030585 1.259680 -0.174400 0.941137
111030586 1.259680 -0.174400 0.946137
111030587 1.259680 -0.174400 0.951137
111030588 1.259680 -0.174400 0.956137
111030589 1.259680 -0.174400 0.961137
111030590 1.259680 -0.174400 0.966137
111030591 1.259680 -0.174400 0.971137
111030592 1.259680 -0.174400 0.976137
111030593 1.259680 -0.174400 0.981137
111030594 1.259680 -0.174400 0.986137
111030595 1.259680 -0.174400 0.991137
111030596 1.259680 -0.174400 0.996137
111030597 1.259680 -0.174400 1.001137
111030598 1.259680 -0.174400 1.006137
111030599 1.259680 -0.174400 1.011137
111030600 1.259680 -0.174400 1.016137
111030601 1.259680 -0.148000 0.521137
111030602 1.259680 -0.148000 0.526137
111030603 1.259680 -0.148000 0.531137
111030604 1.259680 -0.148000 0.536137
111030605 1.259680 -0.148000 0.541137
111030606 1.259680 -0.148000 0.546137
111030607 1.259680 -0.148000 0.551137
111030608 1.259680 -0.148000 0.556137
111030609 1.259680 -0.148000 0.561137
111030610 1.259680 -0.148000 0.566137
111030611 1.259680 -0.148000 0.571137
111030612 1.259680 -0.148000 0.576137
111030613 1.259680 -0.148000 0.581137
111030614 1.259680 -0.148000 0.586137
111030615 1.259680 -0.148000 0.591137
111030616 1.259680 -0.148000 0.596137
111030617 1.259680 -0.148000 0.601137
111030618 1.259680 -0.148000 0.606137
111030619 1.259680 -0.148000 0.611137
111030620 1.259680 -0.148000 0.616137
111030621 1.259680 -0.148000 0.621137
111030622 1.259680 -0.148000 0.626137
111030623 1.259680 -0.148000 0.631137
111030624 1.259680 -0.148000 0.636137
111030625 1.259680 -0.148000 0.641137
111030626 1.259680 -0.148000 0.646137
111030627 1.259680 -0.148000 0.651137
111030628 1.259680 -0.148000 0.656137
111030629 1.259680 -0.148000 0.661137
111030630 1.259680 -0.148000 0.666137
111030631 1.259680 -0.148000 0.671137
111030632 1.259680 -0.148000 0.676137
111030633 1.259680 -0.148000 0.681137
111030634 1.259680 -0.148000 0.686137
111030635 1.259680 -0.148000 0.691137
111030636 1.259680 -0.148000 0.696137
111030637 1.259680 -0.148000 0.701137
111030638 1.259680 -0.148000 0.706137
111030639 1.259680 -0.148000 0.711137
111030640 1.259680 -0.148000 0.716137
111030641 1.259680 -0.148000 0.721137
111030642 1.259680 -0.148000 0.726137
111030643 1.259680 -0.148000 0.731137
111030644 1.259680 -0.148000 0.736137
111030645 1.259680 -0.148000 0.741137
111030646 1.259680 -0.148000 0.746137
111030647 1.259680 -0.148000 0.751137
111030648 1.259680 -0.148000 0.756137
111030649 1.259680 -0.148000 0.761137
111030650 1.259680 -0.148000 0.766137
111030651 1.259680 -0.148000 0.771137
111030652 1.259680 -0.148000 0.776137
111030653 1.259680 -0.148000 0.781137
111030654 1.259680 -0.148000 0.786137
111030655 1.259680 -0.148000 0.791137
111030656 1.259680 -0.148000 0.796137
111030657 1.259680 -0.148000 0.801137
111030658 1.259680 -0.148000 0.806137
111030659 1.259680 -0.148000 0.811137
111030660 1.259680 -0.148000 0.816137
111030661 1.259680 -0.148000 0.821137
111030662 1.259680 -0.148000 0.826137
111030663 1.259680 -0.148000 0.831137
111030664 1.259680 -0.148000 0.836137
111030665 1.259680 -0.148000 0.841137
111030666 1.259680 -0.148000 0.846137
111030667 1.259680 -0.148000 0.851137
111030668 1.259680 -0.148000 0.856137
111030669 1.259680 -0.148000 0.861137
111030670 1.259680 -0.148000 0.866137
111030671 1.259680 -0.148000 0.871137
111030672 1.259680 -0.148000 0.876137
111030673 1.259680 -0.148000 0.881137
111030674 1.259680 -0.148000 0.886137
111030675 1.259680 -0.148000 0.891137
111030676 1.259680 -0.148000 0.896137
111030677 1.259680 -0.148000 0.901137
111030678 1.259680 -0.148000 0.906137
111030679 1.259680 -0.148000 0.911137
111030680 1.259680 -0.148000 0.916137
111030681 1.259680 -0.148000 0.921137
111030682 1.259680 -0.148000 0.926137
111030683 1.259680 -0.148000 0.931137
111030684 1.259680 -0.148000 0.936137
111030685 1.259680 -0.148000 0.941137
111030686 1.259680 -0.148000 0.946137
111030687 1.259680 -0.148000 0.951137
111030688 1.259680 -0.148000 0.956137
111030689 1.259680 -0.148000 0.961137
111030690 1.259680 -0.148000 0.966137
111030691 1.259680 -0.148000 0.971137
111030692 1.259680 -0.148000 0.976137
111030693 1.259680 -0.148000 0.981137
111030694 1.259680 -0.148000 0.986137
111030695 1.259680 -0.148000 0.991137
111030696 1.259680 -0.148000 0.996137
111030697 1.259680 -0.148000 1.001137
111030698 1.259680 -0.148000 1.006137
111030699 1.259680 -0.148000 1.011137
111030700 1.259680 -0.148000 1.016137
111030701 1.259680 -0.121600 0.521137
111030702 1.259680 -0.121600 0.526137
111030703 1.259680 -0.121600 0.531137
111030704 1.259680 -0.121600 0.536137
111030705 1.259680 -0.121600 0.541137
111030706 1.259680 -0.121600 0.546137
111030707 1.259680 -0.121600 0.551137
111030708 1.259680 -0.121600 0.556137
111030709 1.259680 -0.121600 0.561137
111030710 1.259680 -0.121600 0.566137
111030711 1.259680 -0.121600 0.571137
111030712 1.259680 -0.121600 0.576137
111030713 1.259680 -0.121600 0.581137
111030714 1.259680 -0.121600 0.586137
111030715 1.259680 -0.121600 0.591137
111030716 1.259680 -0.121600 0.596137
111030717 1.259680 -0.121600 0.601137
111030718 1.259680 -0.121600 0.606137
111030719 1.259680 -0.121600 0.611137
111030720 1.259680 -0.121600 0.616137
111030721 1.259680 -0.121600 0.621137
111030722 1.259680 -0.121600 0.626137
111030723 1.259680 -0.121600 0.631137
111030724 1.259680 -0.121600 0.636137
111030725 1.259680 -0.121600 0.641137
111030726 1.259680 -0.121600 0.646137
111030727 1.259680 -0.121600 0.651137
111030728 1.259680 -0.121600 0.656137
111030729 1.259680 -0.121600 0.661137
111030730 1.259680 -0.121600 0.666137
111030731 1.259680 -0.121600 0.671137
111030732 1.259680 -0.121600 0.676137
111030733 1.259680 -0.121600 0.681137
111030734 1.259680 -0.121600 0.686137
111030735 1.259680 -0.121600 0.691137
111030736 1.259680 -0.121600 0.696137
111030737 1.259680 -0.121600 0.701137
111030738 1.259680 -0.121600 0.706137
111030739 1.259680 -0.121600 0.711137
111030740 1.259680 -0.121600 0.716137
111030741 1.259680 -0.121600 0.721137
111030742 1.259680 -0.121600 0.726137
111030743 1.259680 -0.121600 0.731137
111030744 1.259680 -0.121600 0.736137
111030745 1.259680 -0.121600 0.741137
111030746 1.259680 -0.121600 0.746137
111030747 1.259680 -0.121600 0.751137
111030748 1.259680 -0.121600 0.756137
111030749 1.259680 -0.121600 0.761137
111030750 1.259680 -0.121600 0.766137
111030751 1.259680 -0.121600 0.771137
111030752 1.259680 -0.121600 0.776137
111030753 1.259680 -0.121600 0.781137
111030754 1.259680 -0.121600 0.786137
111030755 1.259680 -0.121600 0.791137
111030756 1.259680 -0.121600 0.796137
111030757 1.259680 -0.121600 0.801137
111030758 1.259680 -0.121600 0.806137
111030759 1.259680 -0.121600 0.811137
111030760 1.259680 -0.121600 0.816137
111030761 1.259680 -0.121600 0.821137
111030762 1.259680 -0.121600 0.826137
111030763 1.259680 -0.121600 0.831137
111030764 1.259680 -0.121600 0.836137
111030765 1.259680 -0.121600 0.841137
111030766 1.259680 -0.121600 0.846137
111030767 1.259680 -0.121600 0.851137
111030768 1.259680 -0.121600 0.856137
111030769 1.259680 -0.121600 0.861137
111030770 1.259680 -0.121600 0.866137
111030771 1.259680 -0.121600 0.871137
111030772 1.259680 -0.121600 0.876137
111030773 1.259680 -0.121600 0.881137
111030774 1.259680 -0.121600 0.886137
111030775 1.259680 -0.121600 0.891137
111030776 1.259680 -0.121600 0.896137
111030777 1.259680 -0.121600 0.901137
111030778 1.259680 -0.121600 0.906137
111030779 1.259680 -0.121600 0.911137
111030780 1.259680 -0.121600 0.916137
111030781 1.259680 -0.121600 0.921137
111030782 1.259680 -0.121600 0.926137
111030783 1.259680 -0.121600 0.931137
111030784 1.259680 -0.121600 0.936137
111030785 1.259680 -0.121600 0.941137
111030786 1.259680 -0.121600 0.946137
111030787 1.259680 -0.121600 0.951137
111030788 1.259680 -0.121600 0.956137
111030789 1.259680 -0.121600 0.961137
111030790 1.259680 -0.121600 0.966137
111030791 1.259680 -0.121600 0.971137
111030792 1.259680 -0.121600 0.976137
111030793 1.259680 -0.121600 0.981137
111030794 1.259680 -0.121600 0.986137
111030795 1.259680 -0.121600 0.991137
111030796 1.259680 -0.121600 0.996137
111030797 1.259680 -0.121600 1.001137
111030798 1.259680 -0.121600 1.006137
111030799 1.259680 -0.121600 1.011137
111030800 1.259680 -0.121600 1.016137
