104050001 -1.259680 0.121600 1.021137
104050002 -1.259680 0.121600 1.016137
104050003 -1.259680 0.121600 1.011137
104050004 -1.259680 0.121600 1.006137
104050005 -1.259680 0.121600 1.001137
104050006 -1.259680 0.121600 0.996137
104050007 -1.259680 0.121600 0.991137
104050008 -1.259680 0.121600 0.986137
104050009 -1.259680 0.121600 0.981137
104050010 -1.259680 0.121600 0.976137
104050011 -1.259680 0.121600 0.971137
104050012 -1.259680 0.121600 0.966137
104050013 -1.259680 0.121600 0.961137
104050014 -1.259680 0.121600 0.956137
104050015 -1.259680 0.121600 0.951137
104050016 -1.259680 0.121600 0.946137
104050017 -1.259680 0.121600 0.941137
104050018 -1.259680 0.121600 0.936137
104050019 -1.259680 0.121600 0.931137
104050020 -1.259680 0.121600 0.926137
104050021 -1.259680 0.121600 0.921137
104050022 -1.259680 0.121600 0.916137
104050023 -1.259680 0.121600 0.911137
104050024 -1.259680 0.121600 0.906137
104050025 -1.259680 0.121600 0.901137
104050026 -1.259680 0.121600 0.896137
104050027 -1.259680 0.121600 0.891137
104050028 -1.259680 0.121600 0.886137
104050029 -1.259680 0.121600 0.881137
104050030 -1.259680 0.121600 0.876137
104050031 -1.259680 0.121600 0.871137
104050032 -1.259680 0.121600 0.866137
104050033 -1.259680 0.121600 0.861137
104050034 -1.259680 0.121600 0.856137
104050035 -1.259680 0.121600 0.851137
104050036 -1.259680 0.121600 0.846137
104050037 -1.259680 0.121600 0.841137
104050038 -1.259680 0.121600 0.836137
104050039 -1.259680 0.121600 0.831137
104050040 -1.259680 0.121600 0.826137
104050041 -1.259680 0.121600 0.821137
104050042 -1.259680 0.121600 0.816137
104050043 -1.259680 0.121600 0.811137
104050044 -1.259680 0.121600 0.806137
104050045 -1.259680 0.121600 0.801137
104050046 -1.259680 0.121600 0.796137
104050047 -1.259680 0.121600 0.791137
104050048 -1.259680 0.121600 0.786137
104050049 -1.259680 0.121600 0.781137
104050050 -1.259680 0.121600 0.776137
104050051 -1.259680 0.121600 0.771137
104050052 -1.259680 0.121600 0.766137
104050053 -1.259680 0.121600 0.761137
104050054 -1.259680 0.121600 0.756137
104050055 -1.259680 0.121600 0.751137
104050056 -1.259680 0.121600 0.746137
104050057 -1.259680 0.121600 0.741137
104050058 -1.259680 0.121600 0.736137
104050059 -1.259680 0.121600 0.731137
104050060 -1.259680 0.121600 0.726137
104050061 -1.259680 0.121600 0.721137
104050062 -1.259680 0.121600 0.716137
104050063 -1.259680 0.121600 0.711137
104050064 -1.259680 0.121600 0.706137
104050065 -1.259680 0.121600 0.701137
104050066 -1.259680 0.121600 0.696137
104050067 -1.259680 0.121600 0.691137
104050068 -1.259680 0.121600 0.686137
104050069 -1.259680 0.121600 0.681137
104050070 -1.259680 0.121600 0.676137
104050071 -1.259680 0.121600 0.671137
104050072 -1.259680 0.121600 0.666137
104050073 -1.259680 0.121600 0.661137
104050074 -1.259680 0.121600 0.656137
104050075 -1.259680 0.121600 0.651137
104050076 -1.259680 0.121600 0.646137
104050077 -1.259680 0.121600 0.641137
104050078 -1.259680 0.121600 0.636137
104050079 -1.259680 0.121600 0.631137
104050080 -1.259680 0.121600 0.626137
104050081 -1.259680 0.121600 0.621137
104050082 -1.259680 0.121600 0.616137
104050083 -1.259680 0.121600 0.611137
104050084 -1.259680 0.121600 0.606137
104050085 -1.259680 0.121600 0.601137
104050086 -1.259680 0.121600 0.596137
104050087 -1.259680 0.121600 0.591137
104050088 -1.259680 0.121600 0.586137
104050089 -1.259680 0.121600 0.581137
104050090 -1.259680 0.121600 0.576137
104050091 -1.259680 0.121600 0.571137
104050092 -1.259680 0.121600 0.566137
104050093 -1.259680 0.121600 0.561137
104050094 -1.259680 0.121600 0.556137
104050095 -1.259680 0.121600 0.551137
104050096 -1.259680 0.121600 0.546137
104050097 -1.259680 0.121600 0.541137
104050098 -1.259680 0.121600 0.536137
104050099 -1.259680 0.121600 0.531137
104050100 -1.259680 0.121600 0.526137
104050101 -1.259680 0.148000 1.021137
104050102 -1.259680 0.148000 1.016137
104050103 -1.259680 0.148000 1.011137
104050104 -1.259680 0.148000 1.006137
104050105 -1.259680 0.148000 1.001137
104050106 -1.259680 0.148000 0.996137
104050107 -1.259680 0.148000 0.991137
104050108 -1.259680 0.148000 0.986137
104050109 -1.259680 0.148000 0.981137
104050110 -1.259680 0.148000 0.976137
104050111 -1.259680 0.148000 0.971137
104050112 -1.259680 0.148000 0.966137
104050113 -1.259680 0.148000 0.961137
104050114 -1.259680 0.148000 0.956137
104050115 -1.259680 0.148000 0.951137
104050116 -1.259680 0.148000 0.946137
104050117 -1.259680 0.148000 0.941137
104050118 -1.259680 0.148000 0.936137
104050119 -1.259680 0.148000 0.931137
104050120 -1.259680 0.148000 0.926137
104050121 -1.259680 0.148000 0.921137
104050122 -1.259680 0.148000 0.916137
104050123 -1.259680 0.148000 0.911137
104050124 -1.259680 0.148000 0.906137
104050125 -1.259680 0.148000 0.901137
104050126 -1.259680 0.148000 0.896137
104050127 -1.259680 0.148000 0.891137
104050128 -1.259680 0.148000 0.886137
104050129 -1.259680 0.148000 0.881137
104050130 -1.259680 0.148000 0.876137
104050131 -1.259680 0.148000 0.871137
104050132 -1.259680 0.148000 0.866137
104050133 -1.259680 0.148000 0.861137
104050134 -1.259680 0.148000 0.856137
104050135 -1.259680 0.148000 0.851137
104050136 -1.259680 0.148000 0.846137
104050137 -1.259680 0.148000 0.841137
104050138 -1.259680 0.148000 0.836137
104050139 -1.259680 0.148000 0.831137
104050140 -1.259680 0.148000 0.826137
104050141 -1.259680 0.148000 0.821137
104050142 -1.259680 0.148000 0.816137
104050143 -1.259680 0.148000 0.811137
104050144 -1.259680 0.148000 0.806137
104050145 -1.259680 0.148000 0.801137
104050146 -1.259680 0.148000 0.796137
104050147 -1.259680 0.148000 0.791137
104050148 -1.259680 0.148000 0.786137
104050149 -1.259680 0.148000 0.781137
104050150 -1.259680 0.148000 0.776137
104050151 -1.259680 0.148000 0.771137
104050152 -1.259680 0.148000 0.766137
104050153 -1.259680 0.148000 0.761137
104050154 -1.259680 0.148000 0.756137
104050155 -1.259680 0.148000 0.751137
104050156 -1.259680 0.148000 0.746137
104050157 -1.259680 0.148000 0.741137
104050158 -1.259680 0.148000 0.736137
104050159 -1.259680 0.148000 0.731137
104050160 -1.259680 0.148000 0.726137
104050161 -1.259680 0.148000 0.721137
104050162 -1.259680 0.148000 0.716137
104050163 -1.259680 0.148000 0.711137
104050164 -1.259680 0.148000 0.706137
104050165 -1.259680 0.148000 0.701137
104050166 -1.259680 0.148000 0.696137
104050167 -1.259680 0.148000 0.691137
104050168 -1.259680 0.148000 0.686137
104050169 -1.259680 0.148000 0.681137
104050170 -1.259680 0.148000 0.676137
104050171 -1.259680 0.148000 0.671137
104050172 -1.259680 0.148000 0.666137
104050173 -1.259680 0.148000 0.661137
104050174 -1.259680 0.148000 0.656137
104050175 -1.259680 0.148000 0.651137
104050176 -1.259680 0.148000 0.646137
104050177 -1.259680 0.148000 0.641137
104050178 -1.259680 0.148000 0.636137
104050179 -1.259680 0.148000 0.631137
104050180 -1.259680 0.148000 0.626137
104050181 -1.259680 0.148000 0.621137
104050182 -1.259680 0.148000 0.616137
104050183 -1.259680 0.148000 0.611137
104050184 -1.259680 0.148000 0.606137
104050185 -1.259680 0.148000 0.601137
104050186 -1.259680 0.148000 0.596137
104050187 -1.259680 0.148000 0.591137
104050188 -1.259680 0.148000 0.586137
104050189 -1.259680 0.148000 0.581137
104050190 -1.259680 0.148000 0.576137
104050191 -1.259680 0.148000 0.571137
104050192 -1.259680 0.148000 0.566137
104050193 -1.259680 0.148000 0.561137
104050194 -1.259680 0.148000 0.556137
104050195 -1.259680 0.148000 0.551137
104050196 -1.259680 0.148000 0.546137
104050197 -1.259680 0.148000 0.541137
104050198 -1.259680 0.148000 0.536137
104050199 -1.259680 0.148000 0.531137
104050200 -1.259680 0.148000 0.526137
104050201 -1.259680 0.174400 1.021137
104050202 -1.259680 0.174400 1.016137
104050203 -1.259680 0.174400 1.011137
104050204 -1.259680 0.174400 1.006137
104050205 -1.259680 0.174400 1.001137
104050206 -1.259680 0.174400 0.996137
104050207 -1.259680 0.174400 0.991137
104050208 -1.259680 0.174400 0.986137
104050209 -1.259680 0.174400 0.981137
104050210 -1.259680 0.174400 0.976137
104050211 -1.259680 0.174400 0.971137
104050212 -1.259680 0.174400 0.966137
104050213 -1.259680 0.174400 0.961137
104050214 -1.259680 0.174400 0.956137
104050215 -1.259680 0.174400 0.951137
104050216 -1.259680 0.174400 0.946137
104050217 -1.259680 0.174400 0.941137
104050218 -1.259680 0.174400 0.936137
104050219 -1.259680 0.174400 0.931137
104050220 -1.259680 0.174400 0.926137
104050221 -1.259680 0.174400 0.921137
104050222 -1.259680 0.174400 0.916137
104050223 -1.259680 0.174400 0.911137
104050224 -1.259680 0.174400 0.906137
104050225 -1.259680 0.174400 0.901137
104050226 -1.259680 0.174400 0.896137
104050227 -1.259680 0.174400 0.891137
104050228 -1.259680 0.174400 0.886137
104050229 -1.259680 0.174400 0.881137
104050230 -1.259680 0.174400 0.876137
104050231 -1.259680 0.174400 0.871137
104050232 -1.259680 0.174400 0.866137
104050233 -1.259680 0.174400 0.861137
104050234 -1.259680 0.174400 0.856137
104050235 -1.259680 0.174400 0.851137
104050236 -1.259680 0.174400 0.846137
104050237 -1.259680 0.174400 0.841137
104050238 -1.259680 0.174400 0.836137
104050239 -1.259680 0.174400 0.831137
104050240 -1.259680 0.174400 0.826137
104050241 -1.259680 0.174400 0.821137
104050242 -1.259680 0.174400 0.816137
104050243 -1.259680 0.174400 0.811137
104050244 -1.259680 0.174400 0.806137
104050245 -1.259680 0.174400 0.801137
104050246 -1.259680 0.174400 0.796137
104050247 -1.259680 0.174400 0.791137
104050248 -1.259680 0.174400 0.786137
104050249 -1.259680 0.174400 0.781137
104050250 -1.259680 0.174400 0.776137
104050251 -1.259680 0.174400 0.771137
104050252 -1.259680 0.174400 0.766137
104050253 -1.259680 0.174400 0.761137
104050254 -1.259680 0.174400 0.756137
104050255 -1.259680 0.174400 0.751137
104050256 -1.259680 0.174400 0.746137
104050257 -1.259680 0.174400 0.741137
104050258 -1.259680 0.174400 0.736137
104050259 -1.259680 0.174400 0.731137
104050260 -1.259680 0.174400 0.726137
104050261 -1.259680 0.174400 0.721137
104050262 -1.259680 0.174400 0.716137
104050263 -1.259680 0.174400 0.711137
104050264 -1.259680 0.174400 0.706137
104050265 -1.259680 0.174400 0.701137
104050266 -1.259680 0.174400 0.696137
104050267 -1.259680 0.174400 0.691137
104050268 -1.259680 0.174400 0.686137
104050269 -1.259680 0.174400 0.681137
104050270 -1.259680 0.174400 0.676137
104050271 -1.259680 0.174400 0.671137
104050272 -1.259680 0.174400 0.666137
104050273 -1.259680 0.174400 0.661137
104050274 -1.259680 0.174400 0.656137
104050275 -1.259680 0.174400 0.651137
104050276 -1.259680 0.174400 0.646137
104050277 -1.259680 0.174400 0.641137
104050278 -1.259680 0.174400 0.636137
104050279 -1.259680 0.174400 0.631137
104050280 -1.259680 0.174400 0.626137
104050281 -1.259680 0.174400 0.621137
104050282 -1.259680 0.174400 0.616137
104050283 -1.259680 0.174400 0.611137
104050284 -1.259680 0.174400 0.606137
104050285 -1.259680 0.174400 0.601137
104050286 -1.259680 0.174400 0.596137
104050287 -1.259680 0.174400 0.591137
104050288 -1.259680 0.174400 0.586137
104050289 -1.259680 0.174400 0.581137
104050290 -1.259680 0.174400 0.576137
104050291 -1.259680 0.174400 0.571137
104050292 -1.259680 0.174400 0.566137
104050293 -1.259680 0.174400 0.561137
104050294 -1.259680 0.174400 0.556137
104050295 -1.259680 0.174400 0.551137
104050296 -1.259680 0.174400 0.546137
104050297 -1.259680 0.174400 0.541137
104050298 -1.259680 0.174400 0.536137
104050299 -1.259680 0.174400 0.531137
104050300 -1.259680 0.174400 0.526137
104050301 -1.259680 0.200800 1.021137
104050302 -1.259680 0.200800 1.016137
104050303 -1.259680 0.200800 1.011137
104050304 -1.259680 0.200800 1.006137
104050305 -1.259680 0.200800 1.001137
104050306 -1.259680 0.200800 0.996137
104050307 -1.259680 0.200800 0.991137
104050308 -1.259680 0.200800 0.986137
104050309 -1.259680 0.200800 0.981137
104050310 -1.259680 0.200800 0.976137
104050311 -1.259680 0.200800 0.971137
104050312 -1.259680 0.200800 0.966137
104050313 -1.259680 0.200800 0.961137
104050314 -1.259680 0.200800 0.956137
104050315 -1.259680 0.200800 0.951137
104050316 -1.259680 0.200800 0.946137
104050317 -1.259680 0.200800 0.941137
104050318 -1.259680 0.200800 0.936137
104050319 -1.259680 0.200800 0.931137
104050320 -1.259680 0.200800 0.926137
104050321 -1.259680 0.200800 0.921137
104050322 -1.259680 0.200800 0.916137
104050323 -1.259680 0.200800 0.911137
104050324 -1.259680 0.200800 0.906137
104050325 -1.259680 0.200800 0.901137
104050326 -1.259680 0.200800 0.896137
104050327 -1.259680 0.200800 0.891137
104050328 -1.259680 0.200800 0.886137
104050329 -1.259680 0.200800 0.881137
104050330 -1.259680 0.200800 0.876137
104050331 -1.259680 0.200800 0.871137
104050332 -1.259680 0.200800 0.866137
104050333 -1.259680 0.200800 0.861137
104050334 -1.259680 0.200800 0.856137
104050335 -1.259680 0.200800 0.851137
104050336 -1.259680 0.200800 0.846137
104050337 -1.259680 0.200800 0.841137
104050338 -1.259680 0.200800 0.836137
104050339 -1.259680 0.200800 0.831137
104050340 -1.259680 0.200800 0.826137
104050341 -1.259680 0.200800 0.821137
104050342 -1.259680 0.200800 0.816137
104050343 -1.259680 0.200800 0.811137
104050344 -1.259680 0.200800 0.806137
104050345 -1.259680 0.200800 0.801137
104050346 -1.259680 0.200800 0.796137
104050347 -1.259680 0.200800 0.791137
104050348 -1.259680 0.200800 0.786137
104050349 -1.259680 0.200800 0.781137
104050350 -1.259680 0.200800 0.776137
104050351 -1.259680 0.200800 0.771137
104050352 -1.259680 0.200800 0.766137
104050353 -1.259680 0.200800 0.761137
104050354 -1.259680 0.200800 0.756137
104050355 -1.259680 0.200800 0.751137
104050356 -1.259680 0.200800 0.746137
104050357 -1.259680 0.200800 0.741137
104050358 -1.259680 0.200800 0.736137
104050359 -1.259680 0.200800 0.731137
104050360 -1.259680 0.200800 0.726137
104050361 -1.259680 0.200800 0.721137
104050362 -1.259680 0.200800 0.716137
104050363 -1.259680 0.200800 0.711137
104050364 -1.259680 0.200800 0.706137
104050365 -1.259680 0.200800 0.701137
104050366 -1.259680 0.200800 0.696137
104050367 -1.259680 0.200800 0.691137
104050368 -1.259680 0.200800 0.686137
104050369 -1.259680 0.200800 0.681137
104050370 -1.259680 0.200800 0.676137
104050371 -1.259680 0.200800 0.671137
104050372 -1.259680 0.200800 0.666137
104050373 -1.259680 0.200800 0.661137
104050374 -1.259680 0.200800 0.656137
104050375 -1.259680 0.200800 0.651137
104050376 -1.259680 0.200800 0.646137
104050377 -1.259680 0.200800 0.641137
104050378 -1.259680 0.200800 0.636137
104050379 -1.259680 0.200800 0.631137
104050380 -1.259680 0.200800 0.626137
104050381 -1.259680 0.200800 0.621137
104050382 -1.259680 0.200800 0.616137
104050383 -1.259680 0.200800 0.611137
104050384 -1.259680 0.200800 0.606137
104050385 -1.259680 0.200800 0.601137
104050386 -1.259680 0.200800 0.596137
104050387 -1.259680 0.200800 0.591137
104050388 -1.259680 0.200800 0.586137
104050389 -1.259680 0.200800 0.581137
104050390 -1.259680 0.200800 0.576137
104050391 -1.259680 0.200800 0.571137
104050392 -1.259680 0.200800 0.566137
104050393 -1.259680 0.200800 0.561137
104050394 -1.259680 0.200800 0.556137
104050395 -1.259680 0.200800 0.551137
104050396 -1.259680 0.200800 0.546137
104050397 -1.259680 0.200800 0.541137
104050398 -1.259680 0.200800 0.536137
104050399 -1.259680 0.200800 0.531137
104050400 -1.259680 0.200800 0.526137
104050401 -1.259680 0.227200 1.021137
104050402 -1.259680 0.227200 1.016137
104050403 -1.259680 0.227200 1.011137
104050404 -1.259680 0.227200 1.006137
104050405 -1.259680 0.227200 1.001137
104050406 -1.259680 0.227200 0.996137
104050407 -1.259680 0.227200 0.991137
104050408 -1.259680 0.227200 0.986137
104050409 -1.259680 0.227200 0.981137
104050410 -1.259680 0.227200 0.976137
104050411 -1.259680 0.227200 0.971137
104050412 -1.259680 0.227200 0.966137
104050413 -1.259680 0.227200 0.961137
104050414 -1.259680 0.227200 0.956137
104050415 -1.259680 0.227200 0.951137
104050416 -1.259680 0.227200 0.946137
104050417 -1.259680 0.227200 0.941137
104050418 -1.259680 0.227200 0.936137
104050419 -1.259680 0.227200 0.931137
104050420 -1.259680 0.227200 0.926137
104050421 -1.259680 0.227200 0.921137
104050422 -1.259680 0.227200 0.916137
104050423 -1.259680 0.227200 0.911137
104050424 -1.259680 0.227200 0.906137
104050425 -1.259680 0.227200 0.901137
104050426 -1.259680 0.227200 0.896137
104050427 -1.259680 0.227200 0.891137
104050428 -1.259680 0.227200 0.886137
104050429 -1.259680 0.227200 0.881137
104050430 -1.259680 0.227200 0.876137
104050431 -1.259680 0.227200 0.871137
104050432 -1.259680 0.227200 0.866137
104050433 -1.259680 0.227200 0.861137
104050434 -1.259680 0.227200 0.856137
104050435 -1.259680 0.227200 0.851137
104050436 -1.259680 0.227200 0.846137
104050437 -1.259680 0.227200 0.841137
104050438 -1.259680 0.227200 0.836137
104050439 -1.259680 0.227200 0.831137
104050440 -1.259680 0.227200 0.826137
104050441 -1.259680 0.227200 0.821137
104050442 -1.259680 0.227200 0.816137
104050443 -1.259680 0.227200 0.811137
104050444 -1.259680 0.227200 0.806137
104050445 -1.259680 0.227200 0.801137
104050446 -1.259680 0.227200 0.796137
104050447 -1.259680 0.227200 0.791137
104050448 -1.259680 0.227200 0.786137
104050449 -1.259680 0.227200 0.781137
104050450 -1.259680 0.227200 0.776137
104050451 -1.259680 0.227200 0.771137
104050452 -1.259680 0.227200 0.766137
104050453 -1.259680 0.227200 0.761137
104050454 -1.259680 0.227200 0.756137
104050455 -1.259680 0.227200 0.751137
104050456 -1.259680 0.227200 0.746137
104050457 -1.259680 0.227200 0.741137
104050458 -1.259680 0.227200 0.736137
104050459 -1.259680 0.227200 0.731137
104050460 -1.259680 0.227200 0.726137
104050461 -1.259680 0.227200 0.721137
104050462 -1.259680 0.227200 0.716137
104050463 -1.259680 0.227200 0.711137
104050464 -1.259680 0.227200 0.706137
104050465 -1.259680 0.227200 0.701137
104050466 -1.259680 0.227200 0.696137
104050467 -1.259680 0.227200 0.691137
104050468 -1.259680 0.227200 0.686137
104050469 -1.259680 0.227200 0.681137
104050470 -1.259680 0.227200 0.676137
104050471 -1.259680 0.227200 0.671137
104050472 -1.259680 0.227200 0.666137
104050473 -1.259680 0.227200 0.661137
104050474 -1.259680 0.227200 0.656137
104050475 -1.259680 0.227200 0.651137
104050476 -1.259680 0.227200 0.646137
104050477 -1.259680 0.227200 0.641137
104050478 -1.259680 0.227200 0.636137
104050479 -1.259680 0.227200 0.631137
104050480 -1.259680 0.227200 0.626137
104050481 -1.259680 0.227200 0.621137
104050482 -1.259680 0.227200 0.616137
104050483 -1.259680 0.227200 0.611137
104050484 -1.259680 0.227200 0.606137
104050485 -1.259680 0.227200 0.601137
104050486 -1.259680 0.227200 0.596137
104050487 -1.259680 0.227200 0.591137
104050488 -1.259680 0.227200 0.586137
104050489 -1.259680 0.227200 0.581137
104050490 -1.259680 0.227200 0.576137
104050491 -1.259680 0.227200 0.571137
104050492 -1.259680 0.227200 0.566137
104050493 -1.259680 0.227200 0.561137
104050494 -1.259680 0.227200 0.556137
104050495 -1.259680 0.227200 0.551137
104050496 -1.259680 0.227200 0.546137
104050497 -1.259680 0.227200 0.541137
104050498 -1.259680 0.227200 0.536137
104050499 -1.259680 0.227200 0.531137
104050500 -1.259680 0.227200 0.526137
104050501 -1.259680 0.253600 1.021137
104050502 -1.259680 0.253600 1.016137
104050503 -1.259680 0.253600 1.011137
104050504 -1.259680 0.253600 1.006137
104050505 -1.259680 0.253600 1.001137
104050506 -1.259680 0.253600 0.996137
104050507 -1.259680 0.253600 0.991137
104050508 -1.259680 0.253600 0.986137
104050509 -1.259680 0.253600 0.981137
104050510 -1.259680 0.253600 0.976137
104050511 -1.259680 0.253600 0.971137
104050512 -1.259680 0.253600 0.966137
104050513 -1.259680 0.253600 0.961137
104050514 -1.259680 0.253600 0.956137
104050515 -1.259680 0.253600 0.951137
104050516 -1.259680 0.253600 0.946137
104050517 -1.259680 0.253600 0.941137
104050518 -1.259680 0.253600 0.936137
104050519 -1.259680 0.253600 0.931137
104050520 -1.259680 0.253600 0.926137
104050521 -1.259680 0.253600 0.921137
104050522 -1.259680 0.253600 0.916137
104050523 -1.259680 0.253600 0.911137
104050524 -1.259680 0.253600 0.906137
104050525 -1.259680 0.253600 0.901137
104050526 -1.259680 0.253600 0.896137
104050527 -1.259680 0.253600 0.891137
104050528 -1.259680 0.253600 0.886137
104050529 -1.259680 0.253600 0.881137
104050530 -1.259680 0.253600 0.876137
104050531 -1.259680 0.253600 0.871137
104050532 -1.259680 0.253600 0.866137
104050533 -1.259680 0.253600 0.861137
104050534 -1.259680 0.253600 0.856137
104050535 -1.259680 0.253600 0.851137
104050536 -1.259680 0.253600 0.846137
104050537 -1.259680 0.253600 0.841137
104050538 -1.259680 0.253600 0.836137
104050539 -1.259680 0.253600 0.831137
104050540 -1.259680 0.253600 0.826137
104050541 -1.259680 0.253600 0.821137
104050542 -1.259680 0.253600 0.816137
104050543 -1.259680 0.253600 0.811137
104050544 -1.259680 0.253600 0.806137
104050545 -1.259680 0.253600 0.801137
104050546 -1.259680 0.253600 0.796137
104050547 -1.259680 0.253600 0.791137
104050548 -1.259680 0.253600 0.786137
104050549 -1.259680 0.253600 0.781137
104050550 -1.259680 0.253600 0.776137
104050551 -1.259680 0.253600 0.771137
104050552 -1.259680 0.253600 0.766137
104050553 -1.259680 0.253600 0.761137
104050554 -1.259680 0.253600 0.756137
104050555 -1.259680 0.253600 0.751137
104050556 -1.259680 0.253600 0.746137
104050557 -1.259680 0.253600 0.741137
104050558 -1.259680 0.253600 0.736137
104050559 -1.259680 0.253600 0.731137
104050560 -1.259680 0.253600 0.726137
104050561 -1.259680 0.253600 0.721137
104050562 -1.259680 0.253600 0.716137
104050563 -1.259680 0.253600 0.711137
104050564 -1.259680 0.253600 0.706137
104050565 -1.259680 0.253600 0.701137
104050566 -1.259680 0.253600 0.696137
104050567 -1.259680 0.253600 0.691137
104050568 -1.259680 0.253600 0.686137
104050569 -1.259680 0.253600 0.681137
104050570 -1.259680 0.253600 0.676137
104050571 -1.259680 0.253600 0.671137
104050572 -1.259680 0.253600 0.666137
104050573 -1.259680 0.253600 0.661137
104050574 -1.259680 0.253600 0.656137
104050575 -1.259680 0.253600 0.651137
104050576 -1.259680 0.253600 0.646137
104050577 -1.259680 0.253600 0.641137
104050578 -1.259680 0.253600 0.636137
104050579 -1.259680 0.253600 0.631137
104050580 -1.259680 0.253600 0.626137
104050581 -1.259680 0.253600 0.621137
104050582 -1.259680 0.253600 0.616137
104050583 -1.259680 0.253600 0.611137
104050584 -1.259680 0.253600 0.606137
104050585 -1.259680 0.253600 0.601137
104050586 -1.259680 0.253600 0.596137
104050587 -1.259680 0.253600 0.591137
104050588 -1.259680 0.253600 0.586137
104050589 -1.259680 0.253600 0.581137
104050590 -1.259680 0.253600 0.576137
104050591 -1.259680 0.253600 0.571137
104050592 -1.259680 0.253600 0.566137
104050593 -1.259680 0.253600 0.561137
104050594 -1.259680 0.253600 0.556137
104050595 -1.259680 0.253600 0.551137
104050596 -1.259680 0.253600 0.546137
104050597 -1.259680 0.253600 0.541137
104050598 -1.259680 0.253600 0.536137
104050599 -1.259680 0.253600 0.531137
104050600 -1.259680 0.253600 0.526137
104050601 -1.259680 0.280000 1.021137
104050602 -1.259680 0.280000 1.016137
104050603 -1.259680 0.280000 1.011137
104050604 -1.259680 0.280000 1.006137
104050605 -1.259680 0.280000 1.001137
104050606 -1.259680 0.280000 0.996137
104050607 -1.259680 0.280000 0.991137
104050608 -1.259680 0.280000 0.986137
104050609 -1.259680 0.280000 0.981137
104050610 -1.259680 0.280000 0.976137
104050611 -1.259680 0.280000 0.971137
104050612 -1.259680 0.280000 0.966137
104050613 -1.259680 0.280000 0.961137
104050614 -1.259680 0.280000 0.956137
104050615 -1.259680 0.280000 0.951137
104050616 -1.259680 0.280000 0.946137
104050617 -1.259680 0.280000 0.941137
104050618 -1.259680 0.280000 0.936137
104050619 -1.259680 0.280000 0.931137
104050620 -1.259680 0.280000 0.926137
104050621 -1.259680 0.280000 0.921137
104050622 -1.259680 0.280000 0.916137
104050623 -1.259680 0.280000 0.911137
104050624 -1.259680 0.280000 0.906137
104050625 -1.259680 0.280000 0.901137
104050626 -1.259680 0.280000 0.896137
104050627 -1.259680 0.280000 0.891137
104050628 -1.259680 0.280000 0.886137
104050629 -1.259680 0.280000 0.881137
104050630 -1.259680 0.280000 0.876137
104050631 -1.259680 0.280000 0.871137
104050632 -1.259680 0.280000 0.866137
104050633 -1.259680 0.280000 0.861137
104050634 -1.259680 0.280000 0.856137
104050635 -1.259680 0.280000 0.851137
104050636 -1.259680 0.280000 0.846137
104050637 -1.259680 0.280000 0.841137
104050638 -1.259680 0.280000 0.836137
104050639 -1.259680 0.280000 0.831137
104050640 -1.259680 0.280000 0.826137
104050641 -1.259680 0.280000 0.821137
104050642 -1.259680 0.280000 0.816137
104050643 -1.259680 0.280000 0.811137
104050644 -1.259680 0.280000 0.806137
104050645 -1.259680 0.280000 0.801137
104050646 -1.259680 0.280000 0.796137
104050647 -1.259680 0.280000 0.791137
104050648 -1.259680 0.280000 0.786137
104050649 -1.259680 0.280000 0.781137
104050650 -1.259680 0.280000 0.776137
104050651 -1.259680 0.280000 0.771137
104050652 -1.259680 0.280000 0.766137
104050653 -1.259680 0.280000 0.761137
104050654 -1.259680 0.280000 0.756137
104050655 -1.259680 0.280000 0.751137
104050656 -1.259680 0.280000 0.746137
104050657 -1.259680 0.280000 0.741137
104050658 -1.259680 0.280000 0.736137
104050659 -1.259680 0.280000 0.731137
104050660 -1.259680 0.280000 0.726137
104050661 -1.259680 0.280000 0.721137
104050662 -1.259680 0.280000 0.716137
104050663 -1.259680 0.280000 0.711137
104050664 -1.259680 0.280000 0.706137
104050665 -1.259680 0.280000 0.701137
104050666 -1.259680 0.280000 0.696137
104050667 -1.259680 0.280000 0.691137
104050668 -1.259680 0.280000 0.686137
104050669 -1.259680 0.280000 0.681137
104050670 -1.259680 0.280000 0.676137
104050671 -1.259680 0.280000 0.671137
104050672 -1.259680 0.280000 0.666137
104050673 -1.259680 0.280000 0.661137
104050674 -1.259680 0.280000 0.656137
104050675 -1.259680 0.280000 0.651137
104050676 -1.259680 0.280000 0.646137
104050677 -1.259680 0.280000 0.641137
104050678 -1.259680 0.280000 0.636137
104050679 -1.259680 0.280000 0.631137
104050680 -1.259680 0.280000 0.626137
104050681 -1.259680 0.280000 0.621137
104050682 -1.259680 0.280000 0.616137
104050683 -1.259680 0.280000 0.611137
104050684 -1.259680 0.280000 0.606137
104050685 -1.259680 0.280000 0.601137
104050686 -1.259680 0.280000 0.596137
104050687 -1.259680 0.280000 0.591137
104050688 -1.259680 0.280000 0.586137
104050689 -1.259680 0.280000 0.581137
104050690 -1.259680 0.280000 0.576137
104050691 -1.259680 0.280000 0.571137
104050692 -1.259680 0.280000 0.566137
104050693 -1.259680 0.280000 0.561137
104050694 -1.259680 0.280000 0.556137
104050695 -1.259680 0.280000 0.551137
104050696 -1.259680 0.280000 0.546137
104050697 -1.259680 0.280000 0.541137
104050698 -1.259680 0.280000 0.536137
104050699 -1.259680 0.280000 0.531137
104050700 -1.259680 0.280000 0.526137
104050701 -1.259680 0.306400 1.021137
104050702 -1.259680 0.306400 1.016137
104050703 -1.259680 0.306400 1.011137
104050704 -1.259680 0.306400 1.006137
104050705 -1.259680 0.306400 1.001137
104050706 -1.259680 0.306400 0.996137
104050707 -1.259680 0.306400 0.991137
104050708 -1.259680 0.306400 0.986137
104050709 -1.259680 0.306400 0.981137
104050710 -1.259680 0.306400 0.976137
104050711 -1.259680 0.306400 0.971137
104050712 -1.259680 0.306400 0.966137
104050713 -1.259680 0.306400 0.961137
104050714 -1.259680 0.306400 0.956137
104050715 -1.259680 0.306400 0.951137
104050716 -1.259680 0.306400 0.946137
104050717 -1.259680 0.306400 0.941137
104050718 -1.259680 0.306400 0.936137
104050719 -1.259680 0.306400 0.931137
104050720 -1.259680 0.306400 0.926137
104050721 -1.259680 0.306400 0.921137
104050722 -1.259680 0.306400 0.916137
104050723 -1.259680 0.306400 0.911137
104050724 -1.259680 0.306400 0.906137
104050725 -1.259680 0.306400 0.901137
104050726 -1.259680 0.306400 0.896137
104050727 -1.259680 0.306400 0.891137
104050728 -1.259680 0.306400 0.886137
104050729 -1.259680 0.306400 0.881137
104050730 -1.259680 0.306400 0.876137
104050731 -1.259680 0.306400 0.871137
104050732 -1.259680 0.306400 0.866137
104050733 -1.259680 0.306400 0.861137
104050734 -1.259680 0.306400 0.856137
104050735 -1.259680 0.306400 0.851137
104050736 -1.259680 0.306400 0.846137
104050737 -1.259680 0.306400 0.841137
104050738 -1.259680 0.306400 0.836137
104050739 -1.259680 0.306400 0.831137
104050740 -1.259680 0.306400 0.826137
104050741 -1.259680 0.306400 0.821137
104050742 -1.259680 0.306400 0.816137
104050743 -1.259680 0.306400 0.811137
104050744 -1.259680 0.306400 0.806137
104050745 -1.259680 0.306400 0.801137
104050746 -1.259680 0.306400 0.796137
104050747 -1.259680 0.306400 0.791137
104050748 -1.259680 0.306400 0.786137
104050749 -1.259680 0.306400 0.781137
104050750 -1.259680 0.306400 0.776137
104050751 -1.259680 0.306400 0.771137
104050752 -1.259680 0.306400 0.766137
104050753 -1.259680 0.306400 0.761137
104050754 -1.259680 0.306400 0.756137
104050755 -1.259680 0.306400 0.751137
104050756 -1.259680 0.306400 0.746137
104050757 -1.259680 0.306400 0.741137
104050758 -1.259680 0.306400 0.736137
104050759 -1.259680 0.306400 0.731137
104050760 -1.259680 0.306400 0.726137
104050761 -1.259680 0.306400 0.721137
104050762 -1.259680 0.306400 0.716137
104050763 -1.259680 0.306400 0.711137
104050764 -1.259680 0.306400 0.706137
104050765 -1.259680 0.306400 0.701137
104050766 -1.259680 0.306400 0.696137
104050767 -1.259680 0.306400 0.691137
104050768 -1.259680 0.306400 0.686137
104050769 -1.259680 0.306400 0.681137
104050770 -1.259680 0.306400 0.676137
104050771 -1.259680 0.306400 0.671137
104050772 -1.259680 0.306400 0.666137
104050773 -1.259680 0.306400 0.661137
104050774 -1.259680 0.306400 0.656137
104050775 -1.259680 0.306400 0.651137
104050776 -1.259680 0.306400 0.646137
104050777 -1.259680 0.306400 0.641137
104050778 -1.259680 0.306400 0.636137
104050779 -1.259680 0.306400 0.631137
104050780 -1.259680 0.306400 0.626137
104050781 -1.259680 0.306400 0.621137
104050782 -1.259680 0.306400 0.616137
104050783 -1.259680 0.306400 0.611137
104050784 -1.259680 0.306400 0.606137
104050785 -1.259680 0.306400 0.601137
104050786 -1.259680 0.306400 0.596137
104050787 -1.259680 0.306400 0.591137
104050788 -1.259680 0.306400 0.586137
104050789 -1.259680 0.306400 0.581137
104050790 -1.259680 0.306400 0.576137
104050791 -1.259680 0.306400 0.571137
104050792 -1.259680 0.306400 0.566137
104050793 -1.259680 0.306400 0.561137
104050794 -1.259680 0.306400 0.556137
104050795 -1.259680 0.306400 0.551137
104050796 -1.259680 0.306400 0.546137
104050797 -1.259680 0.306400 0.541137
104050798 -1.259680 0.306400 0.536137
104050799 -1.259680 0.306400 0.531137
104050800 -1.259680 0.306400 0.526137
