102030001 -0.588502 -0.199400 2.697635
102030002 -0.589762 -0.199400 2.692796
102030003 -0.591022 -0.199400 2.687957
102030004 -0.592282 -0.199400 2.683119
102030005 -0.593542 -0.199400 2.678280
102030006 -0.594801 -0.199400 2.673441
102030007 -0.596061 -0.199400 2.668603
102030008 -0.597321 -0.199400 2.663764
102030009 -0.598581 -0.199400 2.658925
102030010 -0.599841 -0.199400 2.654087
102030011 -0.601101 -0.199400 2.649248
102030012 -0.602361 -0.199400 2.644409
102030013 -0.603620 -0.199400 2.639570
102030014 -0.604880 -0.199400 2.634732
102030015 -0.606140 -0.199400 2.629893
102030016 -0.607400 -0.199400 2.625054
102030017 -0.608660 -0.199400 2.620216
102030018 -0.609920 -0.199400 2.615377
102030019 -0.611179 -0.199400 2.610538
102030020 -0.612439 -0.199400 2.605700
102030021 -0.613699 -0.199400 2.600861
102030022 -0.614959 -0.199400 2.596022
102030023 -0.616219 -0.199400 2.591184
102030024 -0.617479 -0.199400 2.586345
102030025 -0.618739 -0.199400 2.581506
102030026 -0.619998 -0.199400 2.576668
102030027 -0.621258 -0.199400 2.571829
102030028 -0.622518 -0.199400 2.566990
102030029 -0.623778 -0.199400 2.562152
102030030 -0.625038 -0.199400 2.557313
102030031 -0.626298 -0.199400 2.552474
102030032 -0.627558 -0.199400 2.547636
102030033 -0.628817 -0.199400 2.542797
102030034 -0.630077 -0.199400 2.537958
102030035 -0.631337 -0.199400 2.533120
102030036 -0.632597 -0.199400 2.528281
102030037 -0.633857 -0.199400 2.523442
102030038 -0.635117 -0.199400 2.518604
102030039 -0.636376 -0.199400 2.513765
102030040 -0.637636 -0.199400 2.508926
102030041 -0.638896 -0.199400 2.504088
102030042 -0.640156 -0.199400 2.499249
102030043 -0.641416 -0.199400 2.494410
102030044 -0.642676 -0.199400 2.489572
102030045 -0.643936 -0.199400 2.484733
102030046 -0.645195 -0.199400 2.479894
102030047 -0.646455 -0.199400 2.475056
102030048 -0.647715 -0.199400 2.470217
102030049 -0.648975 -0.199400 2.465378
102030050 -0.650235 -0.199400 2.460539
102030051 -0.651495 -0.199400 2.455701
102030052 -0.652754 -0.199400 2.450862
102030053 -0.654014 -0.199400 2.446023
102030054 -0.655274 -0.199400 2.441185
102030055 -0.656534 -0.199400 2.436346
102030056 -0.657794 -0.199400 2.431507
102030057 -0.659054 -0.199400 2.426669
102030058 -0.660314 -0.199400 2.421830
102030059 -0.661573 -0.199400 2.416991
102030060 -0.662833 -0.199400 2.412153
102030061 -0.664093 -0.199400 2.407314
102030062 -0.665353 -0.199400 2.402475
102030063 -0.666613 -0.199400 2.397637
102030064 -0.667873 -0.199400 2.392798
102030065 -0.669133 -0.199400 2.387959
102030066 -0.670392 -0.199400 2.383121
102030067 -0.671652 -0.199400 2.378282
102030068 -0.672912 -0.199400 2.373443
102030069 -0.674172 -0.199400 2.368605
102030070 -0.675432 -0.199400 2.363766
102030071 -0.676692 -0.199400 2.358927
102030072 -0.677951 -0.199400 2.354089
102030073 -0.679211 -0.199400 2.349250
102030074 -0.680471 -0.199400 2.344411
102030075 -0.681731 -0.199400 2.339573
102030076 -0.682991 -0.199400 2.334734
102030077 -0.684251 -0.199400 2.329895
102030078 -0.685511 -0.199400 2.325057
102030079 -0.686770 -0.199400 2.320218
102030080 -0.688030 -0.199400 2.315379
102030081 -0.689290 -0.199400 2.310541
102030082 -0.690550 -0.199400 2.305702
102030083 -0.691810 -0.199400 2.300863
102030084 -0.693070 -0.199400 2.296025
102030085 -0.694329 -0.199400 2.291186
102030086 -0.695589 -0.199400 2.286347
102030087 -0.696849 -0.199400 2.281508
102030088 -0.698109 -0.199400 2.276670
102030089 -0.699369 -0.199400 2.271831
102030090 -0.700629 -0.199400 2.266992
102030091 -0.701889 -0.199400 2.262154
102030092 -0.703148 -0.199400 2.257315
102030093 -0.704408 -0.199400 2.252476
102030094 -0.705668 -0.199400 2.247638
102030095 -0.706928 -0.199400 2.242799
102030096 -0.708188 -0.199400 2.237960
102030097 -0.709448 -0.199400 2.233122
102030098 -0.710708 -0.199400 2.228283
102030099 -0.711967 -0.199400 2.223444
102030100 -0.713227 -0.199400 2.218606
102030101 -0.588502 -0.173000 2.697635
102030102 -0.589762 -0.173000 2.692796
102030103 -0.591022 -0.173000 2.687957
102030104 -0.592282 -0.173000 2.683119
102030105 -0.593542 -0.173000 2.678280
102030106 -0.594801 -0.173000 2.673441
102030107 -0.596061 -0.173000 2.668603
102030108 -0.597321 -0.173000 2.663764
102030109 -0.598581 -0.173000 2.658925
102030110 -0.599841 -0.173000 2.654087
102030111 -0.601101 -0.173000 2.649248
102030112 -0.602361 -0.173000 2.644409
102030113 -0.603620 -0.173000 2.639570
102030114 -0.604880 -0.173000 2.634732
102030115 -0.606140 -0.173000 2.629893
102030116 -0.607400 -0.173000 2.625054
102030117 -0.608660 -0.173000 2.620216
102030118 -0.609920 -0.173000 2.615377
102030119 -0.611179 -0.173000 2.610538
102030120 -0.612439 -0.173000 2.605700
102030121 -0.613699 -0.173000 2.600861
102030122 -0.614959 -0.173000 2.596022
102030123 -0.616219 -0.173000 2.591184
102030124 -0.617479 -0.173000 2.586345
102030125 -0.618739 -0.173000 2.581506
102030126 -0.619998 -0.173000 2.576668
102030127 -0.621258 -0.173000 2.571829
102030128 -0.622518 -0.173000 2.566990
102030129 -0.623778 -0.173000 2.562152
102030130 -0.625038 -0.173000 2.557313
102030131 -0.626298 -0.173000 2.552474
102030132 -0.627558 -0.173000 2.547636
102030133 -0.628817 -0.173000 2.542797
102030134 -0.630077 -0.173000 2.537958
102030135 -0.631337 -0.173000 2.533120
102030136 -0.632597 -0.173000 2.528281
102030137 -0.633857 -0.173000 2.523442
102030138 -0.635117 -0.173000 2.518604
102030139 -0.636376 -0.173000 2.513765
102030140 -0.637636 -0.173000 2.508926
102030141 -0.638896 -0.173000 2.504088
102030142 -0.640156 -0.173000 2.499249
102030143 -0.641416 -0.173000 2.494410
102030144 -0.642676 -0.173000 2.489572
102030145 -0.643936 -0.173000 2.484733
102030146 -0.645195 -0.173000 2.479894
102030147 -0.646455 -0.173000 2.475056
102030148 -0.647715 -0.173000 2.470217
102030149 -0.648975 -0.173000 2.465378
102030150 -0.650235 -0.173000 2.460539
102030151 -0.651495 -0.173000 2.455701
102030152 -0.652754 -0.173000 2.450862
102030153 -0.654014 -0.173000 2.446023
102030154 -0.655274 -0.173000 2.441185
102030155 -0.656534 -0.173000 2.436346
102030156 -0.657794 -0.173000 2.431507
102030157 -0.659054 -0.173000 2.426669
102030158 -0.660314 -0.173000 2.421830
102030159 -0.661573 -0.173000 2.416991
102030160 -0.662833 -0.173000 2.412153
102030161 -0.664093 -0.173000 2.407314
102030162 -0.665353 -0.173000 2.402475
102030163 -0.666613 -0.173000 2.397637
102030164 -0.667873 -0.173000 2.392798
102030165 -0.669133 -0.173000 2.387959
102030166 -0.670392 -0.173000 2.383121
102030167 -0.671652 -0.173000 2.378282
102030168 -0.672912 -0.173000 2.373443
102030169 -0.674172 -0.173000 2.368605
102030170 -0.675432 -0.173000 2.363766
102030171 -0.676692 -0.173000 2.358927
102030172 -0.677951 -0.173000 2.354089
102030173 -0.679211 -0.173000 2.349250
102030174 -0.680471 -0.173000 2.344411
102030175 -0.681731 -0.173000 2.339573
102030176 -0.682991 -0.173000 2.334734
102030177 -0.684251 -0.173000 2.329895
102030178 -0.685511 -0.173000 2.325057
102030179 -0.686770 -0.173000 2.320218
102030180 -0.688030 -0.173000 2.315379
102030181 -0.689290 -0.173000 2.310541
102030182 -0.690550 -0.173000 2.305702
102030183 -0.691810 -0.173000 2.300863
102030184 -0.693070 -0.173000 2.296025
102030185 -0.694329 -0.173000 2.291186
102030186 -0.695589 -0.173000 2.286347
102030187 -0.696849 -0.173000 2.281508
102030188 -0.698109 -0.173000 2.276670
102030189 -0.699369 -0.173000 2.271831
102030190 -0.700629 -0.173000 2.266992
102030191 -0.701889 -0.173000 2.262154
102030192 -0.703148 -0.173000 2.257315
102030193 -0.704408 -0.173000 2.252476
102030194 -0.705668 -0.173000 2.247638
102030195 -0.706928 -0.173000 2.242799
102030196 -0.708188 -0.173000 2.237960
102030197 -0.709448 -0.173000 2.233122
102030198 -0.710708 -0.173000 2.228283
102030199 -0.711967 -0.173000 2.223444
102030200 -0.713227 -0.173000 2.218606
102030201 -0.588502 -0.146600 2.697635
102030202 -0.589762 -0.146600 2.692796
102030203 -0.591022 -0.146600 2.687957
102030204 -0.592282 -0.146600 2.683119
102030205 -0.593542 -0.146600 2.678280
102030206 -0.594801 -0.146600 2.673441
102030207 -0.596061 -0.146600 2.668603
102030208 -0.597321 -0.146600 2.663764
102030209 -0.598581 -0.146600 2.658925
102030210 -0.599841 -0.146600 2.654087
102030211 -0.601101 -0.146600 2.649248
102030212 -0.602361 -0.146600 2.644409
102030213 -0.603620 -0.146600 2.639570
102030214 -0.604880 -0.146600 2.634732
102030215 -0.606140 -0.146600 2.629893
102030216 -0.607400 -0.146600 2.625054
102030217 -0.608660 -0.146600 2.620216
102030218 -0.609920 -0.146600 2.615377
102030219 -0.611179 -0.146600 2.610538
102030220 -0.612439 -0.146600 2.605700
102030221 -0.613699 -0.146600 2.600861
102030222 -0.614959 -0.146600 2.596022
102030223 -0.616219 -0.146600 2.591184
102030224 -0.617479 -0.146600 2.586345
102030225 -0.618739 -0.146600 2.581506
102030226 -0.619998 -0.146600 2.576668
102030227 -0.621258 -0.146600 2.571829
102030228 -0.622518 -0.146600 2.566990
102030229 -0.623778 -0.146600 2.562152
102030230 -0.625038 -0.146600 2.557313
102030231 -0.626298 -0.146600 2.552474
102030232 -0.627558 -0.146600 2.547636
102030233 -0.628817 -0.146600 2.542797
102030234 -0.630077 -0.146600 2.537958
102030235 -0.631337 -0.146600 2.533120
102030236 -0.632597 -0.146600 2.528281
102030237 -0.633857 -0.146600 2.523442
102030238 -0.635117 -0.146600 2.518604
102030239 -0.636376 -0.146600 2.513765
102030240 -0.637636 -0.146600 2.508926
102030241 -0.638896 -0.146600 2.504088
102030242 -0.640156 -0.146600 2.499249
102030243 -0.641416 -0.146600 2.494410
102030244 -0.642676 -0.146600 2.489572
102030245 -0.643936 -0.146600 2.484733
102030246 -0.645195 -0.146600 2.479894
102030247 -0.646455 -0.146600 2.475056
102030248 -0.647715 -0.146600 2.470217
102030249 -0.648975 -0.146600 2.465378
102030250 -0.650235 -0.146600 2.460539
102030251 -0.651495 -0.146600 2.455701
102030252 -0.652754 -0.146600 2.450862
102030253 -0.654014 -0.146600 2.446023
102030254 -0.655274 -0.146600 2.441185
102030255 -0.656534 -0.146600 2.436346
102030256 -0.657794 -0.146600 2.431507
102030257 -0.659054 -0.146600 2.426669
102030258 -0.660314 -0.146600 2.421830
102030259 -0.661573 -0.146600 2.416991
102030260 -0.662833 -0.146600 2.412153
102030261 -0.664093 -0.146600 2.407314
102030262 -0.665353 -0.146600 2.402475
102030263 -0.666613 -0.146600 2.397637
102030264 -0.667873 -0.146600 2.392798
102030265 -0.669133 -0.146600 2.387959
102030266 -0.670392 -0.146600 2.383121
102030267 -0.671652 -0.146600 2.378282
102030268 -0.672912 -0.146600 2.373443
102030269 -0.674172 -0.146600 2.368605
102030270 -0.675432 -0.146600 2.363766
102030271 -0.676692 -0.146600 2.358927
102030272 -0.677951 -0.146600 2.354089
102030273 -0.679211 -0.146600 2.349250
102030274 -0.680471 -0.146600 2.344411
102030275 -0.681731 -0.146600 2.339573
102030276 -0.682991 -0.146600 2.334734
102030277 -0.684251 -0.146600 2.329895
102030278 -0.685511 -0.146600 2.325057
102030279 -0.686770 -0.146600 2.320218
102030280 -0.688030 -0.146600 2.315379
102030281 -0.689290 -0.146600 2.310541
102030282 -0.690550 -0.146600 2.305702
102030283 -0.691810 -0.146600 2.300863
102030284 -0.693070 -0.146600 2.296025
102030285 -0.694329 -0.146600 2.291186
102030286 -0.695589 -0.146600 2.286347
102030287 -0.696849 -0.146600 2.281508
102030288 -0.698109 -0.146600 2.276670
102030289 -0.699369 -0.146600 2.271831
102030290 -0.700629 -0.146600 2.266992
102030291 -0.701889 -0.146600 2.262154
102030292 -0.703148 -0.146600 2.257315
102030293 -0.704408 -0.146600 2.252476
102030294 -0.705668 -0.146600 2.247638
102030295 -0.706928 -0.146600 2.242799
102030296 -0.708188 -0.146600 2.237960
102030297 -0.709448 -0.146600 2.233122
102030298 -0.710708 -0.146600 2.228283
102030299 -0.711967 -0.146600 2.223444
102030300 -0.713227 -0.146600 2.218606
102030301 -0.588502 -0.120200 2.697635
102030302 -0.589762 -0.120200 2.692796
102030303 -0.591022 -0.120200 2.687957
102030304 -0.592282 -0.120200 2.683119
102030305 -0.593542 -0.120200 2.678280
102030306 -0.594801 -0.120200 2.673441
102030307 -0.596061 -0.120200 2.668603
102030308 -0.597321 -0.120200 2.663764
102030309 -0.598581 -0.120200 2.658925
102030310 -0.599841 -0.120200 2.654087
102030311 -0.601101 -0.120200 2.649248
102030312 -0.602361 -0.120200 2.644409
102030313 -0.603620 -0.120200 2.639570
102030314 -0.604880 -0.120200 2.634732
102030315 -0.606140 -0.120200 2.629893
102030316 -0.607400 -0.120200 2.625054
102030317 -0.608660 -0.120200 2.620216
102030318 -0.609920 -0.120200 2.615377
102030319 -0.611179 -0.120200 2.610538
102030320 -0.612439 -0.120200 2.605700
102030321 -0.613699 -0.120200 2.600861
102030322 -0.614959 -0.120200 2.596022
102030323 -0.616219 -0.120200 2.591184
102030324 -0.617479 -0.120200 2.586345
102030325 -0.618739 -0.120200 2.581506
102030326 -0.619998 -0.120200 2.576668
102030327 -0.621258 -0.120200 2.571829
102030328 -0.622518 -0.120200 2.566990
102030329 -0.623778 -0.120200 2.562152
102030330 -0.625038 -0.120200 2.557313
102030331 -0.626298 -0.120200 2.552474
102030332 -0.627558 -0.120200 2.547636
102030333 -0.628817 -0.120200 2.542797
102030334 -0.630077 -0.120200 2.537958
102030335 -0.631337 -0.120200 2.533120
102030336 -0.632597 -0.120200 2.528281
102030337 -0.633857 -0.120200 2.523442
102030338 -0.635117 -0.120200 2.518604
102030339 -0.636376 -0.120200 2.513765
102030340 -0.637636 -0.120200 2.508926
102030341 -0.638896 -0.120200 2.504088
102030342 -0.640156 -0.120200 2.499249
102030343 -0.641416 -0.120200 2.494410
102030344 -0.642676 -0.120200 2.489572
102030345 -0.643936 -0.120200 2.484733
102030346 -0.645195 -0.120200 2.479894
102030347 -0.646455 -0.120200 2.475056
102030348 -0.647715 -0.120200 2.470217
102030349 -0.648975 -0.120200 2.465378
102030350 -0.650235 -0.120200 2.460539
102030351 -0.651495 -0.120200 2.455701
102030352 -0.652754 -0.120200 2.450862
102030353 -0.654014 -0.120200 2.446023
102030354 -0.655274 -0.120200 2.441185
102030355 -0.656534 -0.120200 2.436346
102030356 -0.657794 -0.120200 2.431507
102030357 -0.659054 -0.120200 2.426669
102030358 -0.660314 -0.120200 2.421830
102030359 -0.661573 -0.120200 2.416991
102030360 -0.662833 -0.120200 2.412153
102030361 -0.664093 -0.120200 2.407314
102030362 -0.665353 -0.120200 2.402475
102030363 -0.666613 -0.120200 2.397637
102030364 -0.667873 -0.120200 2.392798
102030365 -0.669133 -0.120200 2.387959
102030366 -0.670392 -0.120200 2.383121
102030367 -0.671652 -0.120200 2.378282
102030368 -0.672912 -0.120200 2.373443
102030369 -0.674172 -0.120200 2.368605
102030370 -0.675432 -0.120200 2.363766
102030371 -0.676692 -0.120200 2.358927
102030372 -0.677951 -0.120200 2.354089
102030373 -0.679211 -0.120200 2.349250
102030374 -0.680471 -0.120200 2.344411
102030375 -0.681731 -0.120200 2.339573
102030376 -0.682991 -0.120200 2.334734
102030377 -0.684251 -0.120200 2.329895
102030378 -0.685511 -0.120200 2.325057
102030379 -0.686770 -0.120200 2.320218
102030380 -0.688030 -0.120200 2.315379
102030381 -0.689290 -0.120200 2.310541
102030382 -0.690550 -0.120200 2.305702
102030383 -0.691810 -0.120200 2.300863
102030384 -0.693070 -0.120200 2.296025
102030385 -0.694329 -0.120200 2.291186
102030386 -0.695589 -0.120200 2.286347
102030387 -0.696849 -0.120200 2.281508
102030388 -0.698109 -0.120200 2.276670
102030389 -0.699369 -0.120200 2.271831
102030390 -0.700629 -0.120200 2.266992
102030391 -0.701889 -0.120200 2.262154
102030392 -0.703148 -0.120200 2.257315
102030393 -0.704408 -0.120200 2.252476
102030394 -0.705668 -0.120200 2.247638
102030395 -0.706928 -0.120200 2.242799
102030396 -0.708188 -0.120200 2.237960
102030397 -0.709448 -0.120200 2.233122
102030398 -0.710708 -0.120200 2.228283
102030399 -0.711967 -0.120200 2.223444
102030400 -0.713227 -0.120200 2.218606
102030401 -0.588502 -0.093800 2.697635
102030402 -0.589762 -0.093800 2.692796
102030403 -0.591022 -0.093800 2.687957
102030404 -0.592282 -0.093800 2.683119
102030405 -0.593542 -0.093800 2.678280
102030406 -0.594801 -0.093800 2.673441
102030407 -0.596061 -0.093800 2.668603
102030408 -0.597321 -0.093800 2.663764
102030409 -0.598581 -0.093800 2.658925
102030410 -0.599841 -0.093800 2.654087
102030411 -0.601101 -0.093800 2.649248
102030412 -0.602361 -0.093800 2.644409
102030413 -0.603620 -0.093800 2.639570
102030414 -0.604880 -0.093800 2.634732
102030415 -0.606140 -0.093800 2.629893
102030416 -0.607400 -0.093800 2.625054
102030417 -0.608660 -0.093800 2.620216
102030418 -0.609920 -0.093800 2.615377
102030419 -0.611179 -0.093800 2.610538
102030420 -0.612439 -0.093800 2.605700
102030421 -0.613699 -0.093800 2.600861
102030422 -0.614959 -0.093800 2.596022
102030423 -0.616219 -0.093800 2.591184
102030424 -0.617479 -0.093800 2.586345
102030425 -0.618739 -0.093800 2.581506
102030426 -0.619998 -0.093800 2.576668
102030427 -0.621258 -0.093800 2.571829
102030428 -0.622518 -0.093800 2.566990
102030429 -0.623778 -0.093800 2.562152
102030430 -0.625038 -0.093800 2.557313
102030431 -0.626298 -0.093800 2.552474
102030432 -0.627558 -0.093800 2.547636
102030433 -0.628817 -0.093800 2.542797
102030434 -0.630077 -0.093800 2.537958
102030435 -0.631337 -0.093800 2.533120
102030436 -0.632597 -0.093800 2.528281
102030437 -0.633857 -0.093800 2.523442
102030438 -0.635117 -0.093800 2.518604
102030439 -0.636376 -0.093800 2.513765
102030440 -0.637636 -0.093800 2.508926
102030441 -0.638896 -0.093800 2.504088
102030442 -0.640156 -0.093800 2.499249
102030443 -0.641416 -0.093800 2.494410
102030444 -0.642676 -0.093800 2.489572
102030445 -0.643936 -0.093800 2.484733
102030446 -0.645195 -0.093800 2.479894
102030447 -0.646455 -0.093800 2.475056
102030448 -0.647715 -0.093800 2.470217
102030449 -0.648975 -0.093800 2.465378
102030450 -0.650235 -0.093800 2.460539
102030451 -0.651495 -0.093800 2.455701
102030452 -0.652754 -0.093800 2.450862
102030453 -0.654014 -0.093800 2.446023
102030454 -0.655274 -0.093800 2.441185
102030455 -0.656534 -0.093800 2.436346
102030456 -0.657794 -0.093800 2.431507
102030457 -0.659054 -0.093800 2.426669
102030458 -0.660314 -0.093800 2.421830
102030459 -0.661573 -0.093800 2.416991
102030460 -0.662833 -0.093800 2.412153
102030461 -0.664093 -0.093800 2.407314
102030462 -0.665353 -0.093800 2.402475
102030463 -0.666613 -0.093800 2.397637
102030464 -0.667873 -0.093800 2.392798
102030465 -0.669133 -0.093800 2.387959
102030466 -0.670392 -0.093800 2.383121
102030467 -0.671652 -0.093800 2.378282
102030468 -0.672912 -0.093800 2.373443
102030469 -0.674172 -0.093800 2.368605
102030470 -0.675432 -0.093800 2.363766
102030471 -0.676692 -0.093800 2.358927
102030472 -0.677951 -0.093800 2.354089
102030473 -0.679211 -0.093800 2.349250
102030474 -0.680471 -0.093800 2.344411
102030475 -0.681731 -0.093800 2.339573
102030476 -0.682991 -0.093800 2.334734
102030477 -0.684251 -0.093800 2.329895
102030478 -0.685511 -0.093800 2.325057
102030479 -0.686770 -0.093800 2.320218
102030480 -0.688030 -0.093800 2.315379
102030481 -0.689290 -0.093800 2.310541
102030482 -0.690550 -0.093800 2.305702
102030483 -0.691810 -0.093800 2.300863
102030484 -0.693070 -0.093800 2.296025
102030485 -0.694329 -0.093800 2.291186
102030486 -0.695589 -0.093800 2.286347
102030487 -0.696849 -0.093800 2.281508
102030488 -0.698109 -0.093800 2.276670
102030489 -0.699369 -0.093800 2.271831
102030490 -0.700629 -0.093800 2.266992
102030491 -0.701889 -0.093800 2.262154
102030492 -0.703148 -0.093800 2.257315
102030493 -0.704408 -0.093800 2.252476
102030494 -0.705668 -0.093800 2.247638
102030495 -0.706928 -0.093800 2.242799
102030496 -0.708188 -0.093800 2.237960
102030497 -0.709448 -0.093800 2.233122
102030498 -0.710708 -0.093800 2.228283
102030499 -0.711967 -0.093800 2.223444
102030500 -0.713227 -0.093800 2.218606
102030501 -0.588502 -0.067400 2.697635
102030502 -0.589762 -0.067400 2.692796
102030503 -0.591022 -0.067400 2.687957
102030504 -0.592282 -0.067400 2.683119
102030505 -0.593542 -0.067400 2.678280
102030506 -0.594801 -0.067400 2.673441
102030507 -0.596061 -0.067400 2.668603
102030508 -0.597321 -0.067400 2.663764
102030509 -0.598581 -0.067400 2.658925
102030510 -0.599841 -0.067400 2.654087
102030511 -0.601101 -0.067400 2.649248
102030512 -0.602361 -0.067400 2.644409
102030513 -0.603620 -0.067400 2.639570
102030514 -0.604880 -0.067400 2.634732
102030515 -0.606140 -0.067400 2.629893
102030516 -0.607400 -0.067400 2.625054
102030517 -0.608660 -0.067400 2.620216
102030518 -0.609920 -0.067400 2.615377
102030519 -0.611179 -0.067400 2.610538
102030520 -0.612439 -0.067400 2.605700
102030521 -0.613699 -0.067400 2.600861
102030522 -0.614959 -0.067400 2.596022
102030523 -0.616219 -0.067400 2.591184
102030524 -0.617479 -0.067400 2.586345
102030525 -0.618739 -0.067400 2.581506
102030526 -0.619998 -0.067400 2.576668
102030527 -0.621258 -0.067400 2.571829
102030528 -0.622518 -0.067400 2.566990
102030529 -0.623778 -0.067400 2.562152
102030530 -0.625038 -0.067400 2.557313
102030531 -0.626298 -0.067400 2.552474
102030532 -0.627558 -0.067400 2.547636
102030533 -0.628817 -0.067400 2.542797
102030534 -0.630077 -0.067400 2.537958
102030535 -0.631337 -0.067400 2.533120
102030536 -0.632597 -0.067400 2.528281
102030537 -0.633857 -0.067400 2.523442
102030538 -0.635117 -0.067400 2.518604
102030539 -0.636376 -0.067400 2.513765
102030540 -0.637636 -0.067400 2.508926
102030541 -0.638896 -0.067400 2.504088
102030542 -0.640156 -0.067400 2.499249
102030543 -0.641416 -0.067400 2.494410
102030544 -0.642676 -0.067400 2.489572
102030545 -0.643936 -0.067400 2.484733
102030546 -0.645195 -0.067400 2.479894
102030547 -0.646455 -0.067400 2.475056
102030548 -0.647715 -0.067400 2.470217
102030549 -0.648975 -0.067400 2.465378
102030550 -0.650235 -0.067400 2.460539
102030551 -0.651495 -0.067400 2.455701
102030552 -0.652754 -0.067400 2.450862
102030553 -0.654014 -0.067400 2.446023
102030554 -0.655274 -0.067400 2.441185
102030555 -0.656534 -0.067400 2.436346
102030556 -0.657794 -0.067400 2.431507
102030557 -0.659054 -0.067400 2.426669
102030558 -0.660314 -0.067400 2.421830
102030559 -0.661573 -0.067400 2.416991
102030560 -0.662833 -0.067400 2.412153
102030561 -0.664093 -0.067400 2.407314
102030562 -0.665353 -0.067400 2.402475
102030563 -0.666613 -0.067400 2.397637
102030564 -0.667873 -0.067400 2.392798
102030565 -0.669133 -0.067400 2.387959
102030566 -0.670392 -0.067400 2.383121
102030567 -0.671652 -0.067400 2.378282
102030568 -0.672912 -0.067400 2.373443
102030569 -0.674172 -0.067400 2.368605
102030570 -0.675432 -0.067400 2.363766
102030571 -0.676692 -0.067400 2.358927
102030572 -0.677951 -0.067400 2.354089
102030573 -0.679211 -0.067400 2.349250
102030574 -0.680471 -0.067400 2.344411
102030575 -0.681731 -0.067400 2.339573
102030576 -0.682991 -0.067400 2.334734
102030577 -0.684251 -0.067400 2.329895
102030578 -0.685511 -0.067400 2.325057
102030579 -0.686770 -0.067400 2.320218
102030580 -0.688030 -0.067400 2.315379
102030581 -0.689290 -0.067400 2.310541
102030582 -0.690550 -0.067400 2.305702
102030583 -0.691810 -0.067400 2.300863
102030584 -0.693070 -0.067400 2.296025
102030585 -0.694329 -0.067400 2.291186
102030586 -0.695589 -0.067400 2.286347
102030587 -0.696849 -0.067400 2.281508
102030588 -0.698109 -0.067400 2.276670
102030589 -0.699369 -0.067400 2.271831
102030590 -0.700629 -0.067400 2.266992
102030591 -0.701889 -0.067400 2.262154
102030592 -0.703148 -0.067400 2.257315
102030593 -0.704408 -0.067400 2.252476
102030594 -0.705668 -0.067400 2.247638
102030595 -0.706928 -0.067400 2.242799
102030596 -0.708188 -0.067400 2.237960
102030597 -0.709448 -0.067400 2.233122
102030598 -0.710708 -0.067400 2.228283
102030599 -0.711967 -0.067400 2.223444
102030600 -0.713227 -0.067400 2.218606
102030601 -0.588502 -0.041000 2.697635
102030602 -0.589762 -0.041000 2.692796
102030603 -0.591022 -0.041000 2.687957
102030604 -0.592282 -0.041000 2.683119
102030605 -0.593542 -0.041000 2.678280
102030606 -0.594801 -0.041000 2.673441
102030607 -0.596061 -0.041000 2.668603
102030608 -0.597321 -0.041000 2.663764
102030609 -0.598581 -0.041000 2.658925
102030610 -0.599841 -0.041000 2.654087
102030611 -0.601101 -0.041000 2.649248
102030612 -0.602361 -0.041000 2.644409
102030613 -0.603620 -0.041000 2.639570
102030614 -0.604880 -0.041000 2.634732
102030615 -0.606140 -0.041000 2.629893
102030616 -0.607400 -0.041000 2.625054
102030617 -0.608660 -0.041000 2.620216
102030618 -0.609920 -0.041000 2.615377
102030619 -0.611179 -0.041000 2.610538
102030620 -0.612439 -0.041000 2.605700
102030621 -0.613699 -0.041000 2.600861
102030622 -0.614959 -0.041000 2.596022
102030623 -0.616219 -0.041000 2.591184
102030624 -0.617479 -0.041000 2.586345
102030625 -0.618739 -0.041000 2.581506
102030626 -0.619998 -0.041000 2.576668
102030627 -0.621258 -0.041000 2.571829
102030628 -0.622518 -0.041000 2.566990
102030629 -0.623778 -0.041000 2.562152
102030630 -0.625038 -0.041000 2.557313
102030631 -0.626298 -0.041000 2.552474
102030632 -0.627558 -0.041000 2.547636
102030633 -0.628817 -0.041000 2.542797
102030634 -0.630077 -0.041000 2.537958
102030635 -0.631337 -0.041000 2.533120
102030636 -0.632597 -0.041000 2.528281
102030637 -0.633857 -0.041000 2.523442
102030638 -0.635117 -0.041000 2.518604
102030639 -0.636376 -0.041000 2.513765
102030640 -0.637636 -0.041000 2.508926
102030641 -0.638896 -0.041000 2.504088
102030642 -0.640156 -0.041000 2.499249
102030643 -0.641416 -0.041000 2.494410
102030644 -0.642676 -0.041000 2.489572
102030645 -0.643936 -0.041000 2.484733
102030646 -0.645195 -0.041000 2.479894
102030647 -0.646455 -0.041000 2.475056
102030648 -0.647715 -0.041000 2.470217
102030649 -0.648975 -0.041000 2.465378
102030650 -0.650235 -0.041000 2.460539
102030651 -0.651495 -0.041000 2.455701
102030652 -0.652754 -0.041000 2.450862
102030653 -0.654014 -0.041000 2.446023
102030654 -0.655274 -0.041000 2.441185
102030655 -0.656534 -0.041000 2.436346
102030656 -0.657794 -0.041000 2.431507
102030657 -0.659054 -0.041000 2.426669
102030658 -0.660314 -0.041000 2.421830
102030659 -0.661573 -0.041000 2.416991
102030660 -0.662833 -0.041000 2.412153
102030661 -0.664093 -0.041000 2.407314
102030662 -0.665353 -0.041000 2.402475
102030663 -0.666613 -0.041000 2.397637
102030664 -0.667873 -0.041000 2.392798
102030665 -0.669133 -0.041000 2.387959
102030666 -0.670392 -0.041000 2.383121
102030667 -0.671652 -0.041000 2.378282
102030668 -0.672912 -0.041000 2.373443
102030669 -0.674172 -0.041000 2.368605
102030670 -0.675432 -0.041000 2.363766
102030671 -0.676692 -0.041000 2.358927
102030672 -0.677951 -0.041000 2.354089
102030673 -0.679211 -0.041000 2.349250
102030674 -0.680471 -0.041000 2.344411
102030675 -0.681731 -0.041000 2.339573
102030676 -0.682991 -0.041000 2.334734
102030677 -0.684251 -0.041000 2.329895
102030678 -0.685511 -0.041000 2.325057
102030679 -0.686770 -0.041000 2.320218
102030680 -0.688030 -0.041000 2.315379
102030681 -0.689290 -0.041000 2.310541
102030682 -0.690550 -0.041000 2.305702
102030683 -0.691810 -0.041000 2.300863
102030684 -0.693070 -0.041000 2.296025
102030685 -0.694329 -0.041000 2.291186
102030686 -0.695589 -0.041000 2.286347
102030687 -0.696849 -0.041000 2.281508
102030688 -0.698109 -0.041000 2.276670
102030689 -0.699369 -0.041000 2.271831
102030690 -0.700629 -0.041000 2.266992
102030691 -0.701889 -0.041000 2.262154
102030692 -0.703148 -0.041000 2.257315
102030693 -0.704408 -0.041000 2.252476
102030694 -0.705668 -0.041000 2.247638
102030695 -0.706928 -0.041000 2.242799
102030696 -0.708188 -0.041000 2.237960
102030697 -0.709448 -0.041000 2.233122
102030698 -0.710708 -0.041000 2.228283
102030699 -0.711967 -0.041000 2.223444
102030700 -0.713227 -0.041000 2.218606
102030701 -0.588502 -0.014600 2.697635
102030702 -0.589762 -0.014600 2.692796
102030703 -0.591022 -0.014600 2.687957
102030704 -0.592282 -0.014600 2.683119
102030705 -0.593542 -0.014600 2.678280
102030706 -0.594801 -0.014600 2.673441
102030707 -0.596061 -0.014600 2.668603
102030708 -0.597321 -0.014600 2.663764
102030709 -0.598581 -0.014600 2.658925
102030710 -0.599841 -0.014600 2.654087
102030711 -0.601101 -0.014600 2.649248
102030712 -0.602361 -0.014600 2.644409
102030713 -0.603620 -0.014600 2.639570
102030714 -0.604880 -0.014600 2.634732
102030715 -0.606140 -0.014600 2.629893
102030716 -0.607400 -0.014600 2.625054
102030717 -0.608660 -0.014600 2.620216
102030718 -0.609920 -0.014600 2.615377
102030719 -0.611179 -0.014600 2.610538
102030720 -0.612439 -0.014600 2.605700
102030721 -0.613699 -0.014600 2.600861
102030722 -0.614959 -0.014600 2.596022
102030723 -0.616219 -0.014600 2.591184
102030724 -0.617479 -0.014600 2.586345
102030725 -0.618739 -0.014600 2.581506
102030726 -0.619998 -0.014600 2.576668
102030727 -0.621258 -0.014600 2.571829
102030728 -0.622518 -0.014600 2.566990
102030729 -0.623778 -0.014600 2.562152
102030730 -0.625038 -0.014600 2.557313
102030731 -0.626298 -0.014600 2.552474
102030732 -0.627558 -0.014600 2.547636
102030733 -0.628817 -0.014600 2.542797
102030734 -0.630077 -0.014600 2.537958
102030735 -0.631337 -0.014600 2.533120
102030736 -0.632597 -0.014600 2.528281
102030737 -0.633857 -0.014600 2.523442
102030738 -0.635117 -0.014600 2.518604
102030739 -0.636376 -0.014600 2.513765
102030740 -0.637636 -0.014600 2.508926
102030741 -0.638896 -0.014600 2.504088
102030742 -0.640156 -0.014600 2.499249
102030743 -0.641416 -0.014600 2.494410
102030744 -0.642676 -0.014600 2.489572
102030745 -0.643936 -0.014600 2.484733
102030746 -0.645195 -0.014600 2.479894
102030747 -0.646455 -0.014600 2.475056
102030748 -0.647715 -0.014600 2.470217
102030749 -0.648975 -0.014600 2.465378
102030750 -0.650235 -0.014600 2.460539
102030751 -0.651495 -0.014600 2.455701
102030752 -0.652754 -0.014600 2.450862
102030753 -0.654014 -0.014600 2.446023
102030754 -0.655274 -0.014600 2.441185
102030755 -0.656534 -0.014600 2.436346
102030756 -0.657794 -0.014600 2.431507
102030757 -0.659054 -0.014600 2.426669
102030758 -0.660314 -0.014600 2.421830
102030759 -0.661573 -0.014600 2.416991
102030760 -0.662833 -0.014600 2.412153
102030761 -0.664093 -0.014600 2.407314
102030762 -0.665353 -0.014600 2.402475
102030763 -0.666613 -0.014600 2.397637
102030764 -0.667873 -0.014600 2.392798
102030765 -0.669133 -0.014600 2.387959
102030766 -0.670392 -0.014600 2.383121
102030767 -0.671652 -0.014600 2.378282
102030768 -0.672912 -0.014600 2.373443
102030769 -0.674172 -0.014600 2.368605
102030770 -0.675432 -0.014600 2.363766
102030771 -0.676692 -0.014600 2.358927
102030772 -0.677951 -0.014600 2.354089
102030773 -0.679211 -0.014600 2.349250
102030774 -0.680471 -0.014600 2.344411
102030775 -0.681731 -0.014600 2.339573
102030776 -0.682991 -0.014600 2.334734
102030777 -0.684251 -0.014600 2.329895
102030778 -0.685511 -0.014600 2.325057
102030779 -0.686770 -0.014600 2.320218
102030780 -0.688030 -0.014600 2.315379
102030781 -0.689290 -0.014600 2.310541
102030782 -0.690550 -0.014600 2.305702
102030783 -0.691810 -0.014600 2.300863
102030784 -0.693070 -0.014600 2.296025
102030785 -0.694329 -0.014600 2.291186
102030786 -0.695589 -0.014600 2.286347
102030787 -0.696849 -0.014600 2.281508
102030788 -0.698109 -0.014600 2.276670
102030789 -0.699369 -0.014600 2.271831
102030790 -0.700629 -0.014600 2.266992
102030791 -0.701889 -0.014600 2.262154
102030792 -0.703148 -0.014600 2.257315
102030793 -0.704408 -0.014600 2.252476
102030794 -0.705668 -0.014600 2.247638
102030795 -0.706928 -0.014600 2.242799
102030796 -0.708188 -0.014600 2.237960
102030797 -0.709448 -0.014600 2.233122
102030798 -0.710708 -0.014600 2.228283
102030799 -0.711967 -0.014600 2.223444
102030800 -0.713227 -0.014600 2.218606
