113010001 0.714487 -0.627400 2.213767
113010002 0.713227 -0.627400 2.218606
113010003 0.711967 -0.627400 2.223444
113010004 0.710708 -0.627400 2.228283
113010005 0.709448 -0.627400 2.233122
113010006 0.708188 -0.627400 2.237960
113010007 0.706928 -0.627400 2.242799
113010008 0.705668 -0.627400 2.247638
113010009 0.704408 -0.627400 2.252476
113010010 0.703148 -0.627400 2.257315
113010011 0.701889 -0.627400 2.262154
113010012 0.700629 -0.627400 2.266992
113010013 0.699369 -0.627400 2.271831
113010014 0.698109 -0.627400 2.276670
113010015 0.696849 -0.627400 2.281508
113010016 0.695589 -0.627400 2.286347
113010017 0.694330 -0.627400 2.291186
113010018 0.693070 -0.627400 2.296024
113010019 0.691810 -0.627400 2.300863
113010020 0.690550 -0.627400 2.305702
113010021 0.689290 -0.627400 2.310541
113010022 0.688030 -0.627400 2.315379
113010023 0.686770 -0.627400 2.320218
113010024 0.685511 -0.627400 2.325057
113010025 0.684251 -0.627400 2.329895
113010026 0.682991 -0.627400 2.334734
113010027 0.681731 -0.627400 2.339573
113010028 0.680471 -0.627400 2.344411
113010029 0.679211 -0.627400 2.349250
113010030 0.677951 -0.627400 2.354089
113010031 0.676692 -0.627400 2.358927
113010032 0.675432 -0.627400 2.363766
113010033 0.674172 -0.627400 2.368605
113010034 0.672912 -0.627400 2.373443
113010035 0.671652 -0.627400 2.378282
113010036 0.670392 -0.627400 2.383121
113010037 0.669133 -0.627400 2.387959
113010038 0.667873 -0.627400 2.392798
113010039 0.666613 -0.627400 2.397637
113010040 0.665353 -0.627400 2.402475
113010041 0.664093 -0.627400 2.407314
113010042 0.662833 -0.627400 2.412153
113010043 0.661573 -0.627400 2.416991
113010044 0.660314 -0.627400 2.421830
113010045 0.659054 -0.627400 2.426669
113010046 0.657794 -0.627400 2.431507
113010047 0.656534 -0.627400 2.436346
113010048 0.655274 -0.627400 2.441185
113010049 0.654014 -0.627400 2.446023
113010050 0.652755 -0.627400 2.450862
113010051 0.651495 -0.627400 2.455701
113010052 0.650235 -0.627400 2.460539
113010053 0.648975 -0.627400 2.465378
113010054 0.647715 -0.627400 2.470217
113010055 0.646455 -0.627400 2.475055
113010056 0.645195 -0.627400 2.479894
113010057 0.643936 -0.627400 2.484733
113010058 0.642676 -0.627400 2.489572
113010059 0.641416 -0.627400 2.494410
113010060 0.640156 -0.627400 2.499249
113010061 0.638896 -0.627400 2.504088
113010062 0.637636 -0.627400 2.508926
113010063 0.636376 -0.627400 2.513765
113010064 0.635117 -0.627400 2.518604
113010065 0.633857 -0.627400 2.523442
113010066 0.632597 -0.627400 2.528281
113010067 0.631337 -0.627400 2.533120
113010068 0.630077 -0.627400 2.537958
113010069 0.628817 -0.627400 2.542797
113010070 0.627558 -0.627400 2.547636
113010071 0.626298 -0.627400 2.552474
113010072 0.625038 -0.627400 2.557313
113010073 0.623778 -0.627400 2.562152
113010074 0.622518 -0.627400 2.566990
113010075 0.621258 -0.627400 2.571829
113010076 0.619998 -0.627400 2.576668
113010077 0.618739 -0.627400 2.581506
113010078 0.617479 -0.627400 2.586345
113010079 0.616219 -0.627400 2.591184
113010080 0.614959 -0.627400 2.596022
113010081 0.613699 -0.627400 2.600861
113010082 0.612439 -0.627400 2.605700
113010083 0.611180 -0.627400 2.610538
113010084 0.609920 -0.627400 2.615377
113010085 0.608660 -0.627400 2.620216
113010086 0.607400 -0.627400 2.625054
113010087 0.606140 -0.627400 2.629893
113010088 0.604880 -0.627400 2.634732
113010089 0.603620 -0.627400 2.639570
113010090 0.602361 -0.627400 2.644409
113010091 0.601101 -0.627400 2.649248
113010092 0.599841 -0.627400 2.654086
113010093 0.598581 -0.627400 2.658925
113010094 0.597321 -0.627400 2.663764
113010095 0.596061 -0.627400 2.668603
113010096 0.594801 -0.627400 2.673441
113010097 0.593542 -0.627400 2.678280
113010098 0.592282 -0.627400 2.683119
113010099 0.591022 -0.627400 2.687957
113010100 0.589762 -0.627400 2.692796
113010101 0.714487 -0.601000 2.213767
113010102 0.713227 -0.601000 2.218606
113010103 0.711967 -0.601000 2.223444
113010104 0.710708 -0.601000 2.228283
113010105 0.709448 -0.601000 2.233122
113010106 0.708188 -0.601000 2.237960
113010107 0.706928 -0.601000 2.242799
113010108 0.705668 -0.601000 2.247638
113010109 0.704408 -0.601000 2.252476
113010110 0.703148 -0.601000 2.257315
113010111 0.701889 -0.601000 2.262154
113010112 0.700629 -0.601000 2.266992
113010113 0.699369 -0.601000 2.271831
113010114 0.698109 -0.601000 2.276670
113010115 0.696849 -0.601000 2.281508
113010116 0.695589 -0.601000 2.286347
113010117 0.694330 -0.601000 2.291186
113010118 0.693070 -0.601000 2.296024
113010119 0.691810 -0.601000 2.300863
113010120 0.690550 -0.601000 2.305702
113010121 0.689290 -0.601000 2.310541
113010122 0.688030 -0.601000 2.315379
113010123 0.686770 -0.601000 2.320218
113010124 0.685511 -0.601000 2.325057
113010125 0.684251 -0.601000 2.329895
113010126 0.682991 -0.601000 2.334734
113010127 0.681731 -0.601000 2.339573
113010128 0.680471 -0.601000 2.344411
113010129 0.679211 -0.601000 2.349250
113010130 0.677951 -0.601000 2.354089
113010131 0.676692 -0.601000 2.358927
113010132 0.675432 -0.601000 2.363766
113010133 0.674172 -0.601000 2.368605
113010134 0.672912 -0.601000 2.373443
113010135 0.671652 -0.601000 2.378282
113010136 0.670392 -0.601000 2.383121
113010137 0.669133 -0.601000 2.387959
113010138 0.667873 -0.601000 2.392798
113010139 0.666613 -0.601000 2.397637
113010140 0.665353 -0.601000 2.402475
113010141 0.664093 -0.601000 2.407314
113010142 0.662833 -0.601000 2.412153
113010143 0.661573 -0.601000 2.416991
113010144 0.660314 -0.601000 2.421830
113010145 0.659054 -0.601000 2.426669
113010146 0.657794 -0.601000 2.431507
113010147 0.656534 -0.601000 2.436346
113010148 0.655274 -0.601000 2.441185
113010149 0.654014 -0.601000 2.446023
113010150 0.652755 -0.601000 2.450862
113010151 0.651495 -0.601000 2.455701
113010152 0.650235 -0.601000 2.460539
113010153 0.648975 -0.601000 2.465378
113010154 0.647715 -0.601000 2.470217
113010155 0.646455 -0.601000 2.475055
113010156 0.645195 -0.601000 2.479894
113010157 0.643936 -0.601000 2.484733
113010158 0.642676 -0.601000 2.489572
113010159 0.641416 -0.601000 2.494410
113010160 0.640156 -0.601000 2.499249
113010161 0.638896 -0.601000 2.504088
113010162 0.637636 -0.601000 2.508926
113010163 0.636376 -0.601000 2.513765
113010164 0.635117 -0.601000 2.518604
113010165 0.633857 -0.601000 2.523442
113010166 0.632597 -0.601000 2.528281
113010167 0.631337 -0.601000 2.533120
113010168 0.630077 -0.601000 2.537958
113010169 0.628817 -0.601000 2.542797
113010170 0.627558 -0.601000 2.547636
113010171 0.626298 -0.601000 2.552474
113010172 0.625038 -0.601000 2.557313
113010173 0.623778 -0.601000 2.562152
113010174 0.622518 -0.601000 2.566990
113010175 0.621258 -0.601000 2.571829
113010176 0.619998 -0.601000 2.576668
113010177 0.618739 -0.601000 2.581506
113010178 0.617479 -0.601000 2.586345
113010179 0.616219 -0.601000 2.591184
113010180 0.614959 -0.601000 2.596022
113010181 0.613699 -0.601000 2.600861
113010182 0.612439 -0.601000 2.605700
113010183 0.611180 -0.601000 2.610538
113010184 0.609920 -0.601000 2.615377
113010185 0.608660 -0.601000 2.620216
113010186 0.607400 -0.601000 2.625054
113010187 0.606140 -0.601000 2.629893
113010188 0.604880 -0.601000 2.634732
113010189 0.603620 -0.601000 2.639570
113010190 0.602361 -0.601000 2.644409
113010191 0.601101 -0.601000 2.649248
113010192 0.599841 -0.601000 2.654086
113010193 0.598581 -0.601000 2.658925
113010194 0.597321 -0.601000 2.663764
113010195 0.596061 -0.601000 2.668603
113010196 0.594801 -0.601000 2.673441
113010197 0.593542 -0.601000 2.678280
113010198 0.592282 -0.601000 2.683119
113010199 0.591022 -0.601000 2.687957
113010200 0.589762 -0.601000 2.692796
113010201 0.714487 -0.574600 2.213767
113010202 0.713227 -0.574600 2.218606
113010203 0.711967 -0.574600 2.223444
113010204 0.710708 -0.574600 2.228283
113010205 0.709448 -0.574600 2.233122
113010206 0.708188 -0.574600 2.237960
113010207 0.706928 -0.574600 2.242799
113010208 0.705668 -0.574600 2.247638
113010209 0.704408 -0.574600 2.252476
113010210 0.703148 -0.574600 2.257315
113010211 0.701889 -0.574600 2.262154
113010212 0.700629 -0.574600 2.266992
113010213 0.699369 -0.574600 2.271831
113010214 0.698109 -0.574600 2.276670
113010215 0.696849 -0.574600 2.281508
113010216 0.695589 -0.574600 2.286347
113010217 0.694330 -0.574600 2.291186
113010218 0.693070 -0.574600 2.296024
113010219 0.691810 -0.574600 2.300863
113010220 0.690550 -0.574600 2.305702
113010221 0.689290 -0.574600 2.310541
113010222 0.688030 -0.574600 2.315379
113010223 0.686770 -0.574600 2.320218
113010224 0.685511 -0.574600 2.325057
113010225 0.684251 -0.574600 2.329895
113010226 0.682991 -0.574600 2.334734
113010227 0.681731 -0.574600 2.339573
113010228 0.680471 -0.574600 2.344411
113010229 0.679211 -0.574600 2.349250
113010230 0.677951 -0.574600 2.354089
113010231 0.676692 -0.574600 2.358927
113010232 0.675432 -0.574600 2.363766
113010233 0.674172 -0.574600 2.368605
113010234 0.672912 -0.574600 2.373443
113010235 0.671652 -0.574600 2.378282
113010236 0.670392 -0.574600 2.383121
113010237 0.669133 -0.574600 2.387959
113010238 0.667873 -0.574600 2.392798
113010239 0.666613 -0.574600 2.397637
113010240 0.665353 -0.574600 2.402475
113010241 0.664093 -0.574600 2.407314
113010242 0.662833 -0.574600 2.412153
113010243 0.661573 -0.574600 2.416991
113010244 0.660314 -0.574600 2.421830
113010245 0.659054 -0.574600 2.426669
113010246 0.657794 -0.574600 2.431507
113010247 0.656534 -0.574600 2.436346
113010248 0.655274 -0.574600 2.441185
113010249 0.654014 -0.574600 2.446023
113010250 0.652755 -0.574600 2.450862
113010251 0.651495 -0.574600 2.455701
113010252 0.650235 -0.574600 2.460539
113010253 0.648975 -0.574600 2.465378
113010254 0.647715 -0.574600 2.470217
113010255 0.646455 -0.574600 2.475055
113010256 0.645195 -0.574600 2.479894
113010257 0.643936 -0.574600 2.484733
113010258 0.642676 -0.574600 2.489572
113010259 0.641416 -0.574600 2.494410
113010260 0.640156 -0.574600 2.499249
113010261 0.638896 -0.574600 2.504088
113010262 0.637636 -0.574600 2.508926
113010263 0.636376 -0.574600 2.513765
113010264 0.635117 -0.574600 2.518604
113010265 0.633857 -0.574600 2.523442
113010266 0.632597 -0.574600 2.528281
113010267 0.631337 -0.574600 2.533120
113010268 0.630077 -0.574600 2.537958
113010269 0.628817 -0.574600 2.542797
113010270 0.627558 -0.574600 2.547636
113010271 0.626298 -0.574600 2.552474
113010272 0.625038 -0.574600 2.557313
113010273 0.623778 -0.574600 2.562152
113010274 0.622518 -0.574600 2.566990
113010275 0.621258 -0.574600 2.571829
113010276 0.619998 -0.574600 2.576668
113010277 0.618739 -0.574600 2.581506
113010278 0.617479 -0.574600 2.586345
113010279 0.616219 -0.574600 2.591184
113010280 0.614959 -0.574600 2.596022
113010281 0.613699 -0.574600 2.600861
113010282 0.612439 -0.574600 2.605700
113010283 0.611180 -0.574600 2.610538
113010284 0.609920 -0.574600 2.615377
113010285 0.608660 -0.574600 2.620216
113010286 0.607400 -0.574600 2.625054
113010287 0.606140 -0.574600 2.629893
113010288 0.604880 -0.574600 2.634732
113010289 0.603620 -0.574600 2.639570
113010290 0.602361 -0.574600 2.644409
113010291 0.601101 -0.574600 2.649248
113010292 0.599841 -0.574600 2.654086
113010293 0.598581 -0.574600 2.658925
113010294 0.597321 -0.574600 2.663764
113010295 0.596061 -0.574600 2.668603
113010296 0.594801 -0.574600 2.673441
113010297 0.593542 -0.574600 2.678280
113010298 0.592282 -0.574600 2.683119
113010299 0.591022 -0.574600 2.687957
113010300 0.589762 -0.574600 2.692796
113010301 0.714487 -0.548200 2.213767
113010302 0.713227 -0.548200 2.218606
113010303 0.711967 -0.548200 2.223444
113010304 0.710708 -0.548200 2.228283
113010305 0.709448 -0.548200 2.233122
113010306 0.708188 -0.548200 2.237960
113010307 0.706928 -0.548200 2.242799
113010308 0.705668 -0.548200 2.247638
113010309 0.704408 -0.548200 2.252476
113010310 0.703148 -0.548200 2.257315
113010311 0.701889 -0.548200 2.262154
113010312 0.700629 -0.548200 2.266992
113010313 0.699369 -0.548200 2.271831
113010314 0.698109 -0.548200 2.276670
113010315 0.696849 -0.548200 2.281508
113010316 0.695589 -0.548200 2.286347
113010317 0.694330 -0.548200 2.291186
113010318 0.693070 -0.548200 2.296024
113010319 0.691810 -0.548200 2.300863
113010320 0.690550 -0.548200 2.305702
113010321 0.689290 -0.548200 2.310541
113010322 0.688030 -0.548200 2.315379
113010323 0.686770 -0.548200 2.320218
113010324 0.685511 -0.548200 2.325057
113010325 0.684251 -0.548200 2.329895
113010326 0.682991 -0.548200 2.334734
113010327 0.681731 -0.548200 2.339573
113010328 0.680471 -0.548200 2.344411
113010329 0.679211 -0.548200 2.349250
113010330 0.677951 -0.548200 2.354089
113010331 0.676692 -0.548200 2.358927
113010332 0.675432 -0.548200 2.363766
113010333 0.674172 -0.548200 2.368605
113010334 0.672912 -0.548200 2.373443
113010335 0.671652 -0.548200 2.378282
113010336 0.670392 -0.548200 2.383121
113010337 0.669133 -0.548200 2.387959
113010338 0.667873 -0.548200 2.392798
113010339 0.666613 -0.548200 2.397637
113010340 0.665353 -0.548200 2.402475
113010341 0.664093 -0.548200 2.407314
113010342 0.662833 -0.548200 2.412153
113010343 0.661573 -0.548200 2.416991
113010344 0.660314 -0.548200 2.421830
113010345 0.659054 -0.548200 2.426669
113010346 0.657794 -0.548200 2.431507
113010347 0.656534 -0.548200 2.436346
113010348 0.655274 -0.548200 2.441185
113010349 0.654014 -0.548200 2.446023
113010350 0.652755 -0.548200 2.450862
113010351 0.651495 -0.548200 2.455701
113010352 0.650235 -0.548200 2.460539
113010353 0.648975 -0.548200 2.465378
113010354 0.647715 -0.548200 2.470217
113010355 0.646455 -0.548200 2.475055
113010356 0.645195 -0.548200 2.479894
113010357 0.643936 -0.548200 2.484733
113010358 0.642676 -0.548200 2.489572
113010359 0.641416 -0.548200 2.494410
113010360 0.640156 -0.548200 2.499249
113010361 0.638896 -0.548200 2.504088
113010362 0.637636 -0.548200 2.508926
113010363 0.636376 -0.548200 2.513765
113010364 0.635117 -0.548200 2.518604
113010365 0.633857 -0.548200 2.523442
113010366 0.632597 -0.548200 2.528281
113010367 0.631337 -0.548200 2.533120
113010368 0.630077 -0.548200 2.537958
113010369 0.628817 -0.548200 2.542797
113010370 0.627558 -0.548200 2.547636
113010371 0.626298 -0.548200 2.552474
113010372 0.625038 -0.548200 2.557313
113010373 0.623778 -0.548200 2.562152
113010374 0.622518 -0.548200 2.566990
113010375 0.621258 -0.548200 2.571829
113010376 0.619998 -0.548200 2.576668
113010377 0.618739 -0.548200 2.581506
113010378 0.617479 -0.548200 2.586345
113010379 0.616219 -0.548200 2.591184
113010380 0.614959 -0.548200 2.596022
113010381 0.613699 -0.548200 2.600861
113010382 0.612439 -0.548200 2.605700
113010383 0.611180 -0.548200 2.610538
113010384 0.609920 -0.548200 2.615377
113010385 0.608660 -0.548200 2.620216
113010386 0.607400 -0.548200 2.625054
113010387 0.606140 -0.548200 2.629893
113010388 0.604880 -0.548200 2.634732
113010389 0.603620 -0.548200 2.639570
113010390 0.602361 -0.548200 2.644409
113010391 0.601101 -0.548200 2.649248
113010392 0.599841 -0.548200 2.654086
113010393 0.598581 -0.548200 2.658925
113010394 0.597321 -0.548200 2.663764
113010395 0.596061 -0.548200 2.668603
113010396 0.594801 -0.548200 2.673441
113010397 0.593542 -0.548200 2.678280
113010398 0.592282 -0.548200 2.683119
113010399 0.591022 -0.548200 2.687957
113010400 0.589762 -0.548200 2.692796
113010401 0.714487 -0.521800 2.213767
113010402 0.713227 -0.521800 2.218606
113010403 0.711967 -0.521800 2.223444
113010404 0.710708 -0.521800 2.228283
113010405 0.709448 -0.521800 2.233122
113010406 0.708188 -0.521800 2.237960
113010407 0.706928 -0.521800 2.242799
113010408 0.705668 -0.521800 2.247638
113010409 0.704408 -0.521800 2.252476
113010410 0.703148 -0.521800 2.257315
113010411 0.701889 -0.521800 2.262154
113010412 0.700629 -0.521800 2.266992
113010413 0.699369 -0.521800 2.271831
113010414 0.698109 -0.521800 2.276670
113010415 0.696849 -0.521800 2.281508
113010416 0.695589 -0.521800 2.286347
113010417 0.694330 -0.521800 2.291186
113010418 0.693070 -0.521800 2.296024
113010419 0.691810 -0.521800 2.300863
113010420 0.690550 -0.521800 2.305702
113010421 0.689290 -0.521800 2.310541
113010422 0.688030 -0.521800 2.315379
113010423 0.686770 -0.521800 2.320218
113010424 0.685511 -0.521800 2.325057
113010425 0.684251 -0.521800 2.329895
113010426 0.682991 -0.521800 2.334734
113010427 0.681731 -0.521800 2.339573
113010428 0.680471 -0.521800 2.344411
113010429 0.679211 -0.521800 2.349250
113010430 0.677951 -0.521800 2.354089
113010431 0.676692 -0.521800 2.358927
113010432 0.675432 -0.521800 2.363766
113010433 0.674172 -0.521800 2.368605
113010434 0.672912 -0.521800 2.373443
113010435 0.671652 -0.521800 2.378282
113010436 0.670392 -0.521800 2.383121
113010437 0.669133 -0.521800 2.387959
113010438 0.667873 -0.521800 2.392798
113010439 0.666613 -0.521800 2.397637
113010440 0.665353 -0.521800 2.402475
113010441 0.664093 -0.521800 2.407314
113010442 0.662833 -0.521800 2.412153
113010443 0.661573 -0.521800 2.416991
113010444 0.660314 -0.521800 2.421830
113010445 0.659054 -0.521800 2.426669
113010446 0.657794 -0.521800 2.431507
113010447 0.656534 -0.521800 2.436346
113010448 0.655274 -0.521800 2.441185
113010449 0.654014 -0.521800 2.446023
113010450 0.652755 -0.521800 2.450862
113010451 0.651495 -0.521800 2.455701
113010452 0.650235 -0.521800 2.460539
113010453 0.648975 -0.521800 2.465378
113010454 0.647715 -0.521800 2.470217
113010455 0.646455 -0.521800 2.475055
113010456 0.645195 -0.521800 2.479894
113010457 0.643936 -0.521800 2.484733
113010458 0.642676 -0.521800 2.489572
113010459 0.641416 -0.521800 2.494410
113010460 0.640156 -0.521800 2.499249
113010461 0.638896 -0.521800 2.504088
113010462 0.637636 -0.521800 2.508926
113010463 0.636376 -0.521800 2.513765
113010464 0.635117 -0.521800 2.518604
113010465 0.633857 -0.521800 2.523442
113010466 0.632597 -0.521800 2.528281
113010467 0.631337 -0.521800 2.533120
113010468 0.630077 -0.521800 2.537958
113010469 0.628817 -0.521800 2.542797
113010470 0.627558 -0.521800 2.547636
113010471 0.626298 -0.521800 2.552474
113010472 0.625038 -0.521800 2.557313
113010473 0.623778 -0.521800 2.562152
113010474 0.622518 -0.521800 2.566990
113010475 0.621258 -0.521800 2.571829
113010476 0.619998 -0.521800 2.576668
113010477 0.618739 -0.521800 2.581506
113010478 0.617479 -0.521800 2.586345
113010479 0.616219 -0.521800 2.591184
113010480 0.614959 -0.521800 2.596022
113010481 0.613699 -0.521800 2.600861
113010482 0.612439 -0.521800 2.605700
113010483 0.611180 -0.521800 2.610538
113010484 0.609920 -0.521800 2.615377
113010485 0.608660 -0.521800 2.620216
113010486 0.607400 -0.521800 2.625054
113010487 0.606140 -0.521800 2.629893
113010488 0.604880 -0.521800 2.634732
113010489 0.603620 -0.521800 2.639570
113010490 0.602361 -0.521800 2.644409
113010491 0.601101 -0.521800 2.649248
113010492 0.599841 -0.521800 2.654086
113010493 0.598581 -0.521800 2.658925
113010494 0.597321 -0.521800 2.663764
113010495 0.596061 -0.521800 2.668603
113010496 0.594801 -0.521800 2.673441
113010497 0.593542 -0.521800 2.678280
113010498 0.592282 -0.521800 2.683119
113010499 0.591022 -0.521800 2.687957
113010500 0.589762 -0.521800 2.692796
113010501 0.714487 -0.495400 2.213767
113010502 0.713227 -0.495400 2.218606
113010503 0.711967 -0.495400 2.223444
113010504 0.710708 -0.495400 2.228283
113010505 0.709448 -0.495400 2.233122
113010506 0.708188 -0.495400 2.237960
113010507 0.706928 -0.495400 2.242799
113010508 0.705668 -0.495400 2.247638
113010509 0.704408 -0.495400 2.252476
113010510 0.703148 -0.495400 2.257315
113010511 0.701889 -0.495400 2.262154
113010512 0.700629 -0.495400 2.266992
113010513 0.699369 -0.495400 2.271831
113010514 0.698109 -0.495400 2.276670
113010515 0.696849 -0.495400 2.281508
113010516 0.695589 -0.495400 2.286347
113010517 0.694330 -0.495400 2.291186
113010518 0.693070 -0.495400 2.296024
113010519 0.691810 -0.495400 2.300863
113010520 0.690550 -0.495400 2.305702
113010521 0.689290 -0.495400 2.310541
113010522 0.688030 -0.495400 2.315379
113010523 0.686770 -0.495400 2.320218
113010524 0.685511 -0.495400 2.325057
113010525 0.684251 -0.495400 2.329895
113010526 0.682991 -0.495400 2.334734
113010527 0.681731 -0.495400 2.339573
113010528 0.680471 -0.495400 2.344411
113010529 0.679211 -0.495400 2.349250
113010530 0.677951 -0.495400 2.354089
113010531 0.676692 -0.495400 2.358927
113010532 0.675432 -0.495400 2.363766
113010533 0.674172 -0.495400 2.368605
113010534 0.672912 -0.495400 2.373443
113010535 0.671652 -0.495400 2.378282
113010536 0.670392 -0.495400 2.383121
113010537 0.669133 -0.495400 2.387959
113010538 0.667873 -0.495400 2.392798
113010539 0.666613 -0.495400 2.397637
113010540 0.665353 -0.495400 2.402475
113010541 0.664093 -0.495400 2.407314
113010542 0.662833 -0.495400 2.412153
113010543 0.661573 -0.495400 2.416991
113010544 0.660314 -0.495400 2.421830
113010545 0.659054 -0.495400 2.426669
113010546 0.657794 -0.495400 2.431507
113010547 0.656534 -0.495400 2.436346
113010548 0.655274 -0.495400 2.441185
113010549 0.654014 -0.495400 2.446023
113010550 0.652755 -0.495400 2.450862
113010551 0.651495 -0.495400 2.455701
113010552 0.650235 -0.495400 2.460539
113010553 0.648975 -0.495400 2.465378
113010554 0.647715 -0.495400 2.470217
113010555 0.646455 -0.495400 2.475055
113010556 0.645195 -0.495400 2.479894
113010557 0.643936 -0.495400 2.484733
113010558 0.642676 -0.495400 2.489572
113010559 0.641416 -0.495400 2.494410
113010560 0.640156 -0.495400 2.499249
113010561 0.638896 -0.495400 2.504088
113010562 0.637636 -0.495400 2.508926
113010563 0.636376 -0.495400 2.513765
113010564 0.635117 -0.495400 2.518604
113010565 0.633857 -0.495400 2.523442
113010566 0.632597 -0.495400 2.528281
113010567 0.631337 -0.495400 2.533120
113010568 0.630077 -0.495400 2.537958
113010569 0.628817 -0.495400 2.542797
113010570 0.627558 -0.495400 2.547636
113010571 0.626298 -0.495400 2.552474
113010572 0.625038 -0.495400 2.557313
113010573 0.623778 -0.495400 2.562152
113010574 0.622518 -0.495400 2.566990
113010575 0.621258 -0.495400 2.571829
113010576 0.619998 -0.495400 2.576668
113010577 0.618739 -0.495400 2.581506
113010578 0.617479 -0.495400 2.586345
113010579 0.616219 -0.495400 2.591184
113010580 0.614959 -0.495400 2.596022
113010581 0.613699 -0.495400 2.600861
113010582 0.612439 -0.495400 2.605700
113010583 0.611180 -0.495400 2.610538
113010584 0.609920 -0.495400 2.615377
113010585 0.608660 -0.495400 2.620216
113010586 0.607400 -0.495400 2.625054
113010587 0.606140 -0.495400 2.629893
113010588 0.604880 -0.495400 2.634732
113010589 0.603620 -0.495400 2.639570
113010590 0.602361 -0.495400 2.644409
113010591 0.601101 -0.495400 2.649248
113010592 0.599841 -0.495400 2.654086
113010593 0.598581 -0.495400 2.658925
113010594 0.597321 -0.495400 2.663764
113010595 0.596061 -0.495400 2.668603
113010596 0.594801 -0.495400 2.673441
113010597 0.593542 -0.495400 2.678280
113010598 0.592282 -0.495400 2.683119
113010599 0.591022 -0.495400 2.687957
113010600 0.589762 -0.495400 2.692796
113010601 0.714487 -0.469000 2.213767
113010602 0.713227 -0.469000 2.218606
113010603 0.711967 -0.469000 2.223444
113010604 0.710708 -0.469000 2.228283
113010605 0.709448 -0.469000 2.233122
113010606 0.708188 -0.469000 2.237960
113010607 0.706928 -0.469000 2.242799
113010608 0.705668 -0.469000 2.247638
113010609 0.704408 -0.469000 2.252476
113010610 0.703148 -0.469000 2.257315
113010611 0.701889 -0.469000 2.262154
113010612 0.700629 -0.469000 2.266992
113010613 0.699369 -0.469000 2.271831
113010614 0.698109 -0.469000 2.276670
113010615 0.696849 -0.469000 2.281508
113010616 0.695589 -0.469000 2.286347
113010617 0.694330 -0.469000 2.291186
113010618 0.693070 -0.469000 2.296024
113010619 0.691810 -0.469000 2.300863
113010620 0.690550 -0.469000 2.305702
113010621 0.689290 -0.469000 2.310541
113010622 0.688030 -0.469000 2.315379
113010623 0.686770 -0.469000 2.320218
113010624 0.685511 -0.469000 2.325057
113010625 0.684251 -0.469000 2.329895
113010626 0.682991 -0.469000 2.334734
113010627 0.681731 -0.469000 2.339573
113010628 0.680471 -0.469000 2.344411
113010629 0.679211 -0.469000 2.349250
113010630 0.677951 -0.469000 2.354089
113010631 0.676692 -0.469000 2.358927
113010632 0.675432 -0.469000 2.363766
113010633 0.674172 -0.469000 2.368605
113010634 0.672912 -0.469000 2.373443
113010635 0.671652 -0.469000 2.378282
113010636 0.670392 -0.469000 2.383121
113010637 0.669133 -0.469000 2.387959
113010638 0.667873 -0.469000 2.392798
113010639 0.666613 -0.469000 2.397637
113010640 0.665353 -0.469000 2.402475
113010641 0.664093 -0.469000 2.407314
113010642 0.662833 -0.469000 2.412153
113010643 0.661573 -0.469000 2.416991
113010644 0.660314 -0.469000 2.421830
113010645 0.659054 -0.469000 2.426669
113010646 0.657794 -0.469000 2.431507
113010647 0.656534 -0.469000 2.436346
113010648 0.655274 -0.469000 2.441185
113010649 0.654014 -0.469000 2.446023
113010650 0.652755 -0.469000 2.450862
113010651 0.651495 -0.469000 2.455701
113010652 0.650235 -0.469000 2.460539
113010653 0.648975 -0.469000 2.465378
113010654 0.647715 -0.469000 2.470217
113010655 0.646455 -0.469000 2.475055
113010656 0.645195 -0.469000 2.479894
113010657 0.643936 -0.469000 2.484733
113010658 0.642676 -0.469000 2.489572
113010659 0.641416 -0.469000 2.494410
113010660 0.640156 -0.469000 2.499249
113010661 0.638896 -0.469000 2.504088
113010662 0.637636 -0.469000 2.508926
113010663 0.636376 -0.469000 2.513765
113010664 0.635117 -0.469000 2.518604
113010665 0.633857 -0.469000 2.523442
113010666 0.632597 -0.469000 2.528281
113010667 0.631337 -0.469000 2.533120
113010668 0.630077 -0.469000 2.537958
113010669 0.628817 -0.469000 2.542797
113010670 0.627558 -0.469000 2.547636
113010671 0.626298 -0.469000 2.552474
113010672 0.625038 -0.469000 2.557313
113010673 0.623778 -0.469000 2.562152
113010674 0.622518 -0.469000 2.566990
113010675 0.621258 -0.469000 2.571829
113010676 0.619998 -0.469000 2.576668
113010677 0.618739 -0.469000 2.581506
113010678 0.617479 -0.469000 2.586345
113010679 0.616219 -0.469000 2.591184
113010680 0.614959 -0.469000 2.596022
113010681 0.613699 -0.469000 2.600861
113010682 0.612439 -0.469000 2.605700
113010683 0.611180 -0.469000 2.610538
113010684 0.609920 -0.469000 2.615377
113010685 0.608660 -0.469000 2.620216
113010686 0.607400 -0.469000 2.625054
113010687 0.606140 -0.469000 2.629893
113010688 0.604880 -0.469000 2.634732
113010689 0.603620 -0.469000 2.639570
113010690 0.602361 -0.469000 2.644409
113010691 0.601101 -0.469000 2.649248
113010692 0.599841 -0.469000 2.654086
113010693 0.598581 -0.469000 2.658925
113010694 0.597321 -0.469000 2.663764
113010695 0.596061 -0.469000 2.668603
113010696 0.594801 -0.469000 2.673441
113010697 0.593542 -0.469000 2.678280
113010698 0.592282 -0.469000 2.683119
113010699 0.591022 -0.469000 2.687957
113010700 0.589762 -0.469000 2.692796
113010701 0.714487 -0.442600 2.213767
113010702 0.713227 -0.442600 2.218606
113010703 0.711967 -0.442600 2.223444
113010704 0.710708 -0.442600 2.228283
113010705 0.709448 -0.442600 2.233122
113010706 0.708188 -0.442600 2.237960
113010707 0.706928 -0.442600 2.242799
113010708 0.705668 -0.442600 2.247638
113010709 0.704408 -0.442600 2.252476
113010710 0.703148 -0.442600 2.257315
113010711 0.701889 -0.442600 2.262154
113010712 0.700629 -0.442600 2.266992
113010713 0.699369 -0.442600 2.271831
113010714 0.698109 -0.442600 2.276670
113010715 0.696849 -0.442600 2.281508
113010716 0.695589 -0.442600 2.286347
113010717 0.694330 -0.442600 2.291186
113010718 0.693070 -0.442600 2.296024
113010719 0.691810 -0.442600 2.300863
113010720 0.690550 -0.442600 2.305702
113010721 0.689290 -0.442600 2.310541
113010722 0.688030 -0.442600 2.315379
113010723 0.686770 -0.442600 2.320218
113010724 0.685511 -0.442600 2.325057
113010725 0.684251 -0.442600 2.329895
113010726 0.682991 -0.442600 2.334734
113010727 0.681731 -0.442600 2.339573
113010728 0.680471 -0.442600 2.344411
113010729 0.679211 -0.442600 2.349250
113010730 0.677951 -0.442600 2.354089
113010731 0.676692 -0.442600 2.358927
113010732 0.675432 -0.442600 2.363766
113010733 0.674172 -0.442600 2.368605
113010734 0.672912 -0.442600 2.373443
113010735 0.671652 -0.442600 2.378282
113010736 0.670392 -0.442600 2.383121
113010737 0.669133 -0.442600 2.387959
113010738 0.667873 -0.442600 2.392798
113010739 0.666613 -0.442600 2.397637
113010740 0.665353 -0.442600 2.402475
113010741 0.664093 -0.442600 2.407314
113010742 0.662833 -0.442600 2.412153
113010743 0.661573 -0.442600 2.416991
113010744 0.660314 -0.442600 2.421830
113010745 0.659054 -0.442600 2.426669
113010746 0.657794 -0.442600 2.431507
113010747 0.656534 -0.442600 2.436346
113010748 0.655274 -0.442600 2.441185
113010749 0.654014 -0.442600 2.446023
113010750 0.652755 -0.442600 2.450862
113010751 0.651495 -0.442600 2.455701
113010752 0.650235 -0.442600 2.460539
113010753 0.648975 -0.442600 2.465378
113010754 0.647715 -0.442600 2.470217
113010755 0.646455 -0.442600 2.475055
113010756 0.645195 -0.442600 2.479894
113010757 0.643936 -0.442600 2.484733
113010758 0.642676 -0.442600 2.489572
113010759 0.641416 -0.442600 2.494410
113010760 0.640156 -0.442600 2.499249
113010761 0.638896 -0.442600 2.504088
113010762 0.637636 -0.442600 2.508926
113010763 0.636376 -0.442600 2.513765
113010764 0.635117 -0.442600 2.518604
113010765 0.633857 -0.442600 2.523442
113010766 0.632597 -0.442600 2.528281
113010767 0.631337 -0.442600 2.533120
113010768 0.630077 -0.442600 2.537958
113010769 0.628817 -0.442600 2.542797
113010770 0.627558 -0.442600 2.547636
113010771 0.626298 -0.442600 2.552474
113010772 0.625038 -0.442600 2.557313
113010773 0.623778 -0.442600 2.562152
113010774 0.622518 -0.442600 2.566990
113010775 0.621258 -0.442600 2.571829
113010776 0.619998 -0.442600 2.576668
113010777 0.618739 -0.442600 2.581506
113010778 0.617479 -0.442600 2.586345
113010779 0.616219 -0.442600 2.591184
113010780 0.614959 -0.442600 2.596022
113010781 0.613699 -0.442600 2.600861
113010782 0.612439 -0.442600 2.605700
113010783 0.611180 -0.442600 2.610538
113010784 0.609920 -0.442600 2.615377
113010785 0.608660 -0.442600 2.620216
113010786 0.607400 -0.442600 2.625054
113010787 0.606140 -0.442600 2.629893
113010788 0.604880 -0.442600 2.634732
113010789 0.603620 -0.442600 2.639570
113010790 0.602361 -0.442600 2.644409
113010791 0.601101 -0.442600 2.649248
113010792 0.599841 -0.442600 2.654086
113010793 0.598581 -0.442600 2.658925
113010794 0.597321 -0.442600 2.663764
113010795 0.596061 -0.442600 2.668603
113010796 0.594801 -0.442600 2.673441
113010797 0.593542 -0.442600 2.678280
113010798 0.592282 -0.442600 2.683119
113010799 0.591022 -0.442600 2.687957
113010800 0.589762 -0.442600 2.692796
