106040001 -1.025010 0.228600 -0.632463
106040002 -1.021558 0.228600 -0.636081
106040003 -1.018107 0.228600 -0.639698
106040004 -1.014655 0.228600 -0.643316
106040005 -1.011204 0.228600 -0.646933
106040006 -1.007752 0.228600 -0.650551
106040007 -1.004300 0.228600 -0.654168
106040008 -1.000849 0.228600 -0.657786
106040009 -0.997397 0.228600 -0.661403
106040010 -0.993946 0.228600 -0.665021
106040011 -0.990494 0.228600 -0.668638
106040012 -0.987042 0.228600 -0.672256
106040013 -0.983591 0.228600 -0.675873
106040014 -0.980139 0.228600 -0.679491
106040015 -0.976687 0.228600 -0.683108
106040016 -0.973236 0.228600 -0.686726
106040017 -0.969784 0.228600 -0.690343
106040018 -0.966333 0.228600 -0.693961
106040019 -0.962881 0.228600 -0.697578
106040020 -0.959429 0.228600 -0.701196
106040021 -0.955978 0.228600 -0.704813
106040022 -0.952526 0.228600 -0.708431
106040023 -0.949075 0.228600 -0.712048
106040024 -0.945623 0.228600 -0.715666
106040025 -0.942171 0.228600 -0.719283
106040026 -0.938720 0.228600 -0.722901
106040027 -0.935268 0.228600 -0.726518
106040028 -0.931816 0.228600 -0.730136
106040029 -0.928365 0.228600 -0.733753
106040030 -0.924913 0.228600 -0.737371
106040031 -0.921462 0.228600 -0.740988
106040032 -0.918010 0.228600 -0.744606
106040033 -0.914558 0.228600 -0.748223
106040034 -0.911107 0.228600 -0.751841
106040035 -0.907655 0.228600 -0.755458
106040036 -0.904204 0.228600 -0.759076
106040037 -0.900752 0.228600 -0.762693
106040038 -0.897300 0.228600 -0.766311
106040039 -0.893849 0.228600 -0.769928
106040040 -0.890397 0.228600 -0.773546
106040041 -0.886945 0.228600 -0.777163
106040042 -0.883494 0.228600 -0.780781
106040043 -0.880042 0.228600 -0.784398
106040044 -0.876591 0.228600 -0.788016
106040045 -0.873139 0.228600 -0.791633
106040046 -0.869687 0.228600 -0.795251
106040047 -0.866236 0.228600 -0.798868
106040048 -0.862784 0.228600 -0.802486
106040049 -0.859333 0.228600 -0.806103
106040050 -0.855881 0.228600 -0.809721
106040051 -0.852429 0.228600 -0.813338
106040052 -0.848978 0.228600 -0.816956
106040053 -0.845526 0.228600 -0.820573
106040054 -0.842074 0.228600 -0.824191
106040055 -0.838623 0.228600 -0.827808
106040056 -0.835171 0.228600 -0.831426
106040057 -0.831720 0.228600 -0.835043
106040058 -0.828268 0.228600 -0.838661
106040059 -0.824816 0.228600 -0.842278
106040060 -0.821365 0.228600 -0.845896
106040061 -0.817913 0.228600 -0.849513
106040062 -0.814462 0.228600 -0.853131
106040063 -0.811010 0.228600 -0.856748
106040064 -0.807558 0.228600 -0.860366
106040065 -0.804107 0.228600 -0.863983
106040066 -0.800655 0.228600 -0.867601
106040067 -0.797203 0.228600 -0.871218
106040068 -0.793752 0.228600 -0.874836
106040069 -0.790300 0.228600 -0.878453
106040070 -0.786849 0.228600 -0.882071
106040071 -0.783397 0.228600 -0.885688
106040072 -0.779945 0.228600 -0.889306
106040073 -0.776494 0.228600 -0.892923
106040074 -0.773042 0.228600 -0.896541
106040075 -0.769591 0.228600 -0.900159
106040076 -0.766139 0.228600 -0.903776
106040077 -0.762687 0.228600 -0.907394
106040078 -0.759236 0.228600 -0.911011
106040079 -0.755784 0.228600 -0.914629
106040080 -0.752332 0.228600 -0.918246
106040081 -0.748881 0.228600 -0.921864
106040082 -0.745429 0.228600 -0.925481
106040083 -0.741978 0.228600 -0.929099
106040084 -0.738526 0.228600 -0.932716
106040085 -0.735074 0.228600 -0.936334
106040086 -0.731623 0.228600 -0.939951
106040087 -0.728171 0.228600 -0.943569
106040088 -0.724719 0.228600 -0.947186
106040089 -0.721268 0.228600 -0.950804
106040090 -0.717816 0.228600 -0.954421
106040091 -0.714365 0.228600 -0.958039
106040092 -0.710913 0.228600 -0.961656
106040093 -0.707461 0.228600 -0.965274
106040094 -0.704010 0.228600 -0.968891
106040095 -0.700558 0.228600 -0.972509
106040096 -0.697107 0.228600 -0.976126
106040097 -0.693655 0.228600 -0.979744
106040098 -0.690203 0.228600 -0.983361
106040099 -0.686752 0.228600 -0.986979
106040100 -0.683300 0.228600 -0.990596
106040101 -1.025010 0.255000 -0.632463
106040102 -1.021558 0.255000 -0.636081
106040103 -1.018107 0.255000 -0.639698
106040104 -1.014655 0.255000 -0.643316
106040105 -1.011204 0.255000 -0.646933
106040106 -1.007752 0.255000 -0.650551
106040107 -1.004300 0.255000 -0.654168
106040108 -1.000849 0.255000 -0.657786
106040109 -0.997397 0.255000 -0.661403
106040110 -0.993946 0.255000 -0.665021
106040111 -0.990494 0.255000 -0.668638
106040112 -0.987042 0.255000 -0.672256
106040113 -0.983591 0.255000 -0.675873
106040114 -0.980139 0.255000 -0.679491
106040115 -0.976687 0.255000 -0.683108
106040116 -0.973236 0.255000 -0.686726
106040117 -0.969784 0.255000 -0.690343
106040118 -0.966333 0.255000 -0.693961
106040119 -0.962881 0.255000 -0.697578
106040120 -0.959429 0.255000 -0.701196
106040121 -0.955978 0.255000 -0.704813
106040122 -0.952526 0.255000 -0.708431
106040123 -0.949075 0.255000 -0.712048
106040124 -0.945623 0.255000 -0.715666
106040125 -0.942171 0.255000 -0.719283
106040126 -0.938720 0.255000 -0.722901
106040127 -0.935268 0.255000 -0.726518
106040128 -0.931816 0.255000 -0.730136
106040129 -0.928365 0.255000 -0.733753
106040130 -0.924913 0.255000 -0.737371
106040131 -0.921462 0.255000 -0.740988
106040132 -0.918010 0.255000 -0.744606
106040133 -0.914558 0.255000 -0.748223
106040134 -0.911107 0.255000 -0.751841
106040135 -0.907655 0.255000 -0.755458
106040136 -0.904204 0.255000 -0.759076
106040137 -0.900752 0.255000 -0.762693
106040138 -0.897300 0.255000 -0.766311
106040139 -0.893849 0.255000 -0.769928
106040140 -0.890397 0.255000 -0.773546
106040141 -0.886945 0.255000 -0.777163
106040142 -0.883494 0.255000 -0.780781
106040143 -0.880042 0.255000 -0.784398
106040144 -0.876591 0.255000 -0.788016
106040145 -0.873139 0.255000 -0.791633
106040146 -0.869687 0.255000 -0.795251
106040147 -0.866236 0.255000 -0.798868
106040148 -0.862784 0.255000 -0.802486
106040149 -0.859333 0.255000 -0.806103
106040150 -0.855881 0.255000 -0.809721
106040151 -0.852429 0.255000 -0.813338
106040152 -0.848978 0.255000 -0.816956
106040153 -0.845526 0.255000 -0.820573
106040154 -0.842074 0.255000 -0.824191
106040155 -0.838623 0.255000 -0.827808
106040156 -0.835171 0.255000 -0.831426
106040157 -0.831720 0.255000 -0.835043
106040158 -0.828268 0.255000 -0.838661
106040159 -0.824816 0.255000 -0.842278
106040160 -0.821365 0.255000 -0.845896
106040161 -0.817913 0.255000 -0.849513
106040162 -0.814462 0.255000 -0.853131
106040163 -0.811010 0.255000 -0.856748
106040164 -0.807558 0.255000 -0.860366
106040165 -0.804107 0.255000 -0.863983
106040166 -0.800655 0.255000 -0.867601
106040167 -0.797203 0.255000 -0.871218
106040168 -0.793752 0.255000 -0.874836
106040169 -0.790300 0.255000 -0.878453
106040170 -0.786849 0.255000 -0.882071
106040171 -0.783397 0.255000 -0.885688
106040172 -0.779945 0.255000 -0.889306
106040173 -0.776494 0.255000 -0.892923
106040174 -0.773042 0.255000 -0.896541
106040175 -0.769591 0.255000 -0.900159
106040176 -0.766139 0.255000 -0.903776
106040177 -0.762687 0.255000 -0.907394
106040178 -0.759236 0.255000 -0.911011
106040179 -0.755784 0.255000 -0.914629
106040180 -0.752332 0.255000 -0.918246
106040181 -0.748881 0.255000 -0.921864
106040182 -0.745429 0.255000 -0.925481
106040183 -0.741978 0.255000 -0.929099
106040184 -0.738526 0.255000 -0.932716
106040185 -0.735074 0.255000 -0.936334
106040186 -0.731623 0.255000 -0.939951
106040187 -0.728171 0.255000 -0.943569
106040188 -0.724719 0.255000 -0.947186
106040189 -0.721268 0.255000 -0.950804
106040190 -0.717816 0.255000 -0.954421
106040191 -0.714365 0.255000 -0.958039
106040192 -0.710913 0.255000 -0.961656
106040193 -0.707461 0.255000 -0.965274
106040194 -0.704010 0.255000 -0.968891
106040195 -0.700558 0.255000 -0.972509
106040196 -0.697107 0.255000 -0.976126
106040197 -0.693655 0.255000 -0.979744
106040198 -0.690203 0.255000 -0.983361
106040199 -0.686752 0.255000 -0.986979
106040200 -0.683300 0.255000 -0.990596
106040201 -1.025010 0.281400 -0.632463
106040202 -1.021558 0.281400 -0.636081
106040203 -1.018107 0.281400 -0.639698
106040204 -1.014655 0.281400 -0.643316
106040205 -1.011204 0.281400 -0.646933
106040206 -1.007752 0.281400 -0.650551
106040207 -1.004300 0.281400 -0.654168
106040208 -1.000849 0.281400 -0.657786
106040209 -0.997397 0.281400 -0.661403
106040210 -0.993946 0.281400 -0.665021
106040211 -0.990494 0.281400 -0.668638
106040212 -0.987042 0.281400 -0.672256
106040213 -0.983591 0.281400 -0.675873
106040214 -0.980139 0.281400 -0.679491
106040215 -0.976687 0.281400 -0.683108
106040216 -0.973236 0.281400 -0.686726
106040217 -0.969784 0.281400 -0.690343
106040218 -0.966333 0.281400 -0.693961
106040219 -0.962881 0.281400 -0.697578
106040220 -0.959429 0.281400 -0.701196
106040221 -0.955978 0.281400 -0.704813
106040222 -0.952526 0.281400 -0.708431
106040223 -0.949075 0.281400 -0.712048
106040224 -0.945623 0.281400 -0.715666
106040225 -0.942171 0.281400 -0.719283
106040226 -0.938720 0.281400 -0.722901
106040227 -0.935268 0.281400 -0.726518
106040228 -0.931816 0.281400 -0.730136
106040229 -0.928365 0.281400 -0.733753
106040230 -0.924913 0.281400 -0.737371
106040231 -0.921462 0.281400 -0.740988
106040232 -0.918010 0.281400 -0.744606
106040233 -0.914558 0.281400 -0.748223
106040234 -0.911107 0.281400 -0.751841
106040235 -0.907655 0.281400 -0.755458
106040236 -0.904204 0.281400 -0.759076
106040237 -0.900752 0.281400 -0.762693
106040238 -0.897300 0.281400 -0.766311
106040239 -0.893849 0.281400 -0.769928
106040240 -0.890397 0.281400 -0.773546
106040241 -0.886945 0.281400 -0.777163
106040242 -0.883494 0.281400 -0.780781
106040243 -0.880042 0.281400 -0.784398
106040244 -0.876591 0.281400 -0.788016
106040245 -0.873139 0.281400 -0.791633
106040246 -0.869687 0.281400 -0.795251
106040247 -0.866236 0.281400 -0.798868
106040248 -0.862784 0.281400 -0.802486
106040249 -0.859333 0.281400 -0.806103
106040250 -0.855881 0.281400 -0.809721
106040251 -0.852429 0.281400 -0.813338
106040252 -0.848978 0.281400 -0.816956
106040253 -0.845526 0.281400 -0.820573
106040254 -0.842074 0.281400 -0.824191
106040255 -0.838623 0.281400 -0.827808
106040256 -0.835171 0.281400 -0.831426
106040257 -0.831720 0.281400 -0.835043
106040258 -0.828268 0.281400 -0.838661
106040259 -0.824816 0.281400 -0.842278
106040260 -0.821365 0.281400 -0.845896
106040261 -0.817913 0.281400 -0.849513
106040262 -0.814462 0.281400 -0.853131
106040263 -0.811010 0.281400 -0.856748
106040264 -0.807558 0.281400 -0.860366
106040265 -0.804107 0.281400 -0.863983
106040266 -0.800655 0.281400 -0.867601
106040267 -0.797203 0.281400 -0.871218
106040268 -0.793752 0.281400 -0.874836
106040269 -0.790300 0.281400 -0.878453
106040270 -0.786849 0.281400 -0.882071
106040271 -0.783397 0.281400 -0.885688
106040272 -0.779945 0.281400 -0.889306
106040273 -0.776494 0.281400 -0.892923
106040274 -0.773042 0.281400 -0.896541
106040275 -0.769591 0.281400 -0.900159
106040276 -0.766139 0.281400 -0.903776
106040277 -0.762687 0.281400 -0.907394
106040278 -0.759236 0.281400 -0.911011
106040279 -0.755784 0.281400 -0.914629
106040280 -0.752332 0.281400 -0.918246
106040281 -0.748881 0.281400 -0.921864
106040282 -0.745429 0.281400 -0.925481
106040283 -0.741978 0.281400 -0.929099
106040284 -0.738526 0.281400 -0.932716
106040285 -0.735074 0.281400 -0.936334
106040286 -0.731623 0.281400 -0.939951
106040287 -0.728171 0.281400 -0.943569
106040288 -0.724719 0.281400 -0.947186
106040289 -0.721268 0.281400 -0.950804
106040290 -0.717816 0.281400 -0.954421
106040291 -0.714365 0.281400 -0.958039
106040292 -0.710913 0.281400 -0.961656
106040293 -0.707461 0.281400 -0.965274
106040294 -0.704010 0.281400 -0.968891
106040295 -0.700558 0.281400 -0.972509
106040296 -0.697107 0.281400 -0.976126
106040297 -0.693655 0.281400 -0.979744
106040298 -0.690203 0.281400 -0.983361
106040299 -0.686752 0.281400 -0.986979
106040300 -0.683300 0.281400 -0.990596
106040301 -1.025010 0.307800 -0.632463
106040302 -1.021558 0.307800 -0.636081
106040303 -1.018107 0.307800 -0.639698
106040304 -1.014655 0.307800 -0.643316
106040305 -1.011204 0.307800 -0.646933
106040306 -1.007752 0.307800 -0.650551
106040307 -1.004300 0.307800 -0.654168
106040308 -1.000849 0.307800 -0.657786
106040309 -0.997397 0.307800 -0.661403
106040310 -0.993946 0.307800 -0.665021
106040311 -0.990494 0.307800 -0.668638
106040312 -0.987042 0.307800 -0.672256
106040313 -0.983591 0.307800 -0.675873
106040314 -0.980139 0.307800 -0.679491
106040315 -0.976687 0.307800 -0.683108
106040316 -0.973236 0.307800 -0.686726
106040317 -0.969784 0.307800 -0.690343
106040318 -0.966333 0.307800 -0.693961
106040319 -0.962881 0.307800 -0.697578
106040320 -0.959429 0.307800 -0.701196
106040321 -0.955978 0.307800 -0.704813
106040322 -0.952526 0.307800 -0.708431
106040323 -0.949075 0.307800 -0.712048
106040324 -0.945623 0.307800 -0.715666
106040325 -0.942171 0.307800 -0.719283
106040326 -0.938720 0.307800 -0.722901
106040327 -0.935268 0.307800 -0.726518
106040328 -0.931816 0.307800 -0.730136
106040329 -0.928365 0.307800 -0.733753
106040330 -0.924913 0.307800 -0.737371
106040331 -0.921462 0.307800 -0.740988
106040332 -0.918010 0.307800 -0.744606
106040333 -0.914558 0.307800 -0.748223
106040334 -0.911107 0.307800 -0.751841
106040335 -0.907655 0.307800 -0.755458
106040336 -0.904204 0.307800 -0.759076
106040337 -0.900752 0.307800 -0.762693
106040338 -0.897300 0.307800 -0.766311
106040339 -0.893849 0.307800 -0.769928
106040340 -0.890397 0.307800 -0.773546
106040341 -0.886945 0.307800 -0.777163
106040342 -0.883494 0.307800 -0.780781
106040343 -0.880042 0.307800 -0.784398
106040344 -0.876591 0.307800 -0.788016
106040345 -0.873139 0.307800 -0.791633
106040346 -0.869687 0.307800 -0.795251
106040347 -0.866236 0.307800 -0.798868
106040348 -0.862784 0.307800 -0.802486
106040349 -0.859333 0.307800 -0.806103
106040350 -0.855881 0.307800 -0.809721
106040351 -0.852429 0.307800 -0.813338
106040352 -0.848978 0.307800 -0.816956
106040353 -0.845526 0.307800 -0.820573
106040354 -0.842074 0.307800 -0.824191
106040355 -0.838623 0.307800 -0.827808
106040356 -0.835171 0.307800 -0.831426
106040357 -0.831720 0.307800 -0.835043
106040358 -0.828268 0.307800 -0.838661
106040359 -0.824816 0.307800 -0.842278
106040360 -0.821365 0.307800 -0.845896
106040361 -0.817913 0.307800 -0.849513
106040362 -0.814462 0.307800 -0.853131
106040363 -0.811010 0.307800 -0.856748
106040364 -0.807558 0.307800 -0.860366
106040365 -0.804107 0.307800 -0.863983
106040366 -0.800655 0.307800 -0.867601
106040367 -0.797203 0.307800 -0.871218
106040368 -0.793752 0.307800 -0.874836
106040369 -0.790300 0.307800 -0.878453
106040370 -0.786849 0.307800 -0.882071
106040371 -0.783397 0.307800 -0.885688
106040372 -0.779945 0.307800 -0.889306
106040373 -0.776494 0.307800 -0.892923
106040374 -0.773042 0.307800 -0.896541
106040375 -0.769591 0.307800 -0.900159
106040376 -0.766139 0.307800 -0.903776
106040377 -0.762687 0.307800 -0.907394
106040378 -0.759236 0.307800 -0.911011
106040379 -0.755784 0.307800 -0.914629
106040380 -0.752332 0.307800 -0.918246
106040381 -0.748881 0.307800 -0.921864
106040382 -0.745429 0.307800 -0.925481
106040383 -0.741978 0.307800 -0.929099
106040384 -0.738526 0.307800 -0.932716
106040385 -0.735074 0.307800 -0.936334
106040386 -0.731623 0.307800 -0.939951
106040387 -0.728171 0.307800 -0.943569
106040388 -0.724719 0.307800 -0.947186
106040389 -0.721268 0.307800 -0.950804
106040390 -0.717816 0.307800 -0.954421
106040391 -0.714365 0.307800 -0.958039
106040392 -0.710913 0.307800 -0.961656
106040393 -0.707461 0.307800 -0.965274
106040394 -0.704010 0.307800 -0.968891
106040395 -0.700558 0.307800 -0.972509
106040396 -0.697107 0.307800 -0.976126
106040397 -0.693655 0.307800 -0.979744
106040398 -0.690203 0.307800 -0.983361
106040399 -0.686752 0.307800 -0.986979
106040400 -0.683300 0.307800 -0.990596
106040401 -1.025010 0.334200 -0.632463
106040402 -1.021558 0.334200 -0.636081
106040403 -1.018107 0.334200 -0.639698
106040404 -1.014655 0.334200 -0.643316
106040405 -1.011204 0.334200 -0.646933
106040406 -1.007752 0.334200 -0.650551
106040407 -1.004300 0.334200 -0.654168
106040408 -1.000849 0.334200 -0.657786
106040409 -0.997397 0.334200 -0.661403
106040410 -0.993946 0.334200 -0.665021
106040411 -0.990494 0.334200 -0.668638
106040412 -0.987042 0.334200 -0.672256
106040413 -0.983591 0.334200 -0.675873
106040414 -0.980139 0.334200 -0.679491
106040415 -0.976687 0.334200 -0.683108
106040416 -0.973236 0.334200 -0.686726
106040417 -0.969784 0.334200 -0.690343
106040418 -0.966333 0.334200 -0.693961
106040419 -0.962881 0.334200 -0.697578
106040420 -0.959429 0.334200 -0.701196
106040421 -0.955978 0.334200 -0.704813
106040422 -0.952526 0.334200 -0.708431
106040423 -0.949075 0.334200 -0.712048
106040424 -0.945623 0.334200 -0.715666
106040425 -0.942171 0.334200 -0.719283
106040426 -0.938720 0.334200 -0.722901
106040427 -0.935268 0.334200 -0.726518
106040428 -0.931816 0.334200 -0.730136
106040429 -0.928365 0.334200 -0.733753
106040430 -0.924913 0.334200 -0.737371
106040431 -0.921462 0.334200 -0.740988
106040432 -0.918010 0.334200 -0.744606
106040433 -0.914558 0.334200 -0.748223
106040434 -0.911107 0.334200 -0.751841
106040435 -0.907655 0.334200 -0.755458
106040436 -0.904204 0.334200 -0.759076
106040437 -0.900752 0.334200 -0.762693
106040438 -0.897300 0.334200 -0.766311
106040439 -0.893849 0.334200 -0.769928
106040440 -0.890397 0.334200 -0.773546
106040441 -0.886945 0.334200 -0.777163
106040442 -0.883494 0.334200 -0.780781
106040443 -0.880042 0.334200 -0.784398
106040444 -0.876591 0.334200 -0.788016
106040445 -0.873139 0.334200 -0.791633
106040446 -0.869687 0.334200 -0.795251
106040447 -0.866236 0.334200 -0.798868
106040448 -0.862784 0.334200 -0.802486
106040449 -0.859333 0.334200 -0.806103
106040450 -0.855881 0.334200 -0.809721
106040451 -0.852429 0.334200 -0.813338
106040452 -0.848978 0.334200 -0.816956
106040453 -0.845526 0.334200 -0.820573
106040454 -0.842074 0.334200 -0.824191
106040455 -0.838623 0.334200 -0.827808
106040456 -0.835171 0.334200 -0.831426
106040457 -0.831720 0.334200 -0.835043
106040458 -0.828268 0.334200 -0.838661
106040459 -0.824816 0.334200 -0.842278
106040460 -0.821365 0.334200 -0.845896
106040461 -0.817913 0.334200 -0.849513
106040462 -0.814462 0.334200 -0.853131
106040463 -0.811010 0.334200 -0.856748
106040464 -0.807558 0.334200 -0.860366
106040465 -0.804107 0.334200 -0.863983
106040466 -0.800655 0.334200 -0.867601
106040467 -0.797203 0.334200 -0.871218
106040468 -0.793752 0.334200 -0.874836
106040469 -0.790300 0.334200 -0.878453
106040470 -0.786849 0.334200 -0.882071
106040471 -0.783397 0.334200 -0.885688
106040472 -0.779945 0.334200 -0.889306
106040473 -0.776494 0.334200 -0.892923
106040474 -0.773042 0.334200 -0.896541
106040475 -0.769591 0.334200 -0.900159
106040476 -0.766139 0.334200 -0.903776
106040477 -0.762687 0.334200 -0.907394
106040478 -0.759236 0.334200 -0.911011
106040479 -0.755784 0.334200 -0.914629
106040480 -0.752332 0.334200 -0.918246
106040481 -0.748881 0.334200 -0.921864
106040482 -0.745429 0.334200 -0.925481
106040483 -0.741978 0.334200 -0.929099
106040484 -0.738526 0.334200 -0.932716
106040485 -0.735074 0.334200 -0.936334
106040486 -0.731623 0.334200 -0.939951
106040487 -0.728171 0.334200 -0.943569
106040488 -0.724719 0.334200 -0.947186
106040489 -0.721268 0.334200 -0.950804
106040490 -0.717816 0.334200 -0.954421
106040491 -0.714365 0.334200 -0.958039
106040492 -0.710913 0.334200 -0.961656
106040493 -0.707461 0.334200 -0.965274
106040494 -0.704010 0.334200 -0.968891
106040495 -0.700558 0.334200 -0.972509
106040496 -0.697107 0.334200 -0.976126
106040497 -0.693655 0.334200 -0.979744
106040498 -0.690203 0.334200 -0.983361
106040499 -0.686752 0.334200 -0.986979
106040500 -0.683300 0.334200 -0.990596
106040501 -1.025010 0.360600 -0.632463
106040502 -1.021558 0.360600 -0.636081
106040503 -1.018107 0.360600 -0.639698
106040504 -1.014655 0.360600 -0.643316
106040505 -1.011204 0.360600 -0.646933
106040506 -1.007752 0.360600 -0.650551
106040507 -1.004300 0.360600 -0.654168
106040508 -1.000849 0.360600 -0.657786
106040509 -0.997397 0.360600 -0.661403
106040510 -0.993946 0.360600 -0.665021
106040511 -0.990494 0.360600 -0.668638
106040512 -0.987042 0.360600 -0.672256
106040513 -0.983591 0.360600 -0.675873
106040514 -0.980139 0.360600 -0.679491
106040515 -0.976687 0.360600 -0.683108
106040516 -0.973236 0.360600 -0.686726
106040517 -0.969784 0.360600 -0.690343
106040518 -0.966333 0.360600 -0.693961
106040519 -0.962881 0.360600 -0.697578
106040520 -0.959429 0.360600 -0.701196
106040521 -0.955978 0.360600 -0.704813
106040522 -0.952526 0.360600 -0.708431
106040523 -0.949075 0.360600 -0.712048
106040524 -0.945623 0.360600 -0.715666
106040525 -0.942171 0.360600 -0.719283
106040526 -0.938720 0.360600 -0.722901
106040527 -0.935268 0.360600 -0.726518
106040528 -0.931816 0.360600 -0.730136
106040529 -0.928365 0.360600 -0.733753
106040530 -0.924913 0.360600 -0.737371
106040531 -0.921462 0.360600 -0.740988
106040532 -0.918010 0.360600 -0.744606
106040533 -0.914558 0.360600 -0.748223
106040534 -0.911107 0.360600 -0.751841
106040535 -0.907655 0.360600 -0.755458
106040536 -0.904204 0.360600 -0.759076
106040537 -0.900752 0.360600 -0.762693
106040538 -0.897300 0.360600 -0.766311
106040539 -0.893849 0.360600 -0.769928
106040540 -0.890397 0.360600 -0.773546
106040541 -0.886945 0.360600 -0.777163
106040542 -0.883494 0.360600 -0.780781
106040543 -0.880042 0.360600 -0.784398
106040544 -0.876591 0.360600 -0.788016
106040545 -0.873139 0.360600 -0.791633
106040546 -0.869687 0.360600 -0.795251
106040547 -0.866236 0.360600 -0.798868
106040548 -0.862784 0.360600 -0.802486
106040549 -0.859333 0.360600 -0.806103
106040550 -0.855881 0.360600 -0.809721
106040551 -0.852429 0.360600 -0.813338
106040552 -0.848978 0.360600 -0.816956
106040553 -0.845526 0.360600 -0.820573
106040554 -0.842074 0.360600 -0.824191
106040555 -0.838623 0.360600 -0.827808
106040556 -0.835171 0.360600 -0.831426
106040557 -0.831720 0.360600 -0.835043
106040558 -0.828268 0.360600 -0.838661
106040559 -0.824816 0.360600 -0.842278
106040560 -0.821365 0.360600 -0.845896
106040561 -0.817913 0.360600 -0.849513
106040562 -0.814462 0.360600 -0.853131
106040563 -0.811010 0.360600 -0.856748
106040564 -0.807558 0.360600 -0.860366
106040565 -0.804107 0.360600 -0.863983
106040566 -0.800655 0.360600 -0.867601
106040567 -0.797203 0.360600 -0.871218
106040568 -0.793752 0.360600 -0.874836
106040569 -0.790300 0.360600 -0.878453
106040570 -0.786849 0.360600 -0.882071
106040571 -0.783397 0.360600 -0.885688
106040572 -0.779945 0.360600 -0.889306
106040573 -0.776494 0.360600 -0.892923
106040574 -0.773042 0.360600 -0.896541
106040575 -0.769591 0.360600 -0.900159
106040576 -0.766139 0.360600 -0.903776
106040577 -0.762687 0.360600 -0.907394
106040578 -0.759236 0.360600 -0.911011
106040579 -0.755784 0.360600 -0.914629
106040580 -0.752332 0.360600 -0.918246
106040581 -0.748881 0.360600 -0.921864
106040582 -0.745429 0.360600 -0.925481
106040583 -0.741978 0.360600 -0.929099
106040584 -0.738526 0.360600 -0.932716
106040585 -0.735074 0.360600 -0.936334
106040586 -0.731623 0.360600 -0.939951
106040587 -0.728171 0.360600 -0.943569
106040588 -0.724719 0.360600 -0.947186
106040589 -0.721268 0.360600 -0.950804
106040590 -0.717816 0.360600 -0.954421
106040591 -0.714365 0.360600 -0.958039
106040592 -0.710913 0.360600 -0.961656
106040593 -0.707461 0.360600 -0.965274
106040594 -0.704010 0.360600 -0.968891
106040595 -0.700558 0.360600 -0.972509
106040596 -0.697107 0.360600 -0.976126
106040597 -0.693655 0.360600 -0.979744
106040598 -0.690203 0.360600 -0.983361
106040599 -0.686752 0.360600 -0.986979
106040600 -0.683300 0.360600 -0.990596
106040601 -1.025010 0.387000 -0.632463
106040602 -1.021558 0.387000 -0.636081
106040603 -1.018107 0.387000 -0.639698
106040604 -1.014655 0.387000 -0.643316
106040605 -1.011204 0.387000 -0.646933
106040606 -1.007752 0.387000 -0.650551
106040607 -1.004300 0.387000 -0.654168
106040608 -1.000849 0.387000 -0.657786
106040609 -0.997397 0.387000 -0.661403
106040610 -0.993946 0.387000 -0.665021
106040611 -0.990494 0.387000 -0.668638
106040612 -0.987042 0.387000 -0.672256
106040613 -0.983591 0.387000 -0.675873
106040614 -0.980139 0.387000 -0.679491
106040615 -0.976687 0.387000 -0.683108
106040616 -0.973236 0.387000 -0.686726
106040617 -0.969784 0.387000 -0.690343
106040618 -0.966333 0.387000 -0.693961
106040619 -0.962881 0.387000 -0.697578
106040620 -0.959429 0.387000 -0.701196
106040621 -0.955978 0.387000 -0.704813
106040622 -0.952526 0.387000 -0.708431
106040623 -0.949075 0.387000 -0.712048
106040624 -0.945623 0.387000 -0.715666
106040625 -0.942171 0.387000 -0.719283
106040626 -0.938720 0.387000 -0.722901
106040627 -0.935268 0.387000 -0.726518
106040628 -0.931816 0.387000 -0.730136
106040629 -0.928365 0.387000 -0.733753
106040630 -0.924913 0.387000 -0.737371
106040631 -0.921462 0.387000 -0.740988
106040632 -0.918010 0.387000 -0.744606
106040633 -0.914558 0.387000 -0.748223
106040634 -0.911107 0.387000 -0.751841
106040635 -0.907655 0.387000 -0.755458
106040636 -0.904204 0.387000 -0.759076
106040637 -0.900752 0.387000 -0.762693
106040638 -0.897300 0.387000 -0.766311
106040639 -0.893849 0.387000 -0.769928
106040640 -0.890397 0.387000 -0.773546
106040641 -0.886945 0.387000 -0.777163
106040642 -0.883494 0.387000 -0.780781
106040643 -0.880042 0.387000 -0.784398
106040644 -0.876591 0.387000 -0.788016
106040645 -0.873139 0.387000 -0.791633
106040646 -0.869687 0.387000 -0.795251
106040647 -0.866236 0.387000 -0.798868
106040648 -0.862784 0.387000 -0.802486
106040649 -0.859333 0.387000 -0.806103
106040650 -0.855881 0.387000 -0.809721
106040651 -0.852429 0.387000 -0.813338
106040652 -0.848978 0.387000 -0.816956
106040653 -0.845526 0.387000 -0.820573
106040654 -0.842074 0.387000 -0.824191
106040655 -0.838623 0.387000 -0.827808
106040656 -0.835171 0.387000 -0.831426
106040657 -0.831720 0.387000 -0.835043
106040658 -0.828268 0.387000 -0.838661
106040659 -0.824816 0.387000 -0.842278
106040660 -0.821365 0.387000 -0.845896
106040661 -0.817913 0.387000 -0.849513
106040662 -0.814462 0.387000 -0.853131
106040663 -0.811010 0.387000 -0.856748
106040664 -0.807558 0.387000 -0.860366
106040665 -0.804107 0.387000 -0.863983
106040666 -0.800655 0.387000 -0.867601
106040667 -0.797203 0.387000 -0.871218
106040668 -0.793752 0.387000 -0.874836
106040669 -0.790300 0.387000 -0.878453
106040670 -0.786849 0.387000 -0.882071
106040671 -0.783397 0.387000 -0.885688
106040672 -0.779945 0.387000 -0.889306
106040673 -0.776494 0.387000 -0.892923
106040674 -0.773042 0.387000 -0.896541
106040675 -0.769591 0.387000 -0.900159
106040676 -0.766139 0.387000 -0.903776
106040677 -0.762687 0.387000 -0.907394
106040678 -0.759236 0.387000 -0.911011
106040679 -0.755784 0.387000 -0.914629
106040680 -0.752332 0.387000 -0.918246
106040681 -0.748881 0.387000 -0.921864
106040682 -0.745429 0.387000 -0.925481
106040683 -0.741978 0.387000 -0.929099
106040684 -0.738526 0.387000 -0.932716
106040685 -0.735074 0.387000 -0.936334
106040686 -0.731623 0.387000 -0.939951
106040687 -0.728171 0.387000 -0.943569
106040688 -0.724719 0.387000 -0.947186
106040689 -0.721268 0.387000 -0.950804
106040690 -0.717816 0.387000 -0.954421
106040691 -0.714365 0.387000 -0.958039
106040692 -0.710913 0.387000 -0.961656
106040693 -0.707461 0.387000 -0.965274
106040694 -0.704010 0.387000 -0.968891
106040695 -0.700558 0.387000 -0.972509
106040696 -0.697107 0.387000 -0.976126
106040697 -0.693655 0.387000 -0.979744
106040698 -0.690203 0.387000 -0.983361
106040699 -0.686752 0.387000 -0.986979
106040700 -0.683300 0.387000 -0.990596
106040701 -1.025010 0.413400 -0.632463
106040702 -1.021558 0.413400 -0.636081
106040703 -1.018107 0.413400 -0.639698
106040704 -1.014655 0.413400 -0.643316
106040705 -1.011204 0.413400 -0.646933
106040706 -1.007752 0.413400 -0.650551
106040707 -1.004300 0.413400 -0.654168
106040708 -1.000849 0.413400 -0.657786
106040709 -0.997397 0.413400 -0.661403
106040710 -0.993946 0.413400 -0.665021
106040711 -0.990494 0.413400 -0.668638
106040712 -0.987042 0.413400 -0.672256
106040713 -0.983591 0.413400 -0.675873
106040714 -0.980139 0.413400 -0.679491
106040715 -0.976687 0.413400 -0.683108
106040716 -0.973236 0.413400 -0.686726
106040717 -0.969784 0.413400 -0.690343
106040718 -0.966333 0.413400 -0.693961
106040719 -0.962881 0.413400 -0.697578
106040720 -0.959429 0.413400 -0.701196
106040721 -0.955978 0.413400 -0.704813
106040722 -0.952526 0.413400 -0.708431
106040723 -0.949075 0.413400 -0.712048
106040724 -0.945623 0.413400 -0.715666
106040725 -0.942171 0.413400 -0.719283
106040726 -0.938720 0.413400 -0.722901
106040727 -0.935268 0.413400 -0.726518
106040728 -0.931816 0.413400 -0.730136
106040729 -0.928365 0.413400 -0.733753
106040730 -0.924913 0.413400 -0.737371
106040731 -0.921462 0.413400 -0.740988
106040732 -0.918010 0.413400 -0.744606
106040733 -0.914558 0.413400 -0.748223
106040734 -0.911107 0.413400 -0.751841
106040735 -0.907655 0.413400 -0.755458
106040736 -0.904204 0.413400 -0.759076
106040737 -0.900752 0.413400 -0.762693
106040738 -0.897300 0.413400 -0.766311
106040739 -0.893849 0.413400 -0.769928
106040740 -0.890397 0.413400 -0.773546
106040741 -0.886945 0.413400 -0.777163
106040742 -0.883494 0.413400 -0.780781
106040743 -0.880042 0.413400 -0.784398
106040744 -0.876591 0.413400 -0.788016
106040745 -0.873139 0.413400 -0.791633
106040746 -0.869687 0.413400 -0.795251
106040747 -0.866236 0.413400 -0.798868
106040748 -0.862784 0.413400 -0.802486
106040749 -0.859333 0.413400 -0.806103
106040750 -0.855881 0.413400 -0.809721
106040751 -0.852429 0.413400 -0.813338
106040752 -0.848978 0.413400 -0.816956
106040753 -0.845526 0.413400 -0.820573
106040754 -0.842074 0.413400 -0.824191
106040755 -0.838623 0.413400 -0.827808
106040756 -0.835171 0.413400 -0.831426
106040757 -0.831720 0.413400 -0.835043
106040758 -0.828268 0.413400 -0.838661
106040759 -0.824816 0.413400 -0.842278
106040760 -0.821365 0.413400 -0.845896
106040761 -0.817913 0.413400 -0.849513
106040762 -0.814462 0.413400 -0.853131
106040763 -0.811010 0.413400 -0.856748
106040764 -0.807558 0.413400 -0.860366
106040765 -0.804107 0.413400 -0.863983
106040766 -0.800655 0.413400 -0.867601
106040767 -0.797203 0.413400 -0.871218
106040768 -0.793752 0.413400 -0.874836
106040769 -0.790300 0.413400 -0.878453
106040770 -0.786849 0.413400 -0.882071
106040771 -0.783397 0.413400 -0.885688
106040772 -0.779945 0.413400 -0.889306
106040773 -0.776494 0.413400 -0.892923
106040774 -0.773042 0.413400 -0.896541
106040775 -0.769591 0.413400 -0.900159
106040776 -0.766139 0.413400 -0.903776
106040777 -0.762687 0.413400 -0.907394
106040778 -0.759236 0.413400 -0.911011
106040779 -0.755784 0.413400 -0.914629
106040780 -0.752332 0.413400 -0.918246
106040781 -0.748881 0.413400 -0.921864
106040782 -0.745429 0.413400 -0.925481
106040783 -0.741978 0.413400 -0.929099
106040784 -0.738526 0.413400 -0.932716
106040785 -0.735074 0.413400 -0.936334
106040786 -0.731623 0.413400 -0.939951
106040787 -0.728171 0.413400 -0.943569
106040788 -0.724719 0.413400 -0.947186
106040789 -0.721268 0.413400 -0.950804
106040790 -0.717816 0.413400 -0.954421
106040791 -0.714365 0.413400 -0.958039
106040792 -0.710913 0.413400 -0.961656
106040793 -0.707461 0.413400 -0.965274
106040794 -0.704010 0.413400 -0.968891
106040795 -0.700558 0.413400 -0.972509
106040796 -0.697107 0.413400 -0.976126
106040797 -0.693655 0.413400 -0.979744
106040798 -0.690203 0.413400 -0.983361
106040799 -0.686752 0.413400 -0.986979
106040800 -0.683300 0.413400 -0.990596
