103050001 -1.061703 0.283486 1.801463
103050002 -1.063079 0.283486 1.796656
103050003 -1.064454 0.283486 1.791849
103050004 -1.065829 0.283486 1.787041
103050005 -1.067205 0.283486 1.782234
103050006 -1.068580 0.283486 1.777427
103050007 -1.069955 0.283486 1.772620
103050008 -1.071331 0.283486 1.767813
103050009 -1.072706 0.283486 1.763006
103050010 -1.074081 0.283486 1.758199
103050011 -1.075457 0.283486 1.753392
103050012 -1.076832 0.283486 1.748584
103050013 -1.078207 0.283486 1.743777
103050014 -1.079583 0.283486 1.738970
103050015 -1.080958 0.283486 1.734163
103050016 -1.082333 0.283486 1.729356
103050017 -1.083709 0.283486 1.724549
103050018 -1.085084 0.283486 1.719742
103050019 -1.086459 0.283486 1.714934
103050020 -1.087835 0.283486 1.710127
103050021 -1.089210 0.283486 1.705320
103050022 -1.090585 0.283486 1.700513
103050023 -1.091961 0.283486 1.695706
103050024 -1.093336 0.283486 1.690899
103050025 -1.094711 0.283486 1.686092
103050026 -1.096087 0.283486 1.681285
103050027 -1.097462 0.283486 1.676477
103050028 -1.098837 0.283486 1.671670
103050029 -1.100213 0.283486 1.666863
103050030 -1.101588 0.283486 1.662056
103050031 -1.102963 0.283486 1.657249
103050032 -1.104339 0.283486 1.652442
103050033 -1.105714 0.283486 1.647635
103050034 -1.107089 0.283486 1.642828
103050035 -1.108465 0.283486 1.638020
103050036 -1.109840 0.283486 1.633213
103050037 -1.111215 0.283486 1.628406
103050038 -1.112591 0.283486 1.623599
103050039 -1.113966 0.283486 1.618792
103050040 -1.115341 0.283486 1.613985
103050041 -1.116717 0.283486 1.609178
103050042 -1.118092 0.283486 1.604371
103050043 -1.119467 0.283486 1.599563
103050044 -1.120843 0.283486 1.594756
103050045 -1.122218 0.283486 1.589949
103050046 -1.123593 0.283486 1.585142
103050047 -1.124968 0.283486 1.580335
103050048 -1.126344 0.283486 1.575528
103050049 -1.127719 0.283486 1.570721
103050050 -1.129094 0.283486 1.565914
103050051 -1.130470 0.283486 1.561106
103050052 -1.131845 0.283486 1.556299
103050053 -1.133220 0.283486 1.551492
103050054 -1.134596 0.283486 1.546685
103050055 -1.135971 0.283486 1.541878
103050056 -1.137346 0.283486 1.537071
103050057 -1.138722 0.283486 1.532264
103050058 -1.140097 0.283486 1.527457
103050059 -1.141472 0.283486 1.522649
103050060 -1.142848 0.283486 1.517842
103050061 -1.144223 0.283486 1.513035
103050062 -1.145598 0.283486 1.508228
103050063 -1.146974 0.283486 1.503421
103050064 -1.148349 0.283486 1.498614
103050065 -1.149724 0.283486 1.493807
103050066 -1.151100 0.283486 1.488999
103050067 -1.152475 0.283486 1.484192
103050068 -1.153850 0.283486 1.479385
103050069 -1.155226 0.283486 1.474578
103050070 -1.156601 0.283486 1.469771
103050071 -1.157976 0.283486 1.464964
103050072 -1.159352 0.283486 1.460157
103050073 -1.160727 0.283486 1.455350
103050074 -1.162102 0.283486 1.450542
103050075 -1.163478 0.283486 1.445735
103050076 -1.164853 0.283486 1.440928
103050077 -1.166228 0.283486 1.436121
103050078 -1.167604 0.283486 1.431314
103050079 -1.168979 0.283486 1.426507
103050080 -1.170354 0.283486 1.421700
103050081 -1.171730 0.283486 1.416893
103050082 -1.173105 0.283486 1.412085
103050083 -1.174480 0.283486 1.407278
103050084 -1.175856 0.283486 1.402471
103050085 -1.177231 0.283486 1.397664
103050086 -1.178606 0.283486 1.392857
103050087 -1.179982 0.283486 1.388050
103050088 -1.181357 0.283486 1.383243
103050089 -1.182732 0.283486 1.378436
103050090 -1.184108 0.283486 1.373628
103050091 -1.185483 0.283486 1.368821
103050092 -1.186858 0.283486 1.364014
103050093 -1.188233 0.283486 1.359207
103050094 -1.189609 0.283486 1.354400
103050095 -1.190984 0.283486 1.349593
103050096 -1.192359 0.283486 1.344786
103050097 -1.193735 0.283486 1.339979
103050098 -1.195110 0.283486 1.335171
103050099 -1.196485 0.283486 1.330364
103050100 -1.197861 0.283486 1.325557
103050101 -1.053853 0.308592 1.799217
103050102 -1.055228 0.308592 1.794410
103050103 -1.056604 0.308592 1.789602
103050104 -1.057979 0.308592 1.784795
103050105 -1.059354 0.308592 1.779988
103050106 -1.060730 0.308592 1.775181
103050107 -1.062105 0.308592 1.770374
103050108 -1.063480 0.308592 1.765567
103050109 -1.064856 0.308592 1.760760
103050110 -1.066231 0.308592 1.755953
103050111 -1.067606 0.308592 1.751145
103050112 -1.068981 0.308592 1.746338
103050113 -1.070357 0.308592 1.741531
103050114 -1.071732 0.308592 1.736724
103050115 -1.073107 0.308592 1.731917
103050116 -1.074483 0.308592 1.727110
103050117 -1.075858 0.308592 1.722303
103050118 -1.077233 0.308592 1.717496
103050119 -1.078609 0.308592 1.712688
103050120 -1.079984 0.308592 1.707881
103050121 -1.081359 0.308592 1.703074
103050122 -1.082735 0.308592 1.698267
103050123 -1.084110 0.308592 1.693460
103050124 -1.085485 0.308592 1.688653
103050125 -1.086861 0.308592 1.683846
103050126 -1.088236 0.308592 1.679039
103050127 -1.089611 0.308592 1.674231
103050128 -1.090987 0.308592 1.669424
103050129 -1.092362 0.308592 1.664617
103050130 -1.093737 0.308592 1.659810
103050131 -1.095113 0.308592 1.655003
103050132 -1.096488 0.308592 1.650196
103050133 -1.097863 0.308592 1.645389
103050134 -1.099239 0.308592 1.640582
103050135 -1.100614 0.308592 1.635774
103050136 -1.101989 0.308592 1.630967
103050137 -1.103365 0.308592 1.626160
103050138 -1.104740 0.308592 1.621353
103050139 -1.106115 0.308592 1.616546
103050140 -1.107491 0.308592 1.611739
103050141 -1.108866 0.308592 1.606932
103050142 -1.110241 0.308592 1.602124
103050143 -1.111617 0.308592 1.597317
103050144 -1.112992 0.308592 1.592510
103050145 -1.114367 0.308592 1.587703
103050146 -1.115743 0.308592 1.582896
103050147 -1.117118 0.308592 1.578089
103050148 -1.118493 0.308592 1.573282
103050149 -1.119869 0.308592 1.568475
103050150 -1.121244 0.308592 1.563667
103050151 -1.122619 0.308592 1.558860
103050152 -1.123995 0.308592 1.554053
103050153 -1.125370 0.308592 1.549246
103050154 -1.126745 0.308592 1.544439
103050155 -1.128121 0.308592 1.539632
103050156 -1.129496 0.308592 1.534825
103050157 -1.130871 0.308592 1.530018
103050158 -1.132246 0.308592 1.525210
103050159 -1.133622 0.308592 1.520403
103050160 -1.134997 0.308592 1.515596
103050161 -1.136372 0.308592 1.510789
103050162 -1.137748 0.308592 1.505982
103050163 -1.139123 0.308592 1.501175
103050164 -1.140498 0.308592 1.496368
103050165 -1.141874 0.308592 1.491561
103050166 -1.143249 0.308592 1.486753
103050167 -1.144624 0.308592 1.481946
103050168 -1.146000 0.308592 1.477139
103050169 -1.147375 0.308592 1.472332
103050170 -1.148750 0.308592 1.467525
103050171 -1.150126 0.308592 1.462718
103050172 -1.151501 0.308592 1.457911
103050173 -1.152876 0.308592 1.453104
103050174 -1.154252 0.308592 1.448296
103050175 -1.155627 0.308592 1.443489
103050176 -1.157002 0.308592 1.438682
103050177 -1.158378 0.308592 1.433875
103050178 -1.159753 0.308592 1.429068
103050179 -1.161128 0.308592 1.424261
103050180 -1.162504 0.308592 1.419454
103050181 -1.163879 0.308592 1.414647
103050182 -1.165254 0.308592 1.409839
103050183 -1.166630 0.308592 1.405032
103050184 -1.168005 0.308592 1.400225
103050185 -1.169380 0.308592 1.395418
103050186 -1.170756 0.308592 1.390611
103050187 -1.172131 0.308592 1.385804
103050188 -1.173506 0.308592 1.380997
103050189 -1.174882 0.308592 1.376189
103050190 -1.176257 0.308592 1.371382
103050191 -1.177632 0.308592 1.366575
103050192 -1.179008 0.308592 1.361768
103050193 -1.180383 0.308592 1.356961
103050194 -1.181758 0.308592 1.352154
103050195 -1.183134 0.308592 1.347347
103050196 -1.184509 0.308592 1.342540
103050197 -1.185884 0.308592 1.337732
103050198 -1.187260 0.308592 1.332925
103050199 -1.188635 0.308592 1.328118
103050200 -1.190010 0.308592 1.323311
103050201 -1.046002 0.333697 1.796971
103050202 -1.047378 0.333697 1.792164
103050203 -1.048753 0.333697 1.787356
103050204 -1.050128 0.333697 1.782549
103050205 -1.051504 0.333697 1.777742
103050206 -1.052879 0.333697 1.772935
103050207 -1.054254 0.333697 1.768128
103050208 -1.055630 0.333697 1.763321
103050209 -1.057005 0.333697 1.758514
103050210 -1.058380 0.333697 1.753707
103050211 -1.059756 0.333697 1.748899
103050212 -1.061131 0.333697 1.744092
103050213 -1.062506 0.333697 1.739285
103050214 -1.063882 0.333697 1.734478
103050215 -1.065257 0.333697 1.729671
103050216 -1.066632 0.333697 1.724864
103050217 -1.068008 0.333697 1.720057
103050218 -1.069383 0.333697 1.715249
103050219 -1.070758 0.333697 1.710442
103050220 -1.072133 0.333697 1.705635
103050221 -1.073509 0.333697 1.700828
103050222 -1.074884 0.333697 1.696021
103050223 -1.076259 0.333697 1.691214
103050224 -1.077635 0.333697 1.686407
103050225 -1.079010 0.333697 1.681600
103050226 -1.080385 0.333697 1.676792
103050227 -1.081761 0.333697 1.671985
103050228 -1.083136 0.333697 1.667178
103050229 -1.084511 0.333697 1.662371
103050230 -1.085887 0.333697 1.657564
103050231 -1.087262 0.333697 1.652757
103050232 -1.088637 0.333697 1.647950
103050233 -1.090013 0.333697 1.643143
103050234 -1.091388 0.333697 1.638335
103050235 -1.092763 0.333697 1.633528
103050236 -1.094139 0.333697 1.628721
103050237 -1.095514 0.333697 1.623914
103050238 -1.096889 0.333697 1.619107
103050239 -1.098265 0.333697 1.614300
103050240 -1.099640 0.333697 1.609493
103050241 -1.101015 0.333697 1.604686
103050242 -1.102391 0.333697 1.599878
103050243 -1.103766 0.333697 1.595071
103050244 -1.105141 0.333697 1.590264
103050245 -1.106517 0.333697 1.585457
103050246 -1.107892 0.333697 1.580650
103050247 -1.109267 0.333697 1.575843
103050248 -1.110643 0.333697 1.571036
103050249 -1.112018 0.333697 1.566229
103050250 -1.113393 0.333697 1.561421
103050251 -1.114769 0.333697 1.556614
103050252 -1.116144 0.333697 1.551807
103050253 -1.117519 0.333697 1.547000
103050254 -1.118895 0.333697 1.542193
103050255 -1.120270 0.333697 1.537386
103050256 -1.121645 0.333697 1.532579
103050257 -1.123021 0.333697 1.527772
103050258 -1.124396 0.333697 1.522964
103050259 -1.125771 0.333697 1.518157
103050260 -1.127147 0.333697 1.513350
103050261 -1.128522 0.333697 1.508543
103050262 -1.129897 0.333697 1.503736
103050263 -1.131273 0.333697 1.498929
103050264 -1.132648 0.333697 1.494122
103050265 -1.134023 0.333697 1.489314
103050266 -1.135398 0.333697 1.484507
103050267 -1.136774 0.333697 1.479700
103050268 -1.138149 0.333697 1.474893
103050269 -1.139524 0.333697 1.470086
103050270 -1.140900 0.333697 1.465279
103050271 -1.142275 0.333697 1.460472
103050272 -1.143650 0.333697 1.455665
103050273 -1.145026 0.333697 1.450857
103050274 -1.146401 0.333697 1.446050
103050275 -1.147776 0.333697 1.441243
103050276 -1.149152 0.333697 1.436436
103050277 -1.150527 0.333697 1.431629
103050278 -1.151902 0.333697 1.426822
103050279 -1.153278 0.333697 1.422015
103050280 -1.154653 0.333697 1.417208
103050281 -1.156028 0.333697 1.412400
103050282 -1.157404 0.333697 1.407593
103050283 -1.158779 0.333697 1.402786
103050284 -1.160154 0.333697 1.397979
103050285 -1.161530 0.333697 1.393172
103050286 -1.162905 0.333697 1.388365
103050287 -1.164280 0.333697 1.383558
103050288 -1.165656 0.333697 1.378751
103050289 -1.167031 0.333697 1.373943
103050290 -1.168406 0.333697 1.369136
103050291 -1.169782 0.333697 1.364329
103050292 -1.171157 0.333697 1.359522
103050293 -1.172532 0.333697 1.354715
103050294 -1.173908 0.333697 1.349908
103050295 -1.175283 0.333697 1.345101
103050296 -1.176658 0.333697 1.340294
103050297 -1.178034 0.333697 1.335486
103050298 -1.179409 0.333697 1.330679
103050299 -1.180784 0.333697 1.325872
103050300 -1.182160 0.333697 1.321065
103050301 -1.038152 0.358803 1.794725
103050302 -1.039527 0.358803 1.789917
103050303 -1.040902 0.358803 1.785110
103050304 -1.042278 0.358803 1.780303
103050305 -1.043653 0.358803 1.775496
103050306 -1.045028 0.358803 1.770689
103050307 -1.046404 0.358803 1.765882
103050308 -1.047779 0.358803 1.761075
103050309 -1.049154 0.358803 1.756268
103050310 -1.050530 0.358803 1.751460
103050311 -1.051905 0.358803 1.746653
103050312 -1.053280 0.358803 1.741846
103050313 -1.054656 0.358803 1.737039
103050314 -1.056031 0.358803 1.732232
103050315 -1.057406 0.358803 1.727425
103050316 -1.058782 0.358803 1.722618
103050317 -1.060157 0.358803 1.717811
103050318 -1.061532 0.358803 1.713003
103050319 -1.062908 0.358803 1.708196
103050320 -1.064283 0.358803 1.703389
103050321 -1.065658 0.358803 1.698582
103050322 -1.067034 0.358803 1.693775
103050323 -1.068409 0.358803 1.688968
103050324 -1.069784 0.358803 1.684161
103050325 -1.071160 0.358803 1.679354
103050326 -1.072535 0.358803 1.674546
103050327 -1.073910 0.358803 1.669739
103050328 -1.075285 0.358803 1.664932
103050329 -1.076661 0.358803 1.660125
103050330 -1.078036 0.358803 1.655318
103050331 -1.079411 0.358803 1.650511
103050332 -1.080787 0.358803 1.645704
103050333 -1.082162 0.358803 1.640897
103050334 -1.083537 0.358803 1.636089
103050335 -1.084913 0.358803 1.631282
103050336 -1.086288 0.358803 1.626475
103050337 -1.087663 0.358803 1.621668
103050338 -1.089039 0.358803 1.616861
103050339 -1.090414 0.358803 1.612054
103050340 -1.091789 0.358803 1.607247
103050341 -1.093165 0.358803 1.602439
103050342 -1.094540 0.358803 1.597632
103050343 -1.095915 0.358803 1.592825
103050344 -1.097291 0.358803 1.588018
103050345 -1.098666 0.358803 1.583211
103050346 -1.100041 0.358803 1.578404
103050347 -1.101417 0.358803 1.573597
103050348 -1.102792 0.358803 1.568790
103050349 -1.104167 0.358803 1.563982
103050350 -1.105543 0.358803 1.559175
103050351 -1.106918 0.358803 1.554368
103050352 -1.108293 0.358803 1.549561
103050353 -1.109669 0.358803 1.544754
103050354 -1.111044 0.358803 1.539947
103050355 -1.112419 0.358803 1.535140
103050356 -1.113795 0.358803 1.530333
103050357 -1.115170 0.358803 1.525525
103050358 -1.116545 0.358803 1.520718
103050359 -1.117921 0.358803 1.515911
103050360 -1.119296 0.358803 1.511104
103050361 -1.120671 0.358803 1.506297
103050362 -1.122047 0.358803 1.501490
103050363 -1.123422 0.358803 1.496683
103050364 -1.124797 0.358803 1.491876
103050365 -1.126173 0.358803 1.487068
103050366 -1.127548 0.358803 1.482261
103050367 -1.128923 0.358803 1.477454
103050368 -1.130299 0.358803 1.472647
103050369 -1.131674 0.358803 1.467840
103050370 -1.133049 0.358803 1.463033
103050371 -1.134425 0.358803 1.458226
103050372 -1.135800 0.358803 1.453419
103050373 -1.137175 0.358803 1.448611
103050374 -1.138550 0.358803 1.443804
103050375 -1.139926 0.358803 1.438997
103050376 -1.141301 0.358803 1.434190
103050377 -1.142676 0.358803 1.429383
103050378 -1.144052 0.358803 1.424576
103050379 -1.145427 0.358803 1.419769
103050380 -1.146802 0.358803 1.414961
103050381 -1.148178 0.358803 1.410154
103050382 -1.149553 0.358803 1.405347
103050383 -1.150928 0.358803 1.400540
103050384 -1.152304 0.358803 1.395733
103050385 -1.153679 0.358803 1.390926
103050386 -1.155054 0.358803 1.386119
103050387 -1.156430 0.358803 1.381312
103050388 -1.157805 0.358803 1.376504
103050389 -1.159180 0.358803 1.371697
103050390 -1.160556 0.358803 1.366890
103050391 -1.161931 0.358803 1.362083
103050392 -1.163306 0.358803 1.357276
103050393 -1.164682 0.358803 1.352469
103050394 -1.166057 0.358803 1.347662
103050395 -1.167432 0.358803 1.342855
103050396 -1.168808 0.358803 1.338047
103050397 -1.170183 0.358803 1.333240
103050398 -1.171558 0.358803 1.328433
103050399 -1.172934 0.358803 1.323626
103050400 -1.174309 0.358803 1.318819
103050401 -1.030301 0.383908 1.792479
103050402 -1.031676 0.383908 1.787671
103050403 -1.033052 0.383908 1.782864
103050404 -1.034427 0.383908 1.778057
103050405 -1.035802 0.383908 1.773250
103050406 -1.037178 0.383908 1.768443
103050407 -1.038553 0.383908 1.763636
103050408 -1.039928 0.383908 1.758829
103050409 -1.041304 0.383908 1.754022
103050410 -1.042679 0.383908 1.749214
103050411 -1.044054 0.383908 1.744407
103050412 -1.045430 0.383908 1.739600
103050413 -1.046805 0.383908 1.734793
103050414 -1.048180 0.383908 1.729986
103050415 -1.049556 0.383908 1.725179
103050416 -1.050931 0.383908 1.720372
103050417 -1.052306 0.383908 1.715564
103050418 -1.053682 0.383908 1.710757
103050419 -1.055057 0.383908 1.705950
103050420 -1.056432 0.383908 1.701143
103050421 -1.057808 0.383908 1.696336
103050422 -1.059183 0.383908 1.691529
103050423 -1.060558 0.383908 1.686722
103050424 -1.061934 0.383908 1.681915
103050425 -1.063309 0.383908 1.677107
103050426 -1.064684 0.383908 1.672300
103050427 -1.066060 0.383908 1.667493
103050428 -1.067435 0.383908 1.662686
103050429 -1.068810 0.383908 1.657879
103050430 -1.070186 0.383908 1.653072
103050431 -1.071561 0.383908 1.648265
103050432 -1.072936 0.383908 1.643458
103050433 -1.074312 0.383908 1.638650
103050434 -1.075687 0.383908 1.633843
103050435 -1.077062 0.383908 1.629036
103050436 -1.078437 0.383908 1.624229
103050437 -1.079813 0.383908 1.619422
103050438 -1.081188 0.383908 1.614615
103050439 -1.082563 0.383908 1.609808
103050440 -1.083939 0.383908 1.605001
103050441 -1.085314 0.383908 1.600193
103050442 -1.086689 0.383908 1.595386
103050443 -1.088065 0.383908 1.590579
103050444 -1.089440 0.383908 1.585772
103050445 -1.090815 0.383908 1.580965
103050446 -1.092191 0.383908 1.576158
103050447 -1.093566 0.383908 1.571351
103050448 -1.094941 0.383908 1.566544
103050449 -1.096317 0.383908 1.561736
103050450 -1.097692 0.383908 1.556929
103050451 -1.099067 0.383908 1.552122
103050452 -1.100443 0.383908 1.547315
103050453 -1.101818 0.383908 1.542508
103050454 -1.103193 0.383908 1.537701
103050455 -1.104569 0.383908 1.532894
103050456 -1.105944 0.383908 1.528086
103050457 -1.107319 0.383908 1.523279
103050458 -1.108695 0.383908 1.518472
103050459 -1.110070 0.383908 1.513665
103050460 -1.111445 0.383908 1.508858
103050461 -1.112821 0.383908 1.504051
103050462 -1.114196 0.383908 1.499244
103050463 -1.115571 0.383908 1.494437
103050464 -1.116947 0.383908 1.489629
103050465 -1.118322 0.383908 1.484822
103050466 -1.119697 0.383908 1.480015
103050467 -1.121073 0.383908 1.475208
103050468 -1.122448 0.383908 1.470401
103050469 -1.123823 0.383908 1.465594
103050470 -1.125199 0.383908 1.460787
103050471 -1.126574 0.383908 1.455980
103050472 -1.127949 0.383908 1.451172
103050473 -1.129325 0.383908 1.446365
103050474 -1.130700 0.383908 1.441558
103050475 -1.132075 0.383908 1.436751
103050476 -1.133451 0.383908 1.431944
103050477 -1.134826 0.383908 1.427137
103050478 -1.136201 0.383908 1.422330
103050479 -1.137577 0.383908 1.417523
103050480 -1.138952 0.383908 1.412715
103050481 -1.140327 0.383908 1.407908
103050482 -1.141702 0.383908 1.403101
103050483 -1.143078 0.383908 1.398294
103050484 -1.144453 0.383908 1.393487
103050485 -1.145828 0.383908 1.388680
103050486 -1.147204 0.383908 1.383873
103050487 -1.148579 0.383908 1.379066
103050488 -1.149954 0.383908 1.374258
103050489 -1.151330 0.383908 1.369451
103050490 -1.152705 0.383908 1.364644
103050491 -1.154080 0.383908 1.359837
103050492 -1.155456 0.383908 1.355030
103050493 -1.156831 0.383908 1.350223
103050494 -1.158206 0.383908 1.345416
103050495 -1.159582 0.383908 1.340609
103050496 -1.160957 0.383908 1.335801
103050497 -1.162332 0.383908 1.330994
103050498 -1.163708 0.383908 1.326187
103050499 -1.165083 0.383908 1.321380
103050500 -1.166458 0.383908 1.316573
103050501 -1.022450 0.409014 1.790232
103050502 -1.023826 0.409014 1.785425
103050503 -1.025201 0.409014 1.780618
103050504 -1.026576 0.409014 1.775811
103050505 -1.027952 0.409014 1.771004
103050506 -1.029327 0.409014 1.766197
103050507 -1.030702 0.409014 1.761390
103050508 -1.032078 0.409014 1.756583
103050509 -1.033453 0.409014 1.751775
103050510 -1.034828 0.409014 1.746968
103050511 -1.036204 0.409014 1.742161
103050512 -1.037579 0.409014 1.737354
103050513 -1.038954 0.409014 1.732547
103050514 -1.040330 0.409014 1.727740
103050515 -1.041705 0.409014 1.722933
103050516 -1.043080 0.409014 1.718126
103050517 -1.044456 0.409014 1.713318
103050518 -1.045831 0.409014 1.708511
103050519 -1.047206 0.409014 1.703704
103050520 -1.048582 0.409014 1.698897
103050521 -1.049957 0.409014 1.694090
103050522 -1.051332 0.409014 1.689283
103050523 -1.052708 0.409014 1.684476
103050524 -1.054083 0.409014 1.679669
103050525 -1.055458 0.409014 1.674861
103050526 -1.056834 0.409014 1.670054
103050527 -1.058209 0.409014 1.665247
103050528 -1.059584 0.409014 1.660440
103050529 -1.060960 0.409014 1.655633
103050530 -1.062335 0.409014 1.650826
103050531 -1.063710 0.409014 1.646019
103050532 -1.065086 0.409014 1.641211
103050533 -1.066461 0.409014 1.636404
103050534 -1.067836 0.409014 1.631597
103050535 -1.069212 0.409014 1.626790
103050536 -1.070587 0.409014 1.621983
103050537 -1.071962 0.409014 1.617176
103050538 -1.073338 0.409014 1.612369
103050539 -1.074713 0.409014 1.607562
103050540 -1.076088 0.409014 1.602754
103050541 -1.077464 0.409014 1.597947
103050542 -1.078839 0.409014 1.593140
103050543 -1.080214 0.409014 1.588333
103050544 -1.081590 0.409014 1.583526
103050545 -1.082965 0.409014 1.578719
103050546 -1.084340 0.409014 1.573912
103050547 -1.085715 0.409014 1.569105
103050548 -1.087091 0.409014 1.564297
103050549 -1.088466 0.409014 1.559490
103050550 -1.089841 0.409014 1.554683
103050551 -1.091217 0.409014 1.549876
103050552 -1.092592 0.409014 1.545069
103050553 -1.093967 0.409014 1.540262
103050554 -1.095343 0.409014 1.535455
103050555 -1.096718 0.409014 1.530648
103050556 -1.098093 0.409014 1.525840
103050557 -1.099469 0.409014 1.521033
103050558 -1.100844 0.409014 1.516226
103050559 -1.102219 0.409014 1.511419
103050560 -1.103595 0.409014 1.506612
103050561 -1.104970 0.409014 1.501805
103050562 -1.106345 0.409014 1.496998
103050563 -1.107721 0.409014 1.492191
103050564 -1.109096 0.409014 1.487383
103050565 -1.110471 0.409014 1.482576
103050566 -1.111847 0.409014 1.477769
103050567 -1.113222 0.409014 1.472962
103050568 -1.114597 0.409014 1.468155
103050569 -1.115973 0.409014 1.463348
103050570 -1.117348 0.409014 1.458541
103050571 -1.118723 0.409014 1.453734
103050572 -1.120099 0.409014 1.448926
103050573 -1.121474 0.409014 1.444119
103050574 -1.122849 0.409014 1.439312
103050575 -1.124225 0.409014 1.434505
103050576 -1.125600 0.409014 1.429698
103050577 -1.126975 0.409014 1.424891
103050578 -1.128351 0.409014 1.420084
103050579 -1.129726 0.409014 1.415276
103050580 -1.131101 0.409014 1.410469
103050581 -1.132477 0.409014 1.405662
103050582 -1.133852 0.409014 1.400855
103050583 -1.135227 0.409014 1.396048
103050584 -1.136603 0.409014 1.391241
103050585 -1.137978 0.409014 1.386434
103050586 -1.139353 0.409014 1.381627
103050587 -1.140729 0.409014 1.376819
103050588 -1.142104 0.409014 1.372012
103050589 -1.143479 0.409014 1.367205
103050590 -1.144855 0.409014 1.362398
103050591 -1.146230 0.409014 1.357591
103050592 -1.147605 0.409014 1.352784
103050593 -1.148980 0.409014 1.347977
103050594 -1.150356 0.409014 1.343170
103050595 -1.151731 0.409014 1.338362
103050596 -1.153106 0.409014 1.333555
103050597 -1.154482 0.409014 1.328748
103050598 -1.155857 0.409014 1.323941
103050599 -1.157232 0.409014 1.319134
103050600 -1.158608 0.409014 1.314327
103050601 -1.014600 0.434119 1.787986
103050602 -1.015975 0.434119 1.783179
103050603 -1.017351 0.434119 1.778372
103050604 -1.018726 0.434119 1.773565
103050605 -1.020101 0.434119 1.768758
103050606 -1.021477 0.434119 1.763951
103050607 -1.022852 0.434119 1.759144
103050608 -1.024227 0.434119 1.754336
103050609 -1.025602 0.434119 1.749529
103050610 -1.026978 0.434119 1.744722
103050611 -1.028353 0.434119 1.739915
103050612 -1.029728 0.434119 1.735108
103050613 -1.031104 0.434119 1.730301
103050614 -1.032479 0.434119 1.725494
103050615 -1.033854 0.434119 1.720687
103050616 -1.035230 0.434119 1.715879
103050617 -1.036605 0.434119 1.711072
103050618 -1.037980 0.434119 1.706265
103050619 -1.039356 0.434119 1.701458
103050620 -1.040731 0.434119 1.696651
103050621 -1.042106 0.434119 1.691844
103050622 -1.043482 0.434119 1.687037
103050623 -1.044857 0.434119 1.682230
103050624 -1.046232 0.434119 1.677422
103050625 -1.047608 0.434119 1.672615
103050626 -1.048983 0.434119 1.667808
103050627 -1.050358 0.434119 1.663001
103050628 -1.051734 0.434119 1.658194
103050629 -1.053109 0.434119 1.653387
103050630 -1.054484 0.434119 1.648580
103050631 -1.055860 0.434119 1.643773
103050632 -1.057235 0.434119 1.638965
103050633 -1.058610 0.434119 1.634158
103050634 -1.059986 0.434119 1.629351
103050635 -1.061361 0.434119 1.624544
103050636 -1.062736 0.434119 1.619737
103050637 -1.064112 0.434119 1.614930
103050638 -1.065487 0.434119 1.610123
103050639 -1.066862 0.434119 1.605316
103050640 -1.068238 0.434119 1.600508
103050641 -1.069613 0.434119 1.595701
103050642 -1.070988 0.434119 1.590894
103050643 -1.072364 0.434119 1.586087
103050644 -1.073739 0.434119 1.581280
103050645 -1.075114 0.434119 1.576473
103050646 -1.076490 0.434119 1.571666
103050647 -1.077865 0.434119 1.566859
103050648 -1.079240 0.434119 1.562051
103050649 -1.080616 0.434119 1.557244
103050650 -1.081991 0.434119 1.552437
103050651 -1.083366 0.434119 1.547630
103050652 -1.084742 0.434119 1.542823
103050653 -1.086117 0.434119 1.538016
103050654 -1.087492 0.434119 1.533209
103050655 -1.088867 0.434119 1.528401
103050656 -1.090243 0.434119 1.523594
103050657 -1.091618 0.434119 1.518787
103050658 -1.092993 0.434119 1.513980
103050659 -1.094369 0.434119 1.509173
103050660 -1.095744 0.434119 1.504366
103050661 -1.097119 0.434119 1.499559
103050662 -1.098495 0.434119 1.494752
103050663 -1.099870 0.434119 1.489944
103050664 -1.101245 0.434119 1.485137
103050665 -1.102621 0.434119 1.480330
103050666 -1.103996 0.434119 1.475523
103050667 -1.105371 0.434119 1.470716
103050668 -1.106747 0.434119 1.465909
103050669 -1.108122 0.434119 1.461102
103050670 -1.109497 0.434119 1.456295
103050671 -1.110873 0.434119 1.451487
103050672 -1.112248 0.434119 1.446680
103050673 -1.113623 0.434119 1.441873
103050674 -1.114999 0.434119 1.437066
103050675 -1.116374 0.434119 1.432259
103050676 -1.117749 0.434119 1.427452
103050677 -1.119125 0.434119 1.422645
103050678 -1.120500 0.434119 1.417838
103050679 -1.121875 0.434119 1.413030
103050680 -1.123251 0.434119 1.408223
103050681 -1.124626 0.434119 1.403416
103050682 -1.126001 0.434119 1.398609
103050683 -1.127377 0.434119 1.393802
103050684 -1.128752 0.434119 1.388995
103050685 -1.130127 0.434119 1.384188
103050686 -1.131503 0.434119 1.379381
103050687 -1.132878 0.434119 1.374573
103050688 -1.134253 0.434119 1.369766
103050689 -1.135629 0.434119 1.364959
103050690 -1.137004 0.434119 1.360152
103050691 -1.138379 0.434119 1.355345
103050692 -1.139755 0.434119 1.350538
103050693 -1.141130 0.434119 1.345731
103050694 -1.142505 0.434119 1.340923
103050695 -1.143881 0.434119 1.336116
103050696 -1.145256 0.434119 1.331309
103050697 -1.146631 0.434119 1.326502
103050698 -1.148007 0.434119 1.321695
103050699 -1.149382 0.434119 1.316888
103050700 -1.150757 0.434119 1.312081
103050701 -1.006749 0.459225 1.785740
103050702 -1.008125 0.459225 1.780933
103050703 -1.009500 0.459225 1.776126
103050704 -1.010875 0.459225 1.771319
103050705 -1.012251 0.459225 1.766512
103050706 -1.013626 0.459225 1.761705
103050707 -1.015001 0.459225 1.756898
103050708 -1.016377 0.459225 1.752090
103050709 -1.017752 0.459225 1.747283
103050710 -1.019127 0.459225 1.742476
103050711 -1.020503 0.459225 1.737669
103050712 -1.021878 0.459225 1.732862
103050713 -1.023253 0.459225 1.728055
103050714 -1.024629 0.459225 1.723248
103050715 -1.026004 0.459225 1.718441
103050716 -1.027379 0.459225 1.713633
103050717 -1.028754 0.459225 1.708826
103050718 -1.030130 0.459225 1.704019
103050719 -1.031505 0.459225 1.699212
103050720 -1.032880 0.459225 1.694405
103050721 -1.034256 0.459225 1.689598
103050722 -1.035631 0.459225 1.684791
103050723 -1.037006 0.459225 1.679984
103050724 -1.038382 0.459225 1.675176
103050725 -1.039757 0.459225 1.670369
103050726 -1.041132 0.459225 1.665562
103050727 -1.042508 0.459225 1.660755
103050728 -1.043883 0.459225 1.655948
103050729 -1.045258 0.459225 1.651141
103050730 -1.046634 0.459225 1.646334
103050731 -1.048009 0.459225 1.641526
103050732 -1.049384 0.459225 1.636719
103050733 -1.050760 0.459225 1.631912
103050734 -1.052135 0.459225 1.627105
103050735 -1.053510 0.459225 1.622298
103050736 -1.054886 0.459225 1.617491
103050737 -1.056261 0.459225 1.612684
103050738 -1.057636 0.459225 1.607877
103050739 -1.059012 0.459225 1.603069
103050740 -1.060387 0.459225 1.598262
103050741 -1.061762 0.459225 1.593455
103050742 -1.063138 0.459225 1.588648
103050743 -1.064513 0.459225 1.583841
103050744 -1.065888 0.459225 1.579034
103050745 -1.067264 0.459225 1.574227
103050746 -1.068639 0.459225 1.569420
103050747 -1.070014 0.459225 1.564612
103050748 -1.071390 0.459225 1.559805
103050749 -1.072765 0.459225 1.554998
103050750 -1.074140 0.459225 1.550191
103050751 -1.075516 0.459225 1.545384
103050752 -1.076891 0.459225 1.540577
103050753 -1.078266 0.459225 1.535770
103050754 -1.079642 0.459225 1.530963
103050755 -1.081017 0.459225 1.526155
103050756 -1.082392 0.459225 1.521348
103050757 -1.083768 0.459225 1.516541
103050758 -1.085143 0.459225 1.511734
103050759 -1.086518 0.459225 1.506927
103050760 -1.087894 0.459225 1.502120
103050761 -1.089269 0.459225 1.497313
103050762 -1.090644 0.459225 1.492506
103050763 -1.092019 0.459225 1.487698
103050764 -1.093395 0.459225 1.482891
103050765 -1.094770 0.459225 1.478084
103050766 -1.096145 0.459225 1.473277
103050767 -1.097521 0.459225 1.468470
103050768 -1.098896 0.459225 1.463663
103050769 -1.100271 0.459225 1.458856
103050770 -1.101647 0.459225 1.454048
103050771 -1.103022 0.459225 1.449241
103050772 -1.104397 0.459225 1.444434
103050773 -1.105773 0.459225 1.439627
103050774 -1.107148 0.459225 1.434820
103050775 -1.108523 0.459225 1.430013
103050776 -1.109899 0.459225 1.425206
103050777 -1.111274 0.459225 1.420399
103050778 -1.112649 0.459225 1.415591
103050779 -1.114025 0.459225 1.410784
103050780 -1.115400 0.459225 1.405977
103050781 -1.116775 0.459225 1.401170
103050782 -1.118151 0.459225 1.396363
103050783 -1.119526 0.459225 1.391556
103050784 -1.120901 0.459225 1.386749
103050785 -1.122277 0.459225 1.381942
103050786 -1.123652 0.459225 1.377134
103050787 -1.125027 0.459225 1.372327
103050788 -1.126403 0.459225 1.367520
103050789 -1.127778 0.459225 1.362713
103050790 -1.129153 0.459225 1.357906
103050791 -1.130529 0.459225 1.353099
103050792 -1.131904 0.459225 1.348292
103050793 -1.133279 0.459225 1.343485
103050794 -1.134655 0.459225 1.338677
103050795 -1.136030 0.459225 1.333870
103050796 -1.137405 0.459225 1.329063
103050797 -1.138781 0.459225 1.324256
103050798 -1.140156 0.459225 1.319449
103050799 -1.141531 0.459225 1.314642
103050800 -1.142907 0.459225 1.309835
