102020001 -0.588502 -0.413400 2.697635
102020002 -0.589762 -0.413400 2.692796
102020003 -0.591022 -0.413400 2.687957
102020004 -0.592282 -0.413400 2.683119
102020005 -0.593542 -0.413400 2.678280
102020006 -0.594801 -0.413400 2.673441
102020007 -0.596061 -0.413400 2.668603
102020008 -0.597321 -0.413400 2.663764
102020009 -0.598581 -0.413400 2.658925
102020010 -0.599841 -0.413400 2.654087
102020011 -0.601101 -0.413400 2.649248
102020012 -0.602361 -0.413400 2.644409
102020013 -0.603620 -0.413400 2.639570
102020014 -0.604880 -0.413400 2.634732
102020015 -0.606140 -0.413400 2.629893
102020016 -0.607400 -0.413400 2.625054
102020017 -0.608660 -0.413400 2.620216
102020018 -0.609920 -0.413400 2.615377
102020019 -0.611179 -0.413400 2.610538
102020020 -0.612439 -0.413400 2.605700
102020021 -0.613699 -0.413400 2.600861
102020022 -0.614959 -0.413400 2.596022
102020023 -0.616219 -0.413400 2.591184
102020024 -0.617479 -0.413400 2.586345
102020025 -0.618739 -0.413400 2.581506
102020026 -0.619998 -0.413400 2.576668
102020027 -0.621258 -0.413400 2.571829
102020028 -0.622518 -0.413400 2.566990
102020029 -0.623778 -0.413400 2.562152
102020030 -0.625038 -0.413400 2.557313
102020031 -0.626298 -0.413400 2.552474
102020032 -0.627558 -0.413400 2.547636
102020033 -0.628817 -0.413400 2.542797
102020034 -0.630077 -0.413400 2.537958
102020035 -0.631337 -0.413400 2.533120
102020036 -0.632597 -0.413400 2.528281
102020037 -0.633857 -0.413400 2.523442
102020038 -0.635117 -0.413400 2.518604
102020039 -0.636376 -0.413400 2.513765
102020040 -0.637636 -0.413400 2.508926
102020041 -0.638896 -0.413400 2.504088
102020042 -0.640156 -0.413400 2.499249
102020043 -0.641416 -0.413400 2.494410
102020044 -0.642676 -0.413400 2.489572
102020045 -0.643936 -0.413400 2.484733
102020046 -0.645195 -0.413400 2.479894
102020047 -0.646455 -0.413400 2.475056
102020048 -0.647715 -0.413400 2.470217
102020049 -0.648975 -0.413400 2.465378
102020050 -0.650235 -0.413400 2.460539
102020051 -0.651495 -0.413400 2.455701
102020052 -0.652754 -0.413400 2.450862
102020053 -0.654014 -0.413400 2.446023
102020054 -0.655274 -0.413400 2.441185
102020055 -0.656534 -0.413400 2.436346
102020056 -0.657794 -0.413400 2.431507
102020057 -0.659054 -0.413400 2.426669
102020058 -0.660314 -0.413400 2.421830
102020059 -0.661573 -0.413400 2.416991
102020060 -0.662833 -0.413400 2.412153
102020061 -0.664093 -0.413400 2.407314
102020062 -0.665353 -0.413400 2.402475
102020063 -0.666613 -0.413400 2.397637
102020064 -0.667873 -0.413400 2.392798
102020065 -0.669133 -0.413400 2.387959
102020066 -0.670392 -0.413400 2.383121
102020067 -0.671652 -0.413400 2.378282
102020068 -0.672912 -0.413400 2.373443
102020069 -0.674172 -0.413400 2.368605
102020070 -0.675432 -0.413400 2.363766
102020071 -0.676692 -0.413400 2.358927
102020072 -0.677951 -0.413400 2.354089
102020073 -0.679211 -0.413400 2.349250
102020074 -0.680471 -0.413400 2.344411
102020075 -0.681731 -0.413400 2.339573
102020076 -0.682991 -0.413400 2.334734
102020077 -0.684251 -0.413400 2.329895
102020078 -0.685511 -0.413400 2.325057
102020079 -0.686770 -0.413400 2.320218
102020080 -0.688030 -0.413400 2.315379
102020081 -0.689290 -0.413400 2.310541
102020082 -0.690550 -0.413400 2.305702
102020083 -0.691810 -0.413400 2.300863
102020084 -0.693070 -0.413400 2.296025
102020085 -0.694329 -0.413400 2.291186
102020086 -0.695589 -0.413400 2.286347
102020087 -0.696849 -0.413400 2.281508
102020088 -0.698109 -0.413400 2.276670
102020089 -0.699369 -0.413400 2.271831
102020090 -0.700629 -0.413400 2.266992
102020091 -0.701889 -0.413400 2.262154
102020092 -0.703148 -0.413400 2.257315
102020093 -0.704408 -0.413400 2.252476
102020094 -0.705668 -0.413400 2.247638
102020095 -0.706928 -0.413400 2.242799
102020096 -0.708188 -0.413400 2.237960
102020097 -0.709448 -0.413400 2.233122
102020098 -0.710708 -0.413400 2.228283
102020099 -0.711967 -0.413400 2.223444
102020100 -0.713227 -0.413400 2.218606
102020101 -0.588502 -0.387000 2.697635
102020102 -0.589762 -0.387000 2.692796
102020103 -0.591022 -0.387000 2.687957
102020104 -0.592282 -0.387000 2.683119
102020105 -0.593542 -0.387000 2.678280
102020106 -0.594801 -0.387000 2.673441
102020107 -0.596061 -0.387000 2.668603
102020108 -0.597321 -0.387000 2.663764
102020109 -0.598581 -0.387000 2.658925
102020110 -0.599841 -0.387000 2.654087
102020111 -0.601101 -0.387000 2.649248
102020112 -0.602361 -0.387000 2.644409
102020113 -0.603620 -0.387000 2.639570
102020114 -0.604880 -0.387000 2.634732
102020115 -0.606140 -0.387000 2.629893
102020116 -0.607400 -0.387000 2.625054
102020117 -0.608660 -0.387000 2.620216
102020118 -0.609920 -0.387000 2.615377
102020119 -0.611179 -0.387000 2.610538
102020120 -0.612439 -0.387000 2.605700
102020121 -0.613699 -0.387000 2.600861
102020122 -0.614959 -0.387000 2.596022
102020123 -0.616219 -0.387000 2.591184
102020124 -0.617479 -0.387000 2.586345
102020125 -0.618739 -0.387000 2.581506
102020126 -0.619998 -0.387000 2.576668
102020127 -0.621258 -0.387000 2.571829
102020128 -0.622518 -0.387000 2.566990
102020129 -0.623778 -0.387000 2.562152
102020130 -0.625038 -0.387000 2.557313
102020131 -0.626298 -0.387000 2.552474
102020132 -0.627558 -0.387000 2.547636
102020133 -0.628817 -0.387000 2.542797
102020134 -0.630077 -0.387000 2.537958
102020135 -0.631337 -0.387000 2.533120
102020136 -0.632597 -0.387000 2.528281
102020137 -0.633857 -0.387000 2.523442
102020138 -0.635117 -0.387000 2.518604
102020139 -0.636376 -0.387000 2.513765
102020140 -0.637636 -0.387000 2.508926
102020141 -0.638896 -0.387000 2.504088
102020142 -0.640156 -0.387000 2.499249
102020143 -0.641416 -0.387000 2.494410
102020144 -0.642676 -0.387000 2.489572
102020145 -0.643936 -0.387000 2.484733
102020146 -0.645195 -0.387000 2.479894
102020147 -0.646455 -0.387000 2.475056
102020148 -0.647715 -0.387000 2.470217
102020149 -0.648975 -0.387000 2.465378
102020150 -0.650235 -0.387000 2.460539
102020151 -0.651495 -0.387000 2.455701
102020152 -0.652754 -0.387000 2.450862
102020153 -0.654014 -0.387000 2.446023
102020154 -0.655274 -0.387000 2.441185
102020155 -0.656534 -0.387000 2.436346
102020156 -0.657794 -0.387000 2.431507
102020157 -0.659054 -0.387000 2.426669
102020158 -0.660314 -0.387000 2.421830
102020159 -0.661573 -0.387000 2.416991
102020160 -0.662833 -0.387000 2.412153
102020161 -0.664093 -0.387000 2.407314
102020162 -0.665353 -0.387000 2.402475
102020163 -0.666613 -0.387000 2.397637
102020164 -0.667873 -0.387000 2.392798
102020165 -0.669133 -0.387000 2.387959
102020166 -0.670392 -0.387000 2.383121
102020167 -0.671652 -0.387000 2.378282
102020168 -0.672912 -0.387000 2.373443
102020169 -0.674172 -0.387000 2.368605
102020170 -0.675432 -0.387000 2.363766
102020171 -0.676692 -0.387000 2.358927
102020172 -0.677951 -0.387000 2.354089
102020173 -0.679211 -0.387000 2.349250
102020174 -0.680471 -0.387000 2.344411
102020175 -0.681731 -0.387000 2.339573
102020176 -0.682991 -0.387000 2.334734
102020177 -0.684251 -0.387000 2.329895
102020178 -0.685511 -0.387000 2.325057
102020179 -0.686770 -0.387000 2.320218
102020180 -0.688030 -0.387000 2.315379
102020181 -0.689290 -0.387000 2.310541
102020182 -0.690550 -0.387000 2.305702
102020183 -0.691810 -0.387000 2.300863
102020184 -0.693070 -0.387000 2.296025
102020185 -0.694329 -0.387000 2.291186
102020186 -0.695589 -0.387000 2.286347
102020187 -0.696849 -0.387000 2.281508
102020188 -0.698109 -0.387000 2.276670
102020189 -0.699369 -0.387000 2.271831
102020190 -0.700629 -0.387000 2.266992
102020191 -0.701889 -0.387000 2.262154
102020192 -0.703148 -0.387000 2.257315
102020193 -0.704408 -0.387000 2.252476
102020194 -0.705668 -0.387000 2.247638
102020195 -0.706928 -0.387000 2.242799
102020196 -0.708188 -0.387000 2.237960
102020197 -0.709448 -0.387000 2.233122
102020198 -0.710708 -0.387000 2.228283
102020199 -0.711967 -0.387000 2.223444
102020200 -0.713227 -0.387000 2.218606
102020201 -0.588502 -0.360600 2.697635
102020202 -0.589762 -0.360600 2.692796
102020203 -0.591022 -0.360600 2.687957
102020204 -0.592282 -0.360600 2.683119
102020205 -0.593542 -0.360600 2.678280
102020206 -0.594801 -0.360600 2.673441
102020207 -0.596061 -0.360600 2.668603
102020208 -0.597321 -0.360600 2.663764
102020209 -0.598581 -0.360600 2.658925
102020210 -0.599841 -0.360600 2.654087
102020211 -0.601101 -0.360600 2.649248
102020212 -0.602361 -0.360600 2.644409
102020213 -0.603620 -0.360600 2.639570
102020214 -0.604880 -0.360600 2.634732
102020215 -0.606140 -0.360600 2.629893
102020216 -0.607400 -0.360600 2.625054
102020217 -0.608660 -0.360600 2.620216
102020218 -0.609920 -0.360600 2.615377
102020219 -0.611179 -0.360600 2.610538
102020220 -0.612439 -0.360600 2.605700
102020221 -0.613699 -0.360600 2.600861
102020222 -0.614959 -0.360600 2.596022
102020223 -0.616219 -0.360600 2.591184
102020224 -0.617479 -0.360600 2.586345
102020225 -0.618739 -0.360600 2.581506
102020226 -0.619998 -0.360600 2.576668
102020227 -0.621258 -0.360600 2.571829
102020228 -0.622518 -0.360600 2.566990
102020229 -0.623778 -0.360600 2.562152
102020230 -0.625038 -0.360600 2.557313
102020231 -0.626298 -0.360600 2.552474
102020232 -0.627558 -0.360600 2.547636
102020233 -0.628817 -0.360600 2.542797
102020234 -0.630077 -0.360600 2.537958
102020235 -0.631337 -0.360600 2.533120
102020236 -0.632597 -0.360600 2.528281
102020237 -0.633857 -0.360600 2.523442
102020238 -0.635117 -0.360600 2.518604
102020239 -0.636376 -0.360600 2.513765
102020240 -0.637636 -0.360600 2.508926
102020241 -0.638896 -0.360600 2.504088
102020242 -0.640156 -0.360600 2.499249
102020243 -0.641416 -0.360600 2.494410
102020244 -0.642676 -0.360600 2.489572
102020245 -0.643936 -0.360600 2.484733
102020246 -0.645195 -0.360600 2.479894
102020247 -0.646455 -0.360600 2.475056
102020248 -0.647715 -0.360600 2.470217
102020249 -0.648975 -0.360600 2.465378
102020250 -0.650235 -0.360600 2.460539
102020251 -0.651495 -0.360600 2.455701
102020252 -0.652754 -0.360600 2.450862
102020253 -0.654014 -0.360600 2.446023
102020254 -0.655274 -0.360600 2.441185
102020255 -0.656534 -0.360600 2.436346
102020256 -0.657794 -0.360600 2.431507
102020257 -0.659054 -0.360600 2.426669
102020258 -0.660314 -0.360600 2.421830
102020259 -0.661573 -0.360600 2.416991
102020260 -0.662833 -0.360600 2.412153
102020261 -0.664093 -0.360600 2.407314
102020262 -0.665353 -0.360600 2.402475
102020263 -0.666613 -0.360600 2.397637
102020264 -0.667873 -0.360600 2.392798
102020265 -0.669133 -0.360600 2.387959
102020266 -0.670392 -0.360600 2.383121
102020267 -0.671652 -0.360600 2.378282
102020268 -0.672912 -0.360600 2.373443
102020269 -0.674172 -0.360600 2.368605
102020270 -0.675432 -0.360600 2.363766
102020271 -0.676692 -0.360600 2.358927
102020272 -0.677951 -0.360600 2.354089
102020273 -0.679211 -0.360600 2.349250
102020274 -0.680471 -0.360600 2.344411
102020275 -0.681731 -0.360600 2.339573
102020276 -0.682991 -0.360600 2.334734
102020277 -0.684251 -0.360600 2.329895
102020278 -0.685511 -0.360600 2.325057
102020279 -0.686770 -0.360600 2.320218
102020280 -0.688030 -0.360600 2.315379
102020281 -0.689290 -0.360600 2.310541
102020282 -0.690550 -0.360600 2.305702
102020283 -0.691810 -0.360600 2.300863
102020284 -0.693070 -0.360600 2.296025
102020285 -0.694329 -0.360600 2.291186
102020286 -0.695589 -0.360600 2.286347
102020287 -0.696849 -0.360600 2.281508
102020288 -0.698109 -0.360600 2.276670
102020289 -0.699369 -0.360600 2.271831
102020290 -0.700629 -0.360600 2.266992
102020291 -0.701889 -0.360600 2.262154
102020292 -0.703148 -0.360600 2.257315
102020293 -0.704408 -0.360600 2.252476
102020294 -0.705668 -0.360600 2.247638
102020295 -0.706928 -0.360600 2.242799
102020296 -0.708188 -0.360600 2.237960
102020297 -0.709448 -0.360600 2.233122
102020298 -0.710708 -0.360600 2.228283
102020299 -0.711967 -0.360600 2.223444
102020300 -0.713227 -0.360600 2.218606
102020301 -0.588502 -0.334200 2.697635
102020302 -0.589762 -0.334200 2.692796
102020303 -0.591022 -0.334200 2.687957
102020304 -0.592282 -0.334200 2.683119
102020305 -0.593542 -0.334200 2.678280
102020306 -0.594801 -0.334200 2.673441
102020307 -0.596061 -0.334200 2.668603
102020308 -0.597321 -0.334200 2.663764
102020309 -0.598581 -0.334200 2.658925
102020310 -0.599841 -0.334200 2.654087
102020311 -0.601101 -0.334200 2.649248
102020312 -0.602361 -0.334200 2.644409
102020313 -0.603620 -0.334200 2.639570
102020314 -0.604880 -0.334200 2.634732
102020315 -0.606140 -0.334200 2.629893
102020316 -0.607400 -0.334200 2.625054
102020317 -0.608660 -0.334200 2.620216
102020318 -0.609920 -0.334200 2.615377
102020319 -0.611179 -0.334200 2.610538
102020320 -0.612439 -0.334200 2.605700
102020321 -0.613699 -0.334200 2.600861
102020322 -0.614959 -0.334200 2.596022
102020323 -0.616219 -0.334200 2.591184
102020324 -0.617479 -0.334200 2.586345
102020325 -0.618739 -0.334200 2.581506
102020326 -0.619998 -0.334200 2.576668
102020327 -0.621258 -0.334200 2.571829
102020328 -0.622518 -0.334200 2.566990
102020329 -0.623778 -0.334200 2.562152
102020330 -0.625038 -0.334200 2.557313
102020331 -0.626298 -0.334200 2.552474
102020332 -0.627558 -0.334200 2.547636
102020333 -0.628817 -0.334200 2.542797
102020334 -0.630077 -0.334200 2.537958
102020335 -0.631337 -0.334200 2.533120
102020336 -0.632597 -0.334200 2.528281
102020337 -0.633857 -0.334200 2.523442
102020338 -0.635117 -0.334200 2.518604
102020339 -0.636376 -0.334200 2.513765
102020340 -0.637636 -0.334200 2.508926
102020341 -0.638896 -0.334200 2.504088
102020342 -0.640156 -0.334200 2.499249
102020343 -0.641416 -0.334200 2.494410
102020344 -0.642676 -0.334200 2.489572
102020345 -0.643936 -0.334200 2.484733
102020346 -0.645195 -0.334200 2.479894
102020347 -0.646455 -0.334200 2.475056
102020348 -0.647715 -0.334200 2.470217
102020349 -0.648975 -0.334200 2.465378
102020350 -0.650235 -0.334200 2.460539
102020351 -0.651495 -0.334200 2.455701
102020352 -0.652754 -0.334200 2.450862
102020353 -0.654014 -0.334200 2.446023
102020354 -0.655274 -0.334200 2.441185
102020355 -0.656534 -0.334200 2.436346
102020356 -0.657794 -0.334200 2.431507
102020357 -0.659054 -0.334200 2.426669
102020358 -0.660314 -0.334200 2.421830
102020359 -0.661573 -0.334200 2.416991
102020360 -0.662833 -0.334200 2.412153
102020361 -0.664093 -0.334200 2.407314
102020362 -0.665353 -0.334200 2.402475
102020363 -0.666613 -0.334200 2.397637
102020364 -0.667873 -0.334200 2.392798
102020365 -0.669133 -0.334200 2.387959
102020366 -0.670392 -0.334200 2.383121
102020367 -0.671652 -0.334200 2.378282
102020368 -0.672912 -0.334200 2.373443
102020369 -0.674172 -0.334200 2.368605
102020370 -0.675432 -0.334200 2.363766
102020371 -0.676692 -0.334200 2.358927
102020372 -0.677951 -0.334200 2.354089
102020373 -0.679211 -0.334200 2.349250
102020374 -0.680471 -0.334200 2.344411
102020375 -0.681731 -0.334200 2.339573
102020376 -0.682991 -0.334200 2.334734
102020377 -0.684251 -0.334200 2.329895
102020378 -0.685511 -0.334200 2.325057
102020379 -0.686770 -0.334200 2.320218
102020380 -0.688030 -0.334200 2.315379
102020381 -0.689290 -0.334200 2.310541
102020382 -0.690550 -0.334200 2.305702
102020383 -0.691810 -0.334200 2.300863
102020384 -0.693070 -0.334200 2.296025
102020385 -0.694329 -0.334200 2.291186
102020386 -0.695589 -0.334200 2.286347
102020387 -0.696849 -0.334200 2.281508
102020388 -0.698109 -0.334200 2.276670
102020389 -0.699369 -0.334200 2.271831
102020390 -0.700629 -0.334200 2.266992
102020391 -0.701889 -0.334200 2.262154
102020392 -0.703148 -0.334200 2.257315
102020393 -0.704408 -0.334200 2.252476
102020394 -0.705668 -0.334200 2.247638
102020395 -0.706928 -0.334200 2.242799
102020396 -0.708188 -0.334200 2.237960
102020397 -0.709448 -0.334200 2.233122
102020398 -0.710708 -0.334200 2.228283
102020399 -0.711967 -0.334200 2.223444
102020400 -0.713227 -0.334200 2.218606
102020401 -0.588502 -0.307800 2.697635
102020402 -0.589762 -0.307800 2.692796
102020403 -0.591022 -0.307800 2.687957
102020404 -0.592282 -0.307800 2.683119
102020405 -0.593542 -0.307800 2.678280
102020406 -0.594801 -0.307800 2.673441
102020407 -0.596061 -0.307800 2.668603
102020408 -0.597321 -0.307800 2.663764
102020409 -0.598581 -0.307800 2.658925
102020410 -0.599841 -0.307800 2.654087
102020411 -0.601101 -0.307800 2.649248
102020412 -0.602361 -0.307800 2.644409
102020413 -0.603620 -0.307800 2.639570
102020414 -0.604880 -0.307800 2.634732
102020415 -0.606140 -0.307800 2.629893
102020416 -0.607400 -0.307800 2.625054
102020417 -0.608660 -0.307800 2.620216
102020418 -0.609920 -0.307800 2.615377
102020419 -0.611179 -0.307800 2.610538
102020420 -0.612439 -0.307800 2.605700
102020421 -0.613699 -0.307800 2.600861
102020422 -0.614959 -0.307800 2.596022
102020423 -0.616219 -0.307800 2.591184
102020424 -0.617479 -0.307800 2.586345
102020425 -0.618739 -0.307800 2.581506
102020426 -0.619998 -0.307800 2.576668
102020427 -0.621258 -0.307800 2.571829
102020428 -0.622518 -0.307800 2.566990
102020429 -0.623778 -0.307800 2.562152
102020430 -0.625038 -0.307800 2.557313
102020431 -0.626298 -0.307800 2.552474
102020432 -0.627558 -0.307800 2.547636
102020433 -0.628817 -0.307800 2.542797
102020434 -0.630077 -0.307800 2.537958
102020435 -0.631337 -0.307800 2.533120
102020436 -0.632597 -0.307800 2.528281
102020437 -0.633857 -0.307800 2.523442
102020438 -0.635117 -0.307800 2.518604
102020439 -0.636376 -0.307800 2.513765
102020440 -0.637636 -0.307800 2.508926
102020441 -0.638896 -0.307800 2.504088
102020442 -0.640156 -0.307800 2.499249
102020443 -0.641416 -0.307800 2.494410
102020444 -0.642676 -0.307800 2.489572
102020445 -0.643936 -0.307800 2.484733
102020446 -0.645195 -0.307800 2.479894
102020447 -0.646455 -0.307800 2.475056
102020448 -0.647715 -0.307800 2.470217
102020449 -0.648975 -0.307800 2.465378
102020450 -0.650235 -0.307800 2.460539
102020451 -0.651495 -0.307800 2.455701
102020452 -0.652754 -0.307800 2.450862
102020453 -0.654014 -0.307800 2.446023
102020454 -0.655274 -0.307800 2.441185
102020455 -0.656534 -0.307800 2.436346
102020456 -0.657794 -0.307800 2.431507
102020457 -0.659054 -0.307800 2.426669
102020458 -0.660314 -0.307800 2.421830
102020459 -0.661573 -0.307800 2.416991
102020460 -0.662833 -0.307800 2.412153
102020461 -0.664093 -0.307800 2.407314
102020462 -0.665353 -0.307800 2.402475
102020463 -0.666613 -0.307800 2.397637
102020464 -0.667873 -0.307800 2.392798
102020465 -0.669133 -0.307800 2.387959
102020466 -0.670392 -0.307800 2.383121
102020467 -0.671652 -0.307800 2.378282
102020468 -0.672912 -0.307800 2.373443
102020469 -0.674172 -0.307800 2.368605
102020470 -0.675432 -0.307800 2.363766
102020471 -0.676692 -0.307800 2.358927
102020472 -0.677951 -0.307800 2.354089
102020473 -0.679211 -0.307800 2.349250
102020474 -0.680471 -0.307800 2.344411
102020475 -0.681731 -0.307800 2.339573
102020476 -0.682991 -0.307800 2.334734
102020477 -0.684251 -0.307800 2.329895
102020478 -0.685511 -0.307800 2.325057
102020479 -0.686770 -0.307800 2.320218
102020480 -0.688030 -0.307800 2.315379
102020481 -0.689290 -0.307800 2.310541
102020482 -0.690550 -0.307800 2.305702
102020483 -0.691810 -0.307800 2.300863
102020484 -0.693070 -0.307800 2.296025
102020485 -0.694329 -0.307800 2.291186
102020486 -0.695589 -0.307800 2.286347
102020487 -0.696849 -0.307800 2.281508
102020488 -0.698109 -0.307800 2.276670
102020489 -0.699369 -0.307800 2.271831
102020490 -0.700629 -0.307800 2.266992
102020491 -0.701889 -0.307800 2.262154
102020492 -0.703148 -0.307800 2.257315
102020493 -0.704408 -0.307800 2.252476
102020494 -0.705668 -0.307800 2.247638
102020495 -0.706928 -0.307800 2.242799
102020496 -0.708188 -0.307800 2.237960
102020497 -0.709448 -0.307800 2.233122
102020498 -0.710708 -0.307800 2.228283
102020499 -0.711967 -0.307800 2.223444
102020500 -0.713227 -0.307800 2.218606
102020501 -0.588502 -0.281400 2.697635
102020502 -0.589762 -0.281400 2.692796
102020503 -0.591022 -0.281400 2.687957
102020504 -0.592282 -0.281400 2.683119
102020505 -0.593542 -0.281400 2.678280
102020506 -0.594801 -0.281400 2.673441
102020507 -0.596061 -0.281400 2.668603
102020508 -0.597321 -0.281400 2.663764
102020509 -0.598581 -0.281400 2.658925
102020510 -0.599841 -0.281400 2.654087
102020511 -0.601101 -0.281400 2.649248
102020512 -0.602361 -0.281400 2.644409
102020513 -0.603620 -0.281400 2.639570
102020514 -0.604880 -0.281400 2.634732
102020515 -0.606140 -0.281400 2.629893
102020516 -0.607400 -0.281400 2.625054
102020517 -0.608660 -0.281400 2.620216
102020518 -0.609920 -0.281400 2.615377
102020519 -0.611179 -0.281400 2.610538
102020520 -0.612439 -0.281400 2.605700
102020521 -0.613699 -0.281400 2.600861
102020522 -0.614959 -0.281400 2.596022
102020523 -0.616219 -0.281400 2.591184
102020524 -0.617479 -0.281400 2.586345
102020525 -0.618739 -0.281400 2.581506
102020526 -0.619998 -0.281400 2.576668
102020527 -0.621258 -0.281400 2.571829
102020528 -0.622518 -0.281400 2.566990
102020529 -0.623778 -0.281400 2.562152
102020530 -0.625038 -0.281400 2.557313
102020531 -0.626298 -0.281400 2.552474
102020532 -0.627558 -0.281400 2.547636
102020533 -0.628817 -0.281400 2.542797
102020534 -0.630077 -0.281400 2.537958
102020535 -0.631337 -0.281400 2.533120
102020536 -0.632597 -0.281400 2.528281
102020537 -0.633857 -0.281400 2.523442
102020538 -0.635117 -0.281400 2.518604
102020539 -0.636376 -0.281400 2.513765
102020540 -0.637636 -0.281400 2.508926
102020541 -0.638896 -0.281400 2.504088
102020542 -0.640156 -0.281400 2.499249
102020543 -0.641416 -0.281400 2.494410
102020544 -0.642676 -0.281400 2.489572
102020545 -0.643936 -0.281400 2.484733
102020546 -0.645195 -0.281400 2.479894
102020547 -0.646455 -0.281400 2.475056
102020548 -0.647715 -0.281400 2.470217
102020549 -0.648975 -0.281400 2.465378
102020550 -0.650235 -0.281400 2.460539
102020551 -0.651495 -0.281400 2.455701
102020552 -0.652754 -0.281400 2.450862
102020553 -0.654014 -0.281400 2.446023
102020554 -0.655274 -0.281400 2.441185
102020555 -0.656534 -0.281400 2.436346
102020556 -0.657794 -0.281400 2.431507
102020557 -0.659054 -0.281400 2.426669
102020558 -0.660314 -0.281400 2.421830
102020559 -0.661573 -0.281400 2.416991
102020560 -0.662833 -0.281400 2.412153
102020561 -0.664093 -0.281400 2.407314
102020562 -0.665353 -0.281400 2.402475
102020563 -0.666613 -0.281400 2.397637
102020564 -0.667873 -0.281400 2.392798
102020565 -0.669133 -0.281400 2.387959
102020566 -0.670392 -0.281400 2.383121
102020567 -0.671652 -0.281400 2.378282
102020568 -0.672912 -0.281400 2.373443
102020569 -0.674172 -0.281400 2.368605
102020570 -0.675432 -0.281400 2.363766
102020571 -0.676692 -0.281400 2.358927
102020572 -0.677951 -0.281400 2.354089
102020573 -0.679211 -0.281400 2.349250
102020574 -0.680471 -0.281400 2.344411
102020575 -0.681731 -0.281400 2.339573
102020576 -0.682991 -0.281400 2.334734
102020577 -0.684251 -0.281400 2.329895
102020578 -0.685511 -0.281400 2.325057
102020579 -0.686770 -0.281400 2.320218
102020580 -0.688030 -0.281400 2.315379
102020581 -0.689290 -0.281400 2.310541
102020582 -0.690550 -0.281400 2.305702
102020583 -0.691810 -0.281400 2.300863
102020584 -0.693070 -0.281400 2.296025
102020585 -0.694329 -0.281400 2.291186
102020586 -0.695589 -0.281400 2.286347
102020587 -0.696849 -0.281400 2.281508
102020588 -0.698109 -0.281400 2.276670
102020589 -0.699369 -0.281400 2.271831
102020590 -0.700629 -0.281400 2.266992
102020591 -0.701889 -0.281400 2.262154
102020592 -0.703148 -0.281400 2.257315
102020593 -0.704408 -0.281400 2.252476
102020594 -0.705668 -0.281400 2.247638
102020595 -0.706928 -0.281400 2.242799
102020596 -0.708188 -0.281400 2.237960
102020597 -0.709448 -0.281400 2.233122
102020598 -0.710708 -0.281400 2.228283
102020599 -0.711967 -0.281400 2.223444
102020600 -0.713227 -0.281400 2.218606
102020601 -0.588502 -0.255000 2.697635
102020602 -0.589762 -0.255000 2.692796
102020603 -0.591022 -0.255000 2.687957
102020604 -0.592282 -0.255000 2.683119
102020605 -0.593542 -0.255000 2.678280
102020606 -0.594801 -0.255000 2.673441
102020607 -0.596061 -0.255000 2.668603
102020608 -0.597321 -0.255000 2.663764
102020609 -0.598581 -0.255000 2.658925
102020610 -0.599841 -0.255000 2.654087
102020611 -0.601101 -0.255000 2.649248
102020612 -0.602361 -0.255000 2.644409
102020613 -0.603620 -0.255000 2.639570
102020614 -0.604880 -0.255000 2.634732
102020615 -0.606140 -0.255000 2.629893
102020616 -0.607400 -0.255000 2.625054
102020617 -0.608660 -0.255000 2.620216
102020618 -0.609920 -0.255000 2.615377
102020619 -0.611179 -0.255000 2.610538
102020620 -0.612439 -0.255000 2.605700
102020621 -0.613699 -0.255000 2.600861
102020622 -0.614959 -0.255000 2.596022
102020623 -0.616219 -0.255000 2.591184
102020624 -0.617479 -0.255000 2.586345
102020625 -0.618739 -0.255000 2.581506
102020626 -0.619998 -0.255000 2.576668
102020627 -0.621258 -0.255000 2.571829
102020628 -0.622518 -0.255000 2.566990
102020629 -0.623778 -0.255000 2.562152
102020630 -0.625038 -0.255000 2.557313
102020631 -0.626298 -0.255000 2.552474
102020632 -0.627558 -0.255000 2.547636
102020633 -0.628817 -0.255000 2.542797
102020634 -0.630077 -0.255000 2.537958
102020635 -0.631337 -0.255000 2.533120
102020636 -0.632597 -0.255000 2.528281
102020637 -0.633857 -0.255000 2.523442
102020638 -0.635117 -0.255000 2.518604
102020639 -0.636376 -0.255000 2.513765
102020640 -0.637636 -0.255000 2.508926
102020641 -0.638896 -0.255000 2.504088
102020642 -0.640156 -0.255000 2.499249
102020643 -0.641416 -0.255000 2.494410
102020644 -0.642676 -0.255000 2.489572
102020645 -0.643936 -0.255000 2.484733
102020646 -0.645195 -0.255000 2.479894
102020647 -0.646455 -0.255000 2.475056
102020648 -0.647715 -0.255000 2.470217
102020649 -0.648975 -0.255000 2.465378
102020650 -0.650235 -0.255000 2.460539
102020651 -0.651495 -0.255000 2.455701
102020652 -0.652754 -0.255000 2.450862
102020653 -0.654014 -0.255000 2.446023
102020654 -0.655274 -0.255000 2.441185
102020655 -0.656534 -0.255000 2.436346
102020656 -0.657794 -0.255000 2.431507
102020657 -0.659054 -0.255000 2.426669
102020658 -0.660314 -0.255000 2.421830
102020659 -0.661573 -0.255000 2.416991
102020660 -0.662833 -0.255000 2.412153
102020661 -0.664093 -0.255000 2.407314
102020662 -0.665353 -0.255000 2.402475
102020663 -0.666613 -0.255000 2.397637
102020664 -0.667873 -0.255000 2.392798
102020665 -0.669133 -0.255000 2.387959
102020666 -0.670392 -0.255000 2.383121
102020667 -0.671652 -0.255000 2.378282
102020668 -0.672912 -0.255000 2.373443
102020669 -0.674172 -0.255000 2.368605
102020670 -0.675432 -0.255000 2.363766
102020671 -0.676692 -0.255000 2.358927
102020672 -0.677951 -0.255000 2.354089
102020673 -0.679211 -0.255000 2.349250
102020674 -0.680471 -0.255000 2.344411
102020675 -0.681731 -0.255000 2.339573
102020676 -0.682991 -0.255000 2.334734
102020677 -0.684251 -0.255000 2.329895
102020678 -0.685511 -0.255000 2.325057
102020679 -0.686770 -0.255000 2.320218
102020680 -0.688030 -0.255000 2.315379
102020681 -0.689290 -0.255000 2.310541
102020682 -0.690550 -0.255000 2.305702
102020683 -0.691810 -0.255000 2.300863
102020684 -0.693070 -0.255000 2.296025
102020685 -0.694329 -0.255000 2.291186
102020686 -0.695589 -0.255000 2.286347
102020687 -0.696849 -0.255000 2.281508
102020688 -0.698109 -0.255000 2.276670
102020689 -0.699369 -0.255000 2.271831
102020690 -0.700629 -0.255000 2.266992
102020691 -0.701889 -0.255000 2.262154
102020692 -0.703148 -0.255000 2.257315
102020693 -0.704408 -0.255000 2.252476
102020694 -0.705668 -0.255000 2.247638
102020695 -0.706928 -0.255000 2.242799
102020696 -0.708188 -0.255000 2.237960
102020697 -0.709448 -0.255000 2.233122
102020698 -0.710708 -0.255000 2.228283
102020699 -0.711967 -0.255000 2.223444
102020700 -0.713227 -0.255000 2.218606
102020701 -0.588502 -0.228600 2.697635
102020702 -0.589762 -0.228600 2.692796
102020703 -0.591022 -0.228600 2.687957
102020704 -0.592282 -0.228600 2.683119
102020705 -0.593542 -0.228600 2.678280
102020706 -0.594801 -0.228600 2.673441
102020707 -0.596061 -0.228600 2.668603
102020708 -0.597321 -0.228600 2.663764
102020709 -0.598581 -0.228600 2.658925
102020710 -0.599841 -0.228600 2.654087
102020711 -0.601101 -0.228600 2.649248
102020712 -0.602361 -0.228600 2.644409
102020713 -0.603620 -0.228600 2.639570
102020714 -0.604880 -0.228600 2.634732
102020715 -0.606140 -0.228600 2.629893
102020716 -0.607400 -0.228600 2.625054
102020717 -0.608660 -0.228600 2.620216
102020718 -0.609920 -0.228600 2.615377
102020719 -0.611179 -0.228600 2.610538
102020720 -0.612439 -0.228600 2.605700
102020721 -0.613699 -0.228600 2.600861
102020722 -0.614959 -0.228600 2.596022
102020723 -0.616219 -0.228600 2.591184
102020724 -0.617479 -0.228600 2.586345
102020725 -0.618739 -0.228600 2.581506
102020726 -0.619998 -0.228600 2.576668
102020727 -0.621258 -0.228600 2.571829
102020728 -0.622518 -0.228600 2.566990
102020729 -0.623778 -0.228600 2.562152
102020730 -0.625038 -0.228600 2.557313
102020731 -0.626298 -0.228600 2.552474
102020732 -0.627558 -0.228600 2.547636
102020733 -0.628817 -0.228600 2.542797
102020734 -0.630077 -0.228600 2.537958
102020735 -0.631337 -0.228600 2.533120
102020736 -0.632597 -0.228600 2.528281
102020737 -0.633857 -0.228600 2.523442
102020738 -0.635117 -0.228600 2.518604
102020739 -0.636376 -0.228600 2.513765
102020740 -0.637636 -0.228600 2.508926
102020741 -0.638896 -0.228600 2.504088
102020742 -0.640156 -0.228600 2.499249
102020743 -0.641416 -0.228600 2.494410
102020744 -0.642676 -0.228600 2.489572
102020745 -0.643936 -0.228600 2.484733
102020746 -0.645195 -0.228600 2.479894
102020747 -0.646455 -0.228600 2.475056
102020748 -0.647715 -0.228600 2.470217
102020749 -0.648975 -0.228600 2.465378
102020750 -0.650235 -0.228600 2.460539
102020751 -0.651495 -0.228600 2.455701
102020752 -0.652754 -0.228600 2.450862
102020753 -0.654014 -0.228600 2.446023
102020754 -0.655274 -0.228600 2.441185
102020755 -0.656534 -0.228600 2.436346
102020756 -0.657794 -0.228600 2.431507
102020757 -0.659054 -0.228600 2.426669
102020758 -0.660314 -0.228600 2.421830
102020759 -0.661573 -0.228600 2.416991
102020760 -0.662833 -0.228600 2.412153
102020761 -0.664093 -0.228600 2.407314
102020762 -0.665353 -0.228600 2.402475
102020763 -0.666613 -0.228600 2.397637
102020764 -0.667873 -0.228600 2.392798
102020765 -0.669133 -0.228600 2.387959
102020766 -0.670392 -0.228600 2.383121
102020767 -0.671652 -0.228600 2.378282
102020768 -0.672912 -0.228600 2.373443
102020769 -0.674172 -0.228600 2.368605
102020770 -0.675432 -0.228600 2.363766
102020771 -0.676692 -0.228600 2.358927
102020772 -0.677951 -0.228600 2.354089
102020773 -0.679211 -0.228600 2.349250
102020774 -0.680471 -0.228600 2.344411
102020775 -0.681731 -0.228600 2.339573
102020776 -0.682991 -0.228600 2.334734
102020777 -0.684251 -0.228600 2.329895
102020778 -0.685511 -0.228600 2.325057
102020779 -0.686770 -0.228600 2.320218
102020780 -0.688030 -0.228600 2.315379
102020781 -0.689290 -0.228600 2.310541
102020782 -0.690550 -0.228600 2.305702
102020783 -0.691810 -0.228600 2.300863
102020784 -0.693070 -0.228600 2.296025
102020785 -0.694329 -0.228600 2.291186
102020786 -0.695589 -0.228600 2.286347
102020787 -0.696849 -0.228600 2.281508
102020788 -0.698109 -0.228600 2.276670
102020789 -0.699369 -0.228600 2.271831
102020790 -0.700629 -0.228600 2.266992
102020791 -0.701889 -0.228600 2.262154
102020792 -0.703148 -0.228600 2.257315
102020793 -0.704408 -0.228600 2.252476
102020794 -0.705668 -0.228600 2.247638
102020795 -0.706928 -0.228600 2.242799
102020796 -0.708188 -0.228600 2.237960
102020797 -0.709448 -0.228600 2.233122
102020798 -0.710708 -0.228600 2.228283
102020799 -0.711967 -0.228600 2.223444
102020800 -0.713227 -0.228600 2.218606
