107010001 -0.513989 -0.413400 -1.226291
107010002 -0.508989 -0.413400 -1.226291
107010003 -0.503989 -0.413400 -1.226291
107010004 -0.498989 -0.413400 -1.226291
107010005 -0.493989 -0.413400 -1.226291
107010006 -0.488989 -0.413400 -1.226291
107010007 -0.483989 -0.413400 -1.226291
107010008 -0.478989 -0.413400 -1.226291
107010009 -0.473989 -0.413400 -1.226291
107010010 -0.468989 -0.413400 -1.226291
107010011 -0.463989 -0.413400 -1.226291
107010012 -0.458989 -0.413400 -1.226291
107010013 -0.453989 -0.413400 -1.226291
107010014 -0.448989 -0.413400 -1.226291
107010015 -0.443989 -0.413400 -1.226291
107010016 -0.438989 -0.413400 -1.226291
107010017 -0.433989 -0.413400 -1.226291
107010018 -0.428989 -0.413400 -1.226291
107010019 -0.423989 -0.413400 -1.226291
107010020 -0.418989 -0.413400 -1.226291
107010021 -0.413989 -0.413400 -1.226291
107010022 -0.408989 -0.413400 -1.226291
107010023 -0.403989 -0.413400 -1.226291
107010024 -0.398989 -0.413400 -1.226291
107010025 -0.393989 -0.413400 -1.226291
107010026 -0.388989 -0.413400 -1.226291
107010027 -0.383989 -0.413400 -1.226291
107010028 -0.378989 -0.413400 -1.226291
107010029 -0.373989 -0.413400 -1.226291
107010030 -0.368989 -0.413400 -1.226291
107010031 -0.363989 -0.413400 -1.226291
107010032 -0.358989 -0.413400 -1.226291
107010033 -0.353989 -0.413400 -1.226291
107010034 -0.348989 -0.413400 -1.226291
107010035 -0.343989 -0.413400 -1.226291
107010036 -0.338989 -0.413400 -1.226291
107010037 -0.333989 -0.413400 -1.226291
107010038 -0.328989 -0.413400 -1.226291
107010039 -0.323989 -0.413400 -1.226291
107010040 -0.318989 -0.413400 -1.226291
107010041 -0.313989 -0.413400 -1.226291
107010042 -0.308989 -0.413400 -1.226291
107010043 -0.303989 -0.413400 -1.226291
107010044 -0.298989 -0.413400 -1.226291
107010045 -0.293989 -0.413400 -1.226291
107010046 -0.288989 -0.413400 -1.226291
107010047 -0.283989 -0.413400 -1.226291
107010048 -0.278989 -0.413400 -1.226291
107010049 -0.273989 -0.413400 -1.226291
107010050 -0.268989 -0.413400 -1.226291
107010051 -0.263989 -0.413400 -1.226291
107010052 -0.258989 -0.413400 -1.226291
107010053 -0.253989 -0.413400 -1.226291
107010054 -0.248989 -0.413400 -1.226291
107010055 -0.243989 -0.413400 -1.226291
107010056 -0.238989 -0.413400 -1.226291
107010057 -0.233989 -0.413400 -1.226291
107010058 -0.228989 -0.413400 -1.226291
107010059 -0.223989 -0.413400 -1.226291
107010060 -0.218989 -0.413400 -1.226291
107010061 -0.513989 -0.387000 -1.226291
107010062 -0.508989 -0.387000 -1.226291
107010063 -0.503989 -0.387000 -1.226291
107010064 -0.498989 -0.387000 -1.226291
107010065 -0.493989 -0.387000 -1.226291
107010066 -0.488989 -0.387000 -1.226291
107010067 -0.483989 -0.387000 -1.226291
107010068 -0.478989 -0.387000 -1.226291
107010069 -0.473989 -0.387000 -1.226291
107010070 -0.468989 -0.387000 -1.226291
107010071 -0.463989 -0.387000 -1.226291
107010072 -0.458989 -0.387000 -1.226291
107010073 -0.453989 -0.387000 -1.226291
107010074 -0.448989 -0.387000 -1.226291
107010075 -0.443989 -0.387000 -1.226291
107010076 -0.438989 -0.387000 -1.226291
107010077 -0.433989 -0.387000 -1.226291
107010078 -0.428989 -0.387000 -1.226291
107010079 -0.423989 -0.387000 -1.226291
107010080 -0.418989 -0.387000 -1.226291
107010081 -0.413989 -0.387000 -1.226291
107010082 -0.408989 -0.387000 -1.226291
107010083 -0.403989 -0.387000 -1.226291
107010084 -0.398989 -0.387000 -1.226291
107010085 -0.393989 -0.387000 -1.226291
107010086 -0.388989 -0.387000 -1.226291
107010087 -0.383989 -0.387000 -1.226291
107010088 -0.378989 -0.387000 -1.226291
107010089 -0.373989 -0.387000 -1.226291
107010090 -0.368989 -0.387000 -1.226291
107010091 -0.363989 -0.387000 -1.226291
107010092 -0.358989 -0.387000 -1.226291
107010093 -0.353989 -0.387000 -1.226291
107010094 -0.348989 -0.387000 -1.226291
107010095 -0.343989 -0.387000 -1.226291
107010096 -0.338989 -0.387000 -1.226291
107010097 -0.333989 -0.387000 -1.226291
107010098 -0.328989 -0.387000 -1.226291
107010099 -0.323989 -0.387000 -1.226291
107010100 -0.318989 -0.387000 -1.226291
107010101 -0.313989 -0.387000 -1.226291
107010102 -0.308989 -0.387000 -1.226291
107010103 -0.303989 -0.387000 -1.226291
107010104 -0.298989 -0.387000 -1.226291
107010105 -0.293989 -0.387000 -1.226291
107010106 -0.288989 -0.387000 -1.226291
107010107 -0.283989 -0.387000 -1.226291
107010108 -0.278989 -0.387000 -1.226291
107010109 -0.273989 -0.387000 -1.226291
107010110 -0.268989 -0.387000 -1.226291
107010111 -0.263989 -0.387000 -1.226291
107010112 -0.258989 -0.387000 -1.226291
107010113 -0.253989 -0.387000 -1.226291
107010114 -0.248989 -0.387000 -1.226291
107010115 -0.243989 -0.387000 -1.226291
107010116 -0.238989 -0.387000 -1.226291
107010117 -0.233989 -0.387000 -1.226291
107010118 -0.228989 -0.387000 -1.226291
107010119 -0.223989 -0.387000 -1.226291
107010120 -0.218989 -0.387000 -1.226291
107010121 -0.513989 -0.360600 -1.226291
107010122 -0.508989 -0.360600 -1.226291
107010123 -0.503989 -0.360600 -1.226291
107010124 -0.498989 -0.360600 -1.226291
107010125 -0.493989 -0.360600 -1.226291
107010126 -0.488989 -0.360600 -1.226291
107010127 -0.483989 -0.360600 -1.226291
107010128 -0.478989 -0.360600 -1.226291
107010129 -0.473989 -0.360600 -1.226291
107010130 -0.468989 -0.360600 -1.226291
107010131 -0.463989 -0.360600 -1.226291
107010132 -0.458989 -0.360600 -1.226291
107010133 -0.453989 -0.360600 -1.226291
107010134 -0.448989 -0.360600 -1.226291
107010135 -0.443989 -0.360600 -1.226291
107010136 -0.438989 -0.360600 -1.226291
107010137 -0.433989 -0.360600 -1.226291
107010138 -0.428989 -0.360600 -1.226291
107010139 -0.423989 -0.360600 -1.226291
107010140 -0.418989 -0.360600 -1.226291
107010141 -0.413989 -0.360600 -1.226291
107010142 -0.408989 -0.360600 -1.226291
107010143 -0.403989 -0.360600 -1.226291
107010144 -0.398989 -0.360600 -1.226291
107010145 -0.393989 -0.360600 -1.226291
107010146 -0.388989 -0.360600 -1.226291
107010147 -0.383989 -0.360600 -1.226291
107010148 -0.378989 -0.360600 -1.226291
107010149 -0.373989 -0.360600 -1.226291
107010150 -0.368989 -0.360600 -1.226291
107010151 -0.363989 -0.360600 -1.226291
107010152 -0.358989 -0.360600 -1.226291
107010153 -0.353989 -0.360600 -1.226291
107010154 -0.348989 -0.360600 -1.226291
107010155 -0.343989 -0.360600 -1.226291
107010156 -0.338989 -0.360600 -1.226291
107010157 -0.333989 -0.360600 -1.226291
107010158 -0.328989 -0.360600 -1.226291
107010159 -0.323989 -0.360600 -1.226291
107010160 -0.318989 -0.360600 -1.226291
107010161 -0.313989 -0.360600 -1.226291
107010162 -0.308989 -0.360600 -1.226291
107010163 -0.303989 -0.360600 -1.226291
107010164 -0.298989 -0.360600 -1.226291
107010165 -0.293989 -0.360600 -1.226291
107010166 -0.288989 -0.360600 -1.226291
107010167 -0.283989 -0.360600 -1.226291
107010168 -0.278989 -0.360600 -1.226291
107010169 -0.273989 -0.360600 -1.226291
107010170 -0.268989 -0.360600 -1.226291
107010171 -0.263989 -0.360600 -1.226291
107010172 -0.258989 -0.360600 -1.226291
107010173 -0.253989 -0.360600 -1.226291
107010174 -0.248989 -0.360600 -1.226291
107010175 -0.243989 -0.360600 -1.226291
107010176 -0.238989 -0.360600 -1.226291
107010177 -0.233989 -0.360600 -1.226291
107010178 -0.228989 -0.360600 -1.226291
107010179 -0.223989 -0.360600 -1.226291
107010180 -0.218989 -0.360600 -1.226291
107010181 -0.513989 -0.334200 -1.226291
107010182 -0.508989 -0.334200 -1.226291
107010183 -0.503989 -0.334200 -1.226291
107010184 -0.498989 -0.334200 -1.226291
107010185 -0.493989 -0.334200 -1.226291
107010186 -0.488989 -0.334200 -1.226291
107010187 -0.483989 -0.334200 -1.226291
107010188 -0.478989 -0.334200 -1.226291
107010189 -0.473989 -0.334200 -1.226291
107010190 -0.468989 -0.334200 -1.226291
107010191 -0.463989 -0.334200 -1.226291
107010192 -0.458989 -0.334200 -1.226291
107010193 -0.453989 -0.334200 -1.226291
107010194 -0.448989 -0.334200 -1.226291
107010195 -0.443989 -0.334200 -1.226291
107010196 -0.438989 -0.334200 -1.226291
107010197 -0.433989 -0.334200 -1.226291
107010198 -0.428989 -0.334200 -1.226291
107010199 -0.423989 -0.334200 -1.226291
107010200 -0.418989 -0.334200 -1.226291
107010201 -0.413989 -0.334200 -1.226291
107010202 -0.408989 -0.334200 -1.226291
107010203 -0.403989 -0.334200 -1.226291
107010204 -0.398989 -0.334200 -1.226291
107010205 -0.393989 -0.334200 -1.226291
107010206 -0.388989 -0.334200 -1.226291
107010207 -0.383989 -0.334200 -1.226291
107010208 -0.378989 -0.334200 -1.226291
107010209 -0.373989 -0.334200 -1.226291
107010210 -0.368989 -0.334200 -1.226291
107010211 -0.363989 -0.334200 -1.226291
107010212 -0.358989 -0.334200 -1.226291
107010213 -0.353989 -0.334200 -1.226291
107010214 -0.348989 -0.334200 -1.226291
107010215 -0.343989 -0.334200 -1.226291
107010216 -0.338989 -0.334200 -1.226291
107010217 -0.333989 -0.334200 -1.226291
107010218 -0.328989 -0.334200 -1.226291
107010219 -0.323989 -0.334200 -1.226291
107010220 -0.318989 -0.334200 -1.226291
107010221 -0.313989 -0.334200 -1.226291
107010222 -0.308989 -0.334200 -1.226291
107010223 -0.303989 -0.334200 -1.226291
107010224 -0.298989 -0.334200 -1.226291
107010225 -0.293989 -0.334200 -1.226291
107010226 -0.288989 -0.334200 -1.226291
107010227 -0.283989 -0.334200 -1.226291
107010228 -0.278989 -0.334200 -1.226291
107010229 -0.273989 -0.334200 -1.226291
107010230 -0.268989 -0.334200 -1.226291
107010231 -0.263989 -0.334200 -1.226291
107010232 -0.258989 -0.334200 -1.226291
107010233 -0.253989 -0.334200 -1.226291
107010234 -0.248989 -0.334200 -1.226291
107010235 -0.243989 -0.334200 -1.226291
107010236 -0.238989 -0.334200 -1.226291
107010237 -0.233989 -0.334200 -1.226291
107010238 -0.228989 -0.334200 -1.226291
107010239 -0.223989 -0.334200 -1.226291
107010240 -0.218989 -0.334200 -1.226291
107010241 -0.513989 -0.307800 -1.226291
107010242 -0.508989 -0.307800 -1.226291
107010243 -0.503989 -0.307800 -1.226291
107010244 -0.498989 -0.307800 -1.226291
107010245 -0.493989 -0.307800 -1.226291
107010246 -0.488989 -0.307800 -1.226291
107010247 -0.483989 -0.307800 -1.226291
107010248 -0.478989 -0.307800 -1.226291
107010249 -0.473989 -0.307800 -1.226291
107010250 -0.468989 -0.307800 -1.226291
107010251 -0.463989 -0.307800 -1.226291
107010252 -0.458989 -0.307800 -1.226291
107010253 -0.453989 -0.307800 -1.226291
107010254 -0.448989 -0.307800 -1.226291
107010255 -0.443989 -0.307800 -1.226291
107010256 -0.438989 -0.307800 -1.226291
107010257 -0.433989 -0.307800 -1.226291
107010258 -0.428989 -0.307800 -1.226291
107010259 -0.423989 -0.307800 -1.226291
107010260 -0.418989 -0.307800 -1.226291
107010261 -0.413989 -0.307800 -1.226291
107010262 -0.408989 -0.307800 -1.226291
107010263 -0.403989 -0.307800 -1.226291
107010264 -0.398989 -0.307800 -1.226291
107010265 -0.393989 -0.307800 -1.226291
107010266 -0.388989 -0.307800 -1.226291
107010267 -0.383989 -0.307800 -1.226291
107010268 -0.378989 -0.307800 -1.226291
107010269 -0.373989 -0.307800 -1.226291
107010270 -0.368989 -0.307800 -1.226291
107010271 -0.363989 -0.307800 -1.226291
107010272 -0.358989 -0.307800 -1.226291
107010273 -0.353989 -0.307800 -1.226291
107010274 -0.348989 -0.307800 -1.226291
107010275 -0.343989 -0.307800 -1.226291
107010276 -0.338989 -0.307800 -1.226291
107010277 -0.333989 -0.307800 -1.226291
107010278 -0.328989 -0.307800 -1.226291
107010279 -0.323989 -0.307800 -1.226291
107010280 -0.318989 -0.307800 -1.226291
107010281 -0.313989 -0.307800 -1.226291
107010282 -0.308989 -0.307800 -1.226291
107010283 -0.303989 -0.307800 -1.226291
107010284 -0.298989 -0.307800 -1.226291
107010285 -0.293989 -0.307800 -1.226291
107010286 -0.288989 -0.307800 -1.226291
107010287 -0.283989 -0.307800 -1.226291
107010288 -0.278989 -0.307800 -1.226291
107010289 -0.273989 -0.307800 -1.226291
107010290 -0.268989 -0.307800 -1.226291
107010291 -0.263989 -0.307800 -1.226291
107010292 -0.258989 -0.307800 -1.226291
107010293 -0.253989 -0.307800 -1.226291
107010294 -0.248989 -0.307800 -1.226291
107010295 -0.243989 -0.307800 -1.226291
107010296 -0.238989 -0.307800 -1.226291
107010297 -0.233989 -0.307800 -1.226291
107010298 -0.228989 -0.307800 -1.226291
107010299 -0.223989 -0.307800 -1.226291
107010300 -0.218989 -0.307800 -1.226291
107010301 -0.513989 -0.281400 -1.226291
107010302 -0.508989 -0.281400 -1.226291
107010303 -0.503989 -0.281400 -1.226291
107010304 -0.498989 -0.281400 -1.226291
107010305 -0.493989 -0.281400 -1.226291
107010306 -0.488989 -0.281400 -1.226291
107010307 -0.483989 -0.281400 -1.226291
107010308 -0.478989 -0.281400 -1.226291
107010309 -0.473989 -0.281400 -1.226291
107010310 -0.468989 -0.281400 -1.226291
107010311 -0.463989 -0.281400 -1.226291
107010312 -0.458989 -0.281400 -1.226291
107010313 -0.453989 -0.281400 -1.226291
107010314 -0.448989 -0.281400 -1.226291
107010315 -0.443989 -0.281400 -1.226291
107010316 -0.438989 -0.281400 -1.226291
107010317 -0.433989 -0.281400 -1.226291
107010318 -0.428989 -0.281400 -1.226291
107010319 -0.423989 -0.281400 -1.226291
107010320 -0.418989 -0.281400 -1.226291
107010321 -0.413989 -0.281400 -1.226291
107010322 -0.408989 -0.281400 -1.226291
107010323 -0.403989 -0.281400 -1.226291
107010324 -0.398989 -0.281400 -1.226291
107010325 -0.393989 -0.281400 -1.226291
107010326 -0.388989 -0.281400 -1.226291
107010327 -0.383989 -0.281400 -1.226291
107010328 -0.378989 -0.281400 -1.226291
107010329 -0.373989 -0.281400 -1.226291
107010330 -0.368989 -0.281400 -1.226291
107010331 -0.363989 -0.281400 -1.226291
107010332 -0.358989 -0.281400 -1.226291
107010333 -0.353989 -0.281400 -1.226291
107010334 -0.348989 -0.281400 -1.226291
107010335 -0.343989 -0.281400 -1.226291
107010336 -0.338989 -0.281400 -1.226291
107010337 -0.333989 -0.281400 -1.226291
107010338 -0.328989 -0.281400 -1.226291
107010339 -0.323989 -0.281400 -1.226291
107010340 -0.318989 -0.281400 -1.226291
107010341 -0.313989 -0.281400 -1.226291
107010342 -0.308989 -0.281400 -1.226291
107010343 -0.303989 -0.281400 -1.226291
107010344 -0.298989 -0.281400 -1.226291
107010345 -0.293989 -0.281400 -1.226291
107010346 -0.288989 -0.281400 -1.226291
107010347 -0.283989 -0.281400 -1.226291
107010348 -0.278989 -0.281400 -1.226291
107010349 -0.273989 -0.281400 -1.226291
107010350 -0.268989 -0.281400 -1.226291
107010351 -0.263989 -0.281400 -1.226291
107010352 -0.258989 -0.281400 -1.226291
107010353 -0.253989 -0.281400 -1.226291
107010354 -0.248989 -0.281400 -1.226291
107010355 -0.243989 -0.281400 -1.226291
107010356 -0.238989 -0.281400 -1.226291
107010357 -0.233989 -0.281400 -1.226291
107010358 -0.228989 -0.281400 -1.226291
107010359 -0.223989 -0.281400 -1.226291
107010360 -0.218989 -0.281400 -1.226291
107010361 -0.513989 -0.255000 -1.226291
107010362 -0.508989 -0.255000 -1.226291
107010363 -0.503989 -0.255000 -1.226291
107010364 -0.498989 -0.255000 -1.226291
107010365 -0.493989 -0.255000 -1.226291
107010366 -0.488989 -0.255000 -1.226291
107010367 -0.483989 -0.255000 -1.226291
107010368 -0.478989 -0.255000 -1.226291
107010369 -0.473989 -0.255000 -1.226291
107010370 -0.468989 -0.255000 -1.226291
107010371 -0.463989 -0.255000 -1.226291
107010372 -0.458989 -0.255000 -1.226291
107010373 -0.453989 -0.255000 -1.226291
107010374 -0.448989 -0.255000 -1.226291
107010375 -0.443989 -0.255000 -1.226291
107010376 -0.438989 -0.255000 -1.226291
107010377 -0.433989 -0.255000 -1.226291
107010378 -0.428989 -0.255000 -1.226291
107010379 -0.423989 -0.255000 -1.226291
107010380 -0.418989 -0.255000 -1.226291
107010381 -0.413989 -0.255000 -1.226291
107010382 -0.408989 -0.255000 -1.226291
107010383 -0.403989 -0.255000 -1.226291
107010384 -0.398989 -0.255000 -1.226291
107010385 -0.393989 -0.255000 -1.226291
107010386 -0.388989 -0.255000 -1.226291
107010387 -0.383989 -0.255000 -1.226291
107010388 -0.378989 -0.255000 -1.226291
107010389 -0.373989 -0.255000 -1.226291
107010390 -0.368989 -0.255000 -1.226291
107010391 -0.363989 -0.255000 -1.226291
107010392 -0.358989 -0.255000 -1.226291
107010393 -0.353989 -0.255000 -1.226291
107010394 -0.348989 -0.255000 -1.226291
107010395 -0.343989 -0.255000 -1.226291
107010396 -0.338989 -0.255000 -1.226291
107010397 -0.333989 -0.255000 -1.226291
107010398 -0.328989 -0.255000 -1.226291
107010399 -0.323989 -0.255000 -1.226291
107010400 -0.318989 -0.255000 -1.226291
107010401 -0.313989 -0.255000 -1.226291
107010402 -0.308989 -0.255000 -1.226291
107010403 -0.303989 -0.255000 -1.226291
107010404 -0.298989 -0.255000 -1.226291
107010405 -0.293989 -0.255000 -1.226291
107010406 -0.288989 -0.255000 -1.226291
107010407 -0.283989 -0.255000 -1.226291
107010408 -0.278989 -0.255000 -1.226291
107010409 -0.273989 -0.255000 -1.226291
107010410 -0.268989 -0.255000 -1.226291
107010411 -0.263989 -0.255000 -1.226291
107010412 -0.258989 -0.255000 -1.226291
107010413 -0.253989 -0.255000 -1.226291
107010414 -0.248989 -0.255000 -1.226291
107010415 -0.243989 -0.255000 -1.226291
107010416 -0.238989 -0.255000 -1.226291
107010417 -0.233989 -0.255000 -1.226291
107010418 -0.228989 -0.255000 -1.226291
107010419 -0.223989 -0.255000 -1.226291
107010420 -0.218989 -0.255000 -1.226291
107010421 -0.513989 -0.228600 -1.226291
107010422 -0.508989 -0.228600 -1.226291
107010423 -0.503989 -0.228600 -1.226291
107010424 -0.498989 -0.228600 -1.226291
107010425 -0.493989 -0.228600 -1.226291
107010426 -0.488989 -0.228600 -1.226291
107010427 -0.483989 -0.228600 -1.226291
107010428 -0.478989 -0.228600 -1.226291
107010429 -0.473989 -0.228600 -1.226291
107010430 -0.468989 -0.228600 -1.226291
107010431 -0.463989 -0.228600 -1.226291
107010432 -0.458989 -0.228600 -1.226291
107010433 -0.453989 -0.228600 -1.226291
107010434 -0.448989 -0.228600 -1.226291
107010435 -0.443989 -0.228600 -1.226291
107010436 -0.438989 -0.228600 -1.226291
107010437 -0.433989 -0.228600 -1.226291
107010438 -0.428989 -0.228600 -1.226291
107010439 -0.423989 -0.228600 -1.226291
107010440 -0.418989 -0.228600 -1.226291
107010441 -0.413989 -0.228600 -1.226291
107010442 -0.408989 -0.228600 -1.226291
107010443 -0.403989 -0.228600 -1.226291
107010444 -0.398989 -0.228600 -1.226291
107010445 -0.393989 -0.228600 -1.226291
107010446 -0.388989 -0.228600 -1.226291
107010447 -0.383989 -0.228600 -1.226291
107010448 -0.378989 -0.228600 -1.226291
107010449 -0.373989 -0.228600 -1.226291
107010450 -0.368989 -0.228600 -1.226291
107010451 -0.363989 -0.228600 -1.226291
107010452 -0.358989 -0.228600 -1.226291
107010453 -0.353989 -0.228600 -1.226291
107010454 -0.348989 -0.228600 -1.226291
107010455 -0.343989 -0.228600 -1.226291
107010456 -0.338989 -0.228600 -1.226291
107010457 -0.333989 -0.228600 -1.226291
107010458 -0.328989 -0.228600 -1.226291
107010459 -0.323989 -0.228600 -1.226291
107010460 -0.318989 -0.228600 -1.226291
107010461 -0.313989 -0.228600 -1.226291
107010462 -0.308989 -0.228600 -1.226291
107010463 -0.303989 -0.228600 -1.226291
107010464 -0.298989 -0.228600 -1.226291
107010465 -0.293989 -0.228600 -1.226291
107010466 -0.288989 -0.228600 -1.226291
107010467 -0.283989 -0.228600 -1.226291
107010468 -0.278989 -0.228600 -1.226291
107010469 -0.273989 -0.228600 -1.226291
107010470 -0.268989 -0.228600 -1.226291
107010471 -0.263989 -0.228600 -1.226291
107010472 -0.258989 -0.228600 -1.226291
107010473 -0.253989 -0.228600 -1.226291
107010474 -0.248989 -0.228600 -1.226291
107010475 -0.243989 -0.228600 -1.226291
107010476 -0.238989 -0.228600 -1.226291
107010477 -0.233989 -0.228600 -1.226291
107010478 -0.228989 -0.228600 -1.226291
107010479 -0.223989 -0.228600 -1.226291
107010480 -0.218989 -0.228600 -1.226291
