# pixelID  x  y  z
105100001 -0.76631 -0.29800 -2.00000
105100002 -0.76631 -0.29400 -2.00000
105100003 -0.76631 -0.29000 -2.00000
105100004 -0.76631 -0.28600 -2.00000
105100005 -0.76631 -0.28200 -2.00000
105100006 -0.76631 -0.27800 -2.00000
105100007 -0.76631 -0.27400 -2.00000
105100008 -0.76631 -0.27000 -2.00000
105100009 -0.76631 -0.26600 -2.00000
105100010 -0.76631 -0.26200 -2.00000
105100011 -0.76631 -0.25800 -2.00000
105100012 -0.76631 -0.25400 -2.00000
105100013 -0.76631 -0.25000 -2.00000
105100014 -0.76631 -0.24600 -2.00000
105100015 -0.76631 -0.24200 -2.00000
105100016 -0.76631 -0.23800 -2.00000
105100017 -0.76631 -0.23400 -2.00000
105100018 -0.76631 -0.23000 -2.00000
105100019 -0.76631 -0.22600 -2.00000
105100020 -0.76631 -0.22200 -2.00000
105100021 -0.76631 -0.21800 -2.00000
105100022 -0.76631 -0.21400 -2.00000
105100023 -0.76631 -0.21000 -2.00000
105100024 -0.76631 -0.20600 -2.00000
105100025 -0.76631 -0.20200 -2.00000
105100026 -0.76631 -0.19800 -2.00000
105100027 -0.76631 -0.19400 -2.00000
105100028 -0.76631 -0.19000 -2.00000
105100029 -0.76631 -0.18600 -2.00000
105100030 -0.76631 -0.18200 -2.00000
105100031 -0.76631 -0.17800 -2.00000
105100032 -0.76631 -0.17400 -2.00000
105100033 -0.76631 -0.17000 -2.00000
105100034 -0.76631 -0.16600 -2.00000
105100035 -0.76631 -0.16200 -2.00000
105100036 -0.76631 -0.15800 -2.00000
105100037 -0.76631 -0.15400 -2.00000
105100038 -0.76631 -0.15000 -2.00000
105100039 -0.76631 -0.14600 -2.00000
105100040 -0.76631 -0.14200 -2.00000
105100041 -0.76631 -0.13800 -2.00000
105100042 -0.76631 -0.13400 -2.00000
105100043 -0.76631 -0.13000 -2.00000
105100044 -0.76631 -0.12600 -2.00000
105100045 -0.76631 -0.12200 -2.00000
105100046 -0.76631 -0.11800 -2.00000
105100047 -0.76631 -0.11400 -2.00000
105100048 -0.76631 -0.11000 -2.00000
105100049 -0.76631 -0.10600 -2.00000
105100050 -0.76631 -0.10200 -2.00000
105100051 -0.76631 -0.09800 -2.00000
105100052 -0.76631 -0.09400 -2.00000
105100053 -0.76631 -0.09000 -2.00000
105100054 -0.76631 -0.08600 -2.00000
105100055 -0.76631 -0.08200 -2.00000
105100056 -0.76631 -0.07800 -2.00000
105100057 -0.76631 -0.07400 -2.00000
105100058 -0.76631 -0.07000 -2.00000
105100059 -0.76631 -0.06600 -2.00000
105100060 -0.76631 -0.06200 -2.00000
105100061 -0.76631 -0.05800 -2.00000
105100062 -0.76631 -0.05400 -2.00000
105100063 -0.76631 -0.05000 -2.00000
105100064 -0.76631 -0.04600 -2.00000
105100065 -0.76631 -0.04200 -2.00000
105100066 -0.76631 -0.03800 -2.00000
105100067 -0.76631 -0.03400 -2.00000
105100068 -0.76631 -0.03000 -2.00000
105100069 -0.76631 -0.02600 -2.00000
105100070 -0.76631 -0.02200 -2.00000
105100071 -0.76631 -0.01800 -2.00000
105100072 -0.76631 -0.01400 -2.00000
105100073 -0.76631 -0.01000 -2.00000
105100074 -0.76631 -0.00600 -2.00000
105100075 -0.76631 -0.00200 -2.00000
105100076 -0.76631 0.00200 -2.00000
105100077 -0.76631 0.00600 -2.00000
105100078 -0.76631 0.01000 -2.00000
105100079 -0.76631 0.01400 -2.00000
105100080 -0.76631 0.01800 -2.00000
105100081 -0.76631 0.02200 -2.00000
105100082 -0.76631 0.02600 -2.00000
105100083 -0.76631 0.03000 -2.00000
105100084 -0.76631 0.03400 -2.00000
105100085 -0.76631 0.03800 -2.00000
105100086 -0.76631 0.04200 -2.00000
105100087 -0.76631 0.04600 -2.00000
105100088 -0.76631 0.05000 -2.00000
105100089 -0.76631 0.05400 -2.00000
105100090 -0.76631 0.05800 -2.00000
105100091 -0.76631 0.06200 -2.00000
105100092 -0.76631 0.06600 -2.00000
105100093 -0.76631 0.07000 -2.00000
105100094 -0.76631 0.07400 -2.00000
105100095 -0.76631 0.07800 -2.00000
105100096 -0.76631 0.08200 -2.00000
105100097 -0.76631 0.08600 -2.00000
105100098 -0.76631 0.09000 -2.00000
105100099 -0.76631 0.09400 -2.00000
105100100 -0.76631 0.09800 -2.00000
105100101 -0.76631 0.10200 -2.00000
105100102 -0.76631 0.10600 -2.00000
105100103 -0.76631 0.11000 -2.00000
105100104 -0.76631 0.11400 -2.00000
105100105 -0.76631 0.11800 -2.00000
105100106 -0.76631 0.12200 -2.00000
105100107 -0.76631 0.12600 -2.00000
105100108 -0.76631 0.13000 -2.00000
105100109 -0.76631 0.13400 -2.00000
105100110 -0.76631 0.13800 -2.00000
105100111 -0.76631 0.14200 -2.00000
105100112 -0.76631 0.14600 -2.00000
105100113 -0.76631 0.15000 -2.00000
105100114 -0.76631 0.15400 -2.00000
105100115 -0.76631 0.15800 -2.00000
105100116 -0.76631 0.16200 -2.00000
105100117 -0.76631 0.16600 -2.00000
105100118 -0.76631 0.17000 -2.00000
105100119 -0.76631 0.17400 -2.00000
105100120 -0.76631 0.17800 -2.00000
105100121 -0.76631 0.18200 -2.00000
105100122 -0.76631 0.18600 -2.00000
105100123 -0.76631 0.19000 -2.00000
105100124 -0.76631 0.19400 -2.00000
105100125 -0.76631 0.19800 -2.00000
105100126 -0.76631 0.20200 -2.00000
105100127 -0.76631 0.20600 -2.00000
105100128 -0.76631 0.21000 -2.00000
105100129 -0.76631 0.21400 -2.00000
105100130 -0.76631 0.21800 -2.00000
105100131 -0.76631 0.22200 -2.00000
105100132 -0.76631 0.22600 -2.00000
105100133 -0.76631 0.23000 -2.00000
105100134 -0.76631 0.23400 -2.00000
105100135 -0.76631 0.23800 -2.00000
105100136 -0.76631 0.24200 -2.00000
105100137 -0.76631 0.24600 -2.00000
105100138 -0.76631 0.25000 -2.00000
105100139 -0.76631 0.25400 -2.00000
105100140 -0.76631 0.25800 -2.00000
105100141 -0.76631 0.26200 -2.00000
105100142 -0.76631 0.26600 -2.00000
105100143 -0.76631 0.27000 -2.00000
105100144 -0.76631 0.27400 -2.00000
105100145 -0.76631 0.27800 -2.00000
105100146 -0.76631 0.28200 -2.00000
105100147 -0.76631 0.28600 -2.00000
105100148 -0.76631 0.29000 -2.00000
105100149 -0.76631 0.29400 -2.00000
105100150 -0.76631 0.29800 -2.00000
105100151 -0.75781 -0.29800 -2.00000
105100152 -0.75781 -0.29400 -2.00000
105100153 -0.75781 -0.29000 -2.00000
105100154 -0.75781 -0.28600 -2.00000
105100155 -0.75781 -0.28200 -2.00000
105100156 -0.75781 -0.27800 -2.00000
105100157 -0.75781 -0.27400 -2.00000
105100158 -0.75781 -0.27000 -2.00000
105100159 -0.75781 -0.26600 -2.00000
105100160 -0.75781 -0.26200 -2.00000
105100161 -0.75781 -0.25800 -2.00000
105100162 -0.75781 -0.25400 -2.00000
105100163 -0.75781 -0.25000 -2.00000
105100164 -0.75781 -0.24600 -2.00000
105100165 -0.75781 -0.24200 -2.00000
105100166 -0.75781 -0.23800 -2.00000
105100167 -0.75781 -0.23400 -2.00000
105100168 -0.75781 -0.23000 -2.00000
105100169 -0.75781 -0.22600 -2.00000
105100170 -0.75781 -0.22200 -2.00000
105100171 -0.75781 -0.21800 -2.00000
105100172 -0.75781 -0.21400 -2.00000
105100173 -0.75781 -0.21000 -2.00000
105100174 -0.75781 -0.20600 -2.00000
105100175 -0.75781 -0.20200 -2.00000
105100176 -0.75781 -0.19800 -2.00000
105100177 -0.75781 -0.19400 -2.00000
105100178 -0.75781 -0.19000 -2.00000
105100179 -0.75781 -0.18600 -2.00000
105100180 -0.75781 -0.18200 -2.00000
105100181 -0.75781 -0.17800 -2.00000
105100182 -0.75781 -0.17400 -2.00000
105100183 -0.75781 -0.17000 -2.00000
105100184 -0.75781 -0.16600 -2.00000
105100185 -0.75781 -0.16200 -2.00000
105100186 -0.75781 -0.15800 -2.00000
105100187 -0.75781 -0.15400 -2.00000
105100188 -0.75781 -0.15000 -2.00000
105100189 -0.75781 -0.14600 -2.00000
105100190 -0.75781 -0.14200 -2.00000
105100191 -0.75781 -0.13800 -2.00000
105100192 -0.75781 -0.13400 -2.00000
105100193 -0.75781 -0.13000 -2.00000
105100194 -0.75781 -0.12600 -2.00000
105100195 -0.75781 -0.12200 -2.00000
105100196 -0.75781 -0.11800 -2.00000
105100197 -0.75781 -0.11400 -2.00000
105100198 -0.75781 -0.11000 -2.00000
105100199 -0.75781 -0.10600 -2.00000
105100200 -0.75781 -0.10200 -2.00000
105100201 -0.75781 -0.09800 -2.00000
105100202 -0.75781 -0.09400 -2.00000
105100203 -0.75781 -0.09000 -2.00000
105100204 -0.75781 -0.08600 -2.00000
105100205 -0.75781 -0.08200 -2.00000
105100206 -0.75781 -0.07800 -2.00000
105100207 -0.75781 -0.07400 -2.00000
105100208 -0.75781 -0.07000 -2.00000
105100209 -0.75781 -0.06600 -2.00000
105100210 -0.75781 -0.06200 -2.00000
105100211 -0.75781 -0.05800 -2.00000
105100212 -0.75781 -0.05400 -2.00000
105100213 -0.75781 -0.05000 -2.00000
105100214 -0.75781 -0.04600 -2.00000
105100215 -0.75781 -0.04200 -2.00000
105100216 -0.75781 -0.03800 -2.00000
105100217 -0.75781 -0.03400 -2.00000
105100218 -0.75781 -0.03000 -2.00000
105100219 -0.75781 -0.02600 -2.00000
105100220 -0.75781 -0.02200 -2.00000
105100221 -0.75781 -0.01800 -2.00000
105100222 -0.75781 -0.01400 -2.00000
105100223 -0.75781 -0.01000 -2.00000
105100224 -0.75781 -0.00600 -2.00000
105100225 -0.75781 -0.00200 -2.00000
105100226 -0.75781 0.00200 -2.00000
105100227 -0.75781 0.00600 -2.00000
105100228 -0.75781 0.01000 -2.00000
105100229 -0.75781 0.01400 -2.00000
105100230 -0.75781 0.01800 -2.00000
105100231 -0.75781 0.02200 -2.00000
105100232 -0.75781 0.02600 -2.00000
105100233 -0.75781 0.03000 -2.00000
105100234 -0.75781 0.03400 -2.00000
105100235 -0.75781 0.03800 -2.00000
105100236 -0.75781 0.04200 -2.00000
105100237 -0.75781 0.04600 -2.00000
105100238 -0.75781 0.05000 -2.00000
105100239 -0.75781 0.05400 -2.00000
105100240 -0.75781 0.05800 -2.00000
105100241 -0.75781 0.06200 -2.00000
105100242 -0.75781 0.06600 -2.00000
105100243 -0.75781 0.07000 -2.00000
105100244 -0.75781 0.07400 -2.00000
105100245 -0.75781 0.07800 -2.00000
105100246 -0.75781 0.08200 -2.00000
105100247 -0.75781 0.08600 -2.00000
105100248 -0.75781 0.09000 -2.00000
105100249 -0.75781 0.09400 -2.00000
105100250 -0.75781 0.09800 -2.00000
105100251 -0.75781 0.10200 -2.00000
105100252 -0.75781 0.10600 -2.00000
105100253 -0.75781 0.11000 -2.00000
105100254 -0.75781 0.11400 -2.00000
105100255 -0.75781 0.11800 -2.00000
105100256 -0.75781 0.12200 -2.00000
105100257 -0.75781 0.12600 -2.00000
105100258 -0.75781 0.13000 -2.00000
105100259 -0.75781 0.13400 -2.00000
105100260 -0.75781 0.13800 -2.00000
105100261 -0.75781 0.14200 -2.00000
105100262 -0.75781 0.14600 -2.00000
105100263 -0.75781 0.15000 -2.00000
105100264 -0.75781 0.15400 -2.00000
105100265 -0.75781 0.15800 -2.00000
105100266 -0.75781 0.16200 -2.00000
105100267 -0.75781 0.16600 -2.00000
105100268 -0.75781 0.17000 -2.00000
105100269 -0.75781 0.17400 -2.00000
105100270 -0.75781 0.17800 -2.00000
105100271 -0.75781 0.18200 -2.00000
105100272 -0.75781 0.18600 -2.00000
105100273 -0.75781 0.19000 -2.00000
105100274 -0.75781 0.19400 -2.00000
105100275 -0.75781 0.19800 -2.00000
105100276 -0.75781 0.20200 -2.00000
105100277 -0.75781 0.20600 -2.00000
105100278 -0.75781 0.21000 -2.00000
105100279 -0.75781 0.21400 -2.00000
105100280 -0.75781 0.21800 -2.00000
105100281 -0.75781 0.22200 -2.00000
105100282 -0.75781 0.22600 -2.00000
105100283 -0.75781 0.23000 -2.00000
105100284 -0.75781 0.23400 -2.00000
105100285 -0.75781 0.23800 -2.00000
105100286 -0.75781 0.24200 -2.00000
105100287 -0.75781 0.24600 -2.00000
105100288 -0.75781 0.25000 -2.00000
105100289 -0.75781 0.25400 -2.00000
105100290 -0.75781 0.25800 -2.00000
105100291 -0.75781 0.26200 -2.00000
105100292 -0.75781 0.26600 -2.00000
105100293 -0.75781 0.27000 -2.00000
105100294 -0.75781 0.27400 -2.00000
105100295 -0.75781 0.27800 -2.00000
105100296 -0.75781 0.28200 -2.00000
105100297 -0.75781 0.28600 -2.00000
105100298 -0.75781 0.29000 -2.00000
105100299 -0.75781 0.29400 -2.00000
105100300 -0.75781 0.29800 -2.00000
105100301 -0.74931 -0.29800 -2.00000
105100302 -0.74931 -0.29400 -2.00000
105100303 -0.74931 -0.29000 -2.00000
105100304 -0.74931 -0.28600 -2.00000
105100305 -0.74931 -0.28200 -2.00000
105100306 -0.74931 -0.27800 -2.00000
105100307 -0.74931 -0.27400 -2.00000
105100308 -0.74931 -0.27000 -2.00000
105100309 -0.74931 -0.26600 -2.00000
105100310 -0.74931 -0.26200 -2.00000
105100311 -0.74931 -0.25800 -2.00000
105100312 -0.74931 -0.25400 -2.00000
105100313 -0.74931 -0.25000 -2.00000
105100314 -0.74931 -0.24600 -2.00000
105100315 -0.74931 -0.24200 -2.00000
105100316 -0.74931 -0.23800 -2.00000
105100317 -0.74931 -0.23400 -2.00000
105100318 -0.74931 -0.23000 -2.00000
105100319 -0.74931 -0.22600 -2.00000
105100320 -0.74931 -0.22200 -2.00000
105100321 -0.74931 -0.21800 -2.00000
105100322 -0.74931 -0.21400 -2.00000
105100323 -0.74931 -0.21000 -2.00000
105100324 -0.74931 -0.20600 -2.00000
105100325 -0.74931 -0.20200 -2.00000
105100326 -0.74931 -0.19800 -2.00000
105100327 -0.74931 -0.19400 -2.00000
105100328 -0.74931 -0.19000 -2.00000
105100329 -0.74931 -0.18600 -2.00000
105100330 -0.74931 -0.18200 -2.00000
105100331 -0.74931 -0.17800 -2.00000
105100332 -0.74931 -0.17400 -2.00000
105100333 -0.74931 -0.17000 -2.00000
105100334 -0.74931 -0.16600 -2.00000
105100335 -0.74931 -0.16200 -2.00000
105100336 -0.74931 -0.15800 -2.00000
105100337 -0.74931 -0.15400 -2.00000
105100338 -0.74931 -0.15000 -2.00000
105100339 -0.74931 -0.14600 -2.00000
105100340 -0.74931 -0.14200 -2.00000
105100341 -0.74931 -0.13800 -2.00000
105100342 -0.74931 -0.13400 -2.00000
105100343 -0.74931 -0.13000 -2.00000
105100344 -0.74931 -0.12600 -2.00000
105100345 -0.74931 -0.12200 -2.00000
105100346 -0.74931 -0.11800 -2.00000
105100347 -0.74931 -0.11400 -2.00000
105100348 -0.74931 -0.11000 -2.00000
105100349 -0.74931 -0.10600 -2.00000
105100350 -0.74931 -0.10200 -2.00000
105100351 -0.74931 -0.09800 -2.00000
105100352 -0.74931 -0.09400 -2.00000
105100353 -0.74931 -0.09000 -2.00000
105100354 -0.74931 -0.08600 -2.00000
105100355 -0.74931 -0.08200 -2.00000
105100356 -0.74931 -0.07800 -2.00000
105100357 -0.74931 -0.07400 -2.00000
105100358 -0.74931 -0.07000 -2.00000
105100359 -0.74931 -0.06600 -2.00000
105100360 -0.74931 -0.06200 -2.00000
105100361 -0.74931 -0.05800 -2.00000
105100362 -0.74931 -0.05400 -2.00000
105100363 -0.74931 -0.05000 -2.00000
105100364 -0.74931 -0.04600 -2.00000
105100365 -0.74931 -0.04200 -2.00000
105100366 -0.74931 -0.03800 -2.00000
105100367 -0.74931 -0.03400 -2.00000
105100368 -0.74931 -0.03000 -2.00000
105100369 -0.74931 -0.02600 -2.00000
105100370 -0.74931 -0.02200 -2.00000
105100371 -0.74931 -0.01800 -2.00000
105100372 -0.74931 -0.01400 -2.00000
105100373 -0.74931 -0.01000 -2.00000
105100374 -0.74931 -0.00600 -2.00000
105100375 -0.74931 -0.00200 -2.00000
105100376 -0.74931 0.00200 -2.00000
105100377 -0.74931 0.00600 -2.00000
105100378 -0.74931 0.01000 -2.00000
105100379 -0.74931 0.01400 -2.00000
105100380 -0.74931 0.01800 -2.00000
105100381 -0.74931 0.02200 -2.00000
105100382 -0.74931 0.02600 -2.00000
105100383 -0.74931 0.03000 -2.00000
105100384 -0.74931 0.03400 -2.00000
105100385 -0.74931 0.03800 -2.00000
105100386 -0.74931 0.04200 -2.00000
105100387 -0.74931 0.04600 -2.00000
105100388 -0.74931 0.05000 -2.00000
105100389 -0.74931 0.05400 -2.00000
105100390 -0.74931 0.05800 -2.00000
105100391 -0.74931 0.06200 -2.00000
105100392 -0.74931 0.06600 -2.00000
105100393 -0.74931 0.07000 -2.00000
105100394 -0.74931 0.07400 -2.00000
105100395 -0.74931 0.07800 -2.00000
105100396 -0.74931 0.08200 -2.00000
105100397 -0.74931 0.08600 -2.00000
105100398 -0.74931 0.09000 -2.00000
105100399 -0.74931 0.09400 -2.00000
105100400 -0.74931 0.09800 -2.00000
105100401 -0.74931 0.10200 -2.00000
105100402 -0.74931 0.10600 -2.00000
105100403 -0.74931 0.11000 -2.00000
105100404 -0.74931 0.11400 -2.00000
105100405 -0.74931 0.11800 -2.00000
105100406 -0.74931 0.12200 -2.00000
105100407 -0.74931 0.12600 -2.00000
105100408 -0.74931 0.13000 -2.00000
105100409 -0.74931 0.13400 -2.00000
105100410 -0.74931 0.13800 -2.00000
105100411 -0.74931 0.14200 -2.00000
105100412 -0.74931 0.14600 -2.00000
105100413 -0.74931 0.15000 -2.00000
105100414 -0.74931 0.15400 -2.00000
105100415 -0.74931 0.15800 -2.00000
105100416 -0.74931 0.16200 -2.00000
105100417 -0.74931 0.16600 -2.00000
105100418 -0.74931 0.17000 -2.00000
105100419 -0.74931 0.17400 -2.00000
105100420 -0.74931 0.17800 -2.00000
105100421 -0.74931 0.18200 -2.00000
105100422 -0.74931 0.18600 -2.00000
105100423 -0.74931 0.19000 -2.00000
105100424 -0.74931 0.19400 -2.00000
105100425 -0.74931 0.19800 -2.00000
105100426 -0.74931 0.20200 -2.00000
105100427 -0.74931 0.20600 -2.00000
105100428 -0.74931 0.21000 -2.00000
105100429 -0.74931 0.21400 -2.00000
105100430 -0.74931 0.21800 -2.00000
105100431 -0.74931 0.22200 -2.00000
105100432 -0.74931 0.22600 -2.00000
105100433 -0.74931 0.23000 -2.00000
105100434 -0.74931 0.23400 -2.00000
105100435 -0.74931 0.23800 -2.00000
105100436 -0.74931 0.24200 -2.00000
105100437 -0.74931 0.24600 -2.00000
105100438 -0.74931 0.25000 -2.00000
105100439 -0.74931 0.25400 -2.00000
105100440 -0.74931 0.25800 -2.00000
105100441 -0.74931 0.26200 -2.00000
105100442 -0.74931 0.26600 -2.00000
105100443 -0.74931 0.27000 -2.00000
105100444 -0.74931 0.27400 -2.00000
105100445 -0.74931 0.27800 -2.00000
105100446 -0.74931 0.28200 -2.00000
105100447 -0.74931 0.28600 -2.00000
105100448 -0.74931 0.29000 -2.00000
105100449 -0.74931 0.29400 -2.00000
105100450 -0.74931 0.29800 -2.00000
105100451 -0.74081 -0.29800 -2.00000
105100452 -0.74081 -0.29400 -2.00000
105100453 -0.74081 -0.29000 -2.00000
105100454 -0.74081 -0.28600 -2.00000
105100455 -0.74081 -0.28200 -2.00000
105100456 -0.74081 -0.27800 -2.00000
105100457 -0.74081 -0.27400 -2.00000
105100458 -0.74081 -0.27000 -2.00000
105100459 -0.74081 -0.26600 -2.00000
105100460 -0.74081 -0.26200 -2.00000
105100461 -0.74081 -0.25800 -2.00000
105100462 -0.74081 -0.25400 -2.00000
105100463 -0.74081 -0.25000 -2.00000
105100464 -0.74081 -0.24600 -2.00000
105100465 -0.74081 -0.24200 -2.00000
105100466 -0.74081 -0.23800 -2.00000
105100467 -0.74081 -0.23400 -2.00000
105100468 -0.74081 -0.23000 -2.00000
105100469 -0.74081 -0.22600 -2.00000
105100470 -0.74081 -0.22200 -2.00000
105100471 -0.74081 -0.21800 -2.00000
105100472 -0.74081 -0.21400 -2.00000
105100473 -0.74081 -0.21000 -2.00000
105100474 -0.74081 -0.20600 -2.00000
105100475 -0.74081 -0.20200 -2.00000
105100476 -0.74081 -0.19800 -2.00000
105100477 -0.74081 -0.19400 -2.00000
105100478 -0.74081 -0.19000 -2.00000
105100479 -0.74081 -0.18600 -2.00000
105100480 -0.74081 -0.18200 -2.00000
105100481 -0.74081 -0.17800 -2.00000
105100482 -0.74081 -0.17400 -2.00000
105100483 -0.74081 -0.17000 -2.00000
105100484 -0.74081 -0.16600 -2.00000
105100485 -0.74081 -0.16200 -2.00000
105100486 -0.74081 -0.15800 -2.00000
105100487 -0.74081 -0.15400 -2.00000
105100488 -0.74081 -0.15000 -2.00000
105100489 -0.74081 -0.14600 -2.00000
105100490 -0.74081 -0.14200 -2.00000
105100491 -0.74081 -0.13800 -2.00000
105100492 -0.74081 -0.13400 -2.00000
105100493 -0.74081 -0.13000 -2.00000
105100494 -0.74081 -0.12600 -2.00000
105100495 -0.74081 -0.12200 -2.00000
105100496 -0.74081 -0.11800 -2.00000
105100497 -0.74081 -0.11400 -2.00000
105100498 -0.74081 -0.11000 -2.00000
105100499 -0.74081 -0.10600 -2.00000
105100500 -0.74081 -0.10200 -2.00000
105100501 -0.74081 -0.09800 -2.00000
105100502 -0.74081 -0.09400 -2.00000
105100503 -0.74081 -0.09000 -2.00000
105100504 -0.74081 -0.08600 -2.00000
105100505 -0.74081 -0.08200 -2.00000
105100506 -0.74081 -0.07800 -2.00000
105100507 -0.74081 -0.07400 -2.00000
105100508 -0.74081 -0.07000 -2.00000
105100509 -0.74081 -0.06600 -2.00000
105100510 -0.74081 -0.06200 -2.00000
105100511 -0.74081 -0.05800 -2.00000
105100512 -0.74081 -0.05400 -2.00000
105100513 -0.74081 -0.05000 -2.00000
105100514 -0.74081 -0.04600 -2.00000
105100515 -0.74081 -0.04200 -2.00000
105100516 -0.74081 -0.03800 -2.00000
105100517 -0.74081 -0.03400 -2.00000
105100518 -0.74081 -0.03000 -2.00000
105100519 -0.74081 -0.02600 -2.00000
105100520 -0.74081 -0.02200 -2.00000
105100521 -0.74081 -0.01800 -2.00000
105100522 -0.74081 -0.01400 -2.00000
105100523 -0.74081 -0.01000 -2.00000
105100524 -0.74081 -0.00600 -2.00000
105100525 -0.74081 -0.00200 -2.00000
105100526 -0.74081 0.00200 -2.00000
105100527 -0.74081 0.00600 -2.00000
105100528 -0.74081 0.01000 -2.00000
105100529 -0.74081 0.01400 -2.00000
105100530 -0.74081 0.01800 -2.00000
105100531 -0.74081 0.02200 -2.00000
105100532 -0.74081 0.02600 -2.00000
105100533 -0.74081 0.03000 -2.00000
105100534 -0.74081 0.03400 -2.00000
105100535 -0.74081 0.03800 -2.00000
105100536 -0.74081 0.04200 -2.00000
105100537 -0.74081 0.04600 -2.00000
105100538 -0.74081 0.05000 -2.00000
105100539 -0.74081 0.05400 -2.00000
105100540 -0.74081 0.05800 -2.00000
105100541 -0.74081 0.06200 -2.00000
105100542 -0.74081 0.06600 -2.00000
105100543 -0.74081 0.07000 -2.00000
105100544 -0.74081 0.07400 -2.00000
105100545 -0.74081 0.07800 -2.00000
105100546 -0.74081 0.08200 -2.00000
105100547 -0.74081 0.08600 -2.00000
105100548 -0.74081 0.09000 -2.00000
105100549 -0.74081 0.09400 -2.00000
105100550 -0.74081 0.09800 -2.00000
105100551 -0.74081 0.10200 -2.00000
105100552 -0.74081 0.10600 -2.00000
105100553 -0.74081 0.11000 -2.00000
105100554 -0.74081 0.11400 -2.00000
105100555 -0.74081 0.11800 -2.00000
105100556 -0.74081 0.12200 -2.00000
105100557 -0.74081 0.12600 -2.00000
105100558 -0.74081 0.13000 -2.00000
105100559 -0.74081 0.13400 -2.00000
105100560 -0.74081 0.13800 -2.00000
105100561 -0.74081 0.14200 -2.00000
105100562 -0.74081 0.14600 -2.00000
105100563 -0.74081 0.15000 -2.00000
105100564 -0.74081 0.15400 -2.00000
105100565 -0.74081 0.15800 -2.00000
105100566 -0.74081 0.16200 -2.00000
105100567 -0.74081 0.16600 -2.00000
105100568 -0.74081 0.17000 -2.00000
105100569 -0.74081 0.17400 -2.00000
105100570 -0.74081 0.17800 -2.00000
105100571 -0.74081 0.18200 -2.00000
105100572 -0.74081 0.18600 -2.00000
105100573 -0.74081 0.19000 -2.00000
105100574 -0.74081 0.19400 -2.00000
105100575 -0.74081 0.19800 -2.00000
105100576 -0.74081 0.20200 -2.00000
105100577 -0.74081 0.20600 -2.00000
105100578 -0.74081 0.21000 -2.00000
105100579 -0.74081 0.21400 -2.00000
105100580 -0.74081 0.21800 -2.00000
105100581 -0.74081 0.22200 -2.00000
105100582 -0.74081 0.22600 -2.00000
105100583 -0.74081 0.23000 -2.00000
105100584 -0.74081 0.23400 -2.00000
105100585 -0.74081 0.23800 -2.00000
105100586 -0.74081 0.24200 -2.00000
105100587 -0.74081 0.24600 -2.00000
105100588 -0.74081 0.25000 -2.00000
105100589 -0.74081 0.25400 -2.00000
105100590 -0.74081 0.25800 -2.00000
105100591 -0.74081 0.26200 -2.00000
105100592 -0.74081 0.26600 -2.00000
105100593 -0.74081 0.27000 -2.00000
105100594 -0.74081 0.27400 -2.00000
105100595 -0.74081 0.27800 -2.00000
105100596 -0.74081 0.28200 -2.00000
105100597 -0.74081 0.28600 -2.00000
105100598 -0.74081 0.29000 -2.00000
105100599 -0.74081 0.29400 -2.00000
105100600 -0.74081 0.29800 -2.00000
105100601 -0.73231 -0.29800 -2.00000
105100602 -0.73231 -0.29400 -2.00000
105100603 -0.73231 -0.29000 -2.00000
105100604 -0.73231 -0.28600 -2.00000
105100605 -0.73231 -0.28200 -2.00000
105100606 -0.73231 -0.27800 -2.00000
105100607 -0.73231 -0.27400 -2.00000
105100608 -0.73231 -0.27000 -2.00000
105100609 -0.73231 -0.26600 -2.00000
105100610 -0.73231 -0.26200 -2.00000
105100611 -0.73231 -0.25800 -2.00000
105100612 -0.73231 -0.25400 -2.00000
105100613 -0.73231 -0.25000 -2.00000
105100614 -0.73231 -0.24600 -2.00000
105100615 -0.73231 -0.24200 -2.00000
105100616 -0.73231 -0.23800 -2.00000
105100617 -0.73231 -0.23400 -2.00000
105100618 -0.73231 -0.23000 -2.00000
105100619 -0.73231 -0.22600 -2.00000
105100620 -0.73231 -0.22200 -2.00000
105100621 -0.73231 -0.21800 -2.00000
105100622 -0.73231 -0.21400 -2.00000
105100623 -0.73231 -0.21000 -2.00000
105100624 -0.73231 -0.20600 -2.00000
105100625 -0.73231 -0.20200 -2.00000
105100626 -0.73231 -0.19800 -2.00000
105100627 -0.73231 -0.19400 -2.00000
105100628 -0.73231 -0.19000 -2.00000
105100629 -0.73231 -0.18600 -2.00000
105100630 -0.73231 -0.18200 -2.00000
105100631 -0.73231 -0.17800 -2.00000
105100632 -0.73231 -0.17400 -2.00000
105100633 -0.73231 -0.17000 -2.00000
105100634 -0.73231 -0.16600 -2.00000
105100635 -0.73231 -0.16200 -2.00000
105100636 -0.73231 -0.15800 -2.00000
105100637 -0.73231 -0.15400 -2.00000
105100638 -0.73231 -0.15000 -2.00000
105100639 -0.73231 -0.14600 -2.00000
105100640 -0.73231 -0.14200 -2.00000
105100641 -0.73231 -0.13800 -2.00000
105100642 -0.73231 -0.13400 -2.00000
105100643 -0.73231 -0.13000 -2.00000
105100644 -0.73231 -0.12600 -2.00000
105100645 -0.73231 -0.12200 -2.00000
105100646 -0.73231 -0.11800 -2.00000
105100647 -0.73231 -0.11400 -2.00000
105100648 -0.73231 -0.11000 -2.00000
105100649 -0.73231 -0.10600 -2.00000
105100650 -0.73231 -0.10200 -2.00000
105100651 -0.73231 -0.09800 -2.00000
105100652 -0.73231 -0.09400 -2.00000
105100653 -0.73231 -0.09000 -2.00000
105100654 -0.73231 -0.08600 -2.00000
105100655 -0.73231 -0.08200 -2.00000
105100656 -0.73231 -0.07800 -2.00000
105100657 -0.73231 -0.07400 -2.00000
105100658 -0.73231 -0.07000 -2.00000
105100659 -0.73231 -0.06600 -2.00000
105100660 -0.73231 -0.06200 -2.00000
105100661 -0.73231 -0.05800 -2.00000
105100662 -0.73231 -0.05400 -2.00000
105100663 -0.73231 -0.05000 -2.00000
105100664 -0.73231 -0.04600 -2.00000
105100665 -0.73231 -0.04200 -2.00000
105100666 -0.73231 -0.03800 -2.00000
105100667 -0.73231 -0.03400 -2.00000
105100668 -0.73231 -0.03000 -2.00000
105100669 -0.73231 -0.02600 -2.00000
105100670 -0.73231 -0.02200 -2.00000
105100671 -0.73231 -0.01800 -2.00000
105100672 -0.73231 -0.01400 -2.00000
105100673 -0.73231 -0.01000 -2.00000
105100674 -0.73231 -0.00600 -2.00000
105100675 -0.73231 -0.00200 -2.00000
105100676 -0.73231 0.00200 -2.00000
105100677 -0.73231 0.00600 -2.00000
105100678 -0.73231 0.01000 -2.00000
105100679 -0.73231 0.01400 -2.00000
105100680 -0.73231 0.01800 -2.00000
105100681 -0.73231 0.02200 -2.00000
105100682 -0.73231 0.02600 -2.00000
105100683 -0.73231 0.03000 -2.00000
105100684 -0.73231 0.03400 -2.00000
105100685 -0.73231 0.03800 -2.00000
105100686 -0.73231 0.04200 -2.00000
105100687 -0.73231 0.04600 -2.00000
105100688 -0.73231 0.05000 -2.00000
105100689 -0.73231 0.05400 -2.00000
105100690 -0.73231 0.05800 -2.00000
105100691 -0.73231 0.06200 -2.00000
105100692 -0.73231 0.06600 -2.00000
105100693 -0.73231 0.07000 -2.00000
105100694 -0.73231 0.07400 -2.00000
105100695 -0.73231 0.07800 -2.00000
105100696 -0.73231 0.08200 -2.00000
105100697 -0.73231 0.08600 -2.00000
105100698 -0.73231 0.09000 -2.00000
105100699 -0.73231 0.09400 -2.00000
105100700 -0.73231 0.09800 -2.00000
105100701 -0.73231 0.10200 -2.00000
105100702 -0.73231 0.10600 -2.00000
105100703 -0.73231 0.11000 -2.00000
105100704 -0.73231 0.11400 -2.00000
105100705 -0.73231 0.11800 -2.00000
105100706 -0.73231 0.12200 -2.00000
105100707 -0.73231 0.12600 -2.00000
105100708 -0.73231 0.13000 -2.00000
105100709 -0.73231 0.13400 -2.00000
105100710 -0.73231 0.13800 -2.00000
105100711 -0.73231 0.14200 -2.00000
105100712 -0.73231 0.14600 -2.00000
105100713 -0.73231 0.15000 -2.00000
105100714 -0.73231 0.15400 -2.00000
105100715 -0.73231 0.15800 -2.00000
105100716 -0.73231 0.16200 -2.00000
105100717 -0.73231 0.16600 -2.00000
105100718 -0.73231 0.17000 -2.00000
105100719 -0.73231 0.17400 -2.00000
105100720 -0.73231 0.17800 -2.00000
105100721 -0.73231 0.18200 -2.00000
105100722 -0.73231 0.18600 -2.00000
105100723 -0.73231 0.19000 -2.00000
105100724 -0.73231 0.19400 -2.00000
105100725 -0.73231 0.19800 -2.00000
105100726 -0.73231 0.20200 -2.00000
105100727 -0.73231 0.20600 -2.00000
105100728 -0.73231 0.21000 -2.00000
105100729 -0.73231 0.21400 -2.00000
105100730 -0.73231 0.21800 -2.00000
105100731 -0.73231 0.22200 -2.00000
105100732 -0.73231 0.22600 -2.00000
105100733 -0.73231 0.23000 -2.00000
105100734 -0.73231 0.23400 -2.00000
105100735 -0.73231 0.23800 -2.00000
105100736 -0.73231 0.24200 -2.00000
105100737 -0.73231 0.24600 -2.00000
105100738 -0.73231 0.25000 -2.00000
105100739 -0.73231 0.25400 -2.00000
105100740 -0.73231 0.25800 -2.00000
105100741 -0.73231 0.26200 -2.00000
105100742 -0.73231 0.26600 -2.00000
105100743 -0.73231 0.27000 -2.00000
105100744 -0.73231 0.27400 -2.00000
105100745 -0.73231 0.27800 -2.00000
105100746 -0.73231 0.28200 -2.00000
105100747 -0.73231 0.28600 -2.00000
105100748 -0.73231 0.29000 -2.00000
105100749 -0.73231 0.29400 -2.00000
105100750 -0.73231 0.29800 -2.00000
105100751 -0.72381 -0.29800 -2.00000
105100752 -0.72381 -0.29400 -2.00000
105100753 -0.72381 -0.29000 -2.00000
105100754 -0.72381 -0.28600 -2.00000
105100755 -0.72381 -0.28200 -2.00000
105100756 -0.72381 -0.27800 -2.00000
105100757 -0.72381 -0.27400 -2.00000
105100758 -0.72381 -0.27000 -2.00000
105100759 -0.72381 -0.26600 -2.00000
105100760 -0.72381 -0.26200 -2.00000
105100761 -0.72381 -0.25800 -2.00000
105100762 -0.72381 -0.25400 -2.00000
105100763 -0.72381 -0.25000 -2.00000
105100764 -0.72381 -0.24600 -2.00000
105100765 -0.72381 -0.24200 -2.00000
105100766 -0.72381 -0.23800 -2.00000
105100767 -0.72381 -0.23400 -2.00000
105100768 -0.72381 -0.23000 -2.00000
105100769 -0.72381 -0.22600 -2.00000
105100770 -0.72381 -0.22200 -2.00000
105100771 -0.72381 -0.21800 -2.00000
105100772 -0.72381 -0.21400 -2.00000
105100773 -0.72381 -0.21000 -2.00000
105100774 -0.72381 -0.20600 -2.00000
105100775 -0.72381 -0.20200 -2.00000
105100776 -0.72381 -0.19800 -2.00000
105100777 -0.72381 -0.19400 -2.00000
105100778 -0.72381 -0.19000 -2.00000
105100779 -0.72381 -0.18600 -2.00000
105100780 -0.72381 -0.18200 -2.00000
105100781 -0.72381 -0.17800 -2.00000
105100782 -0.72381 -0.17400 -2.00000
105100783 -0.72381 -0.17000 -2.00000
105100784 -0.72381 -0.16600 -2.00000
105100785 -0.72381 -0.16200 -2.00000
105100786 -0.72381 -0.15800 -2.00000
105100787 -0.72381 -0.15400 -2.00000
105100788 -0.72381 -0.15000 -2.00000
105100789 -0.72381 -0.14600 -2.00000
105100790 -0.72381 -0.14200 -2.00000
105100791 -0.72381 -0.13800 -2.00000
105100792 -0.72381 -0.13400 -2.00000
105100793 -0.72381 -0.13000 -2.00000
105100794 -0.72381 -0.12600 -2.00000
105100795 -0.72381 -0.12200 -2.00000
105100796 -0.72381 -0.11800 -2.00000
105100797 -0.72381 -0.11400 -2.00000
105100798 -0.72381 -0.11000 -2.00000
105100799 -0.72381 -0.10600 -2.00000
105100800 -0.72381 -0.10200 -2.00000
105100801 -0.72381 -0.09800 -2.00000
105100802 -0.72381 -0.09400 -2.00000
105100803 -0.72381 -0.09000 -2.00000
105100804 -0.72381 -0.08600 -2.00000
105100805 -0.72381 -0.08200 -2.00000
105100806 -0.72381 -0.07800 -2.00000
105100807 -0.72381 -0.07400 -2.00000
105100808 -0.72381 -0.07000 -2.00000
105100809 -0.72381 -0.06600 -2.00000
105100810 -0.72381 -0.06200 -2.00000
105100811 -0.72381 -0.05800 -2.00000
105100812 -0.72381 -0.05400 -2.00000
105100813 -0.72381 -0.05000 -2.00000
105100814 -0.72381 -0.04600 -2.00000
105100815 -0.72381 -0.04200 -2.00000
105100816 -0.72381 -0.03800 -2.00000
105100817 -0.72381 -0.03400 -2.00000
105100818 -0.72381 -0.03000 -2.00000
105100819 -0.72381 -0.02600 -2.00000
105100820 -0.72381 -0.02200 -2.00000
105100821 -0.72381 -0.01800 -2.00000
105100822 -0.72381 -0.01400 -2.00000
105100823 -0.72381 -0.01000 -2.00000
105100824 -0.72381 -0.00600 -2.00000
105100825 -0.72381 -0.00200 -2.00000
105100826 -0.72381 0.00200 -2.00000
105100827 -0.72381 0.00600 -2.00000
105100828 -0.72381 0.01000 -2.00000
105100829 -0.72381 0.01400 -2.00000
105100830 -0.72381 0.01800 -2.00000
105100831 -0.72381 0.02200 -2.00000
105100832 -0.72381 0.02600 -2.00000
105100833 -0.72381 0.03000 -2.00000
105100834 -0.72381 0.03400 -2.00000
105100835 -0.72381 0.03800 -2.00000
105100836 -0.72381 0.04200 -2.00000
105100837 -0.72381 0.04600 -2.00000
105100838 -0.72381 0.05000 -2.00000
105100839 -0.72381 0.05400 -2.00000
105100840 -0.72381 0.05800 -2.00000
105100841 -0.72381 0.06200 -2.00000
105100842 -0.72381 0.06600 -2.00000
105100843 -0.72381 0.07000 -2.00000
105100844 -0.72381 0.07400 -2.00000
105100845 -0.72381 0.07800 -2.00000
105100846 -0.72381 0.08200 -2.00000
105100847 -0.72381 0.08600 -2.00000
105100848 -0.72381 0.09000 -2.00000
105100849 -0.72381 0.09400 -2.00000
105100850 -0.72381 0.09800 -2.00000
105100851 -0.72381 0.10200 -2.00000
105100852 -0.72381 0.10600 -2.00000
105100853 -0.72381 0.11000 -2.00000
105100854 -0.72381 0.11400 -2.00000
105100855 -0.72381 0.11800 -2.00000
105100856 -0.72381 0.12200 -2.00000
105100857 -0.72381 0.12600 -2.00000
105100858 -0.72381 0.13000 -2.00000
105100859 -0.72381 0.13400 -2.00000
105100860 -0.72381 0.13800 -2.00000
105100861 -0.72381 0.14200 -2.00000
105100862 -0.72381 0.14600 -2.00000
105100863 -0.72381 0.15000 -2.00000
105100864 -0.72381 0.15400 -2.00000
105100865 -0.72381 0.15800 -2.00000
105100866 -0.72381 0.16200 -2.00000
105100867 -0.72381 0.16600 -2.00000
105100868 -0.72381 0.17000 -2.00000
105100869 -0.72381 0.17400 -2.00000
105100870 -0.72381 0.17800 -2.00000
105100871 -0.72381 0.18200 -2.00000
105100872 -0.72381 0.18600 -2.00000
105100873 -0.72381 0.19000 -2.00000
105100874 -0.72381 0.19400 -2.00000
105100875 -0.72381 0.19800 -2.00000
105100876 -0.72381 0.20200 -2.00000
105100877 -0.72381 0.20600 -2.00000
105100878 -0.72381 0.21000 -2.00000
105100879 -0.72381 0.21400 -2.00000
105100880 -0.72381 0.21800 -2.00000
105100881 -0.72381 0.22200 -2.00000
105100882 -0.72381 0.22600 -2.00000
105100883 -0.72381 0.23000 -2.00000
105100884 -0.72381 0.23400 -2.00000
105100885 -0.72381 0.23800 -2.00000
105100886 -0.72381 0.24200 -2.00000
105100887 -0.72381 0.24600 -2.00000
105100888 -0.72381 0.25000 -2.00000
105100889 -0.72381 0.25400 -2.00000
105100890 -0.72381 0.25800 -2.00000
105100891 -0.72381 0.26200 -2.00000
105100892 -0.72381 0.26600 -2.00000
105100893 -0.72381 0.27000 -2.00000
105100894 -0.72381 0.27400 -2.00000
105100895 -0.72381 0.27800 -2.00000
105100896 -0.72381 0.28200 -2.00000
105100897 -0.72381 0.28600 -2.00000
105100898 -0.72381 0.29000 -2.00000
105100899 -0.72381 0.29400 -2.00000
105100900 -0.72381 0.29800 -2.00000
105100901 -0.71531 -0.29800 -2.00000
105100902 -0.71531 -0.29400 -2.00000
105100903 -0.71531 -0.29000 -2.00000
105100904 -0.71531 -0.28600 -2.00000
105100905 -0.71531 -0.28200 -2.00000
105100906 -0.71531 -0.27800 -2.00000
105100907 -0.71531 -0.27400 -2.00000
105100908 -0.71531 -0.27000 -2.00000
105100909 -0.71531 -0.26600 -2.00000
105100910 -0.71531 -0.26200 -2.00000
105100911 -0.71531 -0.25800 -2.00000
105100912 -0.71531 -0.25400 -2.00000
105100913 -0.71531 -0.25000 -2.00000
105100914 -0.71531 -0.24600 -2.00000
105100915 -0.71531 -0.24200 -2.00000
105100916 -0.71531 -0.23800 -2.00000
105100917 -0.71531 -0.23400 -2.00000
105100918 -0.71531 -0.23000 -2.00000
105100919 -0.71531 -0.22600 -2.00000
105100920 -0.71531 -0.22200 -2.00000
105100921 -0.71531 -0.21800 -2.00000
105100922 -0.71531 -0.21400 -2.00000
105100923 -0.71531 -0.21000 -2.00000
105100924 -0.71531 -0.20600 -2.00000
105100925 -0.71531 -0.20200 -2.00000
105100926 -0.71531 -0.19800 -2.00000
105100927 -0.71531 -0.19400 -2.00000
105100928 -0.71531 -0.19000 -2.00000
105100929 -0.71531 -0.18600 -2.00000
105100930 -0.71531 -0.18200 -2.00000
105100931 -0.71531 -0.17800 -2.00000
105100932 -0.71531 -0.17400 -2.00000
105100933 -0.71531 -0.17000 -2.00000
105100934 -0.71531 -0.16600 -2.00000
105100935 -0.71531 -0.16200 -2.00000
105100936 -0.71531 -0.15800 -2.00000
105100937 -0.71531 -0.15400 -2.00000
105100938 -0.71531 -0.15000 -2.00000
105100939 -0.71531 -0.14600 -2.00000
105100940 -0.71531 -0.14200 -2.00000
105100941 -0.71531 -0.13800 -2.00000
105100942 -0.71531 -0.13400 -2.00000
105100943 -0.71531 -0.13000 -2.00000
105100944 -0.71531 -0.12600 -2.00000
105100945 -0.71531 -0.12200 -2.00000
105100946 -0.71531 -0.11800 -2.00000
105100947 -0.71531 -0.11400 -2.00000
105100948 -0.71531 -0.11000 -2.00000
105100949 -0.71531 -0.10600 -2.00000
105100950 -0.71531 -0.10200 -2.00000
105100951 -0.71531 -0.09800 -2.00000
105100952 -0.71531 -0.09400 -2.00000
105100953 -0.71531 -0.09000 -2.00000
105100954 -0.71531 -0.08600 -2.00000
105100955 -0.71531 -0.08200 -2.00000
105100956 -0.71531 -0.07800 -2.00000
105100957 -0.71531 -0.07400 -2.00000
105100958 -0.71531 -0.07000 -2.00000
105100959 -0.71531 -0.06600 -2.00000
105100960 -0.71531 -0.06200 -2.00000
105100961 -0.71531 -0.05800 -2.00000
105100962 -0.71531 -0.05400 -2.00000
105100963 -0.71531 -0.05000 -2.00000
105100964 -0.71531 -0.04600 -2.00000
105100965 -0.71531 -0.04200 -2.00000
105100966 -0.71531 -0.03800 -2.00000
105100967 -0.71531 -0.03400 -2.00000
105100968 -0.71531 -0.03000 -2.00000
105100969 -0.71531 -0.02600 -2.00000
105100970 -0.71531 -0.02200 -2.00000
105100971 -0.71531 -0.01800 -2.00000
105100972 -0.71531 -0.01400 -2.00000
105100973 -0.71531 -0.01000 -2.00000
105100974 -0.71531 -0.00600 -2.00000
105100975 -0.71531 -0.00200 -2.00000
105100976 -0.71531 0.00200 -2.00000
105100977 -0.71531 0.00600 -2.00000
105100978 -0.71531 0.01000 -2.00000
105100979 -0.71531 0.01400 -2.00000
105100980 -0.71531 0.01800 -2.00000
105100981 -0.71531 0.02200 -2.00000
105100982 -0.71531 0.02600 -2.00000
105100983 -0.71531 0.03000 -2.00000
105100984 -0.71531 0.03400 -2.00000
105100985 -0.71531 0.03800 -2.00000
105100986 -0.71531 0.04200 -2.00000
105100987 -0.71531 0.04600 -2.00000
105100988 -0.71531 0.05000 -2.00000
105100989 -0.71531 0.05400 -2.00000
105100990 -0.71531 0.05800 -2.00000
105100991 -0.71531 0.06200 -2.00000
105100992 -0.71531 0.06600 -2.00000
105100993 -0.71531 0.07000 -2.00000
105100994 -0.71531 0.07400 -2.00000
105100995 -0.71531 0.07800 -2.00000
105100996 -0.71531 0.08200 -2.00000
105100997 -0.71531 0.08600 -2.00000
105100998 -0.71531 0.09000 -2.00000
105100999 -0.71531 0.09400 -2.00000
105101000 -0.71531 0.09800 -2.00000
105101001 -0.71531 0.10200 -2.00000
105101002 -0.71531 0.10600 -2.00000
105101003 -0.71531 0.11000 -2.00000
105101004 -0.71531 0.11400 -2.00000
105101005 -0.71531 0.11800 -2.00000
105101006 -0.71531 0.12200 -2.00000
105101007 -0.71531 0.12600 -2.00000
105101008 -0.71531 0.13000 -2.00000
105101009 -0.71531 0.13400 -2.00000
105101010 -0.71531 0.13800 -2.00000
105101011 -0.71531 0.14200 -2.00000
105101012 -0.71531 0.14600 -2.00000
105101013 -0.71531 0.15000 -2.00000
105101014 -0.71531 0.15400 -2.00000
105101015 -0.71531 0.15800 -2.00000
105101016 -0.71531 0.16200 -2.00000
105101017 -0.71531 0.16600 -2.00000
105101018 -0.71531 0.17000 -2.00000
105101019 -0.71531 0.17400 -2.00000
105101020 -0.71531 0.17800 -2.00000
105101021 -0.71531 0.18200 -2.00000
105101022 -0.71531 0.18600 -2.00000
105101023 -0.71531 0.19000 -2.00000
105101024 -0.71531 0.19400 -2.00000
105101025 -0.71531 0.19800 -2.00000
105101026 -0.71531 0.20200 -2.00000
105101027 -0.71531 0.20600 -2.00000
105101028 -0.71531 0.21000 -2.00000
105101029 -0.71531 0.21400 -2.00000
105101030 -0.71531 0.21800 -2.00000
105101031 -0.71531 0.22200 -2.00000
105101032 -0.71531 0.22600 -2.00000
105101033 -0.71531 0.23000 -2.00000
105101034 -0.71531 0.23400 -2.00000
105101035 -0.71531 0.23800 -2.00000
105101036 -0.71531 0.24200 -2.00000
105101037 -0.71531 0.24600 -2.00000
105101038 -0.71531 0.25000 -2.00000
105101039 -0.71531 0.25400 -2.00000
105101040 -0.71531 0.25800 -2.00000
105101041 -0.71531 0.26200 -2.00000
105101042 -0.71531 0.26600 -2.00000
105101043 -0.71531 0.27000 -2.00000
105101044 -0.71531 0.27400 -2.00000
105101045 -0.71531 0.27800 -2.00000
105101046 -0.71531 0.28200 -2.00000
105101047 -0.71531 0.28600 -2.00000
105101048 -0.71531 0.29000 -2.00000
105101049 -0.71531 0.29400 -2.00000
105101050 -0.71531 0.29800 -2.00000
105101051 -0.70681 -0.29800 -2.00000
105101052 -0.70681 -0.29400 -2.00000
105101053 -0.70681 -0.29000 -2.00000
105101054 -0.70681 -0.28600 -2.00000
105101055 -0.70681 -0.28200 -2.00000
105101056 -0.70681 -0.27800 -2.00000
105101057 -0.70681 -0.27400 -2.00000
105101058 -0.70681 -0.27000 -2.00000
105101059 -0.70681 -0.26600 -2.00000
105101060 -0.70681 -0.26200 -2.00000
105101061 -0.70681 -0.25800 -2.00000
105101062 -0.70681 -0.25400 -2.00000
105101063 -0.70681 -0.25000 -2.00000
105101064 -0.70681 -0.24600 -2.00000
105101065 -0.70681 -0.24200 -2.00000
105101066 -0.70681 -0.23800 -2.00000
105101067 -0.70681 -0.23400 -2.00000
105101068 -0.70681 -0.23000 -2.00000
105101069 -0.70681 -0.22600 -2.00000
105101070 -0.70681 -0.22200 -2.00000
105101071 -0.70681 -0.21800 -2.00000
105101072 -0.70681 -0.21400 -2.00000
105101073 -0.70681 -0.21000 -2.00000
105101074 -0.70681 -0.20600 -2.00000
105101075 -0.70681 -0.20200 -2.00000
105101076 -0.70681 -0.19800 -2.00000
105101077 -0.70681 -0.19400 -2.00000
105101078 -0.70681 -0.19000 -2.00000
105101079 -0.70681 -0.18600 -2.00000
105101080 -0.70681 -0.18200 -2.00000
105101081 -0.70681 -0.17800 -2.00000
105101082 -0.70681 -0.17400 -2.00000
105101083 -0.70681 -0.17000 -2.00000
105101084 -0.70681 -0.16600 -2.00000
105101085 -0.70681 -0.16200 -2.00000
105101086 -0.70681 -0.15800 -2.00000
105101087 -0.70681 -0.15400 -2.00000
105101088 -0.70681 -0.15000 -2.00000
105101089 -0.70681 -0.14600 -2.00000
105101090 -0.70681 -0.14200 -2.00000
105101091 -0.70681 -0.13800 -2.00000
105101092 -0.70681 -0.13400 -2.00000
105101093 -0.70681 -0.13000 -2.00000
105101094 -0.70681 -0.12600 -2.00000
105101095 -0.70681 -0.12200 -2.00000
105101096 -0.70681 -0.11800 -2.00000
105101097 -0.70681 -0.11400 -2.00000
105101098 -0.70681 -0.11000 -2.00000
105101099 -0.70681 -0.10600 -2.00000
105101100 -0.70681 -0.10200 -2.00000
105101101 -0.70681 -0.09800 -2.00000
105101102 -0.70681 -0.09400 -2.00000
105101103 -0.70681 -0.09000 -2.00000
105101104 -0.70681 -0.08600 -2.00000
105101105 -0.70681 -0.08200 -2.00000
105101106 -0.70681 -0.07800 -2.00000
105101107 -0.70681 -0.07400 -2.00000
105101108 -0.70681 -0.07000 -2.00000
105101109 -0.70681 -0.06600 -2.00000
105101110 -0.70681 -0.06200 -2.00000
105101111 -0.70681 -0.05800 -2.00000
105101112 -0.70681 -0.05400 -2.00000
105101113 -0.70681 -0.05000 -2.00000
105101114 -0.70681 -0.04600 -2.00000
105101115 -0.70681 -0.04200 -2.00000
105101116 -0.70681 -0.03800 -2.00000
105101117 -0.70681 -0.03400 -2.00000
105101118 -0.70681 -0.03000 -2.00000
105101119 -0.70681 -0.02600 -2.00000
105101120 -0.70681 -0.02200 -2.00000
105101121 -0.70681 -0.01800 -2.00000
105101122 -0.70681 -0.01400 -2.00000
105101123 -0.70681 -0.01000 -2.00000
105101124 -0.70681 -0.00600 -2.00000
105101125 -0.70681 -0.00200 -2.00000
105101126 -0.70681 0.00200 -2.00000
105101127 -0.70681 0.00600 -2.00000
105101128 -0.70681 0.01000 -2.00000
105101129 -0.70681 0.01400 -2.00000
105101130 -0.70681 0.01800 -2.00000
105101131 -0.70681 0.02200 -2.00000
105101132 -0.70681 0.02600 -2.00000
105101133 -0.70681 0.03000 -2.00000
105101134 -0.70681 0.03400 -2.00000
105101135 -0.70681 0.03800 -2.00000
105101136 -0.70681 0.04200 -2.00000
105101137 -0.70681 0.04600 -2.00000
105101138 -0.70681 0.05000 -2.00000
105101139 -0.70681 0.05400 -2.00000
105101140 -0.70681 0.05800 -2.00000
105101141 -0.70681 0.06200 -2.00000
105101142 -0.70681 0.06600 -2.00000
105101143 -0.70681 0.07000 -2.00000
105101144 -0.70681 0.07400 -2.00000
105101145 -0.70681 0.07800 -2.00000
105101146 -0.70681 0.08200 -2.00000
105101147 -0.70681 0.08600 -2.00000
105101148 -0.70681 0.09000 -2.00000
105101149 -0.70681 0.09400 -2.00000
105101150 -0.70681 0.09800 -2.00000
105101151 -0.70681 0.10200 -2.00000
105101152 -0.70681 0.10600 -2.00000
105101153 -0.70681 0.11000 -2.00000
105101154 -0.70681 0.11400 -2.00000
105101155 -0.70681 0.11800 -2.00000
105101156 -0.70681 0.12200 -2.00000
105101157 -0.70681 0.12600 -2.00000
105101158 -0.70681 0.13000 -2.00000
105101159 -0.70681 0.13400 -2.00000
105101160 -0.70681 0.13800 -2.00000
105101161 -0.70681 0.14200 -2.00000
105101162 -0.70681 0.14600 -2.00000
105101163 -0.70681 0.15000 -2.00000
105101164 -0.70681 0.15400 -2.00000
105101165 -0.70681 0.15800 -2.00000
105101166 -0.70681 0.16200 -2.00000
105101167 -0.70681 0.16600 -2.00000
105101168 -0.70681 0.17000 -2.00000
105101169 -0.70681 0.17400 -2.00000
105101170 -0.70681 0.17800 -2.00000
105101171 -0.70681 0.18200 -2.00000
105101172 -0.70681 0.18600 -2.00000
105101173 -0.70681 0.19000 -2.00000
105101174 -0.70681 0.19400 -2.00000
105101175 -0.70681 0.19800 -2.00000
105101176 -0.70681 0.20200 -2.00000
105101177 -0.70681 0.20600 -2.00000
105101178 -0.70681 0.21000 -2.00000
105101179 -0.70681 0.21400 -2.00000
105101180 -0.70681 0.21800 -2.00000
105101181 -0.70681 0.22200 -2.00000
105101182 -0.70681 0.22600 -2.00000
105101183 -0.70681 0.23000 -2.00000
105101184 -0.70681 0.23400 -2.00000
105101185 -0.70681 0.23800 -2.00000
105101186 -0.70681 0.24200 -2.00000
105101187 -0.70681 0.24600 -2.00000
105101188 -0.70681 0.25000 -2.00000
105101189 -0.70681 0.25400 -2.00000
105101190 -0.70681 0.25800 -2.00000
105101191 -0.70681 0.26200 -2.00000
105101192 -0.70681 0.26600 -2.00000
105101193 -0.70681 0.27000 -2.00000
105101194 -0.70681 0.27400 -2.00000
105101195 -0.70681 0.27800 -2.00000
105101196 -0.70681 0.28200 -2.00000
105101197 -0.70681 0.28600 -2.00000
105101198 -0.70681 0.29000 -2.00000
105101199 -0.70681 0.29400 -2.00000
105101200 -0.70681 0.29800 -2.00000
