# pixelID  x  y  z
109100001 -0.71402 0.41275 1.02946
109100002 -0.71651 0.41275 1.02633
109100003 -0.71901 0.41275 1.02320
109100004 -0.72150 0.41275 1.02008
109100005 -0.72399 0.41275 1.01695
109100006 -0.72649 0.41275 1.01382
109100007 -0.72898 0.41275 1.01069
109100008 -0.73147 0.41275 1.00756
109100009 -0.73396 0.41275 1.00444
109100010 -0.73646 0.41275 1.00131
109100011 -0.73895 0.41275 0.99818
109100012 -0.74144 0.41275 0.99505
109100013 -0.74394 0.41275 0.99192
109100014 -0.74643 0.41275 0.98880
109100015 -0.74892 0.41275 0.98567
109100016 -0.75142 0.41275 0.98254
109100017 -0.75391 0.41275 0.97941
109100018 -0.75640 0.41275 0.97628
109100019 -0.75890 0.41275 0.97316
109100020 -0.76139 0.41275 0.97003
109100021 -0.76388 0.41275 0.96690
109100022 -0.76637 0.41275 0.96377
109100023 -0.76887 0.41275 0.96064
109100024 -0.77136 0.41275 0.95752
109100025 -0.77385 0.41275 0.95439
109100026 -0.77635 0.41275 0.95126
109100027 -0.77884 0.41275 0.94813
109100028 -0.78133 0.41275 0.94500
109100029 -0.78383 0.41275 0.94187
109100030 -0.78632 0.41275 0.93875
109100031 -0.78881 0.41275 0.93562
109100032 -0.79130 0.41275 0.93249
109100033 -0.79380 0.41275 0.92936
109100034 -0.79629 0.41275 0.92623
109100035 -0.79878 0.41275 0.92311
109100036 -0.80128 0.41275 0.91998
109100037 -0.80377 0.41275 0.91685
109100038 -0.80626 0.41275 0.91372
109100039 -0.80876 0.41275 0.91059
109100040 -0.81125 0.41275 0.90747
109100041 -0.81374 0.41275 0.90434
109100042 -0.81624 0.41275 0.90121
109100043 -0.81873 0.41275 0.89808
109100044 -0.82122 0.41275 0.89495
109100045 -0.82371 0.41275 0.89183
109100046 -0.82621 0.41275 0.88870
109100047 -0.82870 0.41275 0.88557
109100048 -0.83119 0.41275 0.88244
109100049 -0.83369 0.41275 0.87931
109100050 -0.83618 0.41275 0.87619
109100051 -0.83867 0.41275 0.87306
109100052 -0.84117 0.41275 0.86993
109100053 -0.84366 0.41275 0.86680
109100054 -0.84615 0.41275 0.86367
109100055 -0.84865 0.41275 0.86055
109100056 -0.85114 0.41275 0.85742
109100057 -0.85363 0.41275 0.85429
109100058 -0.85612 0.41275 0.85116
109100059 -0.85862 0.41275 0.84803
109100060 -0.86111 0.41275 0.84491
109100061 -0.86360 0.41275 0.84178
109100062 -0.86610 0.41275 0.83865
109100063 -0.86859 0.41275 0.83552
109100064 -0.87108 0.41275 0.83239
109100065 -0.87358 0.41275 0.82927
109100066 -0.87607 0.41275 0.82614
109100067 -0.87856 0.41275 0.82301
109100068 -0.88106 0.41275 0.81988
109100069 -0.88355 0.41275 0.81675
109100070 -0.88604 0.41275 0.81363
109100071 -0.88853 0.41275 0.81050
109100072 -0.89103 0.41275 0.80737
109100073 -0.89352 0.41275 0.80424
109100074 -0.89601 0.41275 0.80111
109100075 -0.89851 0.41275 0.79798
109100076 -0.90100 0.41275 0.79486
109100077 -0.90349 0.41275 0.79173
109100078 -0.90599 0.41275 0.78860
109100079 -0.90848 0.41275 0.78547
109100080 -0.91097 0.41275 0.78234
109100081 -0.91346 0.41275 0.77922
109100082 -0.91596 0.41275 0.77609
109100083 -0.91845 0.41275 0.77296
109100084 -0.92094 0.41275 0.76983
109100085 -0.92344 0.41275 0.76670
109100086 -0.92593 0.41275 0.76358
109100087 -0.92842 0.41275 0.76045
109100088 -0.93092 0.41275 0.75732
109100089 -0.93341 0.41275 0.75419
109100090 -0.93590 0.41275 0.75106
109100091 -0.93840 0.41275 0.74794
109100092 -0.94089 0.41275 0.74481
109100093 -0.94338 0.41275 0.74168
109100094 -0.94587 0.41275 0.73855
109100095 -0.94837 0.41275 0.73542
109100096 -0.95086 0.41275 0.73230
109100097 -0.95335 0.41275 0.72917
109100098 -0.95585 0.41275 0.72604
109100099 -0.95834 0.41275 0.72291
109100100 -0.96083 0.41275 0.71978
109100101 -0.96333 0.41275 0.71666
109100102 -0.96582 0.41275 0.71353
109100103 -0.96831 0.41275 0.71040
109100104 -0.97081 0.41275 0.70727
109100105 -0.97330 0.41275 0.70414
109100106 -0.97579 0.41275 0.70102
109100107 -0.97828 0.41275 0.69789
109100108 -0.98078 0.41275 0.69476
109100109 -0.98327 0.41275 0.69163
109100110 -0.98576 0.41275 0.68850
109100111 -0.98826 0.41275 0.68538
109100112 -0.99075 0.41275 0.68225
109100113 -0.99324 0.41275 0.67912
109100114 -0.99574 0.41275 0.67599
109100115 -0.99823 0.41275 0.67286
109100116 -1.00072 0.41275 0.66974
109100117 -1.00322 0.41275 0.66661
109100118 -1.00571 0.41275 0.66348
109100119 -1.00820 0.41275 0.66035
109100120 -1.01069 0.41275 0.65722
109100121 -1.01319 0.41275 0.65410
109100122 -1.01568 0.41275 0.65097
109100123 -1.01817 0.41275 0.64784
109100124 -1.02067 0.41275 0.64471
109100125 -1.02316 0.41275 0.64158
109100126 -1.02565 0.41275 0.63845
109100127 -1.02815 0.41275 0.63533
109100128 -1.03064 0.41275 0.63220
109100129 -1.03313 0.41275 0.62907
109100130 -1.03563 0.41275 0.62594
109100131 -1.03812 0.41275 0.62281
109100132 -1.04061 0.41275 0.61969
109100133 -1.04310 0.41275 0.61656
109100134 -1.04560 0.41275 0.61343
109100135 -1.04809 0.41275 0.61030
109100136 -1.05058 0.41275 0.60717
109100137 -1.05308 0.41275 0.60405
109100138 -1.05557 0.41275 0.60092
109100139 -1.05806 0.41275 0.59779
109100140 -1.06056 0.41275 0.59466
109100141 -1.06305 0.41275 0.59153
109100142 -1.06554 0.41275 0.58841
109100143 -1.06803 0.41275 0.58528
109100144 -1.07053 0.41275 0.58215
109100145 -1.07302 0.41275 0.57902
109100146 -1.07551 0.41275 0.57589
109100147 -1.07801 0.41275 0.57277
109100148 -1.08050 0.41275 0.56964
109100149 -1.08299 0.41275 0.56651
109100150 -1.08549 0.41275 0.56338
109100151 -0.71402 0.42625 1.02946
109100152 -0.71651 0.42625 1.02633
109100153 -0.71901 0.42625 1.02320
109100154 -0.72150 0.42625 1.02008
109100155 -0.72399 0.42625 1.01695
109100156 -0.72649 0.42625 1.01382
109100157 -0.72898 0.42625 1.01069
109100158 -0.73147 0.42625 1.00756
109100159 -0.73396 0.42625 1.00444
109100160 -0.73646 0.42625 1.00131
109100161 -0.73895 0.42625 0.99818
109100162 -0.74144 0.42625 0.99505
109100163 -0.74394 0.42625 0.99192
109100164 -0.74643 0.42625 0.98880
109100165 -0.74892 0.42625 0.98567
109100166 -0.75142 0.42625 0.98254
109100167 -0.75391 0.42625 0.97941
109100168 -0.75640 0.42625 0.97628
109100169 -0.75890 0.42625 0.97316
109100170 -0.76139 0.42625 0.97003
109100171 -0.76388 0.42625 0.96690
109100172 -0.76637 0.42625 0.96377
109100173 -0.76887 0.42625 0.96064
109100174 -0.77136 0.42625 0.95752
109100175 -0.77385 0.42625 0.95439
109100176 -0.77635 0.42625 0.95126
109100177 -0.77884 0.42625 0.94813
109100178 -0.78133 0.42625 0.94500
109100179 -0.78383 0.42625 0.94187
109100180 -0.78632 0.42625 0.93875
109100181 -0.78881 0.42625 0.93562
109100182 -0.79130 0.42625 0.93249
109100183 -0.79380 0.42625 0.92936
109100184 -0.79629 0.42625 0.92623
109100185 -0.79878 0.42625 0.92311
109100186 -0.80128 0.42625 0.91998
109100187 -0.80377 0.42625 0.91685
109100188 -0.80626 0.42625 0.91372
109100189 -0.80876 0.42625 0.91059
109100190 -0.81125 0.42625 0.90747
109100191 -0.81374 0.42625 0.90434
109100192 -0.81624 0.42625 0.90121
109100193 -0.81873 0.42625 0.89808
109100194 -0.82122 0.42625 0.89495
109100195 -0.82371 0.42625 0.89183
109100196 -0.82621 0.42625 0.88870
109100197 -0.82870 0.42625 0.88557
109100198 -0.83119 0.42625 0.88244
109100199 -0.83369 0.42625 0.87931
109100200 -0.83618 0.42625 0.87619
109100201 -0.83867 0.42625 0.87306
109100202 -0.84117 0.42625 0.86993
109100203 -0.84366 0.42625 0.86680
109100204 -0.84615 0.42625 0.86367
109100205 -0.84865 0.42625 0.86055
109100206 -0.85114 0.42625 0.85742
109100207 -0.85363 0.42625 0.85429
109100208 -0.85612 0.42625 0.85116
109100209 -0.85862 0.42625 0.84803
109100210 -0.86111 0.42625 0.84491
109100211 -0.86360 0.42625 0.84178
109100212 -0.86610 0.42625 0.83865
109100213 -0.86859 0.42625 0.83552
109100214 -0.87108 0.42625 0.83239
109100215 -0.87358 0.42625 0.82927
109100216 -0.87607 0.42625 0.82614
109100217 -0.87856 0.42625 0.82301
109100218 -0.88106 0.42625 0.81988
109100219 -0.88355 0.42625 0.81675
109100220 -0.88604 0.42625 0.81363
109100221 -0.88853 0.42625 0.81050
109100222 -0.89103 0.42625 0.80737
109100223 -0.89352 0.42625 0.80424
109100224 -0.89601 0.42625 0.80111
109100225 -0.89851 0.42625 0.79798
109100226 -0.90100 0.42625 0.79486
109100227 -0.90349 0.42625 0.79173
109100228 -0.90599 0.42625 0.78860
109100229 -0.90848 0.42625 0.78547
109100230 -0.91097 0.42625 0.78234
109100231 -0.91346 0.42625 0.77922
109100232 -0.91596 0.42625 0.77609
109100233 -0.91845 0.42625 0.77296
109100234 -0.92094 0.42625 0.76983
109100235 -0.92344 0.42625 0.76670
109100236 -0.92593 0.42625 0.76358
109100237 -0.92842 0.42625 0.76045
109100238 -0.93092 0.42625 0.75732
109100239 -0.93341 0.42625 0.75419
109100240 -0.93590 0.42625 0.75106
109100241 -0.93840 0.42625 0.74794
109100242 -0.94089 0.42625 0.74481
109100243 -0.94338 0.42625 0.74168
109100244 -0.94587 0.42625 0.73855
109100245 -0.94837 0.42625 0.73542
109100246 -0.95086 0.42625 0.73230
109100247 -0.95335 0.42625 0.72917
109100248 -0.95585 0.42625 0.72604
109100249 -0.95834 0.42625 0.72291
109100250 -0.96083 0.42625 0.71978
109100251 -0.96333 0.42625 0.71666
109100252 -0.96582 0.42625 0.71353
109100253 -0.96831 0.42625 0.71040
109100254 -0.97081 0.42625 0.70727
109100255 -0.97330 0.42625 0.70414
109100256 -0.97579 0.42625 0.70102
109100257 -0.97828 0.42625 0.69789
109100258 -0.98078 0.42625 0.69476
109100259 -0.98327 0.42625 0.69163
109100260 -0.98576 0.42625 0.68850
109100261 -0.98826 0.42625 0.68538
109100262 -0.99075 0.42625 0.68225
109100263 -0.99324 0.42625 0.67912
109100264 -0.99574 0.42625 0.67599
109100265 -0.99823 0.42625 0.67286
109100266 -1.00072 0.42625 0.66974
109100267 -1.00322 0.42625 0.66661
109100268 -1.00571 0.42625 0.66348
109100269 -1.00820 0.42625 0.66035
109100270 -1.01069 0.42625 0.65722
109100271 -1.01319 0.42625 0.65410
109100272 -1.01568 0.42625 0.65097
109100273 -1.01817 0.42625 0.64784
109100274 -1.02067 0.42625 0.64471
109100275 -1.02316 0.42625 0.64158
109100276 -1.02565 0.42625 0.63845
109100277 -1.02815 0.42625 0.63533
109100278 -1.03064 0.42625 0.63220
109100279 -1.03313 0.42625 0.62907
109100280 -1.03563 0.42625 0.62594
109100281 -1.03812 0.42625 0.62281
109100282 -1.04061 0.42625 0.61969
109100283 -1.04310 0.42625 0.61656
109100284 -1.04560 0.42625 0.61343
109100285 -1.04809 0.42625 0.61030
109100286 -1.05058 0.42625 0.60717
109100287 -1.05308 0.42625 0.60405
109100288 -1.05557 0.42625 0.60092
109100289 -1.05806 0.42625 0.59779
109100290 -1.06056 0.42625 0.59466
109100291 -1.06305 0.42625 0.59153
109100292 -1.06554 0.42625 0.58841
109100293 -1.06803 0.42625 0.58528
109100294 -1.07053 0.42625 0.58215
109100295 -1.07302 0.42625 0.57902
109100296 -1.07551 0.42625 0.57589
109100297 -1.07801 0.42625 0.57277
109100298 -1.08050 0.42625 0.56964
109100299 -1.08299 0.42625 0.56651
109100300 -1.08549 0.42625 0.56338
109100301 -0.71402 0.43975 1.02946
109100302 -0.71651 0.43975 1.02633
109100303 -0.71901 0.43975 1.02320
109100304 -0.72150 0.43975 1.02008
109100305 -0.72399 0.43975 1.01695
109100306 -0.72649 0.43975 1.01382
109100307 -0.72898 0.43975 1.01069
109100308 -0.73147 0.43975 1.00756
109100309 -0.73396 0.43975 1.00444
109100310 -0.73646 0.43975 1.00131
109100311 -0.73895 0.43975 0.99818
109100312 -0.74144 0.43975 0.99505
109100313 -0.74394 0.43975 0.99192
109100314 -0.74643 0.43975 0.98880
109100315 -0.74892 0.43975 0.98567
109100316 -0.75142 0.43975 0.98254
109100317 -0.75391 0.43975 0.97941
109100318 -0.75640 0.43975 0.97628
109100319 -0.75890 0.43975 0.97316
109100320 -0.76139 0.43975 0.97003
109100321 -0.76388 0.43975 0.96690
109100322 -0.76637 0.43975 0.96377
109100323 -0.76887 0.43975 0.96064
109100324 -0.77136 0.43975 0.95752
109100325 -0.77385 0.43975 0.95439
109100326 -0.77635 0.43975 0.95126
109100327 -0.77884 0.43975 0.94813
109100328 -0.78133 0.43975 0.94500
109100329 -0.78383 0.43975 0.94187
109100330 -0.78632 0.43975 0.93875
109100331 -0.78881 0.43975 0.93562
109100332 -0.79130 0.43975 0.93249
109100333 -0.79380 0.43975 0.92936
109100334 -0.79629 0.43975 0.92623
109100335 -0.79878 0.43975 0.92311
109100336 -0.80128 0.43975 0.91998
109100337 -0.80377 0.43975 0.91685
109100338 -0.80626 0.43975 0.91372
109100339 -0.80876 0.43975 0.91059
109100340 -0.81125 0.43975 0.90747
109100341 -0.81374 0.43975 0.90434
109100342 -0.81624 0.43975 0.90121
109100343 -0.81873 0.43975 0.89808
109100344 -0.82122 0.43975 0.89495
109100345 -0.82371 0.43975 0.89183
109100346 -0.82621 0.43975 0.88870
109100347 -0.82870 0.43975 0.88557
109100348 -0.83119 0.43975 0.88244
109100349 -0.83369 0.43975 0.87931
109100350 -0.83618 0.43975 0.87619
109100351 -0.83867 0.43975 0.87306
109100352 -0.84117 0.43975 0.86993
109100353 -0.84366 0.43975 0.86680
109100354 -0.84615 0.43975 0.86367
109100355 -0.84865 0.43975 0.86055
109100356 -0.85114 0.43975 0.85742
109100357 -0.85363 0.43975 0.85429
109100358 -0.85612 0.43975 0.85116
109100359 -0.85862 0.43975 0.84803
109100360 -0.86111 0.43975 0.84491
109100361 -0.86360 0.43975 0.84178
109100362 -0.86610 0.43975 0.83865
109100363 -0.86859 0.43975 0.83552
109100364 -0.87108 0.43975 0.83239
109100365 -0.87358 0.43975 0.82927
109100366 -0.87607 0.43975 0.82614
109100367 -0.87856 0.43975 0.82301
109100368 -0.88106 0.43975 0.81988
109100369 -0.88355 0.43975 0.81675
109100370 -0.88604 0.43975 0.81363
109100371 -0.88853 0.43975 0.81050
109100372 -0.89103 0.43975 0.80737
109100373 -0.89352 0.43975 0.80424
109100374 -0.89601 0.43975 0.80111
109100375 -0.89851 0.43975 0.79798
109100376 -0.90100 0.43975 0.79486
109100377 -0.90349 0.43975 0.79173
109100378 -0.90599 0.43975 0.78860
109100379 -0.90848 0.43975 0.78547
109100380 -0.91097 0.43975 0.78234
109100381 -0.91346 0.43975 0.77922
109100382 -0.91596 0.43975 0.77609
109100383 -0.91845 0.43975 0.77296
109100384 -0.92094 0.43975 0.76983
109100385 -0.92344 0.43975 0.76670
109100386 -0.92593 0.43975 0.76358
109100387 -0.92842 0.43975 0.76045
109100388 -0.93092 0.43975 0.75732
109100389 -0.93341 0.43975 0.75419
109100390 -0.93590 0.43975 0.75106
109100391 -0.93840 0.43975 0.74794
109100392 -0.94089 0.43975 0.74481
109100393 -0.94338 0.43975 0.74168
109100394 -0.94587 0.43975 0.73855
109100395 -0.94837 0.43975 0.73542
109100396 -0.95086 0.43975 0.73230
109100397 -0.95335 0.43975 0.72917
109100398 -0.95585 0.43975 0.72604
109100399 -0.95834 0.43975 0.72291
109100400 -0.96083 0.43975 0.71978
109100401 -0.96333 0.43975 0.71666
109100402 -0.96582 0.43975 0.71353
109100403 -0.96831 0.43975 0.71040
109100404 -0.97081 0.43975 0.70727
109100405 -0.97330 0.43975 0.70414
109100406 -0.97579 0.43975 0.70102
109100407 -0.97828 0.43975 0.69789
109100408 -0.98078 0.43975 0.69476
109100409 -0.98327 0.43975 0.69163
109100410 -0.98576 0.43975 0.68850
109100411 -0.98826 0.43975 0.68538
109100412 -0.99075 0.43975 0.68225
109100413 -0.99324 0.43975 0.67912
109100414 -0.99574 0.43975 0.67599
109100415 -0.99823 0.43975 0.67286
109100416 -1.00072 0.43975 0.66974
109100417 -1.00322 0.43975 0.66661
109100418 -1.00571 0.43975 0.66348
109100419 -1.00820 0.43975 0.66035
109100420 -1.01069 0.43975 0.65722
109100421 -1.01319 0.43975 0.65410
109100422 -1.01568 0.43975 0.65097
109100423 -1.01817 0.43975 0.64784
109100424 -1.02067 0.43975 0.64471
109100425 -1.02316 0.43975 0.64158
109100426 -1.02565 0.43975 0.63845
109100427 -1.02815 0.43975 0.63533
109100428 -1.03064 0.43975 0.63220
109100429 -1.03313 0.43975 0.62907
109100430 -1.03563 0.43975 0.62594
109100431 -1.03812 0.43975 0.62281
109100432 -1.04061 0.43975 0.61969
109100433 -1.04310 0.43975 0.61656
109100434 -1.04560 0.43975 0.61343
109100435 -1.04809 0.43975 0.61030
109100436 -1.05058 0.43975 0.60717
109100437 -1.05308 0.43975 0.60405
109100438 -1.05557 0.43975 0.60092
109100439 -1.05806 0.43975 0.59779
109100440 -1.06056 0.43975 0.59466
109100441 -1.06305 0.43975 0.59153
109100442 -1.06554 0.43975 0.58841
109100443 -1.06803 0.43975 0.58528
109100444 -1.07053 0.43975 0.58215
109100445 -1.07302 0.43975 0.57902
109100446 -1.07551 0.43975 0.57589
109100447 -1.07801 0.43975 0.57277
109100448 -1.08050 0.43975 0.56964
109100449 -1.08299 0.43975 0.56651
109100450 -1.08549 0.43975 0.56338
109100451 -0.71402 0.45325 1.02946
109100452 -0.71651 0.45325 1.02633
109100453 -0.71901 0.45325 1.02320
109100454 -0.72150 0.45325 1.02008
109100455 -0.72399 0.45325 1.01695
109100456 -0.72649 0.45325 1.01382
109100457 -0.72898 0.45325 1.01069
109100458 -0.73147 0.45325 1.00756
109100459 -0.73396 0.45325 1.00444
109100460 -0.73646 0.45325 1.00131
109100461 -0.73895 0.45325 0.99818
109100462 -0.74144 0.45325 0.99505
109100463 -0.74394 0.45325 0.99192
109100464 -0.74643 0.45325 0.98880
109100465 -0.74892 0.45325 0.98567
109100466 -0.75142 0.45325 0.98254
109100467 -0.75391 0.45325 0.97941
109100468 -0.75640 0.45325 0.97628
109100469 -0.75890 0.45325 0.97316
109100470 -0.76139 0.45325 0.97003
109100471 -0.76388 0.45325 0.96690
109100472 -0.76637 0.45325 0.96377
109100473 -0.76887 0.45325 0.96064
109100474 -0.77136 0.45325 0.95752
109100475 -0.77385 0.45325 0.95439
109100476 -0.77635 0.45325 0.95126
109100477 -0.77884 0.45325 0.94813
109100478 -0.78133 0.45325 0.94500
109100479 -0.78383 0.45325 0.94187
109100480 -0.78632 0.45325 0.93875
109100481 -0.78881 0.45325 0.93562
109100482 -0.79130 0.45325 0.93249
109100483 -0.79380 0.45325 0.92936
109100484 -0.79629 0.45325 0.92623
109100485 -0.79878 0.45325 0.92311
109100486 -0.80128 0.45325 0.91998
109100487 -0.80377 0.45325 0.91685
109100488 -0.80626 0.45325 0.91372
109100489 -0.80876 0.45325 0.91059
109100490 -0.81125 0.45325 0.90747
109100491 -0.81374 0.45325 0.90434
109100492 -0.81624 0.45325 0.90121
109100493 -0.81873 0.45325 0.89808
109100494 -0.82122 0.45325 0.89495
109100495 -0.82371 0.45325 0.89183
109100496 -0.82621 0.45325 0.88870
109100497 -0.82870 0.45325 0.88557
109100498 -0.83119 0.45325 0.88244
109100499 -0.83369 0.45325 0.87931
109100500 -0.83618 0.45325 0.87619
109100501 -0.83867 0.45325 0.87306
109100502 -0.84117 0.45325 0.86993
109100503 -0.84366 0.45325 0.86680
109100504 -0.84615 0.45325 0.86367
109100505 -0.84865 0.45325 0.86055
109100506 -0.85114 0.45325 0.85742
109100507 -0.85363 0.45325 0.85429
109100508 -0.85612 0.45325 0.85116
109100509 -0.85862 0.45325 0.84803
109100510 -0.86111 0.45325 0.84491
109100511 -0.86360 0.45325 0.84178
109100512 -0.86610 0.45325 0.83865
109100513 -0.86859 0.45325 0.83552
109100514 -0.87108 0.45325 0.83239
109100515 -0.87358 0.45325 0.82927
109100516 -0.87607 0.45325 0.82614
109100517 -0.87856 0.45325 0.82301
109100518 -0.88106 0.45325 0.81988
109100519 -0.88355 0.45325 0.81675
109100520 -0.88604 0.45325 0.81363
109100521 -0.88853 0.45325 0.81050
109100522 -0.89103 0.45325 0.80737
109100523 -0.89352 0.45325 0.80424
109100524 -0.89601 0.45325 0.80111
109100525 -0.89851 0.45325 0.79798
109100526 -0.90100 0.45325 0.79486
109100527 -0.90349 0.45325 0.79173
109100528 -0.90599 0.45325 0.78860
109100529 -0.90848 0.45325 0.78547
109100530 -0.91097 0.45325 0.78234
109100531 -0.91346 0.45325 0.77922
109100532 -0.91596 0.45325 0.77609
109100533 -0.91845 0.45325 0.77296
109100534 -0.92094 0.45325 0.76983
109100535 -0.92344 0.45325 0.76670
109100536 -0.92593 0.45325 0.76358
109100537 -0.92842 0.45325 0.76045
109100538 -0.93092 0.45325 0.75732
109100539 -0.93341 0.45325 0.75419
109100540 -0.93590 0.45325 0.75106
109100541 -0.93840 0.45325 0.74794
109100542 -0.94089 0.45325 0.74481
109100543 -0.94338 0.45325 0.74168
109100544 -0.94587 0.45325 0.73855
109100545 -0.94837 0.45325 0.73542
109100546 -0.95086 0.45325 0.73230
109100547 -0.95335 0.45325 0.72917
109100548 -0.95585 0.45325 0.72604
109100549 -0.95834 0.45325 0.72291
109100550 -0.96083 0.45325 0.71978
109100551 -0.96333 0.45325 0.71666
109100552 -0.96582 0.45325 0.71353
109100553 -0.96831 0.45325 0.71040
109100554 -0.97081 0.45325 0.70727
109100555 -0.97330 0.45325 0.70414
109100556 -0.97579 0.45325 0.70102
109100557 -0.97828 0.45325 0.69789
109100558 -0.98078 0.45325 0.69476
109100559 -0.98327 0.45325 0.69163
109100560 -0.98576 0.45325 0.68850
109100561 -0.98826 0.45325 0.68538
109100562 -0.99075 0.45325 0.68225
109100563 -0.99324 0.45325 0.67912
109100564 -0.99574 0.45325 0.67599
109100565 -0.99823 0.45325 0.67286
109100566 -1.00072 0.45325 0.66974
109100567 -1.00322 0.45325 0.66661
109100568 -1.00571 0.45325 0.66348
109100569 -1.00820 0.45325 0.66035
109100570 -1.01069 0.45325 0.65722
109100571 -1.01319 0.45325 0.65410
109100572 -1.01568 0.45325 0.65097
109100573 -1.01817 0.45325 0.64784
109100574 -1.02067 0.45325 0.64471
109100575 -1.02316 0.45325 0.64158
109100576 -1.02565 0.45325 0.63845
109100577 -1.02815 0.45325 0.63533
109100578 -1.03064 0.45325 0.63220
109100579 -1.03313 0.45325 0.62907
109100580 -1.03563 0.45325 0.62594
109100581 -1.03812 0.45325 0.62281
109100582 -1.04061 0.45325 0.61969
109100583 -1.04310 0.45325 0.61656
109100584 -1.04560 0.45325 0.61343
109100585 -1.04809 0.45325 0.61030
109100586 -1.05058 0.45325 0.60717
109100587 -1.05308 0.45325 0.60405
109100588 -1.05557 0.45325 0.60092
109100589 -1.05806 0.45325 0.59779
109100590 -1.06056 0.45325 0.59466
109100591 -1.06305 0.45325 0.59153
109100592 -1.06554 0.45325 0.58841
109100593 -1.06803 0.45325 0.58528
109100594 -1.07053 0.45325 0.58215
109100595 -1.07302 0.45325 0.57902
109100596 -1.07551 0.45325 0.57589
109100597 -1.07801 0.45325 0.57277
109100598 -1.08050 0.45325 0.56964
109100599 -1.08299 0.45325 0.56651
109100600 -1.08549 0.45325 0.56338
109100601 -0.71402 0.46675 1.02946
109100602 -0.71651 0.46675 1.02633
109100603 -0.71901 0.46675 1.02320
109100604 -0.72150 0.46675 1.02008
109100605 -0.72399 0.46675 1.01695
109100606 -0.72649 0.46675 1.01382
109100607 -0.72898 0.46675 1.01069
109100608 -0.73147 0.46675 1.00756
109100609 -0.73396 0.46675 1.00444
109100610 -0.73646 0.46675 1.00131
109100611 -0.73895 0.46675 0.99818
109100612 -0.74144 0.46675 0.99505
109100613 -0.74394 0.46675 0.99192
109100614 -0.74643 0.46675 0.98880
109100615 -0.74892 0.46675 0.98567
109100616 -0.75142 0.46675 0.98254
109100617 -0.75391 0.46675 0.97941
109100618 -0.75640 0.46675 0.97628
109100619 -0.75890 0.46675 0.97316
109100620 -0.76139 0.46675 0.97003
109100621 -0.76388 0.46675 0.96690
109100622 -0.76637 0.46675 0.96377
109100623 -0.76887 0.46675 0.96064
109100624 -0.77136 0.46675 0.95752
109100625 -0.77385 0.46675 0.95439
109100626 -0.77635 0.46675 0.95126
109100627 -0.77884 0.46675 0.94813
109100628 -0.78133 0.46675 0.94500
109100629 -0.78383 0.46675 0.94187
109100630 -0.78632 0.46675 0.93875
109100631 -0.78881 0.46675 0.93562
109100632 -0.79130 0.46675 0.93249
109100633 -0.79380 0.46675 0.92936
109100634 -0.79629 0.46675 0.92623
109100635 -0.79878 0.46675 0.92311
109100636 -0.80128 0.46675 0.91998
109100637 -0.80377 0.46675 0.91685
109100638 -0.80626 0.46675 0.91372
109100639 -0.80876 0.46675 0.91059
109100640 -0.81125 0.46675 0.90747
109100641 -0.81374 0.46675 0.90434
109100642 -0.81624 0.46675 0.90121
109100643 -0.81873 0.46675 0.89808
109100644 -0.82122 0.46675 0.89495
109100645 -0.82371 0.46675 0.89183
109100646 -0.82621 0.46675 0.88870
109100647 -0.82870 0.46675 0.88557
109100648 -0.83119 0.46675 0.88244
109100649 -0.83369 0.46675 0.87931
109100650 -0.83618 0.46675 0.87619
109100651 -0.83867 0.46675 0.87306
109100652 -0.84117 0.46675 0.86993
109100653 -0.84366 0.46675 0.86680
109100654 -0.84615 0.46675 0.86367
109100655 -0.84865 0.46675 0.86055
109100656 -0.85114 0.46675 0.85742
109100657 -0.85363 0.46675 0.85429
109100658 -0.85612 0.46675 0.85116
109100659 -0.85862 0.46675 0.84803
109100660 -0.86111 0.46675 0.84491
109100661 -0.86360 0.46675 0.84178
109100662 -0.86610 0.46675 0.83865
109100663 -0.86859 0.46675 0.83552
109100664 -0.87108 0.46675 0.83239
109100665 -0.87358 0.46675 0.82927
109100666 -0.87607 0.46675 0.82614
109100667 -0.87856 0.46675 0.82301
109100668 -0.88106 0.46675 0.81988
109100669 -0.88355 0.46675 0.81675
109100670 -0.88604 0.46675 0.81363
109100671 -0.88853 0.46675 0.81050
109100672 -0.89103 0.46675 0.80737
109100673 -0.89352 0.46675 0.80424
109100674 -0.89601 0.46675 0.80111
109100675 -0.89851 0.46675 0.79798
109100676 -0.90100 0.46675 0.79486
109100677 -0.90349 0.46675 0.79173
109100678 -0.90599 0.46675 0.78860
109100679 -0.90848 0.46675 0.78547
109100680 -0.91097 0.46675 0.78234
109100681 -0.91346 0.46675 0.77922
109100682 -0.91596 0.46675 0.77609
109100683 -0.91845 0.46675 0.77296
109100684 -0.92094 0.46675 0.76983
109100685 -0.92344 0.46675 0.76670
109100686 -0.92593 0.46675 0.76358
109100687 -0.92842 0.46675 0.76045
109100688 -0.93092 0.46675 0.75732
109100689 -0.93341 0.46675 0.75419
109100690 -0.93590 0.46675 0.75106
109100691 -0.93840 0.46675 0.74794
109100692 -0.94089 0.46675 0.74481
109100693 -0.94338 0.46675 0.74168
109100694 -0.94587 0.46675 0.73855
109100695 -0.94837 0.46675 0.73542
109100696 -0.95086 0.46675 0.73230
109100697 -0.95335 0.46675 0.72917
109100698 -0.95585 0.46675 0.72604
109100699 -0.95834 0.46675 0.72291
109100700 -0.96083 0.46675 0.71978
109100701 -0.96333 0.46675 0.71666
109100702 -0.96582 0.46675 0.71353
109100703 -0.96831 0.46675 0.71040
109100704 -0.97081 0.46675 0.70727
109100705 -0.97330 0.46675 0.70414
109100706 -0.97579 0.46675 0.70102
109100707 -0.97828 0.46675 0.69789
109100708 -0.98078 0.46675 0.69476
109100709 -0.98327 0.46675 0.69163
109100710 -0.98576 0.46675 0.68850
109100711 -0.98826 0.46675 0.68538
109100712 -0.99075 0.46675 0.68225
109100713 -0.99324 0.46675 0.67912
109100714 -0.99574 0.46675 0.67599
109100715 -0.99823 0.46675 0.67286
109100716 -1.00072 0.46675 0.66974
109100717 -1.00322 0.46675 0.66661
109100718 -1.00571 0.46675 0.66348
109100719 -1.00820 0.46675 0.66035
109100720 -1.01069 0.46675 0.65722
109100721 -1.01319 0.46675 0.65410
109100722 -1.01568 0.46675 0.65097
109100723 -1.01817 0.46675 0.64784
109100724 -1.02067 0.46675 0.64471
109100725 -1.02316 0.46675 0.64158
109100726 -1.02565 0.46675 0.63845
109100727 -1.02815 0.46675 0.63533
109100728 -1.03064 0.46675 0.63220
109100729 -1.03313 0.46675 0.62907
109100730 -1.03563 0.46675 0.62594
109100731 -1.03812 0.46675 0.62281
109100732 -1.04061 0.46675 0.61969
109100733 -1.04310 0.46675 0.61656
109100734 -1.04560 0.46675 0.61343
109100735 -1.04809 0.46675 0.61030
109100736 -1.05058 0.46675 0.60717
109100737 -1.05308 0.46675 0.60405
109100738 -1.05557 0.46675 0.60092
109100739 -1.05806 0.46675 0.59779
109100740 -1.06056 0.46675 0.59466
109100741 -1.06305 0.46675 0.59153
109100742 -1.06554 0.46675 0.58841
109100743 -1.06803 0.46675 0.58528
109100744 -1.07053 0.46675 0.58215
109100745 -1.07302 0.46675 0.57902
109100746 -1.07551 0.46675 0.57589
109100747 -1.07801 0.46675 0.57277
109100748 -1.08050 0.46675 0.56964
109100749 -1.08299 0.46675 0.56651
109100750 -1.08549 0.46675 0.56338
109100751 -0.71402 0.48025 1.02946
109100752 -0.71651 0.48025 1.02633
109100753 -0.71901 0.48025 1.02320
109100754 -0.72150 0.48025 1.02008
109100755 -0.72399 0.48025 1.01695
109100756 -0.72649 0.48025 1.01382
109100757 -0.72898 0.48025 1.01069
109100758 -0.73147 0.48025 1.00756
109100759 -0.73396 0.48025 1.00444
109100760 -0.73646 0.48025 1.00131
109100761 -0.73895 0.48025 0.99818
109100762 -0.74144 0.48025 0.99505
109100763 -0.74394 0.48025 0.99192
109100764 -0.74643 0.48025 0.98880
109100765 -0.74892 0.48025 0.98567
109100766 -0.75142 0.48025 0.98254
109100767 -0.75391 0.48025 0.97941
109100768 -0.75640 0.48025 0.97628
109100769 -0.75890 0.48025 0.97316
109100770 -0.76139 0.48025 0.97003
109100771 -0.76388 0.48025 0.96690
109100772 -0.76637 0.48025 0.96377
109100773 -0.76887 0.48025 0.96064
109100774 -0.77136 0.48025 0.95752
109100775 -0.77385 0.48025 0.95439
109100776 -0.77635 0.48025 0.95126
109100777 -0.77884 0.48025 0.94813
109100778 -0.78133 0.48025 0.94500
109100779 -0.78383 0.48025 0.94187
109100780 -0.78632 0.48025 0.93875
109100781 -0.78881 0.48025 0.93562
109100782 -0.79130 0.48025 0.93249
109100783 -0.79380 0.48025 0.92936
109100784 -0.79629 0.48025 0.92623
109100785 -0.79878 0.48025 0.92311
109100786 -0.80128 0.48025 0.91998
109100787 -0.80377 0.48025 0.91685
109100788 -0.80626 0.48025 0.91372
109100789 -0.80876 0.48025 0.91059
109100790 -0.81125 0.48025 0.90747
109100791 -0.81374 0.48025 0.90434
109100792 -0.81624 0.48025 0.90121
109100793 -0.81873 0.48025 0.89808
109100794 -0.82122 0.48025 0.89495
109100795 -0.82371 0.48025 0.89183
109100796 -0.82621 0.48025 0.88870
109100797 -0.82870 0.48025 0.88557
109100798 -0.83119 0.48025 0.88244
109100799 -0.83369 0.48025 0.87931
109100800 -0.83618 0.48025 0.87619
109100801 -0.83867 0.48025 0.87306
109100802 -0.84117 0.48025 0.86993
109100803 -0.84366 0.48025 0.86680
109100804 -0.84615 0.48025 0.86367
109100805 -0.84865 0.48025 0.86055
109100806 -0.85114 0.48025 0.85742
109100807 -0.85363 0.48025 0.85429
109100808 -0.85612 0.48025 0.85116
109100809 -0.85862 0.48025 0.84803
109100810 -0.86111 0.48025 0.84491
109100811 -0.86360 0.48025 0.84178
109100812 -0.86610 0.48025 0.83865
109100813 -0.86859 0.48025 0.83552
109100814 -0.87108 0.48025 0.83239
109100815 -0.87358 0.48025 0.82927
109100816 -0.87607 0.48025 0.82614
109100817 -0.87856 0.48025 0.82301
109100818 -0.88106 0.48025 0.81988
109100819 -0.88355 0.48025 0.81675
109100820 -0.88604 0.48025 0.81363
109100821 -0.88853 0.48025 0.81050
109100822 -0.89103 0.48025 0.80737
109100823 -0.89352 0.48025 0.80424
109100824 -0.89601 0.48025 0.80111
109100825 -0.89851 0.48025 0.79798
109100826 -0.90100 0.48025 0.79486
109100827 -0.90349 0.48025 0.79173
109100828 -0.90599 0.48025 0.78860
109100829 -0.90848 0.48025 0.78547
109100830 -0.91097 0.48025 0.78234
109100831 -0.91346 0.48025 0.77922
109100832 -0.91596 0.48025 0.77609
109100833 -0.91845 0.48025 0.77296
109100834 -0.92094 0.48025 0.76983
109100835 -0.92344 0.48025 0.76670
109100836 -0.92593 0.48025 0.76358
109100837 -0.92842 0.48025 0.76045
109100838 -0.93092 0.48025 0.75732
109100839 -0.93341 0.48025 0.75419
109100840 -0.93590 0.48025 0.75106
109100841 -0.93840 0.48025 0.74794
109100842 -0.94089 0.48025 0.74481
109100843 -0.94338 0.48025 0.74168
109100844 -0.94587 0.48025 0.73855
109100845 -0.94837 0.48025 0.73542
109100846 -0.95086 0.48025 0.73230
109100847 -0.95335 0.48025 0.72917
109100848 -0.95585 0.48025 0.72604
109100849 -0.95834 0.48025 0.72291
109100850 -0.96083 0.48025 0.71978
109100851 -0.96333 0.48025 0.71666
109100852 -0.96582 0.48025 0.71353
109100853 -0.96831 0.48025 0.71040
109100854 -0.97081 0.48025 0.70727
109100855 -0.97330 0.48025 0.70414
109100856 -0.97579 0.48025 0.70102
109100857 -0.97828 0.48025 0.69789
109100858 -0.98078 0.48025 0.69476
109100859 -0.98327 0.48025 0.69163
109100860 -0.98576 0.48025 0.68850
109100861 -0.98826 0.48025 0.68538
109100862 -0.99075 0.48025 0.68225
109100863 -0.99324 0.48025 0.67912
109100864 -0.99574 0.48025 0.67599
109100865 -0.99823 0.48025 0.67286
109100866 -1.00072 0.48025 0.66974
109100867 -1.00322 0.48025 0.66661
109100868 -1.00571 0.48025 0.66348
109100869 -1.00820 0.48025 0.66035
109100870 -1.01069 0.48025 0.65722
109100871 -1.01319 0.48025 0.65410
109100872 -1.01568 0.48025 0.65097
109100873 -1.01817 0.48025 0.64784
109100874 -1.02067 0.48025 0.64471
109100875 -1.02316 0.48025 0.64158
109100876 -1.02565 0.48025 0.63845
109100877 -1.02815 0.48025 0.63533
109100878 -1.03064 0.48025 0.63220
109100879 -1.03313 0.48025 0.62907
109100880 -1.03563 0.48025 0.62594
109100881 -1.03812 0.48025 0.62281
109100882 -1.04061 0.48025 0.61969
109100883 -1.04310 0.48025 0.61656
109100884 -1.04560 0.48025 0.61343
109100885 -1.04809 0.48025 0.61030
109100886 -1.05058 0.48025 0.60717
109100887 -1.05308 0.48025 0.60405
109100888 -1.05557 0.48025 0.60092
109100889 -1.05806 0.48025 0.59779
109100890 -1.06056 0.48025 0.59466
109100891 -1.06305 0.48025 0.59153
109100892 -1.06554 0.48025 0.58841
109100893 -1.06803 0.48025 0.58528
109100894 -1.07053 0.48025 0.58215
109100895 -1.07302 0.48025 0.57902
109100896 -1.07551 0.48025 0.57589
109100897 -1.07801 0.48025 0.57277
109100898 -1.08050 0.48025 0.56964
109100899 -1.08299 0.48025 0.56651
109100900 -1.08549 0.48025 0.56338
109100901 -0.71402 0.49375 1.02946
109100902 -0.71651 0.49375 1.02633
109100903 -0.71901 0.49375 1.02320
109100904 -0.72150 0.49375 1.02008
109100905 -0.72399 0.49375 1.01695
109100906 -0.72649 0.49375 1.01382
109100907 -0.72898 0.49375 1.01069
109100908 -0.73147 0.49375 1.00756
109100909 -0.73396 0.49375 1.00444
109100910 -0.73646 0.49375 1.00131
109100911 -0.73895 0.49375 0.99818
109100912 -0.74144 0.49375 0.99505
109100913 -0.74394 0.49375 0.99192
109100914 -0.74643 0.49375 0.98880
109100915 -0.74892 0.49375 0.98567
109100916 -0.75142 0.49375 0.98254
109100917 -0.75391 0.49375 0.97941
109100918 -0.75640 0.49375 0.97628
109100919 -0.75890 0.49375 0.97316
109100920 -0.76139 0.49375 0.97003
109100921 -0.76388 0.49375 0.96690
109100922 -0.76637 0.49375 0.96377
109100923 -0.76887 0.49375 0.96064
109100924 -0.77136 0.49375 0.95752
109100925 -0.77385 0.49375 0.95439
109100926 -0.77635 0.49375 0.95126
109100927 -0.77884 0.49375 0.94813
109100928 -0.78133 0.49375 0.94500
109100929 -0.78383 0.49375 0.94187
109100930 -0.78632 0.49375 0.93875
109100931 -0.78881 0.49375 0.93562
109100932 -0.79130 0.49375 0.93249
109100933 -0.79380 0.49375 0.92936
109100934 -0.79629 0.49375 0.92623
109100935 -0.79878 0.49375 0.92311
109100936 -0.80128 0.49375 0.91998
109100937 -0.80377 0.49375 0.91685
109100938 -0.80626 0.49375 0.91372
109100939 -0.80876 0.49375 0.91059
109100940 -0.81125 0.49375 0.90747
109100941 -0.81374 0.49375 0.90434
109100942 -0.81624 0.49375 0.90121
109100943 -0.81873 0.49375 0.89808
109100944 -0.82122 0.49375 0.89495
109100945 -0.82371 0.49375 0.89183
109100946 -0.82621 0.49375 0.88870
109100947 -0.82870 0.49375 0.88557
109100948 -0.83119 0.49375 0.88244
109100949 -0.83369 0.49375 0.87931
109100950 -0.83618 0.49375 0.87619
109100951 -0.83867 0.49375 0.87306
109100952 -0.84117 0.49375 0.86993
109100953 -0.84366 0.49375 0.86680
109100954 -0.84615 0.49375 0.86367
109100955 -0.84865 0.49375 0.86055
109100956 -0.85114 0.49375 0.85742
109100957 -0.85363 0.49375 0.85429
109100958 -0.85612 0.49375 0.85116
109100959 -0.85862 0.49375 0.84803
109100960 -0.86111 0.49375 0.84491
109100961 -0.86360 0.49375 0.84178
109100962 -0.86610 0.49375 0.83865
109100963 -0.86859 0.49375 0.83552
109100964 -0.87108 0.49375 0.83239
109100965 -0.87358 0.49375 0.82927
109100966 -0.87607 0.49375 0.82614
109100967 -0.87856 0.49375 0.82301
109100968 -0.88106 0.49375 0.81988
109100969 -0.88355 0.49375 0.81675
109100970 -0.88604 0.49375 0.81363
109100971 -0.88853 0.49375 0.81050
109100972 -0.89103 0.49375 0.80737
109100973 -0.89352 0.49375 0.80424
109100974 -0.89601 0.49375 0.80111
109100975 -0.89851 0.49375 0.79798
109100976 -0.90100 0.49375 0.79486
109100977 -0.90349 0.49375 0.79173
109100978 -0.90599 0.49375 0.78860
109100979 -0.90848 0.49375 0.78547
109100980 -0.91097 0.49375 0.78234
109100981 -0.91346 0.49375 0.77922
109100982 -0.91596 0.49375 0.77609
109100983 -0.91845 0.49375 0.77296
109100984 -0.92094 0.49375 0.76983
109100985 -0.92344 0.49375 0.76670
109100986 -0.92593 0.49375 0.76358
109100987 -0.92842 0.49375 0.76045
109100988 -0.93092 0.49375 0.75732
109100989 -0.93341 0.49375 0.75419
109100990 -0.93590 0.49375 0.75106
109100991 -0.93840 0.49375 0.74794
109100992 -0.94089 0.49375 0.74481
109100993 -0.94338 0.49375 0.74168
109100994 -0.94587 0.49375 0.73855
109100995 -0.94837 0.49375 0.73542
109100996 -0.95086 0.49375 0.73230
109100997 -0.95335 0.49375 0.72917
109100998 -0.95585 0.49375 0.72604
109100999 -0.95834 0.49375 0.72291
109101000 -0.96083 0.49375 0.71978
109101001 -0.96333 0.49375 0.71666
109101002 -0.96582 0.49375 0.71353
109101003 -0.96831 0.49375 0.71040
109101004 -0.97081 0.49375 0.70727
109101005 -0.97330 0.49375 0.70414
109101006 -0.97579 0.49375 0.70102
109101007 -0.97828 0.49375 0.69789
109101008 -0.98078 0.49375 0.69476
109101009 -0.98327 0.49375 0.69163
109101010 -0.98576 0.49375 0.68850
109101011 -0.98826 0.49375 0.68538
109101012 -0.99075 0.49375 0.68225
109101013 -0.99324 0.49375 0.67912
109101014 -0.99574 0.49375 0.67599
109101015 -0.99823 0.49375 0.67286
109101016 -1.00072 0.49375 0.66974
109101017 -1.00322 0.49375 0.66661
109101018 -1.00571 0.49375 0.66348
109101019 -1.00820 0.49375 0.66035
109101020 -1.01069 0.49375 0.65722
109101021 -1.01319 0.49375 0.65410
109101022 -1.01568 0.49375 0.65097
109101023 -1.01817 0.49375 0.64784
109101024 -1.02067 0.49375 0.64471
109101025 -1.02316 0.49375 0.64158
109101026 -1.02565 0.49375 0.63845
109101027 -1.02815 0.49375 0.63533
109101028 -1.03064 0.49375 0.63220
109101029 -1.03313 0.49375 0.62907
109101030 -1.03563 0.49375 0.62594
109101031 -1.03812 0.49375 0.62281
109101032 -1.04061 0.49375 0.61969
109101033 -1.04310 0.49375 0.61656
109101034 -1.04560 0.49375 0.61343
109101035 -1.04809 0.49375 0.61030
109101036 -1.05058 0.49375 0.60717
109101037 -1.05308 0.49375 0.60405
109101038 -1.05557 0.49375 0.60092
109101039 -1.05806 0.49375 0.59779
109101040 -1.06056 0.49375 0.59466
109101041 -1.06305 0.49375 0.59153
109101042 -1.06554 0.49375 0.58841
109101043 -1.06803 0.49375 0.58528
109101044 -1.07053 0.49375 0.58215
109101045 -1.07302 0.49375 0.57902
109101046 -1.07551 0.49375 0.57589
109101047 -1.07801 0.49375 0.57277
109101048 -1.08050 0.49375 0.56964
109101049 -1.08299 0.49375 0.56651
109101050 -1.08549 0.49375 0.56338
109101051 -0.71402 0.50725 1.02946
109101052 -0.71651 0.50725 1.02633
109101053 -0.71901 0.50725 1.02320
109101054 -0.72150 0.50725 1.02008
109101055 -0.72399 0.50725 1.01695
109101056 -0.72649 0.50725 1.01382
109101057 -0.72898 0.50725 1.01069
109101058 -0.73147 0.50725 1.00756
109101059 -0.73396 0.50725 1.00444
109101060 -0.73646 0.50725 1.00131
109101061 -0.73895 0.50725 0.99818
109101062 -0.74144 0.50725 0.99505
109101063 -0.74394 0.50725 0.99192
109101064 -0.74643 0.50725 0.98880
109101065 -0.74892 0.50725 0.98567
109101066 -0.75142 0.50725 0.98254
109101067 -0.75391 0.50725 0.97941
109101068 -0.75640 0.50725 0.97628
109101069 -0.75890 0.50725 0.97316
109101070 -0.76139 0.50725 0.97003
109101071 -0.76388 0.50725 0.96690
109101072 -0.76637 0.50725 0.96377
109101073 -0.76887 0.50725 0.96064
109101074 -0.77136 0.50725 0.95752
109101075 -0.77385 0.50725 0.95439
109101076 -0.77635 0.50725 0.95126
109101077 -0.77884 0.50725 0.94813
109101078 -0.78133 0.50725 0.94500
109101079 -0.78383 0.50725 0.94187
109101080 -0.78632 0.50725 0.93875
109101081 -0.78881 0.50725 0.93562
109101082 -0.79130 0.50725 0.93249
109101083 -0.79380 0.50725 0.92936
109101084 -0.79629 0.50725 0.92623
109101085 -0.79878 0.50725 0.92311
109101086 -0.80128 0.50725 0.91998
109101087 -0.80377 0.50725 0.91685
109101088 -0.80626 0.50725 0.91372
109101089 -0.80876 0.50725 0.91059
109101090 -0.81125 0.50725 0.90747
109101091 -0.81374 0.50725 0.90434
109101092 -0.81624 0.50725 0.90121
109101093 -0.81873 0.50725 0.89808
109101094 -0.82122 0.50725 0.89495
109101095 -0.82371 0.50725 0.89183
109101096 -0.82621 0.50725 0.88870
109101097 -0.82870 0.50725 0.88557
109101098 -0.83119 0.50725 0.88244
109101099 -0.83369 0.50725 0.87931
109101100 -0.83618 0.50725 0.87619
109101101 -0.83867 0.50725 0.87306
109101102 -0.84117 0.50725 0.86993
109101103 -0.84366 0.50725 0.86680
109101104 -0.84615 0.50725 0.86367
109101105 -0.84865 0.50725 0.86055
109101106 -0.85114 0.50725 0.85742
109101107 -0.85363 0.50725 0.85429
109101108 -0.85612 0.50725 0.85116
109101109 -0.85862 0.50725 0.84803
109101110 -0.86111 0.50725 0.84491
109101111 -0.86360 0.50725 0.84178
109101112 -0.86610 0.50725 0.83865
109101113 -0.86859 0.50725 0.83552
109101114 -0.87108 0.50725 0.83239
109101115 -0.87358 0.50725 0.82927
109101116 -0.87607 0.50725 0.82614
109101117 -0.87856 0.50725 0.82301
109101118 -0.88106 0.50725 0.81988
109101119 -0.88355 0.50725 0.81675
109101120 -0.88604 0.50725 0.81363
109101121 -0.88853 0.50725 0.81050
109101122 -0.89103 0.50725 0.80737
109101123 -0.89352 0.50725 0.80424
109101124 -0.89601 0.50725 0.80111
109101125 -0.89851 0.50725 0.79798
109101126 -0.90100 0.50725 0.79486
109101127 -0.90349 0.50725 0.79173
109101128 -0.90599 0.50725 0.78860
109101129 -0.90848 0.50725 0.78547
109101130 -0.91097 0.50725 0.78234
109101131 -0.91346 0.50725 0.77922
109101132 -0.91596 0.50725 0.77609
109101133 -0.91845 0.50725 0.77296
109101134 -0.92094 0.50725 0.76983
109101135 -0.92344 0.50725 0.76670
109101136 -0.92593 0.50725 0.76358
109101137 -0.92842 0.50725 0.76045
109101138 -0.93092 0.50725 0.75732
109101139 -0.93341 0.50725 0.75419
109101140 -0.93590 0.50725 0.75106
109101141 -0.93840 0.50725 0.74794
109101142 -0.94089 0.50725 0.74481
109101143 -0.94338 0.50725 0.74168
109101144 -0.94587 0.50725 0.73855
109101145 -0.94837 0.50725 0.73542
109101146 -0.95086 0.50725 0.73230
109101147 -0.95335 0.50725 0.72917
109101148 -0.95585 0.50725 0.72604
109101149 -0.95834 0.50725 0.72291
109101150 -0.96083 0.50725 0.71978
109101151 -0.96333 0.50725 0.71666
109101152 -0.96582 0.50725 0.71353
109101153 -0.96831 0.50725 0.71040
109101154 -0.97081 0.50725 0.70727
109101155 -0.97330 0.50725 0.70414
109101156 -0.97579 0.50725 0.70102
109101157 -0.97828 0.50725 0.69789
109101158 -0.98078 0.50725 0.69476
109101159 -0.98327 0.50725 0.69163
109101160 -0.98576 0.50725 0.68850
109101161 -0.98826 0.50725 0.68538
109101162 -0.99075 0.50725 0.68225
109101163 -0.99324 0.50725 0.67912
109101164 -0.99574 0.50725 0.67599
109101165 -0.99823 0.50725 0.67286
109101166 -1.00072 0.50725 0.66974
109101167 -1.00322 0.50725 0.66661
109101168 -1.00571 0.50725 0.66348
109101169 -1.00820 0.50725 0.66035
109101170 -1.01069 0.50725 0.65722
109101171 -1.01319 0.50725 0.65410
109101172 -1.01568 0.50725 0.65097
109101173 -1.01817 0.50725 0.64784
109101174 -1.02067 0.50725 0.64471
109101175 -1.02316 0.50725 0.64158
109101176 -1.02565 0.50725 0.63845
109101177 -1.02815 0.50725 0.63533
109101178 -1.03064 0.50725 0.63220
109101179 -1.03313 0.50725 0.62907
109101180 -1.03563 0.50725 0.62594
109101181 -1.03812 0.50725 0.62281
109101182 -1.04061 0.50725 0.61969
109101183 -1.04310 0.50725 0.61656
109101184 -1.04560 0.50725 0.61343
109101185 -1.04809 0.50725 0.61030
109101186 -1.05058 0.50725 0.60717
109101187 -1.05308 0.50725 0.60405
109101188 -1.05557 0.50725 0.60092
109101189 -1.05806 0.50725 0.59779
109101190 -1.06056 0.50725 0.59466
109101191 -1.06305 0.50725 0.59153
109101192 -1.06554 0.50725 0.58841
109101193 -1.06803 0.50725 0.58528
109101194 -1.07053 0.50725 0.58215
109101195 -1.07302 0.50725 0.57902
109101196 -1.07551 0.50725 0.57589
109101197 -1.07801 0.50725 0.57277
109101198 -1.08050 0.50725 0.56964
109101199 -1.08299 0.50725 0.56651
109101200 -1.08549 0.50725 0.56338
