# pixelID  x  y  z
109060001 -0.71402 -0.10225 1.02946
109060002 -0.71651 -0.10225 1.02633
109060003 -0.71901 -0.10225 1.02320
109060004 -0.72150 -0.10225 1.02008
109060005 -0.72399 -0.10225 1.01695
109060006 -0.72649 -0.10225 1.01382
109060007 -0.72898 -0.10225 1.01069
109060008 -0.73147 -0.10225 1.00756
109060009 -0.73396 -0.10225 1.00444
109060010 -0.73646 -0.10225 1.00131
109060011 -0.73895 -0.10225 0.99818
109060012 -0.74144 -0.10225 0.99505
109060013 -0.74394 -0.10225 0.99192
109060014 -0.74643 -0.10225 0.98880
109060015 -0.74892 -0.10225 0.98567
109060016 -0.75142 -0.10225 0.98254
109060017 -0.75391 -0.10225 0.97941
109060018 -0.75640 -0.10225 0.97628
109060019 -0.75890 -0.10225 0.97316
109060020 -0.76139 -0.10225 0.97003
109060021 -0.76388 -0.10225 0.96690
109060022 -0.76637 -0.10225 0.96377
109060023 -0.76887 -0.10225 0.96064
109060024 -0.77136 -0.10225 0.95752
109060025 -0.77385 -0.10225 0.95439
109060026 -0.77635 -0.10225 0.95126
109060027 -0.77884 -0.10225 0.94813
109060028 -0.78133 -0.10225 0.94500
109060029 -0.78383 -0.10225 0.94187
109060030 -0.78632 -0.10225 0.93875
109060031 -0.78881 -0.10225 0.93562
109060032 -0.79130 -0.10225 0.93249
109060033 -0.79380 -0.10225 0.92936
109060034 -0.79629 -0.10225 0.92623
109060035 -0.79878 -0.10225 0.92311
109060036 -0.80128 -0.10225 0.91998
109060037 -0.80377 -0.10225 0.91685
109060038 -0.80626 -0.10225 0.91372
109060039 -0.80876 -0.10225 0.91059
109060040 -0.81125 -0.10225 0.90747
109060041 -0.81374 -0.10225 0.90434
109060042 -0.81624 -0.10225 0.90121
109060043 -0.81873 -0.10225 0.89808
109060044 -0.82122 -0.10225 0.89495
109060045 -0.82371 -0.10225 0.89183
109060046 -0.82621 -0.10225 0.88870
109060047 -0.82870 -0.10225 0.88557
109060048 -0.83119 -0.10225 0.88244
109060049 -0.83369 -0.10225 0.87931
109060050 -0.83618 -0.10225 0.87619
109060051 -0.83867 -0.10225 0.87306
109060052 -0.84117 -0.10225 0.86993
109060053 -0.84366 -0.10225 0.86680
109060054 -0.84615 -0.10225 0.86367
109060055 -0.84865 -0.10225 0.86055
109060056 -0.85114 -0.10225 0.85742
109060057 -0.85363 -0.10225 0.85429
109060058 -0.85612 -0.10225 0.85116
109060059 -0.85862 -0.10225 0.84803
109060060 -0.86111 -0.10225 0.84491
109060061 -0.86360 -0.10225 0.84178
109060062 -0.86610 -0.10225 0.83865
109060063 -0.86859 -0.10225 0.83552
109060064 -0.87108 -0.10225 0.83239
109060065 -0.87358 -0.10225 0.82927
109060066 -0.87607 -0.10225 0.82614
109060067 -0.87856 -0.10225 0.82301
109060068 -0.88106 -0.10225 0.81988
109060069 -0.88355 -0.10225 0.81675
109060070 -0.88604 -0.10225 0.81363
109060071 -0.88853 -0.10225 0.81050
109060072 -0.89103 -0.10225 0.80737
109060073 -0.89352 -0.10225 0.80424
109060074 -0.89601 -0.10225 0.80111
109060075 -0.89851 -0.10225 0.79798
109060076 -0.90100 -0.10225 0.79486
109060077 -0.90349 -0.10225 0.79173
109060078 -0.90599 -0.10225 0.78860
109060079 -0.90848 -0.10225 0.78547
109060080 -0.91097 -0.10225 0.78234
109060081 -0.91346 -0.10225 0.77922
109060082 -0.91596 -0.10225 0.77609
109060083 -0.91845 -0.10225 0.77296
109060084 -0.92094 -0.10225 0.76983
109060085 -0.92344 -0.10225 0.76670
109060086 -0.92593 -0.10225 0.76358
109060087 -0.92842 -0.10225 0.76045
109060088 -0.93092 -0.10225 0.75732
109060089 -0.93341 -0.10225 0.75419
109060090 -0.93590 -0.10225 0.75106
109060091 -0.93840 -0.10225 0.74794
109060092 -0.94089 -0.10225 0.74481
109060093 -0.94338 -0.10225 0.74168
109060094 -0.94587 -0.10225 0.73855
109060095 -0.94837 -0.10225 0.73542
109060096 -0.95086 -0.10225 0.73230
109060097 -0.95335 -0.10225 0.72917
109060098 -0.95585 -0.10225 0.72604
109060099 -0.95834 -0.10225 0.72291
109060100 -0.96083 -0.10225 0.71978
109060101 -0.96333 -0.10225 0.71666
109060102 -0.96582 -0.10225 0.71353
109060103 -0.96831 -0.10225 0.71040
109060104 -0.97081 -0.10225 0.70727
109060105 -0.97330 -0.10225 0.70414
109060106 -0.97579 -0.10225 0.70102
109060107 -0.97828 -0.10225 0.69789
109060108 -0.98078 -0.10225 0.69476
109060109 -0.98327 -0.10225 0.69163
109060110 -0.98576 -0.10225 0.68850
109060111 -0.98826 -0.10225 0.68538
109060112 -0.99075 -0.10225 0.68225
109060113 -0.99324 -0.10225 0.67912
109060114 -0.99574 -0.10225 0.67599
109060115 -0.99823 -0.10225 0.67286
109060116 -1.00072 -0.10225 0.66974
109060117 -1.00322 -0.10225 0.66661
109060118 -1.00571 -0.10225 0.66348
109060119 -1.00820 -0.10225 0.66035
109060120 -1.01069 -0.10225 0.65722
109060121 -1.01319 -0.10225 0.65410
109060122 -1.01568 -0.10225 0.65097
109060123 -1.01817 -0.10225 0.64784
109060124 -1.02067 -0.10225 0.64471
109060125 -1.02316 -0.10225 0.64158
109060126 -1.02565 -0.10225 0.63845
109060127 -1.02815 -0.10225 0.63533
109060128 -1.03064 -0.10225 0.63220
109060129 -1.03313 -0.10225 0.62907
109060130 -1.03563 -0.10225 0.62594
109060131 -1.03812 -0.10225 0.62281
109060132 -1.04061 -0.10225 0.61969
109060133 -1.04310 -0.10225 0.61656
109060134 -1.04560 -0.10225 0.61343
109060135 -1.04809 -0.10225 0.61030
109060136 -1.05058 -0.10225 0.60717
109060137 -1.05308 -0.10225 0.60405
109060138 -1.05557 -0.10225 0.60092
109060139 -1.05806 -0.10225 0.59779
109060140 -1.06056 -0.10225 0.59466
109060141 -1.06305 -0.10225 0.59153
109060142 -1.06554 -0.10225 0.58841
109060143 -1.06803 -0.10225 0.58528
109060144 -1.07053 -0.10225 0.58215
109060145 -1.07302 -0.10225 0.57902
109060146 -1.07551 -0.10225 0.57589
109060147 -1.07801 -0.10225 0.57277
109060148 -1.08050 -0.10225 0.56964
109060149 -1.08299 -0.10225 0.56651
109060150 -1.08549 -0.10225 0.56338
109060151 -0.71402 -0.08875 1.02946
109060152 -0.71651 -0.08875 1.02633
109060153 -0.71901 -0.08875 1.02320
109060154 -0.72150 -0.08875 1.02008
109060155 -0.72399 -0.08875 1.01695
109060156 -0.72649 -0.08875 1.01382
109060157 -0.72898 -0.08875 1.01069
109060158 -0.73147 -0.08875 1.00756
109060159 -0.73396 -0.08875 1.00444
109060160 -0.73646 -0.08875 1.00131
109060161 -0.73895 -0.08875 0.99818
109060162 -0.74144 -0.08875 0.99505
109060163 -0.74394 -0.08875 0.99192
109060164 -0.74643 -0.08875 0.98880
109060165 -0.74892 -0.08875 0.98567
109060166 -0.75142 -0.08875 0.98254
109060167 -0.75391 -0.08875 0.97941
109060168 -0.75640 -0.08875 0.97628
109060169 -0.75890 -0.08875 0.97316
109060170 -0.76139 -0.08875 0.97003
109060171 -0.76388 -0.08875 0.96690
109060172 -0.76637 -0.08875 0.96377
109060173 -0.76887 -0.08875 0.96064
109060174 -0.77136 -0.08875 0.95752
109060175 -0.77385 -0.08875 0.95439
109060176 -0.77635 -0.08875 0.95126
109060177 -0.77884 -0.08875 0.94813
109060178 -0.78133 -0.08875 0.94500
109060179 -0.78383 -0.08875 0.94187
109060180 -0.78632 -0.08875 0.93875
109060181 -0.78881 -0.08875 0.93562
109060182 -0.79130 -0.08875 0.93249
109060183 -0.79380 -0.08875 0.92936
109060184 -0.79629 -0.08875 0.92623
109060185 -0.79878 -0.08875 0.92311
109060186 -0.80128 -0.08875 0.91998
109060187 -0.80377 -0.08875 0.91685
109060188 -0.80626 -0.08875 0.91372
109060189 -0.80876 -0.08875 0.91059
109060190 -0.81125 -0.08875 0.90747
109060191 -0.81374 -0.08875 0.90434
109060192 -0.81624 -0.08875 0.90121
109060193 -0.81873 -0.08875 0.89808
109060194 -0.82122 -0.08875 0.89495
109060195 -0.82371 -0.08875 0.89183
109060196 -0.82621 -0.08875 0.88870
109060197 -0.82870 -0.08875 0.88557
109060198 -0.83119 -0.08875 0.88244
109060199 -0.83369 -0.08875 0.87931
109060200 -0.83618 -0.08875 0.87619
109060201 -0.83867 -0.08875 0.87306
109060202 -0.84117 -0.08875 0.86993
109060203 -0.84366 -0.08875 0.86680
109060204 -0.84615 -0.08875 0.86367
109060205 -0.84865 -0.08875 0.86055
109060206 -0.85114 -0.08875 0.85742
109060207 -0.85363 -0.08875 0.85429
109060208 -0.85612 -0.08875 0.85116
109060209 -0.85862 -0.08875 0.84803
109060210 -0.86111 -0.08875 0.84491
109060211 -0.86360 -0.08875 0.84178
109060212 -0.86610 -0.08875 0.83865
109060213 -0.86859 -0.08875 0.83552
109060214 -0.87108 -0.08875 0.83239
109060215 -0.87358 -0.08875 0.82927
109060216 -0.87607 -0.08875 0.82614
109060217 -0.87856 -0.08875 0.82301
109060218 -0.88106 -0.08875 0.81988
109060219 -0.88355 -0.08875 0.81675
109060220 -0.88604 -0.08875 0.81363
109060221 -0.88853 -0.08875 0.81050
109060222 -0.89103 -0.08875 0.80737
109060223 -0.89352 -0.08875 0.80424
109060224 -0.89601 -0.08875 0.80111
109060225 -0.89851 -0.08875 0.79798
109060226 -0.90100 -0.08875 0.79486
109060227 -0.90349 -0.08875 0.79173
109060228 -0.90599 -0.08875 0.78860
109060229 -0.90848 -0.08875 0.78547
109060230 -0.91097 -0.08875 0.78234
109060231 -0.91346 -0.08875 0.77922
109060232 -0.91596 -0.08875 0.77609
109060233 -0.91845 -0.08875 0.77296
109060234 -0.92094 -0.08875 0.76983
109060235 -0.92344 -0.08875 0.76670
109060236 -0.92593 -0.08875 0.76358
109060237 -0.92842 -0.08875 0.76045
109060238 -0.93092 -0.08875 0.75732
109060239 -0.93341 -0.08875 0.75419
109060240 -0.93590 -0.08875 0.75106
109060241 -0.93840 -0.08875 0.74794
109060242 -0.94089 -0.08875 0.74481
109060243 -0.94338 -0.08875 0.74168
109060244 -0.94587 -0.08875 0.73855
109060245 -0.94837 -0.08875 0.73542
109060246 -0.95086 -0.08875 0.73230
109060247 -0.95335 -0.08875 0.72917
109060248 -0.95585 -0.08875 0.72604
109060249 -0.95834 -0.08875 0.72291
109060250 -0.96083 -0.08875 0.71978
109060251 -0.96333 -0.08875 0.71666
109060252 -0.96582 -0.08875 0.71353
109060253 -0.96831 -0.08875 0.71040
109060254 -0.97081 -0.08875 0.70727
109060255 -0.97330 -0.08875 0.70414
109060256 -0.97579 -0.08875 0.70102
109060257 -0.97828 -0.08875 0.69789
109060258 -0.98078 -0.08875 0.69476
109060259 -0.98327 -0.08875 0.69163
109060260 -0.98576 -0.08875 0.68850
109060261 -0.98826 -0.08875 0.68538
109060262 -0.99075 -0.08875 0.68225
109060263 -0.99324 -0.08875 0.67912
109060264 -0.99574 -0.08875 0.67599
109060265 -0.99823 -0.08875 0.67286
109060266 -1.00072 -0.08875 0.66974
109060267 -1.00322 -0.08875 0.66661
109060268 -1.00571 -0.08875 0.66348
109060269 -1.00820 -0.08875 0.66035
109060270 -1.01069 -0.08875 0.65722
109060271 -1.01319 -0.08875 0.65410
109060272 -1.01568 -0.08875 0.65097
109060273 -1.01817 -0.08875 0.64784
109060274 -1.02067 -0.08875 0.64471
109060275 -1.02316 -0.08875 0.64158
109060276 -1.02565 -0.08875 0.63845
109060277 -1.02815 -0.08875 0.63533
109060278 -1.03064 -0.08875 0.63220
109060279 -1.03313 -0.08875 0.62907
109060280 -1.03563 -0.08875 0.62594
109060281 -1.03812 -0.08875 0.62281
109060282 -1.04061 -0.08875 0.61969
109060283 -1.04310 -0.08875 0.61656
109060284 -1.04560 -0.08875 0.61343
109060285 -1.04809 -0.08875 0.61030
109060286 -1.05058 -0.08875 0.60717
109060287 -1.05308 -0.08875 0.60405
109060288 -1.05557 -0.08875 0.60092
109060289 -1.05806 -0.08875 0.59779
109060290 -1.06056 -0.08875 0.59466
109060291 -1.06305 -0.08875 0.59153
109060292 -1.06554 -0.08875 0.58841
109060293 -1.06803 -0.08875 0.58528
109060294 -1.07053 -0.08875 0.58215
109060295 -1.07302 -0.08875 0.57902
109060296 -1.07551 -0.08875 0.57589
109060297 -1.07801 -0.08875 0.57277
109060298 -1.08050 -0.08875 0.56964
109060299 -1.08299 -0.08875 0.56651
109060300 -1.08549 -0.08875 0.56338
109060301 -0.71402 -0.07525 1.02946
109060302 -0.71651 -0.07525 1.02633
109060303 -0.71901 -0.07525 1.02320
109060304 -0.72150 -0.07525 1.02008
109060305 -0.72399 -0.07525 1.01695
109060306 -0.72649 -0.07525 1.01382
109060307 -0.72898 -0.07525 1.01069
109060308 -0.73147 -0.07525 1.00756
109060309 -0.73396 -0.07525 1.00444
109060310 -0.73646 -0.07525 1.00131
109060311 -0.73895 -0.07525 0.99818
109060312 -0.74144 -0.07525 0.99505
109060313 -0.74394 -0.07525 0.99192
109060314 -0.74643 -0.07525 0.98880
109060315 -0.74892 -0.07525 0.98567
109060316 -0.75142 -0.07525 0.98254
109060317 -0.75391 -0.07525 0.97941
109060318 -0.75640 -0.07525 0.97628
109060319 -0.75890 -0.07525 0.97316
109060320 -0.76139 -0.07525 0.97003
109060321 -0.76388 -0.07525 0.96690
109060322 -0.76637 -0.07525 0.96377
109060323 -0.76887 -0.07525 0.96064
109060324 -0.77136 -0.07525 0.95752
109060325 -0.77385 -0.07525 0.95439
109060326 -0.77635 -0.07525 0.95126
109060327 -0.77884 -0.07525 0.94813
109060328 -0.78133 -0.07525 0.94500
109060329 -0.78383 -0.07525 0.94187
109060330 -0.78632 -0.07525 0.93875
109060331 -0.78881 -0.07525 0.93562
109060332 -0.79130 -0.07525 0.93249
109060333 -0.79380 -0.07525 0.92936
109060334 -0.79629 -0.07525 0.92623
109060335 -0.79878 -0.07525 0.92311
109060336 -0.80128 -0.07525 0.91998
109060337 -0.80377 -0.07525 0.91685
109060338 -0.80626 -0.07525 0.91372
109060339 -0.80876 -0.07525 0.91059
109060340 -0.81125 -0.07525 0.90747
109060341 -0.81374 -0.07525 0.90434
109060342 -0.81624 -0.07525 0.90121
109060343 -0.81873 -0.07525 0.89808
109060344 -0.82122 -0.07525 0.89495
109060345 -0.82371 -0.07525 0.89183
109060346 -0.82621 -0.07525 0.88870
109060347 -0.82870 -0.07525 0.88557
109060348 -0.83119 -0.07525 0.88244
109060349 -0.83369 -0.07525 0.87931
109060350 -0.83618 -0.07525 0.87619
109060351 -0.83867 -0.07525 0.87306
109060352 -0.84117 -0.07525 0.86993
109060353 -0.84366 -0.07525 0.86680
109060354 -0.84615 -0.07525 0.86367
109060355 -0.84865 -0.07525 0.86055
109060356 -0.85114 -0.07525 0.85742
109060357 -0.85363 -0.07525 0.85429
109060358 -0.85612 -0.07525 0.85116
109060359 -0.85862 -0.07525 0.84803
109060360 -0.86111 -0.07525 0.84491
109060361 -0.86360 -0.07525 0.84178
109060362 -0.86610 -0.07525 0.83865
109060363 -0.86859 -0.07525 0.83552
109060364 -0.87108 -0.07525 0.83239
109060365 -0.87358 -0.07525 0.82927
109060366 -0.87607 -0.07525 0.82614
109060367 -0.87856 -0.07525 0.82301
109060368 -0.88106 -0.07525 0.81988
109060369 -0.88355 -0.07525 0.81675
109060370 -0.88604 -0.07525 0.81363
109060371 -0.88853 -0.07525 0.81050
109060372 -0.89103 -0.07525 0.80737
109060373 -0.89352 -0.07525 0.80424
109060374 -0.89601 -0.07525 0.80111
109060375 -0.89851 -0.07525 0.79798
109060376 -0.90100 -0.07525 0.79486
109060377 -0.90349 -0.07525 0.79173
109060378 -0.90599 -0.07525 0.78860
109060379 -0.90848 -0.07525 0.78547
109060380 -0.91097 -0.07525 0.78234
109060381 -0.91346 -0.07525 0.77922
109060382 -0.91596 -0.07525 0.77609
109060383 -0.91845 -0.07525 0.77296
109060384 -0.92094 -0.07525 0.76983
109060385 -0.92344 -0.07525 0.76670
109060386 -0.92593 -0.07525 0.76358
109060387 -0.92842 -0.07525 0.76045
109060388 -0.93092 -0.07525 0.75732
109060389 -0.93341 -0.07525 0.75419
109060390 -0.93590 -0.07525 0.75106
109060391 -0.93840 -0.07525 0.74794
109060392 -0.94089 -0.07525 0.74481
109060393 -0.94338 -0.07525 0.74168
109060394 -0.94587 -0.07525 0.73855
109060395 -0.94837 -0.07525 0.73542
109060396 -0.95086 -0.07525 0.73230
109060397 -0.95335 -0.07525 0.72917
109060398 -0.95585 -0.07525 0.72604
109060399 -0.95834 -0.07525 0.72291
109060400 -0.96083 -0.07525 0.71978
109060401 -0.96333 -0.07525 0.71666
109060402 -0.96582 -0.07525 0.71353
109060403 -0.96831 -0.07525 0.71040
109060404 -0.97081 -0.07525 0.70727
109060405 -0.97330 -0.07525 0.70414
109060406 -0.97579 -0.07525 0.70102
109060407 -0.97828 -0.07525 0.69789
109060408 -0.98078 -0.07525 0.69476
109060409 -0.98327 -0.07525 0.69163
109060410 -0.98576 -0.07525 0.68850
109060411 -0.98826 -0.07525 0.68538
109060412 -0.99075 -0.07525 0.68225
109060413 -0.99324 -0.07525 0.67912
109060414 -0.99574 -0.07525 0.67599
109060415 -0.99823 -0.07525 0.67286
109060416 -1.00072 -0.07525 0.66974
109060417 -1.00322 -0.07525 0.66661
109060418 -1.00571 -0.07525 0.66348
109060419 -1.00820 -0.07525 0.66035
109060420 -1.01069 -0.07525 0.65722
109060421 -1.01319 -0.07525 0.65410
109060422 -1.01568 -0.07525 0.65097
109060423 -1.01817 -0.07525 0.64784
109060424 -1.02067 -0.07525 0.64471
109060425 -1.02316 -0.07525 0.64158
109060426 -1.02565 -0.07525 0.63845
109060427 -1.02815 -0.07525 0.63533
109060428 -1.03064 -0.07525 0.63220
109060429 -1.03313 -0.07525 0.62907
109060430 -1.03563 -0.07525 0.62594
109060431 -1.03812 -0.07525 0.62281
109060432 -1.04061 -0.07525 0.61969
109060433 -1.04310 -0.07525 0.61656
109060434 -1.04560 -0.07525 0.61343
109060435 -1.04809 -0.07525 0.61030
109060436 -1.05058 -0.07525 0.60717
109060437 -1.05308 -0.07525 0.60405
109060438 -1.05557 -0.07525 0.60092
109060439 -1.05806 -0.07525 0.59779
109060440 -1.06056 -0.07525 0.59466
109060441 -1.06305 -0.07525 0.59153
109060442 -1.06554 -0.07525 0.58841
109060443 -1.06803 -0.07525 0.58528
109060444 -1.07053 -0.07525 0.58215
109060445 -1.07302 -0.07525 0.57902
109060446 -1.07551 -0.07525 0.57589
109060447 -1.07801 -0.07525 0.57277
109060448 -1.08050 -0.07525 0.56964
109060449 -1.08299 -0.07525 0.56651
109060450 -1.08549 -0.07525 0.56338
109060451 -0.71402 -0.06175 1.02946
109060452 -0.71651 -0.06175 1.02633
109060453 -0.71901 -0.06175 1.02320
109060454 -0.72150 -0.06175 1.02008
109060455 -0.72399 -0.06175 1.01695
109060456 -0.72649 -0.06175 1.01382
109060457 -0.72898 -0.06175 1.01069
109060458 -0.73147 -0.06175 1.00756
109060459 -0.73396 -0.06175 1.00444
109060460 -0.73646 -0.06175 1.00131
109060461 -0.73895 -0.06175 0.99818
109060462 -0.74144 -0.06175 0.99505
109060463 -0.74394 -0.06175 0.99192
109060464 -0.74643 -0.06175 0.98880
109060465 -0.74892 -0.06175 0.98567
109060466 -0.75142 -0.06175 0.98254
109060467 -0.75391 -0.06175 0.97941
109060468 -0.75640 -0.06175 0.97628
109060469 -0.75890 -0.06175 0.97316
109060470 -0.76139 -0.06175 0.97003
109060471 -0.76388 -0.06175 0.96690
109060472 -0.76637 -0.06175 0.96377
109060473 -0.76887 -0.06175 0.96064
109060474 -0.77136 -0.06175 0.95752
109060475 -0.77385 -0.06175 0.95439
109060476 -0.77635 -0.06175 0.95126
109060477 -0.77884 -0.06175 0.94813
109060478 -0.78133 -0.06175 0.94500
109060479 -0.78383 -0.06175 0.94187
109060480 -0.78632 -0.06175 0.93875
109060481 -0.78881 -0.06175 0.93562
109060482 -0.79130 -0.06175 0.93249
109060483 -0.79380 -0.06175 0.92936
109060484 -0.79629 -0.06175 0.92623
109060485 -0.79878 -0.06175 0.92311
109060486 -0.80128 -0.06175 0.91998
109060487 -0.80377 -0.06175 0.91685
109060488 -0.80626 -0.06175 0.91372
109060489 -0.80876 -0.06175 0.91059
109060490 -0.81125 -0.06175 0.90747
109060491 -0.81374 -0.06175 0.90434
109060492 -0.81624 -0.06175 0.90121
109060493 -0.81873 -0.06175 0.89808
109060494 -0.82122 -0.06175 0.89495
109060495 -0.82371 -0.06175 0.89183
109060496 -0.82621 -0.06175 0.88870
109060497 -0.82870 -0.06175 0.88557
109060498 -0.83119 -0.06175 0.88244
109060499 -0.83369 -0.06175 0.87931
109060500 -0.83618 -0.06175 0.87619
109060501 -0.83867 -0.06175 0.87306
109060502 -0.84117 -0.06175 0.86993
109060503 -0.84366 -0.06175 0.86680
109060504 -0.84615 -0.06175 0.86367
109060505 -0.84865 -0.06175 0.86055
109060506 -0.85114 -0.06175 0.85742
109060507 -0.85363 -0.06175 0.85429
109060508 -0.85612 -0.06175 0.85116
109060509 -0.85862 -0.06175 0.84803
109060510 -0.86111 -0.06175 0.84491
109060511 -0.86360 -0.06175 0.84178
109060512 -0.86610 -0.06175 0.83865
109060513 -0.86859 -0.06175 0.83552
109060514 -0.87108 -0.06175 0.83239
109060515 -0.87358 -0.06175 0.82927
109060516 -0.87607 -0.06175 0.82614
109060517 -0.87856 -0.06175 0.82301
109060518 -0.88106 -0.06175 0.81988
109060519 -0.88355 -0.06175 0.81675
109060520 -0.88604 -0.06175 0.81363
109060521 -0.88853 -0.06175 0.81050
109060522 -0.89103 -0.06175 0.80737
109060523 -0.89352 -0.06175 0.80424
109060524 -0.89601 -0.06175 0.80111
109060525 -0.89851 -0.06175 0.79798
109060526 -0.90100 -0.06175 0.79486
109060527 -0.90349 -0.06175 0.79173
109060528 -0.90599 -0.06175 0.78860
109060529 -0.90848 -0.06175 0.78547
109060530 -0.91097 -0.06175 0.78234
109060531 -0.91346 -0.06175 0.77922
109060532 -0.91596 -0.06175 0.77609
109060533 -0.91845 -0.06175 0.77296
109060534 -0.92094 -0.06175 0.76983
109060535 -0.92344 -0.06175 0.76670
109060536 -0.92593 -0.06175 0.76358
109060537 -0.92842 -0.06175 0.76045
109060538 -0.93092 -0.06175 0.75732
109060539 -0.93341 -0.06175 0.75419
109060540 -0.93590 -0.06175 0.75106
109060541 -0.93840 -0.06175 0.74794
109060542 -0.94089 -0.06175 0.74481
109060543 -0.94338 -0.06175 0.74168
109060544 -0.94587 -0.06175 0.73855
109060545 -0.94837 -0.06175 0.73542
109060546 -0.95086 -0.06175 0.73230
109060547 -0.95335 -0.06175 0.72917
109060548 -0.95585 -0.06175 0.72604
109060549 -0.95834 -0.06175 0.72291
109060550 -0.96083 -0.06175 0.71978
109060551 -0.96333 -0.06175 0.71666
109060552 -0.96582 -0.06175 0.71353
109060553 -0.96831 -0.06175 0.71040
109060554 -0.97081 -0.06175 0.70727
109060555 -0.97330 -0.06175 0.70414
109060556 -0.97579 -0.06175 0.70102
109060557 -0.97828 -0.06175 0.69789
109060558 -0.98078 -0.06175 0.69476
109060559 -0.98327 -0.06175 0.69163
109060560 -0.98576 -0.06175 0.68850
109060561 -0.98826 -0.06175 0.68538
109060562 -0.99075 -0.06175 0.68225
109060563 -0.99324 -0.06175 0.67912
109060564 -0.99574 -0.06175 0.67599
109060565 -0.99823 -0.06175 0.67286
109060566 -1.00072 -0.06175 0.66974
109060567 -1.00322 -0.06175 0.66661
109060568 -1.00571 -0.06175 0.66348
109060569 -1.00820 -0.06175 0.66035
109060570 -1.01069 -0.06175 0.65722
109060571 -1.01319 -0.06175 0.65410
109060572 -1.01568 -0.06175 0.65097
109060573 -1.01817 -0.06175 0.64784
109060574 -1.02067 -0.06175 0.64471
109060575 -1.02316 -0.06175 0.64158
109060576 -1.02565 -0.06175 0.63845
109060577 -1.02815 -0.06175 0.63533
109060578 -1.03064 -0.06175 0.63220
109060579 -1.03313 -0.06175 0.62907
109060580 -1.03563 -0.06175 0.62594
109060581 -1.03812 -0.06175 0.62281
109060582 -1.04061 -0.06175 0.61969
109060583 -1.04310 -0.06175 0.61656
109060584 -1.04560 -0.06175 0.61343
109060585 -1.04809 -0.06175 0.61030
109060586 -1.05058 -0.06175 0.60717
109060587 -1.05308 -0.06175 0.60405
109060588 -1.05557 -0.06175 0.60092
109060589 -1.05806 -0.06175 0.59779
109060590 -1.06056 -0.06175 0.59466
109060591 -1.06305 -0.06175 0.59153
109060592 -1.06554 -0.06175 0.58841
109060593 -1.06803 -0.06175 0.58528
109060594 -1.07053 -0.06175 0.58215
109060595 -1.07302 -0.06175 0.57902
109060596 -1.07551 -0.06175 0.57589
109060597 -1.07801 -0.06175 0.57277
109060598 -1.08050 -0.06175 0.56964
109060599 -1.08299 -0.06175 0.56651
109060600 -1.08549 -0.06175 0.56338
109060601 -0.71402 -0.04825 1.02946
109060602 -0.71651 -0.04825 1.02633
109060603 -0.71901 -0.04825 1.02320
109060604 -0.72150 -0.04825 1.02008
109060605 -0.72399 -0.04825 1.01695
109060606 -0.72649 -0.04825 1.01382
109060607 -0.72898 -0.04825 1.01069
109060608 -0.73147 -0.04825 1.00756
109060609 -0.73396 -0.04825 1.00444
109060610 -0.73646 -0.04825 1.00131
109060611 -0.73895 -0.04825 0.99818
109060612 -0.74144 -0.04825 0.99505
109060613 -0.74394 -0.04825 0.99192
109060614 -0.74643 -0.04825 0.98880
109060615 -0.74892 -0.04825 0.98567
109060616 -0.75142 -0.04825 0.98254
109060617 -0.75391 -0.04825 0.97941
109060618 -0.75640 -0.04825 0.97628
109060619 -0.75890 -0.04825 0.97316
109060620 -0.76139 -0.04825 0.97003
109060621 -0.76388 -0.04825 0.96690
109060622 -0.76637 -0.04825 0.96377
109060623 -0.76887 -0.04825 0.96064
109060624 -0.77136 -0.04825 0.95752
109060625 -0.77385 -0.04825 0.95439
109060626 -0.77635 -0.04825 0.95126
109060627 -0.77884 -0.04825 0.94813
109060628 -0.78133 -0.04825 0.94500
109060629 -0.78383 -0.04825 0.94187
109060630 -0.78632 -0.04825 0.93875
109060631 -0.78881 -0.04825 0.93562
109060632 -0.79130 -0.04825 0.93249
109060633 -0.79380 -0.04825 0.92936
109060634 -0.79629 -0.04825 0.92623
109060635 -0.79878 -0.04825 0.92311
109060636 -0.80128 -0.04825 0.91998
109060637 -0.80377 -0.04825 0.91685
109060638 -0.80626 -0.04825 0.91372
109060639 -0.80876 -0.04825 0.91059
109060640 -0.81125 -0.04825 0.90747
109060641 -0.81374 -0.04825 0.90434
109060642 -0.81624 -0.04825 0.90121
109060643 -0.81873 -0.04825 0.89808
109060644 -0.82122 -0.04825 0.89495
109060645 -0.82371 -0.04825 0.89183
109060646 -0.82621 -0.04825 0.88870
109060647 -0.82870 -0.04825 0.88557
109060648 -0.83119 -0.04825 0.88244
109060649 -0.83369 -0.04825 0.87931
109060650 -0.83618 -0.04825 0.87619
109060651 -0.83867 -0.04825 0.87306
109060652 -0.84117 -0.04825 0.86993
109060653 -0.84366 -0.04825 0.86680
109060654 -0.84615 -0.04825 0.86367
109060655 -0.84865 -0.04825 0.86055
109060656 -0.85114 -0.04825 0.85742
109060657 -0.85363 -0.04825 0.85429
109060658 -0.85612 -0.04825 0.85116
109060659 -0.85862 -0.04825 0.84803
109060660 -0.86111 -0.04825 0.84491
109060661 -0.86360 -0.04825 0.84178
109060662 -0.86610 -0.04825 0.83865
109060663 -0.86859 -0.04825 0.83552
109060664 -0.87108 -0.04825 0.83239
109060665 -0.87358 -0.04825 0.82927
109060666 -0.87607 -0.04825 0.82614
109060667 -0.87856 -0.04825 0.82301
109060668 -0.88106 -0.04825 0.81988
109060669 -0.88355 -0.04825 0.81675
109060670 -0.88604 -0.04825 0.81363
109060671 -0.88853 -0.04825 0.81050
109060672 -0.89103 -0.04825 0.80737
109060673 -0.89352 -0.04825 0.80424
109060674 -0.89601 -0.04825 0.80111
109060675 -0.89851 -0.04825 0.79798
109060676 -0.90100 -0.04825 0.79486
109060677 -0.90349 -0.04825 0.79173
109060678 -0.90599 -0.04825 0.78860
109060679 -0.90848 -0.04825 0.78547
109060680 -0.91097 -0.04825 0.78234
109060681 -0.91346 -0.04825 0.77922
109060682 -0.91596 -0.04825 0.77609
109060683 -0.91845 -0.04825 0.77296
109060684 -0.92094 -0.04825 0.76983
109060685 -0.92344 -0.04825 0.76670
109060686 -0.92593 -0.04825 0.76358
109060687 -0.92842 -0.04825 0.76045
109060688 -0.93092 -0.04825 0.75732
109060689 -0.93341 -0.04825 0.75419
109060690 -0.93590 -0.04825 0.75106
109060691 -0.93840 -0.04825 0.74794
109060692 -0.94089 -0.04825 0.74481
109060693 -0.94338 -0.04825 0.74168
109060694 -0.94587 -0.04825 0.73855
109060695 -0.94837 -0.04825 0.73542
109060696 -0.95086 -0.04825 0.73230
109060697 -0.95335 -0.04825 0.72917
109060698 -0.95585 -0.04825 0.72604
109060699 -0.95834 -0.04825 0.72291
109060700 -0.96083 -0.04825 0.71978
109060701 -0.96333 -0.04825 0.71666
109060702 -0.96582 -0.04825 0.71353
109060703 -0.96831 -0.04825 0.71040
109060704 -0.97081 -0.04825 0.70727
109060705 -0.97330 -0.04825 0.70414
109060706 -0.97579 -0.04825 0.70102
109060707 -0.97828 -0.04825 0.69789
109060708 -0.98078 -0.04825 0.69476
109060709 -0.98327 -0.04825 0.69163
109060710 -0.98576 -0.04825 0.68850
109060711 -0.98826 -0.04825 0.68538
109060712 -0.99075 -0.04825 0.68225
109060713 -0.99324 -0.04825 0.67912
109060714 -0.99574 -0.04825 0.67599
109060715 -0.99823 -0.04825 0.67286
109060716 -1.00072 -0.04825 0.66974
109060717 -1.00322 -0.04825 0.66661
109060718 -1.00571 -0.04825 0.66348
109060719 -1.00820 -0.04825 0.66035
109060720 -1.01069 -0.04825 0.65722
109060721 -1.01319 -0.04825 0.65410
109060722 -1.01568 -0.04825 0.65097
109060723 -1.01817 -0.04825 0.64784
109060724 -1.02067 -0.04825 0.64471
109060725 -1.02316 -0.04825 0.64158
109060726 -1.02565 -0.04825 0.63845
109060727 -1.02815 -0.04825 0.63533
109060728 -1.03064 -0.04825 0.63220
109060729 -1.03313 -0.04825 0.62907
109060730 -1.03563 -0.04825 0.62594
109060731 -1.03812 -0.04825 0.62281
109060732 -1.04061 -0.04825 0.61969
109060733 -1.04310 -0.04825 0.61656
109060734 -1.04560 -0.04825 0.61343
109060735 -1.04809 -0.04825 0.61030
109060736 -1.05058 -0.04825 0.60717
109060737 -1.05308 -0.04825 0.60405
109060738 -1.05557 -0.04825 0.60092
109060739 -1.05806 -0.04825 0.59779
109060740 -1.06056 -0.04825 0.59466
109060741 -1.06305 -0.04825 0.59153
109060742 -1.06554 -0.04825 0.58841
109060743 -1.06803 -0.04825 0.58528
109060744 -1.07053 -0.04825 0.58215
109060745 -1.07302 -0.04825 0.57902
109060746 -1.07551 -0.04825 0.57589
109060747 -1.07801 -0.04825 0.57277
109060748 -1.08050 -0.04825 0.56964
109060749 -1.08299 -0.04825 0.56651
109060750 -1.08549 -0.04825 0.56338
109060751 -0.71402 -0.03475 1.02946
109060752 -0.71651 -0.03475 1.02633
109060753 -0.71901 -0.03475 1.02320
109060754 -0.72150 -0.03475 1.02008
109060755 -0.72399 -0.03475 1.01695
109060756 -0.72649 -0.03475 1.01382
109060757 -0.72898 -0.03475 1.01069
109060758 -0.73147 -0.03475 1.00756
109060759 -0.73396 -0.03475 1.00444
109060760 -0.73646 -0.03475 1.00131
109060761 -0.73895 -0.03475 0.99818
109060762 -0.74144 -0.03475 0.99505
109060763 -0.74394 -0.03475 0.99192
109060764 -0.74643 -0.03475 0.98880
109060765 -0.74892 -0.03475 0.98567
109060766 -0.75142 -0.03475 0.98254
109060767 -0.75391 -0.03475 0.97941
109060768 -0.75640 -0.03475 0.97628
109060769 -0.75890 -0.03475 0.97316
109060770 -0.76139 -0.03475 0.97003
109060771 -0.76388 -0.03475 0.96690
109060772 -0.76637 -0.03475 0.96377
109060773 -0.76887 -0.03475 0.96064
109060774 -0.77136 -0.03475 0.95752
109060775 -0.77385 -0.03475 0.95439
109060776 -0.77635 -0.03475 0.95126
109060777 -0.77884 -0.03475 0.94813
109060778 -0.78133 -0.03475 0.94500
109060779 -0.78383 -0.03475 0.94187
109060780 -0.78632 -0.03475 0.93875
109060781 -0.78881 -0.03475 0.93562
109060782 -0.79130 -0.03475 0.93249
109060783 -0.79380 -0.03475 0.92936
109060784 -0.79629 -0.03475 0.92623
109060785 -0.79878 -0.03475 0.92311
109060786 -0.80128 -0.03475 0.91998
109060787 -0.80377 -0.03475 0.91685
109060788 -0.80626 -0.03475 0.91372
109060789 -0.80876 -0.03475 0.91059
109060790 -0.81125 -0.03475 0.90747
109060791 -0.81374 -0.03475 0.90434
109060792 -0.81624 -0.03475 0.90121
109060793 -0.81873 -0.03475 0.89808
109060794 -0.82122 -0.03475 0.89495
109060795 -0.82371 -0.03475 0.89183
109060796 -0.82621 -0.03475 0.88870
109060797 -0.82870 -0.03475 0.88557
109060798 -0.83119 -0.03475 0.88244
109060799 -0.83369 -0.03475 0.87931
109060800 -0.83618 -0.03475 0.87619
109060801 -0.83867 -0.03475 0.87306
109060802 -0.84117 -0.03475 0.86993
109060803 -0.84366 -0.03475 0.86680
109060804 -0.84615 -0.03475 0.86367
109060805 -0.84865 -0.03475 0.86055
109060806 -0.85114 -0.03475 0.85742
109060807 -0.85363 -0.03475 0.85429
109060808 -0.85612 -0.03475 0.85116
109060809 -0.85862 -0.03475 0.84803
109060810 -0.86111 -0.03475 0.84491
109060811 -0.86360 -0.03475 0.84178
109060812 -0.86610 -0.03475 0.83865
109060813 -0.86859 -0.03475 0.83552
109060814 -0.87108 -0.03475 0.83239
109060815 -0.87358 -0.03475 0.82927
109060816 -0.87607 -0.03475 0.82614
109060817 -0.87856 -0.03475 0.82301
109060818 -0.88106 -0.03475 0.81988
109060819 -0.88355 -0.03475 0.81675
109060820 -0.88604 -0.03475 0.81363
109060821 -0.88853 -0.03475 0.81050
109060822 -0.89103 -0.03475 0.80737
109060823 -0.89352 -0.03475 0.80424
109060824 -0.89601 -0.03475 0.80111
109060825 -0.89851 -0.03475 0.79798
109060826 -0.90100 -0.03475 0.79486
109060827 -0.90349 -0.03475 0.79173
109060828 -0.90599 -0.03475 0.78860
109060829 -0.90848 -0.03475 0.78547
109060830 -0.91097 -0.03475 0.78234
109060831 -0.91346 -0.03475 0.77922
109060832 -0.91596 -0.03475 0.77609
109060833 -0.91845 -0.03475 0.77296
109060834 -0.92094 -0.03475 0.76983
109060835 -0.92344 -0.03475 0.76670
109060836 -0.92593 -0.03475 0.76358
109060837 -0.92842 -0.03475 0.76045
109060838 -0.93092 -0.03475 0.75732
109060839 -0.93341 -0.03475 0.75419
109060840 -0.93590 -0.03475 0.75106
109060841 -0.93840 -0.03475 0.74794
109060842 -0.94089 -0.03475 0.74481
109060843 -0.94338 -0.03475 0.74168
109060844 -0.94587 -0.03475 0.73855
109060845 -0.94837 -0.03475 0.73542
109060846 -0.95086 -0.03475 0.73230
109060847 -0.95335 -0.03475 0.72917
109060848 -0.95585 -0.03475 0.72604
109060849 -0.95834 -0.03475 0.72291
109060850 -0.96083 -0.03475 0.71978
109060851 -0.96333 -0.03475 0.71666
109060852 -0.96582 -0.03475 0.71353
109060853 -0.96831 -0.03475 0.71040
109060854 -0.97081 -0.03475 0.70727
109060855 -0.97330 -0.03475 0.70414
109060856 -0.97579 -0.03475 0.70102
109060857 -0.97828 -0.03475 0.69789
109060858 -0.98078 -0.03475 0.69476
109060859 -0.98327 -0.03475 0.69163
109060860 -0.98576 -0.03475 0.68850
109060861 -0.98826 -0.03475 0.68538
109060862 -0.99075 -0.03475 0.68225
109060863 -0.99324 -0.03475 0.67912
109060864 -0.99574 -0.03475 0.67599
109060865 -0.99823 -0.03475 0.67286
109060866 -1.00072 -0.03475 0.66974
109060867 -1.00322 -0.03475 0.66661
109060868 -1.00571 -0.03475 0.66348
109060869 -1.00820 -0.03475 0.66035
109060870 -1.01069 -0.03475 0.65722
109060871 -1.01319 -0.03475 0.65410
109060872 -1.01568 -0.03475 0.65097
109060873 -1.01817 -0.03475 0.64784
109060874 -1.02067 -0.03475 0.64471
109060875 -1.02316 -0.03475 0.64158
109060876 -1.02565 -0.03475 0.63845
109060877 -1.02815 -0.03475 0.63533
109060878 -1.03064 -0.03475 0.63220
109060879 -1.03313 -0.03475 0.62907
109060880 -1.03563 -0.03475 0.62594
109060881 -1.03812 -0.03475 0.62281
109060882 -1.04061 -0.03475 0.61969
109060883 -1.04310 -0.03475 0.61656
109060884 -1.04560 -0.03475 0.61343
109060885 -1.04809 -0.03475 0.61030
109060886 -1.05058 -0.03475 0.60717
109060887 -1.05308 -0.03475 0.60405
109060888 -1.05557 -0.03475 0.60092
109060889 -1.05806 -0.03475 0.59779
109060890 -1.06056 -0.03475 0.59466
109060891 -1.06305 -0.03475 0.59153
109060892 -1.06554 -0.03475 0.58841
109060893 -1.06803 -0.03475 0.58528
109060894 -1.07053 -0.03475 0.58215
109060895 -1.07302 -0.03475 0.57902
109060896 -1.07551 -0.03475 0.57589
109060897 -1.07801 -0.03475 0.57277
109060898 -1.08050 -0.03475 0.56964
109060899 -1.08299 -0.03475 0.56651
109060900 -1.08549 -0.03475 0.56338
109060901 -0.71402 -0.02125 1.02946
109060902 -0.71651 -0.02125 1.02633
109060903 -0.71901 -0.02125 1.02320
109060904 -0.72150 -0.02125 1.02008
109060905 -0.72399 -0.02125 1.01695
109060906 -0.72649 -0.02125 1.01382
109060907 -0.72898 -0.02125 1.01069
109060908 -0.73147 -0.02125 1.00756
109060909 -0.73396 -0.02125 1.00444
109060910 -0.73646 -0.02125 1.00131
109060911 -0.73895 -0.02125 0.99818
109060912 -0.74144 -0.02125 0.99505
109060913 -0.74394 -0.02125 0.99192
109060914 -0.74643 -0.02125 0.98880
109060915 -0.74892 -0.02125 0.98567
109060916 -0.75142 -0.02125 0.98254
109060917 -0.75391 -0.02125 0.97941
109060918 -0.75640 -0.02125 0.97628
109060919 -0.75890 -0.02125 0.97316
109060920 -0.76139 -0.02125 0.97003
109060921 -0.76388 -0.02125 0.96690
109060922 -0.76637 -0.02125 0.96377
109060923 -0.76887 -0.02125 0.96064
109060924 -0.77136 -0.02125 0.95752
109060925 -0.77385 -0.02125 0.95439
109060926 -0.77635 -0.02125 0.95126
109060927 -0.77884 -0.02125 0.94813
109060928 -0.78133 -0.02125 0.94500
109060929 -0.78383 -0.02125 0.94187
109060930 -0.78632 -0.02125 0.93875
109060931 -0.78881 -0.02125 0.93562
109060932 -0.79130 -0.02125 0.93249
109060933 -0.79380 -0.02125 0.92936
109060934 -0.79629 -0.02125 0.92623
109060935 -0.79878 -0.02125 0.92311
109060936 -0.80128 -0.02125 0.91998
109060937 -0.80377 -0.02125 0.91685
109060938 -0.80626 -0.02125 0.91372
109060939 -0.80876 -0.02125 0.91059
109060940 -0.81125 -0.02125 0.90747
109060941 -0.81374 -0.02125 0.90434
109060942 -0.81624 -0.02125 0.90121
109060943 -0.81873 -0.02125 0.89808
109060944 -0.82122 -0.02125 0.89495
109060945 -0.82371 -0.02125 0.89183
109060946 -0.82621 -0.02125 0.88870
109060947 -0.82870 -0.02125 0.88557
109060948 -0.83119 -0.02125 0.88244
109060949 -0.83369 -0.02125 0.87931
109060950 -0.83618 -0.02125 0.87619
109060951 -0.83867 -0.02125 0.87306
109060952 -0.84117 -0.02125 0.86993
109060953 -0.84366 -0.02125 0.86680
109060954 -0.84615 -0.02125 0.86367
109060955 -0.84865 -0.02125 0.86055
109060956 -0.85114 -0.02125 0.85742
109060957 -0.85363 -0.02125 0.85429
109060958 -0.85612 -0.02125 0.85116
109060959 -0.85862 -0.02125 0.84803
109060960 -0.86111 -0.02125 0.84491
109060961 -0.86360 -0.02125 0.84178
109060962 -0.86610 -0.02125 0.83865
109060963 -0.86859 -0.02125 0.83552
109060964 -0.87108 -0.02125 0.83239
109060965 -0.87358 -0.02125 0.82927
109060966 -0.87607 -0.02125 0.82614
109060967 -0.87856 -0.02125 0.82301
109060968 -0.88106 -0.02125 0.81988
109060969 -0.88355 -0.02125 0.81675
109060970 -0.88604 -0.02125 0.81363
109060971 -0.88853 -0.02125 0.81050
109060972 -0.89103 -0.02125 0.80737
109060973 -0.89352 -0.02125 0.80424
109060974 -0.89601 -0.02125 0.80111
109060975 -0.89851 -0.02125 0.79798
109060976 -0.90100 -0.02125 0.79486
109060977 -0.90349 -0.02125 0.79173
109060978 -0.90599 -0.02125 0.78860
109060979 -0.90848 -0.02125 0.78547
109060980 -0.91097 -0.02125 0.78234
109060981 -0.91346 -0.02125 0.77922
109060982 -0.91596 -0.02125 0.77609
109060983 -0.91845 -0.02125 0.77296
109060984 -0.92094 -0.02125 0.76983
109060985 -0.92344 -0.02125 0.76670
109060986 -0.92593 -0.02125 0.76358
109060987 -0.92842 -0.02125 0.76045
109060988 -0.93092 -0.02125 0.75732
109060989 -0.93341 -0.02125 0.75419
109060990 -0.93590 -0.02125 0.75106
109060991 -0.93840 -0.02125 0.74794
109060992 -0.94089 -0.02125 0.74481
109060993 -0.94338 -0.02125 0.74168
109060994 -0.94587 -0.02125 0.73855
109060995 -0.94837 -0.02125 0.73542
109060996 -0.95086 -0.02125 0.73230
109060997 -0.95335 -0.02125 0.72917
109060998 -0.95585 -0.02125 0.72604
109060999 -0.95834 -0.02125 0.72291
109061000 -0.96083 -0.02125 0.71978
109061001 -0.96333 -0.02125 0.71666
109061002 -0.96582 -0.02125 0.71353
109061003 -0.96831 -0.02125 0.71040
109061004 -0.97081 -0.02125 0.70727
109061005 -0.97330 -0.02125 0.70414
109061006 -0.97579 -0.02125 0.70102
109061007 -0.97828 -0.02125 0.69789
109061008 -0.98078 -0.02125 0.69476
109061009 -0.98327 -0.02125 0.69163
109061010 -0.98576 -0.02125 0.68850
109061011 -0.98826 -0.02125 0.68538
109061012 -0.99075 -0.02125 0.68225
109061013 -0.99324 -0.02125 0.67912
109061014 -0.99574 -0.02125 0.67599
109061015 -0.99823 -0.02125 0.67286
109061016 -1.00072 -0.02125 0.66974
109061017 -1.00322 -0.02125 0.66661
109061018 -1.00571 -0.02125 0.66348
109061019 -1.00820 -0.02125 0.66035
109061020 -1.01069 -0.02125 0.65722
109061021 -1.01319 -0.02125 0.65410
109061022 -1.01568 -0.02125 0.65097
109061023 -1.01817 -0.02125 0.64784
109061024 -1.02067 -0.02125 0.64471
109061025 -1.02316 -0.02125 0.64158
109061026 -1.02565 -0.02125 0.63845
109061027 -1.02815 -0.02125 0.63533
109061028 -1.03064 -0.02125 0.63220
109061029 -1.03313 -0.02125 0.62907
109061030 -1.03563 -0.02125 0.62594
109061031 -1.03812 -0.02125 0.62281
109061032 -1.04061 -0.02125 0.61969
109061033 -1.04310 -0.02125 0.61656
109061034 -1.04560 -0.02125 0.61343
109061035 -1.04809 -0.02125 0.61030
109061036 -1.05058 -0.02125 0.60717
109061037 -1.05308 -0.02125 0.60405
109061038 -1.05557 -0.02125 0.60092
109061039 -1.05806 -0.02125 0.59779
109061040 -1.06056 -0.02125 0.59466
109061041 -1.06305 -0.02125 0.59153
109061042 -1.06554 -0.02125 0.58841
109061043 -1.06803 -0.02125 0.58528
109061044 -1.07053 -0.02125 0.58215
109061045 -1.07302 -0.02125 0.57902
109061046 -1.07551 -0.02125 0.57589
109061047 -1.07801 -0.02125 0.57277
109061048 -1.08050 -0.02125 0.56964
109061049 -1.08299 -0.02125 0.56651
109061050 -1.08549 -0.02125 0.56338
109061051 -0.71402 -0.00775 1.02946
109061052 -0.71651 -0.00775 1.02633
109061053 -0.71901 -0.00775 1.02320
109061054 -0.72150 -0.00775 1.02008
109061055 -0.72399 -0.00775 1.01695
109061056 -0.72649 -0.00775 1.01382
109061057 -0.72898 -0.00775 1.01069
109061058 -0.73147 -0.00775 1.00756
109061059 -0.73396 -0.00775 1.00444
109061060 -0.73646 -0.00775 1.00131
109061061 -0.73895 -0.00775 0.99818
109061062 -0.74144 -0.00775 0.99505
109061063 -0.74394 -0.00775 0.99192
109061064 -0.74643 -0.00775 0.98880
109061065 -0.74892 -0.00775 0.98567
109061066 -0.75142 -0.00775 0.98254
109061067 -0.75391 -0.00775 0.97941
109061068 -0.75640 -0.00775 0.97628
109061069 -0.75890 -0.00775 0.97316
109061070 -0.76139 -0.00775 0.97003
109061071 -0.76388 -0.00775 0.96690
109061072 -0.76637 -0.00775 0.96377
109061073 -0.76887 -0.00775 0.96064
109061074 -0.77136 -0.00775 0.95752
109061075 -0.77385 -0.00775 0.95439
109061076 -0.77635 -0.00775 0.95126
109061077 -0.77884 -0.00775 0.94813
109061078 -0.78133 -0.00775 0.94500
109061079 -0.78383 -0.00775 0.94187
109061080 -0.78632 -0.00775 0.93875
109061081 -0.78881 -0.00775 0.93562
109061082 -0.79130 -0.00775 0.93249
109061083 -0.79380 -0.00775 0.92936
109061084 -0.79629 -0.00775 0.92623
109061085 -0.79878 -0.00775 0.92311
109061086 -0.80128 -0.00775 0.91998
109061087 -0.80377 -0.00775 0.91685
109061088 -0.80626 -0.00775 0.91372
109061089 -0.80876 -0.00775 0.91059
109061090 -0.81125 -0.00775 0.90747
109061091 -0.81374 -0.00775 0.90434
109061092 -0.81624 -0.00775 0.90121
109061093 -0.81873 -0.00775 0.89808
109061094 -0.82122 -0.00775 0.89495
109061095 -0.82371 -0.00775 0.89183
109061096 -0.82621 -0.00775 0.88870
109061097 -0.82870 -0.00775 0.88557
109061098 -0.83119 -0.00775 0.88244
109061099 -0.83369 -0.00775 0.87931
109061100 -0.83618 -0.00775 0.87619
109061101 -0.83867 -0.00775 0.87306
109061102 -0.84117 -0.00775 0.86993
109061103 -0.84366 -0.00775 0.86680
109061104 -0.84615 -0.00775 0.86367
109061105 -0.84865 -0.00775 0.86055
109061106 -0.85114 -0.00775 0.85742
109061107 -0.85363 -0.00775 0.85429
109061108 -0.85612 -0.00775 0.85116
109061109 -0.85862 -0.00775 0.84803
109061110 -0.86111 -0.00775 0.84491
109061111 -0.86360 -0.00775 0.84178
109061112 -0.86610 -0.00775 0.83865
109061113 -0.86859 -0.00775 0.83552
109061114 -0.87108 -0.00775 0.83239
109061115 -0.87358 -0.00775 0.82927
109061116 -0.87607 -0.00775 0.82614
109061117 -0.87856 -0.00775 0.82301
109061118 -0.88106 -0.00775 0.81988
109061119 -0.88355 -0.00775 0.81675
109061120 -0.88604 -0.00775 0.81363
109061121 -0.88853 -0.00775 0.81050
109061122 -0.89103 -0.00775 0.80737
109061123 -0.89352 -0.00775 0.80424
109061124 -0.89601 -0.00775 0.80111
109061125 -0.89851 -0.00775 0.79798
109061126 -0.90100 -0.00775 0.79486
109061127 -0.90349 -0.00775 0.79173
109061128 -0.90599 -0.00775 0.78860
109061129 -0.90848 -0.00775 0.78547
109061130 -0.91097 -0.00775 0.78234
109061131 -0.91346 -0.00775 0.77922
109061132 -0.91596 -0.00775 0.77609
109061133 -0.91845 -0.00775 0.77296
109061134 -0.92094 -0.00775 0.76983
109061135 -0.92344 -0.00775 0.76670
109061136 -0.92593 -0.00775 0.76358
109061137 -0.92842 -0.00775 0.76045
109061138 -0.93092 -0.00775 0.75732
109061139 -0.93341 -0.00775 0.75419
109061140 -0.93590 -0.00775 0.75106
109061141 -0.93840 -0.00775 0.74794
109061142 -0.94089 -0.00775 0.74481
109061143 -0.94338 -0.00775 0.74168
109061144 -0.94587 -0.00775 0.73855
109061145 -0.94837 -0.00775 0.73542
109061146 -0.95086 -0.00775 0.73230
109061147 -0.95335 -0.00775 0.72917
109061148 -0.95585 -0.00775 0.72604
109061149 -0.95834 -0.00775 0.72291
109061150 -0.96083 -0.00775 0.71978
109061151 -0.96333 -0.00775 0.71666
109061152 -0.96582 -0.00775 0.71353
109061153 -0.96831 -0.00775 0.71040
109061154 -0.97081 -0.00775 0.70727
109061155 -0.97330 -0.00775 0.70414
109061156 -0.97579 -0.00775 0.70102
109061157 -0.97828 -0.00775 0.69789
109061158 -0.98078 -0.00775 0.69476
109061159 -0.98327 -0.00775 0.69163
109061160 -0.98576 -0.00775 0.68850
109061161 -0.98826 -0.00775 0.68538
109061162 -0.99075 -0.00775 0.68225
109061163 -0.99324 -0.00775 0.67912
109061164 -0.99574 -0.00775 0.67599
109061165 -0.99823 -0.00775 0.67286
109061166 -1.00072 -0.00775 0.66974
109061167 -1.00322 -0.00775 0.66661
109061168 -1.00571 -0.00775 0.66348
109061169 -1.00820 -0.00775 0.66035
109061170 -1.01069 -0.00775 0.65722
109061171 -1.01319 -0.00775 0.65410
109061172 -1.01568 -0.00775 0.65097
109061173 -1.01817 -0.00775 0.64784
109061174 -1.02067 -0.00775 0.64471
109061175 -1.02316 -0.00775 0.64158
109061176 -1.02565 -0.00775 0.63845
109061177 -1.02815 -0.00775 0.63533
109061178 -1.03064 -0.00775 0.63220
109061179 -1.03313 -0.00775 0.62907
109061180 -1.03563 -0.00775 0.62594
109061181 -1.03812 -0.00775 0.62281
109061182 -1.04061 -0.00775 0.61969
109061183 -1.04310 -0.00775 0.61656
109061184 -1.04560 -0.00775 0.61343
109061185 -1.04809 -0.00775 0.61030
109061186 -1.05058 -0.00775 0.60717
109061187 -1.05308 -0.00775 0.60405
109061188 -1.05557 -0.00775 0.60092
109061189 -1.05806 -0.00775 0.59779
109061190 -1.06056 -0.00775 0.59466
109061191 -1.06305 -0.00775 0.59153
109061192 -1.06554 -0.00775 0.58841
109061193 -1.06803 -0.00775 0.58528
109061194 -1.07053 -0.00775 0.58215
109061195 -1.07302 -0.00775 0.57902
109061196 -1.07551 -0.00775 0.57589
109061197 -1.07801 -0.00775 0.57277
109061198 -1.08050 -0.00775 0.56964
109061199 -1.08299 -0.00775 0.56651
109061200 -1.08549 -0.00775 0.56338
