# pixelID  x  y  z
106080001 -0.62831 -1.09800 -2.00000
106080002 -0.62831 -1.09400 -2.00000
106080003 -0.62831 -1.09000 -2.00000
106080004 -0.62831 -1.08600 -2.00000
106080005 -0.62831 -1.08200 -2.00000
106080006 -0.62831 -1.07800 -2.00000
106080007 -0.62831 -1.07400 -2.00000
106080008 -0.62831 -1.07000 -2.00000
106080009 -0.62831 -1.06600 -2.00000
106080010 -0.62831 -1.06200 -2.00000
106080011 -0.62831 -1.05800 -2.00000
106080012 -0.62831 -1.05400 -2.00000
106080013 -0.62831 -1.05000 -2.00000
106080014 -0.62831 -1.04600 -2.00000
106080015 -0.62831 -1.04200 -2.00000
106080016 -0.62831 -1.03800 -2.00000
106080017 -0.62831 -1.03400 -2.00000
106080018 -0.62831 -1.03000 -2.00000
106080019 -0.62831 -1.02600 -2.00000
106080020 -0.62831 -1.02200 -2.00000
106080021 -0.62831 -1.01800 -2.00000
106080022 -0.62831 -1.01400 -2.00000
106080023 -0.62831 -1.01000 -2.00000
106080024 -0.62831 -1.00600 -2.00000
106080025 -0.62831 -1.00200 -2.00000
106080026 -0.62831 -0.99800 -2.00000
106080027 -0.62831 -0.99400 -2.00000
106080028 -0.62831 -0.99000 -2.00000
106080029 -0.62831 -0.98600 -2.00000
106080030 -0.62831 -0.98200 -2.00000
106080031 -0.62831 -0.97800 -2.00000
106080032 -0.62831 -0.97400 -2.00000
106080033 -0.62831 -0.97000 -2.00000
106080034 -0.62831 -0.96600 -2.00000
106080035 -0.62831 -0.96200 -2.00000
106080036 -0.62831 -0.95800 -2.00000
106080037 -0.62831 -0.95400 -2.00000
106080038 -0.62831 -0.95000 -2.00000
106080039 -0.62831 -0.94600 -2.00000
106080040 -0.62831 -0.94200 -2.00000
106080041 -0.62831 -0.93800 -2.00000
106080042 -0.62831 -0.93400 -2.00000
106080043 -0.62831 -0.93000 -2.00000
106080044 -0.62831 -0.92600 -2.00000
106080045 -0.62831 -0.92200 -2.00000
106080046 -0.62831 -0.91800 -2.00000
106080047 -0.62831 -0.91400 -2.00000
106080048 -0.62831 -0.91000 -2.00000
106080049 -0.62831 -0.90600 -2.00000
106080050 -0.62831 -0.90200 -2.00000
106080051 -0.62831 -0.89800 -2.00000
106080052 -0.62831 -0.89400 -2.00000
106080053 -0.62831 -0.89000 -2.00000
106080054 -0.62831 -0.88600 -2.00000
106080055 -0.62831 -0.88200 -2.00000
106080056 -0.62831 -0.87800 -2.00000
106080057 -0.62831 -0.87400 -2.00000
106080058 -0.62831 -0.87000 -2.00000
106080059 -0.62831 -0.86600 -2.00000
106080060 -0.62831 -0.86200 -2.00000
106080061 -0.62831 -0.85800 -2.00000
106080062 -0.62831 -0.85400 -2.00000
106080063 -0.62831 -0.85000 -2.00000
106080064 -0.62831 -0.84600 -2.00000
106080065 -0.62831 -0.84200 -2.00000
106080066 -0.62831 -0.83800 -2.00000
106080067 -0.62831 -0.83400 -2.00000
106080068 -0.62831 -0.83000 -2.00000
106080069 -0.62831 -0.82600 -2.00000
106080070 -0.62831 -0.82200 -2.00000
106080071 -0.62831 -0.81800 -2.00000
106080072 -0.62831 -0.81400 -2.00000
106080073 -0.62831 -0.81000 -2.00000
106080074 -0.62831 -0.80600 -2.00000
106080075 -0.62831 -0.80200 -2.00000
106080076 -0.62831 -0.79800 -2.00000
106080077 -0.62831 -0.79400 -2.00000
106080078 -0.62831 -0.79000 -2.00000
106080079 -0.62831 -0.78600 -2.00000
106080080 -0.62831 -0.78200 -2.00000
106080081 -0.62831 -0.77800 -2.00000
106080082 -0.62831 -0.77400 -2.00000
106080083 -0.62831 -0.77000 -2.00000
106080084 -0.62831 -0.76600 -2.00000
106080085 -0.62831 -0.76200 -2.00000
106080086 -0.62831 -0.75800 -2.00000
106080087 -0.62831 -0.75400 -2.00000
106080088 -0.62831 -0.75000 -2.00000
106080089 -0.62831 -0.74600 -2.00000
106080090 -0.62831 -0.74200 -2.00000
106080091 -0.62831 -0.73800 -2.00000
106080092 -0.62831 -0.73400 -2.00000
106080093 -0.62831 -0.73000 -2.00000
106080094 -0.62831 -0.72600 -2.00000
106080095 -0.62831 -0.72200 -2.00000
106080096 -0.62831 -0.71800 -2.00000
106080097 -0.62831 -0.71400 -2.00000
106080098 -0.62831 -0.71000 -2.00000
106080099 -0.62831 -0.70600 -2.00000
106080100 -0.62831 -0.70200 -2.00000
106080101 -0.62831 -0.69800 -2.00000
106080102 -0.62831 -0.69400 -2.00000
106080103 -0.62831 -0.69000 -2.00000
106080104 -0.62831 -0.68600 -2.00000
106080105 -0.62831 -0.68200 -2.00000
106080106 -0.62831 -0.67800 -2.00000
106080107 -0.62831 -0.67400 -2.00000
106080108 -0.62831 -0.67000 -2.00000
106080109 -0.62831 -0.66600 -2.00000
106080110 -0.62831 -0.66200 -2.00000
106080111 -0.62831 -0.65800 -2.00000
106080112 -0.62831 -0.65400 -2.00000
106080113 -0.62831 -0.65000 -2.00000
106080114 -0.62831 -0.64600 -2.00000
106080115 -0.62831 -0.64200 -2.00000
106080116 -0.62831 -0.63800 -2.00000
106080117 -0.62831 -0.63400 -2.00000
106080118 -0.62831 -0.63000 -2.00000
106080119 -0.62831 -0.62600 -2.00000
106080120 -0.62831 -0.62200 -2.00000
106080121 -0.62831 -0.61800 -2.00000
106080122 -0.62831 -0.61400 -2.00000
106080123 -0.62831 -0.61000 -2.00000
106080124 -0.62831 -0.60600 -2.00000
106080125 -0.62831 -0.60200 -2.00000
106080126 -0.62831 -0.59800 -2.00000
106080127 -0.62831 -0.59400 -2.00000
106080128 -0.62831 -0.59000 -2.00000
106080129 -0.62831 -0.58600 -2.00000
106080130 -0.62831 -0.58200 -2.00000
106080131 -0.62831 -0.57800 -2.00000
106080132 -0.62831 -0.57400 -2.00000
106080133 -0.62831 -0.57000 -2.00000
106080134 -0.62831 -0.56600 -2.00000
106080135 -0.62831 -0.56200 -2.00000
106080136 -0.62831 -0.55800 -2.00000
106080137 -0.62831 -0.55400 -2.00000
106080138 -0.62831 -0.55000 -2.00000
106080139 -0.62831 -0.54600 -2.00000
106080140 -0.62831 -0.54200 -2.00000
106080141 -0.62831 -0.53800 -2.00000
106080142 -0.62831 -0.53400 -2.00000
106080143 -0.62831 -0.53000 -2.00000
106080144 -0.62831 -0.52600 -2.00000
106080145 -0.62831 -0.52200 -2.00000
106080146 -0.62831 -0.51800 -2.00000
106080147 -0.62831 -0.51400 -2.00000
106080148 -0.62831 -0.51000 -2.00000
106080149 -0.62831 -0.50600 -2.00000
106080150 -0.62831 -0.50200 -2.00000
106080151 -0.61981 -1.09800 -2.00000
106080152 -0.61981 -1.09400 -2.00000
106080153 -0.61981 -1.09000 -2.00000
106080154 -0.61981 -1.08600 -2.00000
106080155 -0.61981 -1.08200 -2.00000
106080156 -0.61981 -1.07800 -2.00000
106080157 -0.61981 -1.07400 -2.00000
106080158 -0.61981 -1.07000 -2.00000
106080159 -0.61981 -1.06600 -2.00000
106080160 -0.61981 -1.06200 -2.00000
106080161 -0.61981 -1.05800 -2.00000
106080162 -0.61981 -1.05400 -2.00000
106080163 -0.61981 -1.05000 -2.00000
106080164 -0.61981 -1.04600 -2.00000
106080165 -0.61981 -1.04200 -2.00000
106080166 -0.61981 -1.03800 -2.00000
106080167 -0.61981 -1.03400 -2.00000
106080168 -0.61981 -1.03000 -2.00000
106080169 -0.61981 -1.02600 -2.00000
106080170 -0.61981 -1.02200 -2.00000
106080171 -0.61981 -1.01800 -2.00000
106080172 -0.61981 -1.01400 -2.00000
106080173 -0.61981 -1.01000 -2.00000
106080174 -0.61981 -1.00600 -2.00000
106080175 -0.61981 -1.00200 -2.00000
106080176 -0.61981 -0.99800 -2.00000
106080177 -0.61981 -0.99400 -2.00000
106080178 -0.61981 -0.99000 -2.00000
106080179 -0.61981 -0.98600 -2.00000
106080180 -0.61981 -0.98200 -2.00000
106080181 -0.61981 -0.97800 -2.00000
106080182 -0.61981 -0.97400 -2.00000
106080183 -0.61981 -0.97000 -2.00000
106080184 -0.61981 -0.96600 -2.00000
106080185 -0.61981 -0.96200 -2.00000
106080186 -0.61981 -0.95800 -2.00000
106080187 -0.61981 -0.95400 -2.00000
106080188 -0.61981 -0.95000 -2.00000
106080189 -0.61981 -0.94600 -2.00000
106080190 -0.61981 -0.94200 -2.00000
106080191 -0.61981 -0.93800 -2.00000
106080192 -0.61981 -0.93400 -2.00000
106080193 -0.61981 -0.93000 -2.00000
106080194 -0.61981 -0.92600 -2.00000
106080195 -0.61981 -0.92200 -2.00000
106080196 -0.61981 -0.91800 -2.00000
106080197 -0.61981 -0.91400 -2.00000
106080198 -0.61981 -0.91000 -2.00000
106080199 -0.61981 -0.90600 -2.00000
106080200 -0.61981 -0.90200 -2.00000
106080201 -0.61981 -0.89800 -2.00000
106080202 -0.61981 -0.89400 -2.00000
106080203 -0.61981 -0.89000 -2.00000
106080204 -0.61981 -0.88600 -2.00000
106080205 -0.61981 -0.88200 -2.00000
106080206 -0.61981 -0.87800 -2.00000
106080207 -0.61981 -0.87400 -2.00000
106080208 -0.61981 -0.87000 -2.00000
106080209 -0.61981 -0.86600 -2.00000
106080210 -0.61981 -0.86200 -2.00000
106080211 -0.61981 -0.85800 -2.00000
106080212 -0.61981 -0.85400 -2.00000
106080213 -0.61981 -0.85000 -2.00000
106080214 -0.61981 -0.84600 -2.00000
106080215 -0.61981 -0.84200 -2.00000
106080216 -0.61981 -0.83800 -2.00000
106080217 -0.61981 -0.83400 -2.00000
106080218 -0.61981 -0.83000 -2.00000
106080219 -0.61981 -0.82600 -2.00000
106080220 -0.61981 -0.82200 -2.00000
106080221 -0.61981 -0.81800 -2.00000
106080222 -0.61981 -0.81400 -2.00000
106080223 -0.61981 -0.81000 -2.00000
106080224 -0.61981 -0.80600 -2.00000
106080225 -0.61981 -0.80200 -2.00000
106080226 -0.61981 -0.79800 -2.00000
106080227 -0.61981 -0.79400 -2.00000
106080228 -0.61981 -0.79000 -2.00000
106080229 -0.61981 -0.78600 -2.00000
106080230 -0.61981 -0.78200 -2.00000
106080231 -0.61981 -0.77800 -2.00000
106080232 -0.61981 -0.77400 -2.00000
106080233 -0.61981 -0.77000 -2.00000
106080234 -0.61981 -0.76600 -2.00000
106080235 -0.61981 -0.76200 -2.00000
106080236 -0.61981 -0.75800 -2.00000
106080237 -0.61981 -0.75400 -2.00000
106080238 -0.61981 -0.75000 -2.00000
106080239 -0.61981 -0.74600 -2.00000
106080240 -0.61981 -0.74200 -2.00000
106080241 -0.61981 -0.73800 -2.00000
106080242 -0.61981 -0.73400 -2.00000
106080243 -0.61981 -0.73000 -2.00000
106080244 -0.61981 -0.72600 -2.00000
106080245 -0.61981 -0.72200 -2.00000
106080246 -0.61981 -0.71800 -2.00000
106080247 -0.61981 -0.71400 -2.00000
106080248 -0.61981 -0.71000 -2.00000
106080249 -0.61981 -0.70600 -2.00000
106080250 -0.61981 -0.70200 -2.00000
106080251 -0.61981 -0.69800 -2.00000
106080252 -0.61981 -0.69400 -2.00000
106080253 -0.61981 -0.69000 -2.00000
106080254 -0.61981 -0.68600 -2.00000
106080255 -0.61981 -0.68200 -2.00000
106080256 -0.61981 -0.67800 -2.00000
106080257 -0.61981 -0.67400 -2.00000
106080258 -0.61981 -0.67000 -2.00000
106080259 -0.61981 -0.66600 -2.00000
106080260 -0.61981 -0.66200 -2.00000
106080261 -0.61981 -0.65800 -2.00000
106080262 -0.61981 -0.65400 -2.00000
106080263 -0.61981 -0.65000 -2.00000
106080264 -0.61981 -0.64600 -2.00000
106080265 -0.61981 -0.64200 -2.00000
106080266 -0.61981 -0.63800 -2.00000
106080267 -0.61981 -0.63400 -2.00000
106080268 -0.61981 -0.63000 -2.00000
106080269 -0.61981 -0.62600 -2.00000
106080270 -0.61981 -0.62200 -2.00000
106080271 -0.61981 -0.61800 -2.00000
106080272 -0.61981 -0.61400 -2.00000
106080273 -0.61981 -0.61000 -2.00000
106080274 -0.61981 -0.60600 -2.00000
106080275 -0.61981 -0.60200 -2.00000
106080276 -0.61981 -0.59800 -2.00000
106080277 -0.61981 -0.59400 -2.00000
106080278 -0.61981 -0.59000 -2.00000
106080279 -0.61981 -0.58600 -2.00000
106080280 -0.61981 -0.58200 -2.00000
106080281 -0.61981 -0.57800 -2.00000
106080282 -0.61981 -0.57400 -2.00000
106080283 -0.61981 -0.57000 -2.00000
106080284 -0.61981 -0.56600 -2.00000
106080285 -0.61981 -0.56200 -2.00000
106080286 -0.61981 -0.55800 -2.00000
106080287 -0.61981 -0.55400 -2.00000
106080288 -0.61981 -0.55000 -2.00000
106080289 -0.61981 -0.54600 -2.00000
106080290 -0.61981 -0.54200 -2.00000
106080291 -0.61981 -0.53800 -2.00000
106080292 -0.61981 -0.53400 -2.00000
106080293 -0.61981 -0.53000 -2.00000
106080294 -0.61981 -0.52600 -2.00000
106080295 -0.61981 -0.52200 -2.00000
106080296 -0.61981 -0.51800 -2.00000
106080297 -0.61981 -0.51400 -2.00000
106080298 -0.61981 -0.51000 -2.00000
106080299 -0.61981 -0.50600 -2.00000
106080300 -0.61981 -0.50200 -2.00000
106080301 -0.61131 -1.09800 -2.00000
106080302 -0.61131 -1.09400 -2.00000
106080303 -0.61131 -1.09000 -2.00000
106080304 -0.61131 -1.08600 -2.00000
106080305 -0.61131 -1.08200 -2.00000
106080306 -0.61131 -1.07800 -2.00000
106080307 -0.61131 -1.07400 -2.00000
106080308 -0.61131 -1.07000 -2.00000
106080309 -0.61131 -1.06600 -2.00000
106080310 -0.61131 -1.06200 -2.00000
106080311 -0.61131 -1.05800 -2.00000
106080312 -0.61131 -1.05400 -2.00000
106080313 -0.61131 -1.05000 -2.00000
106080314 -0.61131 -1.04600 -2.00000
106080315 -0.61131 -1.04200 -2.00000
106080316 -0.61131 -1.03800 -2.00000
106080317 -0.61131 -1.03400 -2.00000
106080318 -0.61131 -1.03000 -2.00000
106080319 -0.61131 -1.02600 -2.00000
106080320 -0.61131 -1.02200 -2.00000
106080321 -0.61131 -1.01800 -2.00000
106080322 -0.61131 -1.01400 -2.00000
106080323 -0.61131 -1.01000 -2.00000
106080324 -0.61131 -1.00600 -2.00000
106080325 -0.61131 -1.00200 -2.00000
106080326 -0.61131 -0.99800 -2.00000
106080327 -0.61131 -0.99400 -2.00000
106080328 -0.61131 -0.99000 -2.00000
106080329 -0.61131 -0.98600 -2.00000
106080330 -0.61131 -0.98200 -2.00000
106080331 -0.61131 -0.97800 -2.00000
106080332 -0.61131 -0.97400 -2.00000
106080333 -0.61131 -0.97000 -2.00000
106080334 -0.61131 -0.96600 -2.00000
106080335 -0.61131 -0.96200 -2.00000
106080336 -0.61131 -0.95800 -2.00000
106080337 -0.61131 -0.95400 -2.00000
106080338 -0.61131 -0.95000 -2.00000
106080339 -0.61131 -0.94600 -2.00000
106080340 -0.61131 -0.94200 -2.00000
106080341 -0.61131 -0.93800 -2.00000
106080342 -0.61131 -0.93400 -2.00000
106080343 -0.61131 -0.93000 -2.00000
106080344 -0.61131 -0.92600 -2.00000
106080345 -0.61131 -0.92200 -2.00000
106080346 -0.61131 -0.91800 -2.00000
106080347 -0.61131 -0.91400 -2.00000
106080348 -0.61131 -0.91000 -2.00000
106080349 -0.61131 -0.90600 -2.00000
106080350 -0.61131 -0.90200 -2.00000
106080351 -0.61131 -0.89800 -2.00000
106080352 -0.61131 -0.89400 -2.00000
106080353 -0.61131 -0.89000 -2.00000
106080354 -0.61131 -0.88600 -2.00000
106080355 -0.61131 -0.88200 -2.00000
106080356 -0.61131 -0.87800 -2.00000
106080357 -0.61131 -0.87400 -2.00000
106080358 -0.61131 -0.87000 -2.00000
106080359 -0.61131 -0.86600 -2.00000
106080360 -0.61131 -0.86200 -2.00000
106080361 -0.61131 -0.85800 -2.00000
106080362 -0.61131 -0.85400 -2.00000
106080363 -0.61131 -0.85000 -2.00000
106080364 -0.61131 -0.84600 -2.00000
106080365 -0.61131 -0.84200 -2.00000
106080366 -0.61131 -0.83800 -2.00000
106080367 -0.61131 -0.83400 -2.00000
106080368 -0.61131 -0.83000 -2.00000
106080369 -0.61131 -0.82600 -2.00000
106080370 -0.61131 -0.82200 -2.00000
106080371 -0.61131 -0.81800 -2.00000
106080372 -0.61131 -0.81400 -2.00000
106080373 -0.61131 -0.81000 -2.00000
106080374 -0.61131 -0.80600 -2.00000
106080375 -0.61131 -0.80200 -2.00000
106080376 -0.61131 -0.79800 -2.00000
106080377 -0.61131 -0.79400 -2.00000
106080378 -0.61131 -0.79000 -2.00000
106080379 -0.61131 -0.78600 -2.00000
106080380 -0.61131 -0.78200 -2.00000
106080381 -0.61131 -0.77800 -2.00000
106080382 -0.61131 -0.77400 -2.00000
106080383 -0.61131 -0.77000 -2.00000
106080384 -0.61131 -0.76600 -2.00000
106080385 -0.61131 -0.76200 -2.00000
106080386 -0.61131 -0.75800 -2.00000
106080387 -0.61131 -0.75400 -2.00000
106080388 -0.61131 -0.75000 -2.00000
106080389 -0.61131 -0.74600 -2.00000
106080390 -0.61131 -0.74200 -2.00000
106080391 -0.61131 -0.73800 -2.00000
106080392 -0.61131 -0.73400 -2.00000
106080393 -0.61131 -0.73000 -2.00000
106080394 -0.61131 -0.72600 -2.00000
106080395 -0.61131 -0.72200 -2.00000
106080396 -0.61131 -0.71800 -2.00000
106080397 -0.61131 -0.71400 -2.00000
106080398 -0.61131 -0.71000 -2.00000
106080399 -0.61131 -0.70600 -2.00000
106080400 -0.61131 -0.70200 -2.00000
106080401 -0.61131 -0.69800 -2.00000
106080402 -0.61131 -0.69400 -2.00000
106080403 -0.61131 -0.69000 -2.00000
106080404 -0.61131 -0.68600 -2.00000
106080405 -0.61131 -0.68200 -2.00000
106080406 -0.61131 -0.67800 -2.00000
106080407 -0.61131 -0.67400 -2.00000
106080408 -0.61131 -0.67000 -2.00000
106080409 -0.61131 -0.66600 -2.00000
106080410 -0.61131 -0.66200 -2.00000
106080411 -0.61131 -0.65800 -2.00000
106080412 -0.61131 -0.65400 -2.00000
106080413 -0.61131 -0.65000 -2.00000
106080414 -0.61131 -0.64600 -2.00000
106080415 -0.61131 -0.64200 -2.00000
106080416 -0.61131 -0.63800 -2.00000
106080417 -0.61131 -0.63400 -2.00000
106080418 -0.61131 -0.63000 -2.00000
106080419 -0.61131 -0.62600 -2.00000
106080420 -0.61131 -0.62200 -2.00000
106080421 -0.61131 -0.61800 -2.00000
106080422 -0.61131 -0.61400 -2.00000
106080423 -0.61131 -0.61000 -2.00000
106080424 -0.61131 -0.60600 -2.00000
106080425 -0.61131 -0.60200 -2.00000
106080426 -0.61131 -0.59800 -2.00000
106080427 -0.61131 -0.59400 -2.00000
106080428 -0.61131 -0.59000 -2.00000
106080429 -0.61131 -0.58600 -2.00000
106080430 -0.61131 -0.58200 -2.00000
106080431 -0.61131 -0.57800 -2.00000
106080432 -0.61131 -0.57400 -2.00000
106080433 -0.61131 -0.57000 -2.00000
106080434 -0.61131 -0.56600 -2.00000
106080435 -0.61131 -0.56200 -2.00000
106080436 -0.61131 -0.55800 -2.00000
106080437 -0.61131 -0.55400 -2.00000
106080438 -0.61131 -0.55000 -2.00000
106080439 -0.61131 -0.54600 -2.00000
106080440 -0.61131 -0.54200 -2.00000
106080441 -0.61131 -0.53800 -2.00000
106080442 -0.61131 -0.53400 -2.00000
106080443 -0.61131 -0.53000 -2.00000
106080444 -0.61131 -0.52600 -2.00000
106080445 -0.61131 -0.52200 -2.00000
106080446 -0.61131 -0.51800 -2.00000
106080447 -0.61131 -0.51400 -2.00000
106080448 -0.61131 -0.51000 -2.00000
106080449 -0.61131 -0.50600 -2.00000
106080450 -0.61131 -0.50200 -2.00000
106080451 -0.60281 -1.09800 -2.00000
106080452 -0.60281 -1.09400 -2.00000
106080453 -0.60281 -1.09000 -2.00000
106080454 -0.60281 -1.08600 -2.00000
106080455 -0.60281 -1.08200 -2.00000
106080456 -0.60281 -1.07800 -2.00000
106080457 -0.60281 -1.07400 -2.00000
106080458 -0.60281 -1.07000 -2.00000
106080459 -0.60281 -1.06600 -2.00000
106080460 -0.60281 -1.06200 -2.00000
106080461 -0.60281 -1.05800 -2.00000
106080462 -0.60281 -1.05400 -2.00000
106080463 -0.60281 -1.05000 -2.00000
106080464 -0.60281 -1.04600 -2.00000
106080465 -0.60281 -1.04200 -2.00000
106080466 -0.60281 -1.03800 -2.00000
106080467 -0.60281 -1.03400 -2.00000
106080468 -0.60281 -1.03000 -2.00000
106080469 -0.60281 -1.02600 -2.00000
106080470 -0.60281 -1.02200 -2.00000
106080471 -0.60281 -1.01800 -2.00000
106080472 -0.60281 -1.01400 -2.00000
106080473 -0.60281 -1.01000 -2.00000
106080474 -0.60281 -1.00600 -2.00000
106080475 -0.60281 -1.00200 -2.00000
106080476 -0.60281 -0.99800 -2.00000
106080477 -0.60281 -0.99400 -2.00000
106080478 -0.60281 -0.99000 -2.00000
106080479 -0.60281 -0.98600 -2.00000
106080480 -0.60281 -0.98200 -2.00000
106080481 -0.60281 -0.97800 -2.00000
106080482 -0.60281 -0.97400 -2.00000
106080483 -0.60281 -0.97000 -2.00000
106080484 -0.60281 -0.96600 -2.00000
106080485 -0.60281 -0.96200 -2.00000
106080486 -0.60281 -0.95800 -2.00000
106080487 -0.60281 -0.95400 -2.00000
106080488 -0.60281 -0.95000 -2.00000
106080489 -0.60281 -0.94600 -2.00000
106080490 -0.60281 -0.94200 -2.00000
106080491 -0.60281 -0.93800 -2.00000
106080492 -0.60281 -0.93400 -2.00000
106080493 -0.60281 -0.93000 -2.00000
106080494 -0.60281 -0.92600 -2.00000
106080495 -0.60281 -0.92200 -2.00000
106080496 -0.60281 -0.91800 -2.00000
106080497 -0.60281 -0.91400 -2.00000
106080498 -0.60281 -0.91000 -2.00000
106080499 -0.60281 -0.90600 -2.00000
106080500 -0.60281 -0.90200 -2.00000
106080501 -0.60281 -0.89800 -2.00000
106080502 -0.60281 -0.89400 -2.00000
106080503 -0.60281 -0.89000 -2.00000
106080504 -0.60281 -0.88600 -2.00000
106080505 -0.60281 -0.88200 -2.00000
106080506 -0.60281 -0.87800 -2.00000
106080507 -0.60281 -0.87400 -2.00000
106080508 -0.60281 -0.87000 -2.00000
106080509 -0.60281 -0.86600 -2.00000
106080510 -0.60281 -0.86200 -2.00000
106080511 -0.60281 -0.85800 -2.00000
106080512 -0.60281 -0.85400 -2.00000
106080513 -0.60281 -0.85000 -2.00000
106080514 -0.60281 -0.84600 -2.00000
106080515 -0.60281 -0.84200 -2.00000
106080516 -0.60281 -0.83800 -2.00000
106080517 -0.60281 -0.83400 -2.00000
106080518 -0.60281 -0.83000 -2.00000
106080519 -0.60281 -0.82600 -2.00000
106080520 -0.60281 -0.82200 -2.00000
106080521 -0.60281 -0.81800 -2.00000
106080522 -0.60281 -0.81400 -2.00000
106080523 -0.60281 -0.81000 -2.00000
106080524 -0.60281 -0.80600 -2.00000
106080525 -0.60281 -0.80200 -2.00000
106080526 -0.60281 -0.79800 -2.00000
106080527 -0.60281 -0.79400 -2.00000
106080528 -0.60281 -0.79000 -2.00000
106080529 -0.60281 -0.78600 -2.00000
106080530 -0.60281 -0.78200 -2.00000
106080531 -0.60281 -0.77800 -2.00000
106080532 -0.60281 -0.77400 -2.00000
106080533 -0.60281 -0.77000 -2.00000
106080534 -0.60281 -0.76600 -2.00000
106080535 -0.60281 -0.76200 -2.00000
106080536 -0.60281 -0.75800 -2.00000
106080537 -0.60281 -0.75400 -2.00000
106080538 -0.60281 -0.75000 -2.00000
106080539 -0.60281 -0.74600 -2.00000
106080540 -0.60281 -0.74200 -2.00000
106080541 -0.60281 -0.73800 -2.00000
106080542 -0.60281 -0.73400 -2.00000
106080543 -0.60281 -0.73000 -2.00000
106080544 -0.60281 -0.72600 -2.00000
106080545 -0.60281 -0.72200 -2.00000
106080546 -0.60281 -0.71800 -2.00000
106080547 -0.60281 -0.71400 -2.00000
106080548 -0.60281 -0.71000 -2.00000
106080549 -0.60281 -0.70600 -2.00000
106080550 -0.60281 -0.70200 -2.00000
106080551 -0.60281 -0.69800 -2.00000
106080552 -0.60281 -0.69400 -2.00000
106080553 -0.60281 -0.69000 -2.00000
106080554 -0.60281 -0.68600 -2.00000
106080555 -0.60281 -0.68200 -2.00000
106080556 -0.60281 -0.67800 -2.00000
106080557 -0.60281 -0.67400 -2.00000
106080558 -0.60281 -0.67000 -2.00000
106080559 -0.60281 -0.66600 -2.00000
106080560 -0.60281 -0.66200 -2.00000
106080561 -0.60281 -0.65800 -2.00000
106080562 -0.60281 -0.65400 -2.00000
106080563 -0.60281 -0.65000 -2.00000
106080564 -0.60281 -0.64600 -2.00000
106080565 -0.60281 -0.64200 -2.00000
106080566 -0.60281 -0.63800 -2.00000
106080567 -0.60281 -0.63400 -2.00000
106080568 -0.60281 -0.63000 -2.00000
106080569 -0.60281 -0.62600 -2.00000
106080570 -0.60281 -0.62200 -2.00000
106080571 -0.60281 -0.61800 -2.00000
106080572 -0.60281 -0.61400 -2.00000
106080573 -0.60281 -0.61000 -2.00000
106080574 -0.60281 -0.60600 -2.00000
106080575 -0.60281 -0.60200 -2.00000
106080576 -0.60281 -0.59800 -2.00000
106080577 -0.60281 -0.59400 -2.00000
106080578 -0.60281 -0.59000 -2.00000
106080579 -0.60281 -0.58600 -2.00000
106080580 -0.60281 -0.58200 -2.00000
106080581 -0.60281 -0.57800 -2.00000
106080582 -0.60281 -0.57400 -2.00000
106080583 -0.60281 -0.57000 -2.00000
106080584 -0.60281 -0.56600 -2.00000
106080585 -0.60281 -0.56200 -2.00000
106080586 -0.60281 -0.55800 -2.00000
106080587 -0.60281 -0.55400 -2.00000
106080588 -0.60281 -0.55000 -2.00000
106080589 -0.60281 -0.54600 -2.00000
106080590 -0.60281 -0.54200 -2.00000
106080591 -0.60281 -0.53800 -2.00000
106080592 -0.60281 -0.53400 -2.00000
106080593 -0.60281 -0.53000 -2.00000
106080594 -0.60281 -0.52600 -2.00000
106080595 -0.60281 -0.52200 -2.00000
106080596 -0.60281 -0.51800 -2.00000
106080597 -0.60281 -0.51400 -2.00000
106080598 -0.60281 -0.51000 -2.00000
106080599 -0.60281 -0.50600 -2.00000
106080600 -0.60281 -0.50200 -2.00000
106080601 -0.59431 -1.09800 -2.00000
106080602 -0.59431 -1.09400 -2.00000
106080603 -0.59431 -1.09000 -2.00000
106080604 -0.59431 -1.08600 -2.00000
106080605 -0.59431 -1.08200 -2.00000
106080606 -0.59431 -1.07800 -2.00000
106080607 -0.59431 -1.07400 -2.00000
106080608 -0.59431 -1.07000 -2.00000
106080609 -0.59431 -1.06600 -2.00000
106080610 -0.59431 -1.06200 -2.00000
106080611 -0.59431 -1.05800 -2.00000
106080612 -0.59431 -1.05400 -2.00000
106080613 -0.59431 -1.05000 -2.00000
106080614 -0.59431 -1.04600 -2.00000
106080615 -0.59431 -1.04200 -2.00000
106080616 -0.59431 -1.03800 -2.00000
106080617 -0.59431 -1.03400 -2.00000
106080618 -0.59431 -1.03000 -2.00000
106080619 -0.59431 -1.02600 -2.00000
106080620 -0.59431 -1.02200 -2.00000
106080621 -0.59431 -1.01800 -2.00000
106080622 -0.59431 -1.01400 -2.00000
106080623 -0.59431 -1.01000 -2.00000
106080624 -0.59431 -1.00600 -2.00000
106080625 -0.59431 -1.00200 -2.00000
106080626 -0.59431 -0.99800 -2.00000
106080627 -0.59431 -0.99400 -2.00000
106080628 -0.59431 -0.99000 -2.00000
106080629 -0.59431 -0.98600 -2.00000
106080630 -0.59431 -0.98200 -2.00000
106080631 -0.59431 -0.97800 -2.00000
106080632 -0.59431 -0.97400 -2.00000
106080633 -0.59431 -0.97000 -2.00000
106080634 -0.59431 -0.96600 -2.00000
106080635 -0.59431 -0.96200 -2.00000
106080636 -0.59431 -0.95800 -2.00000
106080637 -0.59431 -0.95400 -2.00000
106080638 -0.59431 -0.95000 -2.00000
106080639 -0.59431 -0.94600 -2.00000
106080640 -0.59431 -0.94200 -2.00000
106080641 -0.59431 -0.93800 -2.00000
106080642 -0.59431 -0.93400 -2.00000
106080643 -0.59431 -0.93000 -2.00000
106080644 -0.59431 -0.92600 -2.00000
106080645 -0.59431 -0.92200 -2.00000
106080646 -0.59431 -0.91800 -2.00000
106080647 -0.59431 -0.91400 -2.00000
106080648 -0.59431 -0.91000 -2.00000
106080649 -0.59431 -0.90600 -2.00000
106080650 -0.59431 -0.90200 -2.00000
106080651 -0.59431 -0.89800 -2.00000
106080652 -0.59431 -0.89400 -2.00000
106080653 -0.59431 -0.89000 -2.00000
106080654 -0.59431 -0.88600 -2.00000
106080655 -0.59431 -0.88200 -2.00000
106080656 -0.59431 -0.87800 -2.00000
106080657 -0.59431 -0.87400 -2.00000
106080658 -0.59431 -0.87000 -2.00000
106080659 -0.59431 -0.86600 -2.00000
106080660 -0.59431 -0.86200 -2.00000
106080661 -0.59431 -0.85800 -2.00000
106080662 -0.59431 -0.85400 -2.00000
106080663 -0.59431 -0.85000 -2.00000
106080664 -0.59431 -0.84600 -2.00000
106080665 -0.59431 -0.84200 -2.00000
106080666 -0.59431 -0.83800 -2.00000
106080667 -0.59431 -0.83400 -2.00000
106080668 -0.59431 -0.83000 -2.00000
106080669 -0.59431 -0.82600 -2.00000
106080670 -0.59431 -0.82200 -2.00000
106080671 -0.59431 -0.81800 -2.00000
106080672 -0.59431 -0.81400 -2.00000
106080673 -0.59431 -0.81000 -2.00000
106080674 -0.59431 -0.80600 -2.00000
106080675 -0.59431 -0.80200 -2.00000
106080676 -0.59431 -0.79800 -2.00000
106080677 -0.59431 -0.79400 -2.00000
106080678 -0.59431 -0.79000 -2.00000
106080679 -0.59431 -0.78600 -2.00000
106080680 -0.59431 -0.78200 -2.00000
106080681 -0.59431 -0.77800 -2.00000
106080682 -0.59431 -0.77400 -2.00000
106080683 -0.59431 -0.77000 -2.00000
106080684 -0.59431 -0.76600 -2.00000
106080685 -0.59431 -0.76200 -2.00000
106080686 -0.59431 -0.75800 -2.00000
106080687 -0.59431 -0.75400 -2.00000
106080688 -0.59431 -0.75000 -2.00000
106080689 -0.59431 -0.74600 -2.00000
106080690 -0.59431 -0.74200 -2.00000
106080691 -0.59431 -0.73800 -2.00000
106080692 -0.59431 -0.73400 -2.00000
106080693 -0.59431 -0.73000 -2.00000
106080694 -0.59431 -0.72600 -2.00000
106080695 -0.59431 -0.72200 -2.00000
106080696 -0.59431 -0.71800 -2.00000
106080697 -0.59431 -0.71400 -2.00000
106080698 -0.59431 -0.71000 -2.00000
106080699 -0.59431 -0.70600 -2.00000
106080700 -0.59431 -0.70200 -2.00000
106080701 -0.59431 -0.69800 -2.00000
106080702 -0.59431 -0.69400 -2.00000
106080703 -0.59431 -0.69000 -2.00000
106080704 -0.59431 -0.68600 -2.00000
106080705 -0.59431 -0.68200 -2.00000
106080706 -0.59431 -0.67800 -2.00000
106080707 -0.59431 -0.67400 -2.00000
106080708 -0.59431 -0.67000 -2.00000
106080709 -0.59431 -0.66600 -2.00000
106080710 -0.59431 -0.66200 -2.00000
106080711 -0.59431 -0.65800 -2.00000
106080712 -0.59431 -0.65400 -2.00000
106080713 -0.59431 -0.65000 -2.00000
106080714 -0.59431 -0.64600 -2.00000
106080715 -0.59431 -0.64200 -2.00000
106080716 -0.59431 -0.63800 -2.00000
106080717 -0.59431 -0.63400 -2.00000
106080718 -0.59431 -0.63000 -2.00000
106080719 -0.59431 -0.62600 -2.00000
106080720 -0.59431 -0.62200 -2.00000
106080721 -0.59431 -0.61800 -2.00000
106080722 -0.59431 -0.61400 -2.00000
106080723 -0.59431 -0.61000 -2.00000
106080724 -0.59431 -0.60600 -2.00000
106080725 -0.59431 -0.60200 -2.00000
106080726 -0.59431 -0.59800 -2.00000
106080727 -0.59431 -0.59400 -2.00000
106080728 -0.59431 -0.59000 -2.00000
106080729 -0.59431 -0.58600 -2.00000
106080730 -0.59431 -0.58200 -2.00000
106080731 -0.59431 -0.57800 -2.00000
106080732 -0.59431 -0.57400 -2.00000
106080733 -0.59431 -0.57000 -2.00000
106080734 -0.59431 -0.56600 -2.00000
106080735 -0.59431 -0.56200 -2.00000
106080736 -0.59431 -0.55800 -2.00000
106080737 -0.59431 -0.55400 -2.00000
106080738 -0.59431 -0.55000 -2.00000
106080739 -0.59431 -0.54600 -2.00000
106080740 -0.59431 -0.54200 -2.00000
106080741 -0.59431 -0.53800 -2.00000
106080742 -0.59431 -0.53400 -2.00000
106080743 -0.59431 -0.53000 -2.00000
106080744 -0.59431 -0.52600 -2.00000
106080745 -0.59431 -0.52200 -2.00000
106080746 -0.59431 -0.51800 -2.00000
106080747 -0.59431 -0.51400 -2.00000
106080748 -0.59431 -0.51000 -2.00000
106080749 -0.59431 -0.50600 -2.00000
106080750 -0.59431 -0.50200 -2.00000
106080751 -0.58581 -1.09800 -2.00000
106080752 -0.58581 -1.09400 -2.00000
106080753 -0.58581 -1.09000 -2.00000
106080754 -0.58581 -1.08600 -2.00000
106080755 -0.58581 -1.08200 -2.00000
106080756 -0.58581 -1.07800 -2.00000
106080757 -0.58581 -1.07400 -2.00000
106080758 -0.58581 -1.07000 -2.00000
106080759 -0.58581 -1.06600 -2.00000
106080760 -0.58581 -1.06200 -2.00000
106080761 -0.58581 -1.05800 -2.00000
106080762 -0.58581 -1.05400 -2.00000
106080763 -0.58581 -1.05000 -2.00000
106080764 -0.58581 -1.04600 -2.00000
106080765 -0.58581 -1.04200 -2.00000
106080766 -0.58581 -1.03800 -2.00000
106080767 -0.58581 -1.03400 -2.00000
106080768 -0.58581 -1.03000 -2.00000
106080769 -0.58581 -1.02600 -2.00000
106080770 -0.58581 -1.02200 -2.00000
106080771 -0.58581 -1.01800 -2.00000
106080772 -0.58581 -1.01400 -2.00000
106080773 -0.58581 -1.01000 -2.00000
106080774 -0.58581 -1.00600 -2.00000
106080775 -0.58581 -1.00200 -2.00000
106080776 -0.58581 -0.99800 -2.00000
106080777 -0.58581 -0.99400 -2.00000
106080778 -0.58581 -0.99000 -2.00000
106080779 -0.58581 -0.98600 -2.00000
106080780 -0.58581 -0.98200 -2.00000
106080781 -0.58581 -0.97800 -2.00000
106080782 -0.58581 -0.97400 -2.00000
106080783 -0.58581 -0.97000 -2.00000
106080784 -0.58581 -0.96600 -2.00000
106080785 -0.58581 -0.96200 -2.00000
106080786 -0.58581 -0.95800 -2.00000
106080787 -0.58581 -0.95400 -2.00000
106080788 -0.58581 -0.95000 -2.00000
106080789 -0.58581 -0.94600 -2.00000
106080790 -0.58581 -0.94200 -2.00000
106080791 -0.58581 -0.93800 -2.00000
106080792 -0.58581 -0.93400 -2.00000
106080793 -0.58581 -0.93000 -2.00000
106080794 -0.58581 -0.92600 -2.00000
106080795 -0.58581 -0.92200 -2.00000
106080796 -0.58581 -0.91800 -2.00000
106080797 -0.58581 -0.91400 -2.00000
106080798 -0.58581 -0.91000 -2.00000
106080799 -0.58581 -0.90600 -2.00000
106080800 -0.58581 -0.90200 -2.00000
106080801 -0.58581 -0.89800 -2.00000
106080802 -0.58581 -0.89400 -2.00000
106080803 -0.58581 -0.89000 -2.00000
106080804 -0.58581 -0.88600 -2.00000
106080805 -0.58581 -0.88200 -2.00000
106080806 -0.58581 -0.87800 -2.00000
106080807 -0.58581 -0.87400 -2.00000
106080808 -0.58581 -0.87000 -2.00000
106080809 -0.58581 -0.86600 -2.00000
106080810 -0.58581 -0.86200 -2.00000
106080811 -0.58581 -0.85800 -2.00000
106080812 -0.58581 -0.85400 -2.00000
106080813 -0.58581 -0.85000 -2.00000
106080814 -0.58581 -0.84600 -2.00000
106080815 -0.58581 -0.84200 -2.00000
106080816 -0.58581 -0.83800 -2.00000
106080817 -0.58581 -0.83400 -2.00000
106080818 -0.58581 -0.83000 -2.00000
106080819 -0.58581 -0.82600 -2.00000
106080820 -0.58581 -0.82200 -2.00000
106080821 -0.58581 -0.81800 -2.00000
106080822 -0.58581 -0.81400 -2.00000
106080823 -0.58581 -0.81000 -2.00000
106080824 -0.58581 -0.80600 -2.00000
106080825 -0.58581 -0.80200 -2.00000
106080826 -0.58581 -0.79800 -2.00000
106080827 -0.58581 -0.79400 -2.00000
106080828 -0.58581 -0.79000 -2.00000
106080829 -0.58581 -0.78600 -2.00000
106080830 -0.58581 -0.78200 -2.00000
106080831 -0.58581 -0.77800 -2.00000
106080832 -0.58581 -0.77400 -2.00000
106080833 -0.58581 -0.77000 -2.00000
106080834 -0.58581 -0.76600 -2.00000
106080835 -0.58581 -0.76200 -2.00000
106080836 -0.58581 -0.75800 -2.00000
106080837 -0.58581 -0.75400 -2.00000
106080838 -0.58581 -0.75000 -2.00000
106080839 -0.58581 -0.74600 -2.00000
106080840 -0.58581 -0.74200 -2.00000
106080841 -0.58581 -0.73800 -2.00000
106080842 -0.58581 -0.73400 -2.00000
106080843 -0.58581 -0.73000 -2.00000
106080844 -0.58581 -0.72600 -2.00000
106080845 -0.58581 -0.72200 -2.00000
106080846 -0.58581 -0.71800 -2.00000
106080847 -0.58581 -0.71400 -2.00000
106080848 -0.58581 -0.71000 -2.00000
106080849 -0.58581 -0.70600 -2.00000
106080850 -0.58581 -0.70200 -2.00000
106080851 -0.58581 -0.69800 -2.00000
106080852 -0.58581 -0.69400 -2.00000
106080853 -0.58581 -0.69000 -2.00000
106080854 -0.58581 -0.68600 -2.00000
106080855 -0.58581 -0.68200 -2.00000
106080856 -0.58581 -0.67800 -2.00000
106080857 -0.58581 -0.67400 -2.00000
106080858 -0.58581 -0.67000 -2.00000
106080859 -0.58581 -0.66600 -2.00000
106080860 -0.58581 -0.66200 -2.00000
106080861 -0.58581 -0.65800 -2.00000
106080862 -0.58581 -0.65400 -2.00000
106080863 -0.58581 -0.65000 -2.00000
106080864 -0.58581 -0.64600 -2.00000
106080865 -0.58581 -0.64200 -2.00000
106080866 -0.58581 -0.63800 -2.00000
106080867 -0.58581 -0.63400 -2.00000
106080868 -0.58581 -0.63000 -2.00000
106080869 -0.58581 -0.62600 -2.00000
106080870 -0.58581 -0.62200 -2.00000
106080871 -0.58581 -0.61800 -2.00000
106080872 -0.58581 -0.61400 -2.00000
106080873 -0.58581 -0.61000 -2.00000
106080874 -0.58581 -0.60600 -2.00000
106080875 -0.58581 -0.60200 -2.00000
106080876 -0.58581 -0.59800 -2.00000
106080877 -0.58581 -0.59400 -2.00000
106080878 -0.58581 -0.59000 -2.00000
106080879 -0.58581 -0.58600 -2.00000
106080880 -0.58581 -0.58200 -2.00000
106080881 -0.58581 -0.57800 -2.00000
106080882 -0.58581 -0.57400 -2.00000
106080883 -0.58581 -0.57000 -2.00000
106080884 -0.58581 -0.56600 -2.00000
106080885 -0.58581 -0.56200 -2.00000
106080886 -0.58581 -0.55800 -2.00000
106080887 -0.58581 -0.55400 -2.00000
106080888 -0.58581 -0.55000 -2.00000
106080889 -0.58581 -0.54600 -2.00000
106080890 -0.58581 -0.54200 -2.00000
106080891 -0.58581 -0.53800 -2.00000
106080892 -0.58581 -0.53400 -2.00000
106080893 -0.58581 -0.53000 -2.00000
106080894 -0.58581 -0.52600 -2.00000
106080895 -0.58581 -0.52200 -2.00000
106080896 -0.58581 -0.51800 -2.00000
106080897 -0.58581 -0.51400 -2.00000
106080898 -0.58581 -0.51000 -2.00000
106080899 -0.58581 -0.50600 -2.00000
106080900 -0.58581 -0.50200 -2.00000
106080901 -0.57731 -1.09800 -2.00000
106080902 -0.57731 -1.09400 -2.00000
106080903 -0.57731 -1.09000 -2.00000
106080904 -0.57731 -1.08600 -2.00000
106080905 -0.57731 -1.08200 -2.00000
106080906 -0.57731 -1.07800 -2.00000
106080907 -0.57731 -1.07400 -2.00000
106080908 -0.57731 -1.07000 -2.00000
106080909 -0.57731 -1.06600 -2.00000
106080910 -0.57731 -1.06200 -2.00000
106080911 -0.57731 -1.05800 -2.00000
106080912 -0.57731 -1.05400 -2.00000
106080913 -0.57731 -1.05000 -2.00000
106080914 -0.57731 -1.04600 -2.00000
106080915 -0.57731 -1.04200 -2.00000
106080916 -0.57731 -1.03800 -2.00000
106080917 -0.57731 -1.03400 -2.00000
106080918 -0.57731 -1.03000 -2.00000
106080919 -0.57731 -1.02600 -2.00000
106080920 -0.57731 -1.02200 -2.00000
106080921 -0.57731 -1.01800 -2.00000
106080922 -0.57731 -1.01400 -2.00000
106080923 -0.57731 -1.01000 -2.00000
106080924 -0.57731 -1.00600 -2.00000
106080925 -0.57731 -1.00200 -2.00000
106080926 -0.57731 -0.99800 -2.00000
106080927 -0.57731 -0.99400 -2.00000
106080928 -0.57731 -0.99000 -2.00000
106080929 -0.57731 -0.98600 -2.00000
106080930 -0.57731 -0.98200 -2.00000
106080931 -0.57731 -0.97800 -2.00000
106080932 -0.57731 -0.97400 -2.00000
106080933 -0.57731 -0.97000 -2.00000
106080934 -0.57731 -0.96600 -2.00000
106080935 -0.57731 -0.96200 -2.00000
106080936 -0.57731 -0.95800 -2.00000
106080937 -0.57731 -0.95400 -2.00000
106080938 -0.57731 -0.95000 -2.00000
106080939 -0.57731 -0.94600 -2.00000
106080940 -0.57731 -0.94200 -2.00000
106080941 -0.57731 -0.93800 -2.00000
106080942 -0.57731 -0.93400 -2.00000
106080943 -0.57731 -0.93000 -2.00000
106080944 -0.57731 -0.92600 -2.00000
106080945 -0.57731 -0.92200 -2.00000
106080946 -0.57731 -0.91800 -2.00000
106080947 -0.57731 -0.91400 -2.00000
106080948 -0.57731 -0.91000 -2.00000
106080949 -0.57731 -0.90600 -2.00000
106080950 -0.57731 -0.90200 -2.00000
106080951 -0.57731 -0.89800 -2.00000
106080952 -0.57731 -0.89400 -2.00000
106080953 -0.57731 -0.89000 -2.00000
106080954 -0.57731 -0.88600 -2.00000
106080955 -0.57731 -0.88200 -2.00000
106080956 -0.57731 -0.87800 -2.00000
106080957 -0.57731 -0.87400 -2.00000
106080958 -0.57731 -0.87000 -2.00000
106080959 -0.57731 -0.86600 -2.00000
106080960 -0.57731 -0.86200 -2.00000
106080961 -0.57731 -0.85800 -2.00000
106080962 -0.57731 -0.85400 -2.00000
106080963 -0.57731 -0.85000 -2.00000
106080964 -0.57731 -0.84600 -2.00000
106080965 -0.57731 -0.84200 -2.00000
106080966 -0.57731 -0.83800 -2.00000
106080967 -0.57731 -0.83400 -2.00000
106080968 -0.57731 -0.83000 -2.00000
106080969 -0.57731 -0.82600 -2.00000
106080970 -0.57731 -0.82200 -2.00000
106080971 -0.57731 -0.81800 -2.00000
106080972 -0.57731 -0.81400 -2.00000
106080973 -0.57731 -0.81000 -2.00000
106080974 -0.57731 -0.80600 -2.00000
106080975 -0.57731 -0.80200 -2.00000
106080976 -0.57731 -0.79800 -2.00000
106080977 -0.57731 -0.79400 -2.00000
106080978 -0.57731 -0.79000 -2.00000
106080979 -0.57731 -0.78600 -2.00000
106080980 -0.57731 -0.78200 -2.00000
106080981 -0.57731 -0.77800 -2.00000
106080982 -0.57731 -0.77400 -2.00000
106080983 -0.57731 -0.77000 -2.00000
106080984 -0.57731 -0.76600 -2.00000
106080985 -0.57731 -0.76200 -2.00000
106080986 -0.57731 -0.75800 -2.00000
106080987 -0.57731 -0.75400 -2.00000
106080988 -0.57731 -0.75000 -2.00000
106080989 -0.57731 -0.74600 -2.00000
106080990 -0.57731 -0.74200 -2.00000
106080991 -0.57731 -0.73800 -2.00000
106080992 -0.57731 -0.73400 -2.00000
106080993 -0.57731 -0.73000 -2.00000
106080994 -0.57731 -0.72600 -2.00000
106080995 -0.57731 -0.72200 -2.00000
106080996 -0.57731 -0.71800 -2.00000
106080997 -0.57731 -0.71400 -2.00000
106080998 -0.57731 -0.71000 -2.00000
106080999 -0.57731 -0.70600 -2.00000
106081000 -0.57731 -0.70200 -2.00000
106081001 -0.57731 -0.69800 -2.00000
106081002 -0.57731 -0.69400 -2.00000
106081003 -0.57731 -0.69000 -2.00000
106081004 -0.57731 -0.68600 -2.00000
106081005 -0.57731 -0.68200 -2.00000
106081006 -0.57731 -0.67800 -2.00000
106081007 -0.57731 -0.67400 -2.00000
106081008 -0.57731 -0.67000 -2.00000
106081009 -0.57731 -0.66600 -2.00000
106081010 -0.57731 -0.66200 -2.00000
106081011 -0.57731 -0.65800 -2.00000
106081012 -0.57731 -0.65400 -2.00000
106081013 -0.57731 -0.65000 -2.00000
106081014 -0.57731 -0.64600 -2.00000
106081015 -0.57731 -0.64200 -2.00000
106081016 -0.57731 -0.63800 -2.00000
106081017 -0.57731 -0.63400 -2.00000
106081018 -0.57731 -0.63000 -2.00000
106081019 -0.57731 -0.62600 -2.00000
106081020 -0.57731 -0.62200 -2.00000
106081021 -0.57731 -0.61800 -2.00000
106081022 -0.57731 -0.61400 -2.00000
106081023 -0.57731 -0.61000 -2.00000
106081024 -0.57731 -0.60600 -2.00000
106081025 -0.57731 -0.60200 -2.00000
106081026 -0.57731 -0.59800 -2.00000
106081027 -0.57731 -0.59400 -2.00000
106081028 -0.57731 -0.59000 -2.00000
106081029 -0.57731 -0.58600 -2.00000
106081030 -0.57731 -0.58200 -2.00000
106081031 -0.57731 -0.57800 -2.00000
106081032 -0.57731 -0.57400 -2.00000
106081033 -0.57731 -0.57000 -2.00000
106081034 -0.57731 -0.56600 -2.00000
106081035 -0.57731 -0.56200 -2.00000
106081036 -0.57731 -0.55800 -2.00000
106081037 -0.57731 -0.55400 -2.00000
106081038 -0.57731 -0.55000 -2.00000
106081039 -0.57731 -0.54600 -2.00000
106081040 -0.57731 -0.54200 -2.00000
106081041 -0.57731 -0.53800 -2.00000
106081042 -0.57731 -0.53400 -2.00000
106081043 -0.57731 -0.53000 -2.00000
106081044 -0.57731 -0.52600 -2.00000
106081045 -0.57731 -0.52200 -2.00000
106081046 -0.57731 -0.51800 -2.00000
106081047 -0.57731 -0.51400 -2.00000
106081048 -0.57731 -0.51000 -2.00000
106081049 -0.57731 -0.50600 -2.00000
106081050 -0.57731 -0.50200 -2.00000
106081051 -0.56881 -1.09800 -2.00000
106081052 -0.56881 -1.09400 -2.00000
106081053 -0.56881 -1.09000 -2.00000
106081054 -0.56881 -1.08600 -2.00000
106081055 -0.56881 -1.08200 -2.00000
106081056 -0.56881 -1.07800 -2.00000
106081057 -0.56881 -1.07400 -2.00000
106081058 -0.56881 -1.07000 -2.00000
106081059 -0.56881 -1.06600 -2.00000
106081060 -0.56881 -1.06200 -2.00000
106081061 -0.56881 -1.05800 -2.00000
106081062 -0.56881 -1.05400 -2.00000
106081063 -0.56881 -1.05000 -2.00000
106081064 -0.56881 -1.04600 -2.00000
106081065 -0.56881 -1.04200 -2.00000
106081066 -0.56881 -1.03800 -2.00000
106081067 -0.56881 -1.03400 -2.00000
106081068 -0.56881 -1.03000 -2.00000
106081069 -0.56881 -1.02600 -2.00000
106081070 -0.56881 -1.02200 -2.00000
106081071 -0.56881 -1.01800 -2.00000
106081072 -0.56881 -1.01400 -2.00000
106081073 -0.56881 -1.01000 -2.00000
106081074 -0.56881 -1.00600 -2.00000
106081075 -0.56881 -1.00200 -2.00000
106081076 -0.56881 -0.99800 -2.00000
106081077 -0.56881 -0.99400 -2.00000
106081078 -0.56881 -0.99000 -2.00000
106081079 -0.56881 -0.98600 -2.00000
106081080 -0.56881 -0.98200 -2.00000
106081081 -0.56881 -0.97800 -2.00000
106081082 -0.56881 -0.97400 -2.00000
106081083 -0.56881 -0.97000 -2.00000
106081084 -0.56881 -0.96600 -2.00000
106081085 -0.56881 -0.96200 -2.00000
106081086 -0.56881 -0.95800 -2.00000
106081087 -0.56881 -0.95400 -2.00000
106081088 -0.56881 -0.95000 -2.00000
106081089 -0.56881 -0.94600 -2.00000
106081090 -0.56881 -0.94200 -2.00000
106081091 -0.56881 -0.93800 -2.00000
106081092 -0.56881 -0.93400 -2.00000
106081093 -0.56881 -0.93000 -2.00000
106081094 -0.56881 -0.92600 -2.00000
106081095 -0.56881 -0.92200 -2.00000
106081096 -0.56881 -0.91800 -2.00000
106081097 -0.56881 -0.91400 -2.00000
106081098 -0.56881 -0.91000 -2.00000
106081099 -0.56881 -0.90600 -2.00000
106081100 -0.56881 -0.90200 -2.00000
106081101 -0.56881 -0.89800 -2.00000
106081102 -0.56881 -0.89400 -2.00000
106081103 -0.56881 -0.89000 -2.00000
106081104 -0.56881 -0.88600 -2.00000
106081105 -0.56881 -0.88200 -2.00000
106081106 -0.56881 -0.87800 -2.00000
106081107 -0.56881 -0.87400 -2.00000
106081108 -0.56881 -0.87000 -2.00000
106081109 -0.56881 -0.86600 -2.00000
106081110 -0.56881 -0.86200 -2.00000
106081111 -0.56881 -0.85800 -2.00000
106081112 -0.56881 -0.85400 -2.00000
106081113 -0.56881 -0.85000 -2.00000
106081114 -0.56881 -0.84600 -2.00000
106081115 -0.56881 -0.84200 -2.00000
106081116 -0.56881 -0.83800 -2.00000
106081117 -0.56881 -0.83400 -2.00000
106081118 -0.56881 -0.83000 -2.00000
106081119 -0.56881 -0.82600 -2.00000
106081120 -0.56881 -0.82200 -2.00000
106081121 -0.56881 -0.81800 -2.00000
106081122 -0.56881 -0.81400 -2.00000
106081123 -0.56881 -0.81000 -2.00000
106081124 -0.56881 -0.80600 -2.00000
106081125 -0.56881 -0.80200 -2.00000
106081126 -0.56881 -0.79800 -2.00000
106081127 -0.56881 -0.79400 -2.00000
106081128 -0.56881 -0.79000 -2.00000
106081129 -0.56881 -0.78600 -2.00000
106081130 -0.56881 -0.78200 -2.00000
106081131 -0.56881 -0.77800 -2.00000
106081132 -0.56881 -0.77400 -2.00000
106081133 -0.56881 -0.77000 -2.00000
106081134 -0.56881 -0.76600 -2.00000
106081135 -0.56881 -0.76200 -2.00000
106081136 -0.56881 -0.75800 -2.00000
106081137 -0.56881 -0.75400 -2.00000
106081138 -0.56881 -0.75000 -2.00000
106081139 -0.56881 -0.74600 -2.00000
106081140 -0.56881 -0.74200 -2.00000
106081141 -0.56881 -0.73800 -2.00000
106081142 -0.56881 -0.73400 -2.00000
106081143 -0.56881 -0.73000 -2.00000
106081144 -0.56881 -0.72600 -2.00000
106081145 -0.56881 -0.72200 -2.00000
106081146 -0.56881 -0.71800 -2.00000
106081147 -0.56881 -0.71400 -2.00000
106081148 -0.56881 -0.71000 -2.00000
106081149 -0.56881 -0.70600 -2.00000
106081150 -0.56881 -0.70200 -2.00000
106081151 -0.56881 -0.69800 -2.00000
106081152 -0.56881 -0.69400 -2.00000
106081153 -0.56881 -0.69000 -2.00000
106081154 -0.56881 -0.68600 -2.00000
106081155 -0.56881 -0.68200 -2.00000
106081156 -0.56881 -0.67800 -2.00000
106081157 -0.56881 -0.67400 -2.00000
106081158 -0.56881 -0.67000 -2.00000
106081159 -0.56881 -0.66600 -2.00000
106081160 -0.56881 -0.66200 -2.00000
106081161 -0.56881 -0.65800 -2.00000
106081162 -0.56881 -0.65400 -2.00000
106081163 -0.56881 -0.65000 -2.00000
106081164 -0.56881 -0.64600 -2.00000
106081165 -0.56881 -0.64200 -2.00000
106081166 -0.56881 -0.63800 -2.00000
106081167 -0.56881 -0.63400 -2.00000
106081168 -0.56881 -0.63000 -2.00000
106081169 -0.56881 -0.62600 -2.00000
106081170 -0.56881 -0.62200 -2.00000
106081171 -0.56881 -0.61800 -2.00000
106081172 -0.56881 -0.61400 -2.00000
106081173 -0.56881 -0.61000 -2.00000
106081174 -0.56881 -0.60600 -2.00000
106081175 -0.56881 -0.60200 -2.00000
106081176 -0.56881 -0.59800 -2.00000
106081177 -0.56881 -0.59400 -2.00000
106081178 -0.56881 -0.59000 -2.00000
106081179 -0.56881 -0.58600 -2.00000
106081180 -0.56881 -0.58200 -2.00000
106081181 -0.56881 -0.57800 -2.00000
106081182 -0.56881 -0.57400 -2.00000
106081183 -0.56881 -0.57000 -2.00000
106081184 -0.56881 -0.56600 -2.00000
106081185 -0.56881 -0.56200 -2.00000
106081186 -0.56881 -0.55800 -2.00000
106081187 -0.56881 -0.55400 -2.00000
106081188 -0.56881 -0.55000 -2.00000
106081189 -0.56881 -0.54600 -2.00000
106081190 -0.56881 -0.54200 -2.00000
106081191 -0.56881 -0.53800 -2.00000
106081192 -0.56881 -0.53400 -2.00000
106081193 -0.56881 -0.53000 -2.00000
106081194 -0.56881 -0.52600 -2.00000
106081195 -0.56881 -0.52200 -2.00000
106081196 -0.56881 -0.51800 -2.00000
106081197 -0.56881 -0.51400 -2.00000
106081198 -0.56881 -0.51000 -2.00000
106081199 -0.56881 -0.50600 -2.00000
106081200 -0.56881 -0.50200 -2.00000
