# pixelID  x  y  z
108100001 -1.20000 0.41275 0.29800
108100002 -1.20000 0.41275 0.29400
108100003 -1.20000 0.41275 0.29000
108100004 -1.20000 0.41275 0.28600
108100005 -1.20000 0.41275 0.28200
108100006 -1.20000 0.41275 0.27800
108100007 -1.20000 0.41275 0.27400
108100008 -1.20000 0.41275 0.27000
108100009 -1.20000 0.41275 0.26600
108100010 -1.20000 0.41275 0.26200
108100011 -1.20000 0.41275 0.25800
108100012 -1.20000 0.41275 0.25400
108100013 -1.20000 0.41275 0.25000
108100014 -1.20000 0.41275 0.24600
108100015 -1.20000 0.41275 0.24200
108100016 -1.20000 0.41275 0.23800
108100017 -1.20000 0.41275 0.23400
108100018 -1.20000 0.41275 0.23000
108100019 -1.20000 0.41275 0.22600
108100020 -1.20000 0.41275 0.22200
108100021 -1.20000 0.41275 0.21800
108100022 -1.20000 0.41275 0.21400
108100023 -1.20000 0.41275 0.21000
108100024 -1.20000 0.41275 0.20600
108100025 -1.20000 0.41275 0.20200
108100026 -1.20000 0.41275 0.19800
108100027 -1.20000 0.41275 0.19400
108100028 -1.20000 0.41275 0.19000
108100029 -1.20000 0.41275 0.18600
108100030 -1.20000 0.41275 0.18200
108100031 -1.20000 0.41275 0.17800
108100032 -1.20000 0.41275 0.17400
108100033 -1.20000 0.41275 0.17000
108100034 -1.20000 0.41275 0.16600
108100035 -1.20000 0.41275 0.16200
108100036 -1.20000 0.41275 0.15800
108100037 -1.20000 0.41275 0.15400
108100038 -1.20000 0.41275 0.15000
108100039 -1.20000 0.41275 0.14600
108100040 -1.20000 0.41275 0.14200
108100041 -1.20000 0.41275 0.13800
108100042 -1.20000 0.41275 0.13400
108100043 -1.20000 0.41275 0.13000
108100044 -1.20000 0.41275 0.12600
108100045 -1.20000 0.41275 0.12200
108100046 -1.20000 0.41275 0.11800
108100047 -1.20000 0.41275 0.11400
108100048 -1.20000 0.41275 0.11000
108100049 -1.20000 0.41275 0.10600
108100050 -1.20000 0.41275 0.10200
108100051 -1.20000 0.41275 0.09800
108100052 -1.20000 0.41275 0.09400
108100053 -1.20000 0.41275 0.09000
108100054 -1.20000 0.41275 0.08600
108100055 -1.20000 0.41275 0.08200
108100056 -1.20000 0.41275 0.07800
108100057 -1.20000 0.41275 0.07400
108100058 -1.20000 0.41275 0.07000
108100059 -1.20000 0.41275 0.06600
108100060 -1.20000 0.41275 0.06200
108100061 -1.20000 0.41275 0.05800
108100062 -1.20000 0.41275 0.05400
108100063 -1.20000 0.41275 0.05000
108100064 -1.20000 0.41275 0.04600
108100065 -1.20000 0.41275 0.04200
108100066 -1.20000 0.41275 0.03800
108100067 -1.20000 0.41275 0.03400
108100068 -1.20000 0.41275 0.03000
108100069 -1.20000 0.41275 0.02600
108100070 -1.20000 0.41275 0.02200
108100071 -1.20000 0.41275 0.01800
108100072 -1.20000 0.41275 0.01400
108100073 -1.20000 0.41275 0.01000
108100074 -1.20000 0.41275 0.00600
108100075 -1.20000 0.41275 0.00200
108100076 -1.20000 0.41275 -0.00200
108100077 -1.20000 0.41275 -0.00600
108100078 -1.20000 0.41275 -0.01000
108100079 -1.20000 0.41275 -0.01400
108100080 -1.20000 0.41275 -0.01800
108100081 -1.20000 0.41275 -0.02200
108100082 -1.20000 0.41275 -0.02600
108100083 -1.20000 0.41275 -0.03000
108100084 -1.20000 0.41275 -0.03400
108100085 -1.20000 0.41275 -0.03800
108100086 -1.20000 0.41275 -0.04200
108100087 -1.20000 0.41275 -0.04600
108100088 -1.20000 0.41275 -0.05000
108100089 -1.20000 0.41275 -0.05400
108100090 -1.20000 0.41275 -0.05800
108100091 -1.20000 0.41275 -0.06200
108100092 -1.20000 0.41275 -0.06600
108100093 -1.20000 0.41275 -0.07000
108100094 -1.20000 0.41275 -0.07400
108100095 -1.20000 0.41275 -0.07800
108100096 -1.20000 0.41275 -0.08200
108100097 -1.20000 0.41275 -0.08600
108100098 -1.20000 0.41275 -0.09000
108100099 -1.20000 0.41275 -0.09400
108100100 -1.20000 0.41275 -0.09800
108100101 -1.20000 0.41275 -0.10200
108100102 -1.20000 0.41275 -0.10600
108100103 -1.20000 0.41275 -0.11000
108100104 -1.20000 0.41275 -0.11400
108100105 -1.20000 0.41275 -0.11800
108100106 -1.20000 0.41275 -0.12200
108100107 -1.20000 0.41275 -0.12600
108100108 -1.20000 0.41275 -0.13000
108100109 -1.20000 0.41275 -0.13400
108100110 -1.20000 0.41275 -0.13800
108100111 -1.20000 0.41275 -0.14200
108100112 -1.20000 0.41275 -0.14600
108100113 -1.20000 0.41275 -0.15000
108100114 -1.20000 0.41275 -0.15400
108100115 -1.20000 0.41275 -0.15800
108100116 -1.20000 0.41275 -0.16200
108100117 -1.20000 0.41275 -0.16600
108100118 -1.20000 0.41275 -0.17000
108100119 -1.20000 0.41275 -0.17400
108100120 -1.20000 0.41275 -0.17800
108100121 -1.20000 0.41275 -0.18200
108100122 -1.20000 0.41275 -0.18600
108100123 -1.20000 0.41275 -0.19000
108100124 -1.20000 0.41275 -0.19400
108100125 -1.20000 0.41275 -0.19800
108100126 -1.20000 0.41275 -0.20200
108100127 -1.20000 0.41275 -0.20600
108100128 -1.20000 0.41275 -0.21000
108100129 -1.20000 0.41275 -0.21400
108100130 -1.20000 0.41275 -0.21800
108100131 -1.20000 0.41275 -0.22200
108100132 -1.20000 0.41275 -0.22600
108100133 -1.20000 0.41275 -0.23000
108100134 -1.20000 0.41275 -0.23400
108100135 -1.20000 0.41275 -0.23800
108100136 -1.20000 0.41275 -0.24200
108100137 -1.20000 0.41275 -0.24600
108100138 -1.20000 0.41275 -0.25000
108100139 -1.20000 0.41275 -0.25400
108100140 -1.20000 0.41275 -0.25800
108100141 -1.20000 0.41275 -0.26200
108100142 -1.20000 0.41275 -0.26600
108100143 -1.20000 0.41275 -0.27000
108100144 -1.20000 0.41275 -0.27400
108100145 -1.20000 0.41275 -0.27800
108100146 -1.20000 0.41275 -0.28200
108100147 -1.20000 0.41275 -0.28600
108100148 -1.20000 0.41275 -0.29000
108100149 -1.20000 0.41275 -0.29400
108100150 -1.20000 0.41275 -0.29800
108100151 -1.20000 0.42625 0.29800
108100152 -1.20000 0.42625 0.29400
108100153 -1.20000 0.42625 0.29000
108100154 -1.20000 0.42625 0.28600
108100155 -1.20000 0.42625 0.28200
108100156 -1.20000 0.42625 0.27800
108100157 -1.20000 0.42625 0.27400
108100158 -1.20000 0.42625 0.27000
108100159 -1.20000 0.42625 0.26600
108100160 -1.20000 0.42625 0.26200
108100161 -1.20000 0.42625 0.25800
108100162 -1.20000 0.42625 0.25400
108100163 -1.20000 0.42625 0.25000
108100164 -1.20000 0.42625 0.24600
108100165 -1.20000 0.42625 0.24200
108100166 -1.20000 0.42625 0.23800
108100167 -1.20000 0.42625 0.23400
108100168 -1.20000 0.42625 0.23000
108100169 -1.20000 0.42625 0.22600
108100170 -1.20000 0.42625 0.22200
108100171 -1.20000 0.42625 0.21800
108100172 -1.20000 0.42625 0.21400
108100173 -1.20000 0.42625 0.21000
108100174 -1.20000 0.42625 0.20600
108100175 -1.20000 0.42625 0.20200
108100176 -1.20000 0.42625 0.19800
108100177 -1.20000 0.42625 0.19400
108100178 -1.20000 0.42625 0.19000
108100179 -1.20000 0.42625 0.18600
108100180 -1.20000 0.42625 0.18200
108100181 -1.20000 0.42625 0.17800
108100182 -1.20000 0.42625 0.17400
108100183 -1.20000 0.42625 0.17000
108100184 -1.20000 0.42625 0.16600
108100185 -1.20000 0.42625 0.16200
108100186 -1.20000 0.42625 0.15800
108100187 -1.20000 0.42625 0.15400
108100188 -1.20000 0.42625 0.15000
108100189 -1.20000 0.42625 0.14600
108100190 -1.20000 0.42625 0.14200
108100191 -1.20000 0.42625 0.13800
108100192 -1.20000 0.42625 0.13400
108100193 -1.20000 0.42625 0.13000
108100194 -1.20000 0.42625 0.12600
108100195 -1.20000 0.42625 0.12200
108100196 -1.20000 0.42625 0.11800
108100197 -1.20000 0.42625 0.11400
108100198 -1.20000 0.42625 0.11000
108100199 -1.20000 0.42625 0.10600
108100200 -1.20000 0.42625 0.10200
108100201 -1.20000 0.42625 0.09800
108100202 -1.20000 0.42625 0.09400
108100203 -1.20000 0.42625 0.09000
108100204 -1.20000 0.42625 0.08600
108100205 -1.20000 0.42625 0.08200
108100206 -1.20000 0.42625 0.07800
108100207 -1.20000 0.42625 0.07400
108100208 -1.20000 0.42625 0.07000
108100209 -1.20000 0.42625 0.06600
108100210 -1.20000 0.42625 0.06200
108100211 -1.20000 0.42625 0.05800
108100212 -1.20000 0.42625 0.05400
108100213 -1.20000 0.42625 0.05000
108100214 -1.20000 0.42625 0.04600
108100215 -1.20000 0.42625 0.04200
108100216 -1.20000 0.42625 0.03800
108100217 -1.20000 0.42625 0.03400
108100218 -1.20000 0.42625 0.03000
108100219 -1.20000 0.42625 0.02600
108100220 -1.20000 0.42625 0.02200
108100221 -1.20000 0.42625 0.01800
108100222 -1.20000 0.42625 0.01400
108100223 -1.20000 0.42625 0.01000
108100224 -1.20000 0.42625 0.00600
108100225 -1.20000 0.42625 0.00200
108100226 -1.20000 0.42625 -0.00200
108100227 -1.20000 0.42625 -0.00600
108100228 -1.20000 0.42625 -0.01000
108100229 -1.20000 0.42625 -0.01400
108100230 -1.20000 0.42625 -0.01800
108100231 -1.20000 0.42625 -0.02200
108100232 -1.20000 0.42625 -0.02600
108100233 -1.20000 0.42625 -0.03000
108100234 -1.20000 0.42625 -0.03400
108100235 -1.20000 0.42625 -0.03800
108100236 -1.20000 0.42625 -0.04200
108100237 -1.20000 0.42625 -0.04600
108100238 -1.20000 0.42625 -0.05000
108100239 -1.20000 0.42625 -0.05400
108100240 -1.20000 0.42625 -0.05800
108100241 -1.20000 0.42625 -0.06200
108100242 -1.20000 0.42625 -0.06600
108100243 -1.20000 0.42625 -0.07000
108100244 -1.20000 0.42625 -0.07400
108100245 -1.20000 0.42625 -0.07800
108100246 -1.20000 0.42625 -0.08200
108100247 -1.20000 0.42625 -0.08600
108100248 -1.20000 0.42625 -0.09000
108100249 -1.20000 0.42625 -0.09400
108100250 -1.20000 0.42625 -0.09800
108100251 -1.20000 0.42625 -0.10200
108100252 -1.20000 0.42625 -0.10600
108100253 -1.20000 0.42625 -0.11000
108100254 -1.20000 0.42625 -0.11400
108100255 -1.20000 0.42625 -0.11800
108100256 -1.20000 0.42625 -0.12200
108100257 -1.20000 0.42625 -0.12600
108100258 -1.20000 0.42625 -0.13000
108100259 -1.20000 0.42625 -0.13400
108100260 -1.20000 0.42625 -0.13800
108100261 -1.20000 0.42625 -0.14200
108100262 -1.20000 0.42625 -0.14600
108100263 -1.20000 0.42625 -0.15000
108100264 -1.20000 0.42625 -0.15400
108100265 -1.20000 0.42625 -0.15800
108100266 -1.20000 0.42625 -0.16200
108100267 -1.20000 0.42625 -0.16600
108100268 -1.20000 0.42625 -0.17000
108100269 -1.20000 0.42625 -0.17400
108100270 -1.20000 0.42625 -0.17800
108100271 -1.20000 0.42625 -0.18200
108100272 -1.20000 0.42625 -0.18600
108100273 -1.20000 0.42625 -0.19000
108100274 -1.20000 0.42625 -0.19400
108100275 -1.20000 0.42625 -0.19800
108100276 -1.20000 0.42625 -0.20200
108100277 -1.20000 0.42625 -0.20600
108100278 -1.20000 0.42625 -0.21000
108100279 -1.20000 0.42625 -0.21400
108100280 -1.20000 0.42625 -0.21800
108100281 -1.20000 0.42625 -0.22200
108100282 -1.20000 0.42625 -0.22600
108100283 -1.20000 0.42625 -0.23000
108100284 -1.20000 0.42625 -0.23400
108100285 -1.20000 0.42625 -0.23800
108100286 -1.20000 0.42625 -0.24200
108100287 -1.20000 0.42625 -0.24600
108100288 -1.20000 0.42625 -0.25000
108100289 -1.20000 0.42625 -0.25400
108100290 -1.20000 0.42625 -0.25800
108100291 -1.20000 0.42625 -0.26200
108100292 -1.20000 0.42625 -0.26600
108100293 -1.20000 0.42625 -0.27000
108100294 -1.20000 0.42625 -0.27400
108100295 -1.20000 0.42625 -0.27800
108100296 -1.20000 0.42625 -0.28200
108100297 -1.20000 0.42625 -0.28600
108100298 -1.20000 0.42625 -0.29000
108100299 -1.20000 0.42625 -0.29400
108100300 -1.20000 0.42625 -0.29800
108100301 -1.20000 0.43975 0.29800
108100302 -1.20000 0.43975 0.29400
108100303 -1.20000 0.43975 0.29000
108100304 -1.20000 0.43975 0.28600
108100305 -1.20000 0.43975 0.28200
108100306 -1.20000 0.43975 0.27800
108100307 -1.20000 0.43975 0.27400
108100308 -1.20000 0.43975 0.27000
108100309 -1.20000 0.43975 0.26600
108100310 -1.20000 0.43975 0.26200
108100311 -1.20000 0.43975 0.25800
108100312 -1.20000 0.43975 0.25400
108100313 -1.20000 0.43975 0.25000
108100314 -1.20000 0.43975 0.24600
108100315 -1.20000 0.43975 0.24200
108100316 -1.20000 0.43975 0.23800
108100317 -1.20000 0.43975 0.23400
108100318 -1.20000 0.43975 0.23000
108100319 -1.20000 0.43975 0.22600
108100320 -1.20000 0.43975 0.22200
108100321 -1.20000 0.43975 0.21800
108100322 -1.20000 0.43975 0.21400
108100323 -1.20000 0.43975 0.21000
108100324 -1.20000 0.43975 0.20600
108100325 -1.20000 0.43975 0.20200
108100326 -1.20000 0.43975 0.19800
108100327 -1.20000 0.43975 0.19400
108100328 -1.20000 0.43975 0.19000
108100329 -1.20000 0.43975 0.18600
108100330 -1.20000 0.43975 0.18200
108100331 -1.20000 0.43975 0.17800
108100332 -1.20000 0.43975 0.17400
108100333 -1.20000 0.43975 0.17000
108100334 -1.20000 0.43975 0.16600
108100335 -1.20000 0.43975 0.16200
108100336 -1.20000 0.43975 0.15800
108100337 -1.20000 0.43975 0.15400
108100338 -1.20000 0.43975 0.15000
108100339 -1.20000 0.43975 0.14600
108100340 -1.20000 0.43975 0.14200
108100341 -1.20000 0.43975 0.13800
108100342 -1.20000 0.43975 0.13400
108100343 -1.20000 0.43975 0.13000
108100344 -1.20000 0.43975 0.12600
108100345 -1.20000 0.43975 0.12200
108100346 -1.20000 0.43975 0.11800
108100347 -1.20000 0.43975 0.11400
108100348 -1.20000 0.43975 0.11000
108100349 -1.20000 0.43975 0.10600
108100350 -1.20000 0.43975 0.10200
108100351 -1.20000 0.43975 0.09800
108100352 -1.20000 0.43975 0.09400
108100353 -1.20000 0.43975 0.09000
108100354 -1.20000 0.43975 0.08600
108100355 -1.20000 0.43975 0.08200
108100356 -1.20000 0.43975 0.07800
108100357 -1.20000 0.43975 0.07400
108100358 -1.20000 0.43975 0.07000
108100359 -1.20000 0.43975 0.06600
108100360 -1.20000 0.43975 0.06200
108100361 -1.20000 0.43975 0.05800
108100362 -1.20000 0.43975 0.05400
108100363 -1.20000 0.43975 0.05000
108100364 -1.20000 0.43975 0.04600
108100365 -1.20000 0.43975 0.04200
108100366 -1.20000 0.43975 0.03800
108100367 -1.20000 0.43975 0.03400
108100368 -1.20000 0.43975 0.03000
108100369 -1.20000 0.43975 0.02600
108100370 -1.20000 0.43975 0.02200
108100371 -1.20000 0.43975 0.01800
108100372 -1.20000 0.43975 0.01400
108100373 -1.20000 0.43975 0.01000
108100374 -1.20000 0.43975 0.00600
108100375 -1.20000 0.43975 0.00200
108100376 -1.20000 0.43975 -0.00200
108100377 -1.20000 0.43975 -0.00600
108100378 -1.20000 0.43975 -0.01000
108100379 -1.20000 0.43975 -0.01400
108100380 -1.20000 0.43975 -0.01800
108100381 -1.20000 0.43975 -0.02200
108100382 -1.20000 0.43975 -0.02600
108100383 -1.20000 0.43975 -0.03000
108100384 -1.20000 0.43975 -0.03400
108100385 -1.20000 0.43975 -0.03800
108100386 -1.20000 0.43975 -0.04200
108100387 -1.20000 0.43975 -0.04600
108100388 -1.20000 0.43975 -0.05000
108100389 -1.20000 0.43975 -0.05400
108100390 -1.20000 0.43975 -0.05800
108100391 -1.20000 0.43975 -0.06200
108100392 -1.20000 0.43975 -0.06600
108100393 -1.20000 0.43975 -0.07000
108100394 -1.20000 0.43975 -0.07400
108100395 -1.20000 0.43975 -0.07800
108100396 -1.20000 0.43975 -0.08200
108100397 -1.20000 0.43975 -0.08600
108100398 -1.20000 0.43975 -0.09000
108100399 -1.20000 0.43975 -0.09400
108100400 -1.20000 0.43975 -0.09800
108100401 -1.20000 0.43975 -0.10200
108100402 -1.20000 0.43975 -0.10600
108100403 -1.20000 0.43975 -0.11000
108100404 -1.20000 0.43975 -0.11400
108100405 -1.20000 0.43975 -0.11800
108100406 -1.20000 0.43975 -0.12200
108100407 -1.20000 0.43975 -0.12600
108100408 -1.20000 0.43975 -0.13000
108100409 -1.20000 0.43975 -0.13400
108100410 -1.20000 0.43975 -0.13800
108100411 -1.20000 0.43975 -0.14200
108100412 -1.20000 0.43975 -0.14600
108100413 -1.20000 0.43975 -0.15000
108100414 -1.20000 0.43975 -0.15400
108100415 -1.20000 0.43975 -0.15800
108100416 -1.20000 0.43975 -0.16200
108100417 -1.20000 0.43975 -0.16600
108100418 -1.20000 0.43975 -0.17000
108100419 -1.20000 0.43975 -0.17400
108100420 -1.20000 0.43975 -0.17800
108100421 -1.20000 0.43975 -0.18200
108100422 -1.20000 0.43975 -0.18600
108100423 -1.20000 0.43975 -0.19000
108100424 -1.20000 0.43975 -0.19400
108100425 -1.20000 0.43975 -0.19800
108100426 -1.20000 0.43975 -0.20200
108100427 -1.20000 0.43975 -0.20600
108100428 -1.20000 0.43975 -0.21000
108100429 -1.20000 0.43975 -0.21400
108100430 -1.20000 0.43975 -0.21800
108100431 -1.20000 0.43975 -0.22200
108100432 -1.20000 0.43975 -0.22600
108100433 -1.20000 0.43975 -0.23000
108100434 -1.20000 0.43975 -0.23400
108100435 -1.20000 0.43975 -0.23800
108100436 -1.20000 0.43975 -0.24200
108100437 -1.20000 0.43975 -0.24600
108100438 -1.20000 0.43975 -0.25000
108100439 -1.20000 0.43975 -0.25400
108100440 -1.20000 0.43975 -0.25800
108100441 -1.20000 0.43975 -0.26200
108100442 -1.20000 0.43975 -0.26600
108100443 -1.20000 0.43975 -0.27000
108100444 -1.20000 0.43975 -0.27400
108100445 -1.20000 0.43975 -0.27800
108100446 -1.20000 0.43975 -0.28200
108100447 -1.20000 0.43975 -0.28600
108100448 -1.20000 0.43975 -0.29000
108100449 -1.20000 0.43975 -0.29400
108100450 -1.20000 0.43975 -0.29800
108100451 -1.20000 0.45325 0.29800
108100452 -1.20000 0.45325 0.29400
108100453 -1.20000 0.45325 0.29000
108100454 -1.20000 0.45325 0.28600
108100455 -1.20000 0.45325 0.28200
108100456 -1.20000 0.45325 0.27800
108100457 -1.20000 0.45325 0.27400
108100458 -1.20000 0.45325 0.27000
108100459 -1.20000 0.45325 0.26600
108100460 -1.20000 0.45325 0.26200
108100461 -1.20000 0.45325 0.25800
108100462 -1.20000 0.45325 0.25400
108100463 -1.20000 0.45325 0.25000
108100464 -1.20000 0.45325 0.24600
108100465 -1.20000 0.45325 0.24200
108100466 -1.20000 0.45325 0.23800
108100467 -1.20000 0.45325 0.23400
108100468 -1.20000 0.45325 0.23000
108100469 -1.20000 0.45325 0.22600
108100470 -1.20000 0.45325 0.22200
108100471 -1.20000 0.45325 0.21800
108100472 -1.20000 0.45325 0.21400
108100473 -1.20000 0.45325 0.21000
108100474 -1.20000 0.45325 0.20600
108100475 -1.20000 0.45325 0.20200
108100476 -1.20000 0.45325 0.19800
108100477 -1.20000 0.45325 0.19400
108100478 -1.20000 0.45325 0.19000
108100479 -1.20000 0.45325 0.18600
108100480 -1.20000 0.45325 0.18200
108100481 -1.20000 0.45325 0.17800
108100482 -1.20000 0.45325 0.17400
108100483 -1.20000 0.45325 0.17000
108100484 -1.20000 0.45325 0.16600
108100485 -1.20000 0.45325 0.16200
108100486 -1.20000 0.45325 0.15800
108100487 -1.20000 0.45325 0.15400
108100488 -1.20000 0.45325 0.15000
108100489 -1.20000 0.45325 0.14600
108100490 -1.20000 0.45325 0.14200
108100491 -1.20000 0.45325 0.13800
108100492 -1.20000 0.45325 0.13400
108100493 -1.20000 0.45325 0.13000
108100494 -1.20000 0.45325 0.12600
108100495 -1.20000 0.45325 0.12200
108100496 -1.20000 0.45325 0.11800
108100497 -1.20000 0.45325 0.11400
108100498 -1.20000 0.45325 0.11000
108100499 -1.20000 0.45325 0.10600
108100500 -1.20000 0.45325 0.10200
108100501 -1.20000 0.45325 0.09800
108100502 -1.20000 0.45325 0.09400
108100503 -1.20000 0.45325 0.09000
108100504 -1.20000 0.45325 0.08600
108100505 -1.20000 0.45325 0.08200
108100506 -1.20000 0.45325 0.07800
108100507 -1.20000 0.45325 0.07400
108100508 -1.20000 0.45325 0.07000
108100509 -1.20000 0.45325 0.06600
108100510 -1.20000 0.45325 0.06200
108100511 -1.20000 0.45325 0.05800
108100512 -1.20000 0.45325 0.05400
108100513 -1.20000 0.45325 0.05000
108100514 -1.20000 0.45325 0.04600
108100515 -1.20000 0.45325 0.04200
108100516 -1.20000 0.45325 0.03800
108100517 -1.20000 0.45325 0.03400
108100518 -1.20000 0.45325 0.03000
108100519 -1.20000 0.45325 0.02600
108100520 -1.20000 0.45325 0.02200
108100521 -1.20000 0.45325 0.01800
108100522 -1.20000 0.45325 0.01400
108100523 -1.20000 0.45325 0.01000
108100524 -1.20000 0.45325 0.00600
108100525 -1.20000 0.45325 0.00200
108100526 -1.20000 0.45325 -0.00200
108100527 -1.20000 0.45325 -0.00600
108100528 -1.20000 0.45325 -0.01000
108100529 -1.20000 0.45325 -0.01400
108100530 -1.20000 0.45325 -0.01800
108100531 -1.20000 0.45325 -0.02200
108100532 -1.20000 0.45325 -0.02600
108100533 -1.20000 0.45325 -0.03000
108100534 -1.20000 0.45325 -0.03400
108100535 -1.20000 0.45325 -0.03800
108100536 -1.20000 0.45325 -0.04200
108100537 -1.20000 0.45325 -0.04600
108100538 -1.20000 0.45325 -0.05000
108100539 -1.20000 0.45325 -0.05400
108100540 -1.20000 0.45325 -0.05800
108100541 -1.20000 0.45325 -0.06200
108100542 -1.20000 0.45325 -0.06600
108100543 -1.20000 0.45325 -0.07000
108100544 -1.20000 0.45325 -0.07400
108100545 -1.20000 0.45325 -0.07800
108100546 -1.20000 0.45325 -0.08200
108100547 -1.20000 0.45325 -0.08600
108100548 -1.20000 0.45325 -0.09000
108100549 -1.20000 0.45325 -0.09400
108100550 -1.20000 0.45325 -0.09800
108100551 -1.20000 0.45325 -0.10200
108100552 -1.20000 0.45325 -0.10600
108100553 -1.20000 0.45325 -0.11000
108100554 -1.20000 0.45325 -0.11400
108100555 -1.20000 0.45325 -0.11800
108100556 -1.20000 0.45325 -0.12200
108100557 -1.20000 0.45325 -0.12600
108100558 -1.20000 0.45325 -0.13000
108100559 -1.20000 0.45325 -0.13400
108100560 -1.20000 0.45325 -0.13800
108100561 -1.20000 0.45325 -0.14200
108100562 -1.20000 0.45325 -0.14600
108100563 -1.20000 0.45325 -0.15000
108100564 -1.20000 0.45325 -0.15400
108100565 -1.20000 0.45325 -0.15800
108100566 -1.20000 0.45325 -0.16200
108100567 -1.20000 0.45325 -0.16600
108100568 -1.20000 0.45325 -0.17000
108100569 -1.20000 0.45325 -0.17400
108100570 -1.20000 0.45325 -0.17800
108100571 -1.20000 0.45325 -0.18200
108100572 -1.20000 0.45325 -0.18600
108100573 -1.20000 0.45325 -0.19000
108100574 -1.20000 0.45325 -0.19400
108100575 -1.20000 0.45325 -0.19800
108100576 -1.20000 0.45325 -0.20200
108100577 -1.20000 0.45325 -0.20600
108100578 -1.20000 0.45325 -0.21000
108100579 -1.20000 0.45325 -0.21400
108100580 -1.20000 0.45325 -0.21800
108100581 -1.20000 0.45325 -0.22200
108100582 -1.20000 0.45325 -0.22600
108100583 -1.20000 0.45325 -0.23000
108100584 -1.20000 0.45325 -0.23400
108100585 -1.20000 0.45325 -0.23800
108100586 -1.20000 0.45325 -0.24200
108100587 -1.20000 0.45325 -0.24600
108100588 -1.20000 0.45325 -0.25000
108100589 -1.20000 0.45325 -0.25400
108100590 -1.20000 0.45325 -0.25800
108100591 -1.20000 0.45325 -0.26200
108100592 -1.20000 0.45325 -0.26600
108100593 -1.20000 0.45325 -0.27000
108100594 -1.20000 0.45325 -0.27400
108100595 -1.20000 0.45325 -0.27800
108100596 -1.20000 0.45325 -0.28200
108100597 -1.20000 0.45325 -0.28600
108100598 -1.20000 0.45325 -0.29000
108100599 -1.20000 0.45325 -0.29400
108100600 -1.20000 0.45325 -0.29800
108100601 -1.20000 0.46675 0.29800
108100602 -1.20000 0.46675 0.29400
108100603 -1.20000 0.46675 0.29000
108100604 -1.20000 0.46675 0.28600
108100605 -1.20000 0.46675 0.28200
108100606 -1.20000 0.46675 0.27800
108100607 -1.20000 0.46675 0.27400
108100608 -1.20000 0.46675 0.27000
108100609 -1.20000 0.46675 0.26600
108100610 -1.20000 0.46675 0.26200
108100611 -1.20000 0.46675 0.25800
108100612 -1.20000 0.46675 0.25400
108100613 -1.20000 0.46675 0.25000
108100614 -1.20000 0.46675 0.24600
108100615 -1.20000 0.46675 0.24200
108100616 -1.20000 0.46675 0.23800
108100617 -1.20000 0.46675 0.23400
108100618 -1.20000 0.46675 0.23000
108100619 -1.20000 0.46675 0.22600
108100620 -1.20000 0.46675 0.22200
108100621 -1.20000 0.46675 0.21800
108100622 -1.20000 0.46675 0.21400
108100623 -1.20000 0.46675 0.21000
108100624 -1.20000 0.46675 0.20600
108100625 -1.20000 0.46675 0.20200
108100626 -1.20000 0.46675 0.19800
108100627 -1.20000 0.46675 0.19400
108100628 -1.20000 0.46675 0.19000
108100629 -1.20000 0.46675 0.18600
108100630 -1.20000 0.46675 0.18200
108100631 -1.20000 0.46675 0.17800
108100632 -1.20000 0.46675 0.17400
108100633 -1.20000 0.46675 0.17000
108100634 -1.20000 0.46675 0.16600
108100635 -1.20000 0.46675 0.16200
108100636 -1.20000 0.46675 0.15800
108100637 -1.20000 0.46675 0.15400
108100638 -1.20000 0.46675 0.15000
108100639 -1.20000 0.46675 0.14600
108100640 -1.20000 0.46675 0.14200
108100641 -1.20000 0.46675 0.13800
108100642 -1.20000 0.46675 0.13400
108100643 -1.20000 0.46675 0.13000
108100644 -1.20000 0.46675 0.12600
108100645 -1.20000 0.46675 0.12200
108100646 -1.20000 0.46675 0.11800
108100647 -1.20000 0.46675 0.11400
108100648 -1.20000 0.46675 0.11000
108100649 -1.20000 0.46675 0.10600
108100650 -1.20000 0.46675 0.10200
108100651 -1.20000 0.46675 0.09800
108100652 -1.20000 0.46675 0.09400
108100653 -1.20000 0.46675 0.09000
108100654 -1.20000 0.46675 0.08600
108100655 -1.20000 0.46675 0.08200
108100656 -1.20000 0.46675 0.07800
108100657 -1.20000 0.46675 0.07400
108100658 -1.20000 0.46675 0.07000
108100659 -1.20000 0.46675 0.06600
108100660 -1.20000 0.46675 0.06200
108100661 -1.20000 0.46675 0.05800
108100662 -1.20000 0.46675 0.05400
108100663 -1.20000 0.46675 0.05000
108100664 -1.20000 0.46675 0.04600
108100665 -1.20000 0.46675 0.04200
108100666 -1.20000 0.46675 0.03800
108100667 -1.20000 0.46675 0.03400
108100668 -1.20000 0.46675 0.03000
108100669 -1.20000 0.46675 0.02600
108100670 -1.20000 0.46675 0.02200
108100671 -1.20000 0.46675 0.01800
108100672 -1.20000 0.46675 0.01400
108100673 -1.20000 0.46675 0.01000
108100674 -1.20000 0.46675 0.00600
108100675 -1.20000 0.46675 0.00200
108100676 -1.20000 0.46675 -0.00200
108100677 -1.20000 0.46675 -0.00600
108100678 -1.20000 0.46675 -0.01000
108100679 -1.20000 0.46675 -0.01400
108100680 -1.20000 0.46675 -0.01800
108100681 -1.20000 0.46675 -0.02200
108100682 -1.20000 0.46675 -0.02600
108100683 -1.20000 0.46675 -0.03000
108100684 -1.20000 0.46675 -0.03400
108100685 -1.20000 0.46675 -0.03800
108100686 -1.20000 0.46675 -0.04200
108100687 -1.20000 0.46675 -0.04600
108100688 -1.20000 0.46675 -0.05000
108100689 -1.20000 0.46675 -0.05400
108100690 -1.20000 0.46675 -0.05800
108100691 -1.20000 0.46675 -0.06200
108100692 -1.20000 0.46675 -0.06600
108100693 -1.20000 0.46675 -0.07000
108100694 -1.20000 0.46675 -0.07400
108100695 -1.20000 0.46675 -0.07800
108100696 -1.20000 0.46675 -0.08200
108100697 -1.20000 0.46675 -0.08600
108100698 -1.20000 0.46675 -0.09000
108100699 -1.20000 0.46675 -0.09400
108100700 -1.20000 0.46675 -0.09800
108100701 -1.20000 0.46675 -0.10200
108100702 -1.20000 0.46675 -0.10600
108100703 -1.20000 0.46675 -0.11000
108100704 -1.20000 0.46675 -0.11400
108100705 -1.20000 0.46675 -0.11800
108100706 -1.20000 0.46675 -0.12200
108100707 -1.20000 0.46675 -0.12600
108100708 -1.20000 0.46675 -0.13000
108100709 -1.20000 0.46675 -0.13400
108100710 -1.20000 0.46675 -0.13800
108100711 -1.20000 0.46675 -0.14200
108100712 -1.20000 0.46675 -0.14600
108100713 -1.20000 0.46675 -0.15000
108100714 -1.20000 0.46675 -0.15400
108100715 -1.20000 0.46675 -0.15800
108100716 -1.20000 0.46675 -0.16200
108100717 -1.20000 0.46675 -0.16600
108100718 -1.20000 0.46675 -0.17000
108100719 -1.20000 0.46675 -0.17400
108100720 -1.20000 0.46675 -0.17800
108100721 -1.20000 0.46675 -0.18200
108100722 -1.20000 0.46675 -0.18600
108100723 -1.20000 0.46675 -0.19000
108100724 -1.20000 0.46675 -0.19400
108100725 -1.20000 0.46675 -0.19800
108100726 -1.20000 0.46675 -0.20200
108100727 -1.20000 0.46675 -0.20600
108100728 -1.20000 0.46675 -0.21000
108100729 -1.20000 0.46675 -0.21400
108100730 -1.20000 0.46675 -0.21800
108100731 -1.20000 0.46675 -0.22200
108100732 -1.20000 0.46675 -0.22600
108100733 -1.20000 0.46675 -0.23000
108100734 -1.20000 0.46675 -0.23400
108100735 -1.20000 0.46675 -0.23800
108100736 -1.20000 0.46675 -0.24200
108100737 -1.20000 0.46675 -0.24600
108100738 -1.20000 0.46675 -0.25000
108100739 -1.20000 0.46675 -0.25400
108100740 -1.20000 0.46675 -0.25800
108100741 -1.20000 0.46675 -0.26200
108100742 -1.20000 0.46675 -0.26600
108100743 -1.20000 0.46675 -0.27000
108100744 -1.20000 0.46675 -0.27400
108100745 -1.20000 0.46675 -0.27800
108100746 -1.20000 0.46675 -0.28200
108100747 -1.20000 0.46675 -0.28600
108100748 -1.20000 0.46675 -0.29000
108100749 -1.20000 0.46675 -0.29400
108100750 -1.20000 0.46675 -0.29800
108100751 -1.20000 0.48025 0.29800
108100752 -1.20000 0.48025 0.29400
108100753 -1.20000 0.48025 0.29000
108100754 -1.20000 0.48025 0.28600
108100755 -1.20000 0.48025 0.28200
108100756 -1.20000 0.48025 0.27800
108100757 -1.20000 0.48025 0.27400
108100758 -1.20000 0.48025 0.27000
108100759 -1.20000 0.48025 0.26600
108100760 -1.20000 0.48025 0.26200
108100761 -1.20000 0.48025 0.25800
108100762 -1.20000 0.48025 0.25400
108100763 -1.20000 0.48025 0.25000
108100764 -1.20000 0.48025 0.24600
108100765 -1.20000 0.48025 0.24200
108100766 -1.20000 0.48025 0.23800
108100767 -1.20000 0.48025 0.23400
108100768 -1.20000 0.48025 0.23000
108100769 -1.20000 0.48025 0.22600
108100770 -1.20000 0.48025 0.22200
108100771 -1.20000 0.48025 0.21800
108100772 -1.20000 0.48025 0.21400
108100773 -1.20000 0.48025 0.21000
108100774 -1.20000 0.48025 0.20600
108100775 -1.20000 0.48025 0.20200
108100776 -1.20000 0.48025 0.19800
108100777 -1.20000 0.48025 0.19400
108100778 -1.20000 0.48025 0.19000
108100779 -1.20000 0.48025 0.18600
108100780 -1.20000 0.48025 0.18200
108100781 -1.20000 0.48025 0.17800
108100782 -1.20000 0.48025 0.17400
108100783 -1.20000 0.48025 0.17000
108100784 -1.20000 0.48025 0.16600
108100785 -1.20000 0.48025 0.16200
108100786 -1.20000 0.48025 0.15800
108100787 -1.20000 0.48025 0.15400
108100788 -1.20000 0.48025 0.15000
108100789 -1.20000 0.48025 0.14600
108100790 -1.20000 0.48025 0.14200
108100791 -1.20000 0.48025 0.13800
108100792 -1.20000 0.48025 0.13400
108100793 -1.20000 0.48025 0.13000
108100794 -1.20000 0.48025 0.12600
108100795 -1.20000 0.48025 0.12200
108100796 -1.20000 0.48025 0.11800
108100797 -1.20000 0.48025 0.11400
108100798 -1.20000 0.48025 0.11000
108100799 -1.20000 0.48025 0.10600
108100800 -1.20000 0.48025 0.10200
108100801 -1.20000 0.48025 0.09800
108100802 -1.20000 0.48025 0.09400
108100803 -1.20000 0.48025 0.09000
108100804 -1.20000 0.48025 0.08600
108100805 -1.20000 0.48025 0.08200
108100806 -1.20000 0.48025 0.07800
108100807 -1.20000 0.48025 0.07400
108100808 -1.20000 0.48025 0.07000
108100809 -1.20000 0.48025 0.06600
108100810 -1.20000 0.48025 0.06200
108100811 -1.20000 0.48025 0.05800
108100812 -1.20000 0.48025 0.05400
108100813 -1.20000 0.48025 0.05000
108100814 -1.20000 0.48025 0.04600
108100815 -1.20000 0.48025 0.04200
108100816 -1.20000 0.48025 0.03800
108100817 -1.20000 0.48025 0.03400
108100818 -1.20000 0.48025 0.03000
108100819 -1.20000 0.48025 0.02600
108100820 -1.20000 0.48025 0.02200
108100821 -1.20000 0.48025 0.01800
108100822 -1.20000 0.48025 0.01400
108100823 -1.20000 0.48025 0.01000
108100824 -1.20000 0.48025 0.00600
108100825 -1.20000 0.48025 0.00200
108100826 -1.20000 0.48025 -0.00200
108100827 -1.20000 0.48025 -0.00600
108100828 -1.20000 0.48025 -0.01000
108100829 -1.20000 0.48025 -0.01400
108100830 -1.20000 0.48025 -0.01800
108100831 -1.20000 0.48025 -0.02200
108100832 -1.20000 0.48025 -0.02600
108100833 -1.20000 0.48025 -0.03000
108100834 -1.20000 0.48025 -0.03400
108100835 -1.20000 0.48025 -0.03800
108100836 -1.20000 0.48025 -0.04200
108100837 -1.20000 0.48025 -0.04600
108100838 -1.20000 0.48025 -0.05000
108100839 -1.20000 0.48025 -0.05400
108100840 -1.20000 0.48025 -0.05800
108100841 -1.20000 0.48025 -0.06200
108100842 -1.20000 0.48025 -0.06600
108100843 -1.20000 0.48025 -0.07000
108100844 -1.20000 0.48025 -0.07400
108100845 -1.20000 0.48025 -0.07800
108100846 -1.20000 0.48025 -0.08200
108100847 -1.20000 0.48025 -0.08600
108100848 -1.20000 0.48025 -0.09000
108100849 -1.20000 0.48025 -0.09400
108100850 -1.20000 0.48025 -0.09800
108100851 -1.20000 0.48025 -0.10200
108100852 -1.20000 0.48025 -0.10600
108100853 -1.20000 0.48025 -0.11000
108100854 -1.20000 0.48025 -0.11400
108100855 -1.20000 0.48025 -0.11800
108100856 -1.20000 0.48025 -0.12200
108100857 -1.20000 0.48025 -0.12600
108100858 -1.20000 0.48025 -0.13000
108100859 -1.20000 0.48025 -0.13400
108100860 -1.20000 0.48025 -0.13800
108100861 -1.20000 0.48025 -0.14200
108100862 -1.20000 0.48025 -0.14600
108100863 -1.20000 0.48025 -0.15000
108100864 -1.20000 0.48025 -0.15400
108100865 -1.20000 0.48025 -0.15800
108100866 -1.20000 0.48025 -0.16200
108100867 -1.20000 0.48025 -0.16600
108100868 -1.20000 0.48025 -0.17000
108100869 -1.20000 0.48025 -0.17400
108100870 -1.20000 0.48025 -0.17800
108100871 -1.20000 0.48025 -0.18200
108100872 -1.20000 0.48025 -0.18600
108100873 -1.20000 0.48025 -0.19000
108100874 -1.20000 0.48025 -0.19400
108100875 -1.20000 0.48025 -0.19800
108100876 -1.20000 0.48025 -0.20200
108100877 -1.20000 0.48025 -0.20600
108100878 -1.20000 0.48025 -0.21000
108100879 -1.20000 0.48025 -0.21400
108100880 -1.20000 0.48025 -0.21800
108100881 -1.20000 0.48025 -0.22200
108100882 -1.20000 0.48025 -0.22600
108100883 -1.20000 0.48025 -0.23000
108100884 -1.20000 0.48025 -0.23400
108100885 -1.20000 0.48025 -0.23800
108100886 -1.20000 0.48025 -0.24200
108100887 -1.20000 0.48025 -0.24600
108100888 -1.20000 0.48025 -0.25000
108100889 -1.20000 0.48025 -0.25400
108100890 -1.20000 0.48025 -0.25800
108100891 -1.20000 0.48025 -0.26200
108100892 -1.20000 0.48025 -0.26600
108100893 -1.20000 0.48025 -0.27000
108100894 -1.20000 0.48025 -0.27400
108100895 -1.20000 0.48025 -0.27800
108100896 -1.20000 0.48025 -0.28200
108100897 -1.20000 0.48025 -0.28600
108100898 -1.20000 0.48025 -0.29000
108100899 -1.20000 0.48025 -0.29400
108100900 -1.20000 0.48025 -0.29800
108100901 -1.20000 0.49375 0.29800
108100902 -1.20000 0.49375 0.29400
108100903 -1.20000 0.49375 0.29000
108100904 -1.20000 0.49375 0.28600
108100905 -1.20000 0.49375 0.28200
108100906 -1.20000 0.49375 0.27800
108100907 -1.20000 0.49375 0.27400
108100908 -1.20000 0.49375 0.27000
108100909 -1.20000 0.49375 0.26600
108100910 -1.20000 0.49375 0.26200
108100911 -1.20000 0.49375 0.25800
108100912 -1.20000 0.49375 0.25400
108100913 -1.20000 0.49375 0.25000
108100914 -1.20000 0.49375 0.24600
108100915 -1.20000 0.49375 0.24200
108100916 -1.20000 0.49375 0.23800
108100917 -1.20000 0.49375 0.23400
108100918 -1.20000 0.49375 0.23000
108100919 -1.20000 0.49375 0.22600
108100920 -1.20000 0.49375 0.22200
108100921 -1.20000 0.49375 0.21800
108100922 -1.20000 0.49375 0.21400
108100923 -1.20000 0.49375 0.21000
108100924 -1.20000 0.49375 0.20600
108100925 -1.20000 0.49375 0.20200
108100926 -1.20000 0.49375 0.19800
108100927 -1.20000 0.49375 0.19400
108100928 -1.20000 0.49375 0.19000
108100929 -1.20000 0.49375 0.18600
108100930 -1.20000 0.49375 0.18200
108100931 -1.20000 0.49375 0.17800
108100932 -1.20000 0.49375 0.17400
108100933 -1.20000 0.49375 0.17000
108100934 -1.20000 0.49375 0.16600
108100935 -1.20000 0.49375 0.16200
108100936 -1.20000 0.49375 0.15800
108100937 -1.20000 0.49375 0.15400
108100938 -1.20000 0.49375 0.15000
108100939 -1.20000 0.49375 0.14600
108100940 -1.20000 0.49375 0.14200
108100941 -1.20000 0.49375 0.13800
108100942 -1.20000 0.49375 0.13400
108100943 -1.20000 0.49375 0.13000
108100944 -1.20000 0.49375 0.12600
108100945 -1.20000 0.49375 0.12200
108100946 -1.20000 0.49375 0.11800
108100947 -1.20000 0.49375 0.11400
108100948 -1.20000 0.49375 0.11000
108100949 -1.20000 0.49375 0.10600
108100950 -1.20000 0.49375 0.10200
108100951 -1.20000 0.49375 0.09800
108100952 -1.20000 0.49375 0.09400
108100953 -1.20000 0.49375 0.09000
108100954 -1.20000 0.49375 0.08600
108100955 -1.20000 0.49375 0.08200
108100956 -1.20000 0.49375 0.07800
108100957 -1.20000 0.49375 0.07400
108100958 -1.20000 0.49375 0.07000
108100959 -1.20000 0.49375 0.06600
108100960 -1.20000 0.49375 0.06200
108100961 -1.20000 0.49375 0.05800
108100962 -1.20000 0.49375 0.05400
108100963 -1.20000 0.49375 0.05000
108100964 -1.20000 0.49375 0.04600
108100965 -1.20000 0.49375 0.04200
108100966 -1.20000 0.49375 0.03800
108100967 -1.20000 0.49375 0.03400
108100968 -1.20000 0.49375 0.03000
108100969 -1.20000 0.49375 0.02600
108100970 -1.20000 0.49375 0.02200
108100971 -1.20000 0.49375 0.01800
108100972 -1.20000 0.49375 0.01400
108100973 -1.20000 0.49375 0.01000
108100974 -1.20000 0.49375 0.00600
108100975 -1.20000 0.49375 0.00200
108100976 -1.20000 0.49375 -0.00200
108100977 -1.20000 0.49375 -0.00600
108100978 -1.20000 0.49375 -0.01000
108100979 -1.20000 0.49375 -0.01400
108100980 -1.20000 0.49375 -0.01800
108100981 -1.20000 0.49375 -0.02200
108100982 -1.20000 0.49375 -0.02600
108100983 -1.20000 0.49375 -0.03000
108100984 -1.20000 0.49375 -0.03400
108100985 -1.20000 0.49375 -0.03800
108100986 -1.20000 0.49375 -0.04200
108100987 -1.20000 0.49375 -0.04600
108100988 -1.20000 0.49375 -0.05000
108100989 -1.20000 0.49375 -0.05400
108100990 -1.20000 0.49375 -0.05800
108100991 -1.20000 0.49375 -0.06200
108100992 -1.20000 0.49375 -0.06600
108100993 -1.20000 0.49375 -0.07000
108100994 -1.20000 0.49375 -0.07400
108100995 -1.20000 0.49375 -0.07800
108100996 -1.20000 0.49375 -0.08200
108100997 -1.20000 0.49375 -0.08600
108100998 -1.20000 0.49375 -0.09000
108100999 -1.20000 0.49375 -0.09400
108101000 -1.20000 0.49375 -0.09800
108101001 -1.20000 0.49375 -0.10200
108101002 -1.20000 0.49375 -0.10600
108101003 -1.20000 0.49375 -0.11000
108101004 -1.20000 0.49375 -0.11400
108101005 -1.20000 0.49375 -0.11800
108101006 -1.20000 0.49375 -0.12200
108101007 -1.20000 0.49375 -0.12600
108101008 -1.20000 0.49375 -0.13000
108101009 -1.20000 0.49375 -0.13400
108101010 -1.20000 0.49375 -0.13800
108101011 -1.20000 0.49375 -0.14200
108101012 -1.20000 0.49375 -0.14600
108101013 -1.20000 0.49375 -0.15000
108101014 -1.20000 0.49375 -0.15400
108101015 -1.20000 0.49375 -0.15800
108101016 -1.20000 0.49375 -0.16200
108101017 -1.20000 0.49375 -0.16600
108101018 -1.20000 0.49375 -0.17000
108101019 -1.20000 0.49375 -0.17400
108101020 -1.20000 0.49375 -0.17800
108101021 -1.20000 0.49375 -0.18200
108101022 -1.20000 0.49375 -0.18600
108101023 -1.20000 0.49375 -0.19000
108101024 -1.20000 0.49375 -0.19400
108101025 -1.20000 0.49375 -0.19800
108101026 -1.20000 0.49375 -0.20200
108101027 -1.20000 0.49375 -0.20600
108101028 -1.20000 0.49375 -0.21000
108101029 -1.20000 0.49375 -0.21400
108101030 -1.20000 0.49375 -0.21800
108101031 -1.20000 0.49375 -0.22200
108101032 -1.20000 0.49375 -0.22600
108101033 -1.20000 0.49375 -0.23000
108101034 -1.20000 0.49375 -0.23400
108101035 -1.20000 0.49375 -0.23800
108101036 -1.20000 0.49375 -0.24200
108101037 -1.20000 0.49375 -0.24600
108101038 -1.20000 0.49375 -0.25000
108101039 -1.20000 0.49375 -0.25400
108101040 -1.20000 0.49375 -0.25800
108101041 -1.20000 0.49375 -0.26200
108101042 -1.20000 0.49375 -0.26600
108101043 -1.20000 0.49375 -0.27000
108101044 -1.20000 0.49375 -0.27400
108101045 -1.20000 0.49375 -0.27800
108101046 -1.20000 0.49375 -0.28200
108101047 -1.20000 0.49375 -0.28600
108101048 -1.20000 0.49375 -0.29000
108101049 -1.20000 0.49375 -0.29400
108101050 -1.20000 0.49375 -0.29800
108101051 -1.20000 0.50725 0.29800
108101052 -1.20000 0.50725 0.29400
108101053 -1.20000 0.50725 0.29000
108101054 -1.20000 0.50725 0.28600
108101055 -1.20000 0.50725 0.28200
108101056 -1.20000 0.50725 0.27800
108101057 -1.20000 0.50725 0.27400
108101058 -1.20000 0.50725 0.27000
108101059 -1.20000 0.50725 0.26600
108101060 -1.20000 0.50725 0.26200
108101061 -1.20000 0.50725 0.25800
108101062 -1.20000 0.50725 0.25400
108101063 -1.20000 0.50725 0.25000
108101064 -1.20000 0.50725 0.24600
108101065 -1.20000 0.50725 0.24200
108101066 -1.20000 0.50725 0.23800
108101067 -1.20000 0.50725 0.23400
108101068 -1.20000 0.50725 0.23000
108101069 -1.20000 0.50725 0.22600
108101070 -1.20000 0.50725 0.22200
108101071 -1.20000 0.50725 0.21800
108101072 -1.20000 0.50725 0.21400
108101073 -1.20000 0.50725 0.21000
108101074 -1.20000 0.50725 0.20600
108101075 -1.20000 0.50725 0.20200
108101076 -1.20000 0.50725 0.19800
108101077 -1.20000 0.50725 0.19400
108101078 -1.20000 0.50725 0.19000
108101079 -1.20000 0.50725 0.18600
108101080 -1.20000 0.50725 0.18200
108101081 -1.20000 0.50725 0.17800
108101082 -1.20000 0.50725 0.17400
108101083 -1.20000 0.50725 0.17000
108101084 -1.20000 0.50725 0.16600
108101085 -1.20000 0.50725 0.16200
108101086 -1.20000 0.50725 0.15800
108101087 -1.20000 0.50725 0.15400
108101088 -1.20000 0.50725 0.15000
108101089 -1.20000 0.50725 0.14600
108101090 -1.20000 0.50725 0.14200
108101091 -1.20000 0.50725 0.13800
108101092 -1.20000 0.50725 0.13400
108101093 -1.20000 0.50725 0.13000
108101094 -1.20000 0.50725 0.12600
108101095 -1.20000 0.50725 0.12200
108101096 -1.20000 0.50725 0.11800
108101097 -1.20000 0.50725 0.11400
108101098 -1.20000 0.50725 0.11000
108101099 -1.20000 0.50725 0.10600
108101100 -1.20000 0.50725 0.10200
108101101 -1.20000 0.50725 0.09800
108101102 -1.20000 0.50725 0.09400
108101103 -1.20000 0.50725 0.09000
108101104 -1.20000 0.50725 0.08600
108101105 -1.20000 0.50725 0.08200
108101106 -1.20000 0.50725 0.07800
108101107 -1.20000 0.50725 0.07400
108101108 -1.20000 0.50725 0.07000
108101109 -1.20000 0.50725 0.06600
108101110 -1.20000 0.50725 0.06200
108101111 -1.20000 0.50725 0.05800
108101112 -1.20000 0.50725 0.05400
108101113 -1.20000 0.50725 0.05000
108101114 -1.20000 0.50725 0.04600
108101115 -1.20000 0.50725 0.04200
108101116 -1.20000 0.50725 0.03800
108101117 -1.20000 0.50725 0.03400
108101118 -1.20000 0.50725 0.03000
108101119 -1.20000 0.50725 0.02600
108101120 -1.20000 0.50725 0.02200
108101121 -1.20000 0.50725 0.01800
108101122 -1.20000 0.50725 0.01400
108101123 -1.20000 0.50725 0.01000
108101124 -1.20000 0.50725 0.00600
108101125 -1.20000 0.50725 0.00200
108101126 -1.20000 0.50725 -0.00200
108101127 -1.20000 0.50725 -0.00600
108101128 -1.20000 0.50725 -0.01000
108101129 -1.20000 0.50725 -0.01400
108101130 -1.20000 0.50725 -0.01800
108101131 -1.20000 0.50725 -0.02200
108101132 -1.20000 0.50725 -0.02600
108101133 -1.20000 0.50725 -0.03000
108101134 -1.20000 0.50725 -0.03400
108101135 -1.20000 0.50725 -0.03800
108101136 -1.20000 0.50725 -0.04200
108101137 -1.20000 0.50725 -0.04600
108101138 -1.20000 0.50725 -0.05000
108101139 -1.20000 0.50725 -0.05400
108101140 -1.20000 0.50725 -0.05800
108101141 -1.20000 0.50725 -0.06200
108101142 -1.20000 0.50725 -0.06600
108101143 -1.20000 0.50725 -0.07000
108101144 -1.20000 0.50725 -0.07400
108101145 -1.20000 0.50725 -0.07800
108101146 -1.20000 0.50725 -0.08200
108101147 -1.20000 0.50725 -0.08600
108101148 -1.20000 0.50725 -0.09000
108101149 -1.20000 0.50725 -0.09400
108101150 -1.20000 0.50725 -0.09800
108101151 -1.20000 0.50725 -0.10200
108101152 -1.20000 0.50725 -0.10600
108101153 -1.20000 0.50725 -0.11000
108101154 -1.20000 0.50725 -0.11400
108101155 -1.20000 0.50725 -0.11800
108101156 -1.20000 0.50725 -0.12200
108101157 -1.20000 0.50725 -0.12600
108101158 -1.20000 0.50725 -0.13000
108101159 -1.20000 0.50725 -0.13400
108101160 -1.20000 0.50725 -0.13800
108101161 -1.20000 0.50725 -0.14200
108101162 -1.20000 0.50725 -0.14600
108101163 -1.20000 0.50725 -0.15000
108101164 -1.20000 0.50725 -0.15400
108101165 -1.20000 0.50725 -0.15800
108101166 -1.20000 0.50725 -0.16200
108101167 -1.20000 0.50725 -0.16600
108101168 -1.20000 0.50725 -0.17000
108101169 -1.20000 0.50725 -0.17400
108101170 -1.20000 0.50725 -0.17800
108101171 -1.20000 0.50725 -0.18200
108101172 -1.20000 0.50725 -0.18600
108101173 -1.20000 0.50725 -0.19000
108101174 -1.20000 0.50725 -0.19400
108101175 -1.20000 0.50725 -0.19800
108101176 -1.20000 0.50725 -0.20200
108101177 -1.20000 0.50725 -0.20600
108101178 -1.20000 0.50725 -0.21000
108101179 -1.20000 0.50725 -0.21400
108101180 -1.20000 0.50725 -0.21800
108101181 -1.20000 0.50725 -0.22200
108101182 -1.20000 0.50725 -0.22600
108101183 -1.20000 0.50725 -0.23000
108101184 -1.20000 0.50725 -0.23400
108101185 -1.20000 0.50725 -0.23800
108101186 -1.20000 0.50725 -0.24200
108101187 -1.20000 0.50725 -0.24600
108101188 -1.20000 0.50725 -0.25000
108101189 -1.20000 0.50725 -0.25400
108101190 -1.20000 0.50725 -0.25800
108101191 -1.20000 0.50725 -0.26200
108101192 -1.20000 0.50725 -0.26600
108101193 -1.20000 0.50725 -0.27000
108101194 -1.20000 0.50725 -0.27400
108101195 -1.20000 0.50725 -0.27800
108101196 -1.20000 0.50725 -0.28200
108101197 -1.20000 0.50725 -0.28600
108101198 -1.20000 0.50725 -0.29000
108101199 -1.20000 0.50725 -0.29400
108101200 -1.20000 0.50725 -0.29800
