# pixelID  x  y  z
112020001 1.08549 -0.61725 0.56338
112020002 1.08300 -0.61725 0.56651
112020003 1.08050 -0.61725 0.56964
112020004 1.07801 -0.61725 0.57276
112020005 1.07552 -0.61725 0.57589
112020006 1.07302 -0.61725 0.57902
112020007 1.07053 -0.61725 0.58215
112020008 1.06804 -0.61725 0.58528
112020009 1.06555 -0.61725 0.58840
112020010 1.06305 -0.61725 0.59153
112020011 1.06056 -0.61725 0.59466
112020012 1.05807 -0.61725 0.59779
112020013 1.05557 -0.61725 0.60092
112020014 1.05308 -0.61725 0.60404
112020015 1.05059 -0.61725 0.60717
112020016 1.04809 -0.61725 0.61030
112020017 1.04560 -0.61725 0.61343
112020018 1.04311 -0.61725 0.61656
112020019 1.04061 -0.61725 0.61968
112020020 1.03812 -0.61725 0.62281
112020021 1.03563 -0.61725 0.62594
112020022 1.03314 -0.61725 0.62907
112020023 1.03064 -0.61725 0.63220
112020024 1.02815 -0.61725 0.63532
112020025 1.02566 -0.61725 0.63845
112020026 1.02316 -0.61725 0.64158
112020027 1.02067 -0.61725 0.64471
112020028 1.01818 -0.61725 0.64784
112020029 1.01568 -0.61725 0.65097
112020030 1.01319 -0.61725 0.65409
112020031 1.01070 -0.61725 0.65722
112020032 1.00821 -0.61725 0.66035
112020033 1.00571 -0.61725 0.66348
112020034 1.00322 -0.61725 0.66661
112020035 1.00073 -0.61725 0.66973
112020036 0.99823 -0.61725 0.67286
112020037 0.99574 -0.61725 0.67599
112020038 0.99325 -0.61725 0.67912
112020039 0.99075 -0.61725 0.68225
112020040 0.98826 -0.61725 0.68537
112020041 0.98577 -0.61725 0.68850
112020042 0.98327 -0.61725 0.69163
112020043 0.98078 -0.61725 0.69476
112020044 0.97829 -0.61725 0.69789
112020045 0.97580 -0.61725 0.70101
112020046 0.97330 -0.61725 0.70414
112020047 0.97081 -0.61725 0.70727
112020048 0.96832 -0.61725 0.71040
112020049 0.96582 -0.61725 0.71353
112020050 0.96333 -0.61725 0.71665
112020051 0.96084 -0.61725 0.71978
112020052 0.95834 -0.61725 0.72291
112020053 0.95585 -0.61725 0.72604
112020054 0.95336 -0.61725 0.72917
112020055 0.95086 -0.61725 0.73229
112020056 0.94837 -0.61725 0.73542
112020057 0.94588 -0.61725 0.73855
112020058 0.94339 -0.61725 0.74168
112020059 0.94089 -0.61725 0.74481
112020060 0.93840 -0.61725 0.74793
112020061 0.93591 -0.61725 0.75106
112020062 0.93341 -0.61725 0.75419
112020063 0.93092 -0.61725 0.75732
112020064 0.92843 -0.61725 0.76045
112020065 0.92593 -0.61725 0.76357
112020066 0.92344 -0.61725 0.76670
112020067 0.92095 -0.61725 0.76983
112020068 0.91845 -0.61725 0.77296
112020069 0.91596 -0.61725 0.77609
112020070 0.91347 -0.61725 0.77921
112020071 0.91098 -0.61725 0.78234
112020072 0.90848 -0.61725 0.78547
112020073 0.90599 -0.61725 0.78860
112020074 0.90350 -0.61725 0.79173
112020075 0.90100 -0.61725 0.79486
112020076 0.89851 -0.61725 0.79798
112020077 0.89602 -0.61725 0.80111
112020078 0.89352 -0.61725 0.80424
112020079 0.89103 -0.61725 0.80737
112020080 0.88854 -0.61725 0.81050
112020081 0.88605 -0.61725 0.81362
112020082 0.88355 -0.61725 0.81675
112020083 0.88106 -0.61725 0.81988
112020084 0.87857 -0.61725 0.82301
112020085 0.87607 -0.61725 0.82614
112020086 0.87358 -0.61725 0.82926
112020087 0.87109 -0.61725 0.83239
112020088 0.86859 -0.61725 0.83552
112020089 0.86610 -0.61725 0.83865
112020090 0.86361 -0.61725 0.84178
112020091 0.86111 -0.61725 0.84490
112020092 0.85862 -0.61725 0.84803
112020093 0.85613 -0.61725 0.85116
112020094 0.85364 -0.61725 0.85429
112020095 0.85114 -0.61725 0.85742
112020096 0.84865 -0.61725 0.86054
112020097 0.84616 -0.61725 0.86367
112020098 0.84366 -0.61725 0.86680
112020099 0.84117 -0.61725 0.86993
112020100 0.83868 -0.61725 0.87306
112020101 0.83618 -0.61725 0.87618
112020102 0.83369 -0.61725 0.87931
112020103 0.83120 -0.61725 0.88244
112020104 0.82870 -0.61725 0.88557
112020105 0.82621 -0.61725 0.88870
112020106 0.82372 -0.61725 0.89182
112020107 0.82123 -0.61725 0.89495
112020108 0.81873 -0.61725 0.89808
112020109 0.81624 -0.61725 0.90121
112020110 0.81375 -0.61725 0.90434
112020111 0.81125 -0.61725 0.90746
112020112 0.80876 -0.61725 0.91059
112020113 0.80627 -0.61725 0.91372
112020114 0.80377 -0.61725 0.91685
112020115 0.80128 -0.61725 0.91998
112020116 0.79879 -0.61725 0.92310
112020117 0.79629 -0.61725 0.92623
112020118 0.79380 -0.61725 0.92936
112020119 0.79131 -0.61725 0.93249
112020120 0.78882 -0.61725 0.93562
112020121 0.78632 -0.61725 0.93874
112020122 0.78383 -0.61725 0.94187
112020123 0.78134 -0.61725 0.94500
112020124 0.77884 -0.61725 0.94813
112020125 0.77635 -0.61725 0.95126
112020126 0.77386 -0.61725 0.95439
112020127 0.77136 -0.61725 0.95751
112020128 0.76887 -0.61725 0.96064
112020129 0.76638 -0.61725 0.96377
112020130 0.76388 -0.61725 0.96690
112020131 0.76139 -0.61725 0.97003
112020132 0.75890 -0.61725 0.97315
112020133 0.75641 -0.61725 0.97628
112020134 0.75391 -0.61725 0.97941
112020135 0.75142 -0.61725 0.98254
112020136 0.74893 -0.61725 0.98567
112020137 0.74643 -0.61725 0.98879
112020138 0.74394 -0.61725 0.99192
112020139 0.74145 -0.61725 0.99505
112020140 0.73895 -0.61725 0.99818
112020141 0.73646 -0.61725 1.00131
112020142 0.73397 -0.61725 1.00443
112020143 0.73148 -0.61725 1.00756
112020144 0.72898 -0.61725 1.01069
112020145 0.72649 -0.61725 1.01382
112020146 0.72400 -0.61725 1.01695
112020147 0.72150 -0.61725 1.02007
112020148 0.71901 -0.61725 1.02320
112020149 0.71652 -0.61725 1.02633
112020150 0.71402 -0.61725 1.02946
112020151 1.08549 -0.60375 0.56338
112020152 1.08300 -0.60375 0.56651
112020153 1.08050 -0.60375 0.56964
112020154 1.07801 -0.60375 0.57276
112020155 1.07552 -0.60375 0.57589
112020156 1.07302 -0.60375 0.57902
112020157 1.07053 -0.60375 0.58215
112020158 1.06804 -0.60375 0.58528
112020159 1.06555 -0.60375 0.58840
112020160 1.06305 -0.60375 0.59153
112020161 1.06056 -0.60375 0.59466
112020162 1.05807 -0.60375 0.59779
112020163 1.05557 -0.60375 0.60092
112020164 1.05308 -0.60375 0.60404
112020165 1.05059 -0.60375 0.60717
112020166 1.04809 -0.60375 0.61030
112020167 1.04560 -0.60375 0.61343
112020168 1.04311 -0.60375 0.61656
112020169 1.04061 -0.60375 0.61968
112020170 1.03812 -0.60375 0.62281
112020171 1.03563 -0.60375 0.62594
112020172 1.03314 -0.60375 0.62907
112020173 1.03064 -0.60375 0.63220
112020174 1.02815 -0.60375 0.63532
112020175 1.02566 -0.60375 0.63845
112020176 1.02316 -0.60375 0.64158
112020177 1.02067 -0.60375 0.64471
112020178 1.01818 -0.60375 0.64784
112020179 1.01568 -0.60375 0.65097
112020180 1.01319 -0.60375 0.65409
112020181 1.01070 -0.60375 0.65722
112020182 1.00821 -0.60375 0.66035
112020183 1.00571 -0.60375 0.66348
112020184 1.00322 -0.60375 0.66661
112020185 1.00073 -0.60375 0.66973
112020186 0.99823 -0.60375 0.67286
112020187 0.99574 -0.60375 0.67599
112020188 0.99325 -0.60375 0.67912
112020189 0.99075 -0.60375 0.68225
112020190 0.98826 -0.60375 0.68537
112020191 0.98577 -0.60375 0.68850
112020192 0.98327 -0.60375 0.69163
112020193 0.98078 -0.60375 0.69476
112020194 0.97829 -0.60375 0.69789
112020195 0.97580 -0.60375 0.70101
112020196 0.97330 -0.60375 0.70414
112020197 0.97081 -0.60375 0.70727
112020198 0.96832 -0.60375 0.71040
112020199 0.96582 -0.60375 0.71353
112020200 0.96333 -0.60375 0.71665
112020201 0.96084 -0.60375 0.71978
112020202 0.95834 -0.60375 0.72291
112020203 0.95585 -0.60375 0.72604
112020204 0.95336 -0.60375 0.72917
112020205 0.95086 -0.60375 0.73229
112020206 0.94837 -0.60375 0.73542
112020207 0.94588 -0.60375 0.73855
112020208 0.94339 -0.60375 0.74168
112020209 0.94089 -0.60375 0.74481
112020210 0.93840 -0.60375 0.74793
112020211 0.93591 -0.60375 0.75106
112020212 0.93341 -0.60375 0.75419
112020213 0.93092 -0.60375 0.75732
112020214 0.92843 -0.60375 0.76045
112020215 0.92593 -0.60375 0.76357
112020216 0.92344 -0.60375 0.76670
112020217 0.92095 -0.60375 0.76983
112020218 0.91845 -0.60375 0.77296
112020219 0.91596 -0.60375 0.77609
112020220 0.91347 -0.60375 0.77921
112020221 0.91098 -0.60375 0.78234
112020222 0.90848 -0.60375 0.78547
112020223 0.90599 -0.60375 0.78860
112020224 0.90350 -0.60375 0.79173
112020225 0.90100 -0.60375 0.79486
112020226 0.89851 -0.60375 0.79798
112020227 0.89602 -0.60375 0.80111
112020228 0.89352 -0.60375 0.80424
112020229 0.89103 -0.60375 0.80737
112020230 0.88854 -0.60375 0.81050
112020231 0.88605 -0.60375 0.81362
112020232 0.88355 -0.60375 0.81675
112020233 0.88106 -0.60375 0.81988
112020234 0.87857 -0.60375 0.82301
112020235 0.87607 -0.60375 0.82614
112020236 0.87358 -0.60375 0.82926
112020237 0.87109 -0.60375 0.83239
112020238 0.86859 -0.60375 0.83552
112020239 0.86610 -0.60375 0.83865
112020240 0.86361 -0.60375 0.84178
112020241 0.86111 -0.60375 0.84490
112020242 0.85862 -0.60375 0.84803
112020243 0.85613 -0.60375 0.85116
112020244 0.85364 -0.60375 0.85429
112020245 0.85114 -0.60375 0.85742
112020246 0.84865 -0.60375 0.86054
112020247 0.84616 -0.60375 0.86367
112020248 0.84366 -0.60375 0.86680
112020249 0.84117 -0.60375 0.86993
112020250 0.83868 -0.60375 0.87306
112020251 0.83618 -0.60375 0.87618
112020252 0.83369 -0.60375 0.87931
112020253 0.83120 -0.60375 0.88244
112020254 0.82870 -0.60375 0.88557
112020255 0.82621 -0.60375 0.88870
112020256 0.82372 -0.60375 0.89182
112020257 0.82123 -0.60375 0.89495
112020258 0.81873 -0.60375 0.89808
112020259 0.81624 -0.60375 0.90121
112020260 0.81375 -0.60375 0.90434
112020261 0.81125 -0.60375 0.90746
112020262 0.80876 -0.60375 0.91059
112020263 0.80627 -0.60375 0.91372
112020264 0.80377 -0.60375 0.91685
112020265 0.80128 -0.60375 0.91998
112020266 0.79879 -0.60375 0.92310
112020267 0.79629 -0.60375 0.92623
112020268 0.79380 -0.60375 0.92936
112020269 0.79131 -0.60375 0.93249
112020270 0.78882 -0.60375 0.93562
112020271 0.78632 -0.60375 0.93874
112020272 0.78383 -0.60375 0.94187
112020273 0.78134 -0.60375 0.94500
112020274 0.77884 -0.60375 0.94813
112020275 0.77635 -0.60375 0.95126
112020276 0.77386 -0.60375 0.95439
112020277 0.77136 -0.60375 0.95751
112020278 0.76887 -0.60375 0.96064
112020279 0.76638 -0.60375 0.96377
112020280 0.76388 -0.60375 0.96690
112020281 0.76139 -0.60375 0.97003
112020282 0.75890 -0.60375 0.97315
112020283 0.75641 -0.60375 0.97628
112020284 0.75391 -0.60375 0.97941
112020285 0.75142 -0.60375 0.98254
112020286 0.74893 -0.60375 0.98567
112020287 0.74643 -0.60375 0.98879
112020288 0.74394 -0.60375 0.99192
112020289 0.74145 -0.60375 0.99505
112020290 0.73895 -0.60375 0.99818
112020291 0.73646 -0.60375 1.00131
112020292 0.73397 -0.60375 1.00443
112020293 0.73148 -0.60375 1.00756
112020294 0.72898 -0.60375 1.01069
112020295 0.72649 -0.60375 1.01382
112020296 0.72400 -0.60375 1.01695
112020297 0.72150 -0.60375 1.02007
112020298 0.71901 -0.60375 1.02320
112020299 0.71652 -0.60375 1.02633
112020300 0.71402 -0.60375 1.02946
112020301 1.08549 -0.59025 0.56338
112020302 1.08300 -0.59025 0.56651
112020303 1.08050 -0.59025 0.56964
112020304 1.07801 -0.59025 0.57276
112020305 1.07552 -0.59025 0.57589
112020306 1.07302 -0.59025 0.57902
112020307 1.07053 -0.59025 0.58215
112020308 1.06804 -0.59025 0.58528
112020309 1.06555 -0.59025 0.58840
112020310 1.06305 -0.59025 0.59153
112020311 1.06056 -0.59025 0.59466
112020312 1.05807 -0.59025 0.59779
112020313 1.05557 -0.59025 0.60092
112020314 1.05308 -0.59025 0.60404
112020315 1.05059 -0.59025 0.60717
112020316 1.04809 -0.59025 0.61030
112020317 1.04560 -0.59025 0.61343
112020318 1.04311 -0.59025 0.61656
112020319 1.04061 -0.59025 0.61968
112020320 1.03812 -0.59025 0.62281
112020321 1.03563 -0.59025 0.62594
112020322 1.03314 -0.59025 0.62907
112020323 1.03064 -0.59025 0.63220
112020324 1.02815 -0.59025 0.63532
112020325 1.02566 -0.59025 0.63845
112020326 1.02316 -0.59025 0.64158
112020327 1.02067 -0.59025 0.64471
112020328 1.01818 -0.59025 0.64784
112020329 1.01568 -0.59025 0.65097
112020330 1.01319 -0.59025 0.65409
112020331 1.01070 -0.59025 0.65722
112020332 1.00821 -0.59025 0.66035
112020333 1.00571 -0.59025 0.66348
112020334 1.00322 -0.59025 0.66661
112020335 1.00073 -0.59025 0.66973
112020336 0.99823 -0.59025 0.67286
112020337 0.99574 -0.59025 0.67599
112020338 0.99325 -0.59025 0.67912
112020339 0.99075 -0.59025 0.68225
112020340 0.98826 -0.59025 0.68537
112020341 0.98577 -0.59025 0.68850
112020342 0.98327 -0.59025 0.69163
112020343 0.98078 -0.59025 0.69476
112020344 0.97829 -0.59025 0.69789
112020345 0.97580 -0.59025 0.70101
112020346 0.97330 -0.59025 0.70414
112020347 0.97081 -0.59025 0.70727
112020348 0.96832 -0.59025 0.71040
112020349 0.96582 -0.59025 0.71353
112020350 0.96333 -0.59025 0.71665
112020351 0.96084 -0.59025 0.71978
112020352 0.95834 -0.59025 0.72291
112020353 0.95585 -0.59025 0.72604
112020354 0.95336 -0.59025 0.72917
112020355 0.95086 -0.59025 0.73229
112020356 0.94837 -0.59025 0.73542
112020357 0.94588 -0.59025 0.73855
112020358 0.94339 -0.59025 0.74168
112020359 0.94089 -0.59025 0.74481
112020360 0.93840 -0.59025 0.74793
112020361 0.93591 -0.59025 0.75106
112020362 0.93341 -0.59025 0.75419
112020363 0.93092 -0.59025 0.75732
112020364 0.92843 -0.59025 0.76045
112020365 0.92593 -0.59025 0.76357
112020366 0.92344 -0.59025 0.76670
112020367 0.92095 -0.59025 0.76983
112020368 0.91845 -0.59025 0.77296
112020369 0.91596 -0.59025 0.77609
112020370 0.91347 -0.59025 0.77921
112020371 0.91098 -0.59025 0.78234
112020372 0.90848 -0.59025 0.78547
112020373 0.90599 -0.59025 0.78860
112020374 0.90350 -0.59025 0.79173
112020375 0.90100 -0.59025 0.79486
112020376 0.89851 -0.59025 0.79798
112020377 0.89602 -0.59025 0.80111
112020378 0.89352 -0.59025 0.80424
112020379 0.89103 -0.59025 0.80737
112020380 0.88854 -0.59025 0.81050
112020381 0.88605 -0.59025 0.81362
112020382 0.88355 -0.59025 0.81675
112020383 0.88106 -0.59025 0.81988
112020384 0.87857 -0.59025 0.82301
112020385 0.87607 -0.59025 0.82614
112020386 0.87358 -0.59025 0.82926
112020387 0.87109 -0.59025 0.83239
112020388 0.86859 -0.59025 0.83552
112020389 0.86610 -0.59025 0.83865
112020390 0.86361 -0.59025 0.84178
112020391 0.86111 -0.59025 0.84490
112020392 0.85862 -0.59025 0.84803
112020393 0.85613 -0.59025 0.85116
112020394 0.85364 -0.59025 0.85429
112020395 0.85114 -0.59025 0.85742
112020396 0.84865 -0.59025 0.86054
112020397 0.84616 -0.59025 0.86367
112020398 0.84366 -0.59025 0.86680
112020399 0.84117 -0.59025 0.86993
112020400 0.83868 -0.59025 0.87306
112020401 0.83618 -0.59025 0.87618
112020402 0.83369 -0.59025 0.87931
112020403 0.83120 -0.59025 0.88244
112020404 0.82870 -0.59025 0.88557
112020405 0.82621 -0.59025 0.88870
112020406 0.82372 -0.59025 0.89182
112020407 0.82123 -0.59025 0.89495
112020408 0.81873 -0.59025 0.89808
112020409 0.81624 -0.59025 0.90121
112020410 0.81375 -0.59025 0.90434
112020411 0.81125 -0.59025 0.90746
112020412 0.80876 -0.59025 0.91059
112020413 0.80627 -0.59025 0.91372
112020414 0.80377 -0.59025 0.91685
112020415 0.80128 -0.59025 0.91998
112020416 0.79879 -0.59025 0.92310
112020417 0.79629 -0.59025 0.92623
112020418 0.79380 -0.59025 0.92936
112020419 0.79131 -0.59025 0.93249
112020420 0.78882 -0.59025 0.93562
112020421 0.78632 -0.59025 0.93874
112020422 0.78383 -0.59025 0.94187
112020423 0.78134 -0.59025 0.94500
112020424 0.77884 -0.59025 0.94813
112020425 0.77635 -0.59025 0.95126
112020426 0.77386 -0.59025 0.95439
112020427 0.77136 -0.59025 0.95751
112020428 0.76887 -0.59025 0.96064
112020429 0.76638 -0.59025 0.96377
112020430 0.76388 -0.59025 0.96690
112020431 0.76139 -0.59025 0.97003
112020432 0.75890 -0.59025 0.97315
112020433 0.75641 -0.59025 0.97628
112020434 0.75391 -0.59025 0.97941
112020435 0.75142 -0.59025 0.98254
112020436 0.74893 -0.59025 0.98567
112020437 0.74643 -0.59025 0.98879
112020438 0.74394 -0.59025 0.99192
112020439 0.74145 -0.59025 0.99505
112020440 0.73895 -0.59025 0.99818
112020441 0.73646 -0.59025 1.00131
112020442 0.73397 -0.59025 1.00443
112020443 0.73148 -0.59025 1.00756
112020444 0.72898 -0.59025 1.01069
112020445 0.72649 -0.59025 1.01382
112020446 0.72400 -0.59025 1.01695
112020447 0.72150 -0.59025 1.02007
112020448 0.71901 -0.59025 1.02320
112020449 0.71652 -0.59025 1.02633
112020450 0.71402 -0.59025 1.02946
112020451 1.08549 -0.57675 0.56338
112020452 1.08300 -0.57675 0.56651
112020453 1.08050 -0.57675 0.56964
112020454 1.07801 -0.57675 0.57276
112020455 1.07552 -0.57675 0.57589
112020456 1.07302 -0.57675 0.57902
112020457 1.07053 -0.57675 0.58215
112020458 1.06804 -0.57675 0.58528
112020459 1.06555 -0.57675 0.58840
112020460 1.06305 -0.57675 0.59153
112020461 1.06056 -0.57675 0.59466
112020462 1.05807 -0.57675 0.59779
112020463 1.05557 -0.57675 0.60092
112020464 1.05308 -0.57675 0.60404
112020465 1.05059 -0.57675 0.60717
112020466 1.04809 -0.57675 0.61030
112020467 1.04560 -0.57675 0.61343
112020468 1.04311 -0.57675 0.61656
112020469 1.04061 -0.57675 0.61968
112020470 1.03812 -0.57675 0.62281
112020471 1.03563 -0.57675 0.62594
112020472 1.03314 -0.57675 0.62907
112020473 1.03064 -0.57675 0.63220
112020474 1.02815 -0.57675 0.63532
112020475 1.02566 -0.57675 0.63845
112020476 1.02316 -0.57675 0.64158
112020477 1.02067 -0.57675 0.64471
112020478 1.01818 -0.57675 0.64784
112020479 1.01568 -0.57675 0.65097
112020480 1.01319 -0.57675 0.65409
112020481 1.01070 -0.57675 0.65722
112020482 1.00821 -0.57675 0.66035
112020483 1.00571 -0.57675 0.66348
112020484 1.00322 -0.57675 0.66661
112020485 1.00073 -0.57675 0.66973
112020486 0.99823 -0.57675 0.67286
112020487 0.99574 -0.57675 0.67599
112020488 0.99325 -0.57675 0.67912
112020489 0.99075 -0.57675 0.68225
112020490 0.98826 -0.57675 0.68537
112020491 0.98577 -0.57675 0.68850
112020492 0.98327 -0.57675 0.69163
112020493 0.98078 -0.57675 0.69476
112020494 0.97829 -0.57675 0.69789
112020495 0.97580 -0.57675 0.70101
112020496 0.97330 -0.57675 0.70414
112020497 0.97081 -0.57675 0.70727
112020498 0.96832 -0.57675 0.71040
112020499 0.96582 -0.57675 0.71353
112020500 0.96333 -0.57675 0.71665
112020501 0.96084 -0.57675 0.71978
112020502 0.95834 -0.57675 0.72291
112020503 0.95585 -0.57675 0.72604
112020504 0.95336 -0.57675 0.72917
112020505 0.95086 -0.57675 0.73229
112020506 0.94837 -0.57675 0.73542
112020507 0.94588 -0.57675 0.73855
112020508 0.94339 -0.57675 0.74168
112020509 0.94089 -0.57675 0.74481
112020510 0.93840 -0.57675 0.74793
112020511 0.93591 -0.57675 0.75106
112020512 0.93341 -0.57675 0.75419
112020513 0.93092 -0.57675 0.75732
112020514 0.92843 -0.57675 0.76045
112020515 0.92593 -0.57675 0.76357
112020516 0.92344 -0.57675 0.76670
112020517 0.92095 -0.57675 0.76983
112020518 0.91845 -0.57675 0.77296
112020519 0.91596 -0.57675 0.77609
112020520 0.91347 -0.57675 0.77921
112020521 0.91098 -0.57675 0.78234
112020522 0.90848 -0.57675 0.78547
112020523 0.90599 -0.57675 0.78860
112020524 0.90350 -0.57675 0.79173
112020525 0.90100 -0.57675 0.79486
112020526 0.89851 -0.57675 0.79798
112020527 0.89602 -0.57675 0.80111
112020528 0.89352 -0.57675 0.80424
112020529 0.89103 -0.57675 0.80737
112020530 0.88854 -0.57675 0.81050
112020531 0.88605 -0.57675 0.81362
112020532 0.88355 -0.57675 0.81675
112020533 0.88106 -0.57675 0.81988
112020534 0.87857 -0.57675 0.82301
112020535 0.87607 -0.57675 0.82614
112020536 0.87358 -0.57675 0.82926
112020537 0.87109 -0.57675 0.83239
112020538 0.86859 -0.57675 0.83552
112020539 0.86610 -0.57675 0.83865
112020540 0.86361 -0.57675 0.84178
112020541 0.86111 -0.57675 0.84490
112020542 0.85862 -0.57675 0.84803
112020543 0.85613 -0.57675 0.85116
112020544 0.85364 -0.57675 0.85429
112020545 0.85114 -0.57675 0.85742
112020546 0.84865 -0.57675 0.86054
112020547 0.84616 -0.57675 0.86367
112020548 0.84366 -0.57675 0.86680
112020549 0.84117 -0.57675 0.86993
112020550 0.83868 -0.57675 0.87306
112020551 0.83618 -0.57675 0.87618
112020552 0.83369 -0.57675 0.87931
112020553 0.83120 -0.57675 0.88244
112020554 0.82870 -0.57675 0.88557
112020555 0.82621 -0.57675 0.88870
112020556 0.82372 -0.57675 0.89182
112020557 0.82123 -0.57675 0.89495
112020558 0.81873 -0.57675 0.89808
112020559 0.81624 -0.57675 0.90121
112020560 0.81375 -0.57675 0.90434
112020561 0.81125 -0.57675 0.90746
112020562 0.80876 -0.57675 0.91059
112020563 0.80627 -0.57675 0.91372
112020564 0.80377 -0.57675 0.91685
112020565 0.80128 -0.57675 0.91998
112020566 0.79879 -0.57675 0.92310
112020567 0.79629 -0.57675 0.92623
112020568 0.79380 -0.57675 0.92936
112020569 0.79131 -0.57675 0.93249
112020570 0.78882 -0.57675 0.93562
112020571 0.78632 -0.57675 0.93874
112020572 0.78383 -0.57675 0.94187
112020573 0.78134 -0.57675 0.94500
112020574 0.77884 -0.57675 0.94813
112020575 0.77635 -0.57675 0.95126
112020576 0.77386 -0.57675 0.95439
112020577 0.77136 -0.57675 0.95751
112020578 0.76887 -0.57675 0.96064
112020579 0.76638 -0.57675 0.96377
112020580 0.76388 -0.57675 0.96690
112020581 0.76139 -0.57675 0.97003
112020582 0.75890 -0.57675 0.97315
112020583 0.75641 -0.57675 0.97628
112020584 0.75391 -0.57675 0.97941
112020585 0.75142 -0.57675 0.98254
112020586 0.74893 -0.57675 0.98567
112020587 0.74643 -0.57675 0.98879
112020588 0.74394 -0.57675 0.99192
112020589 0.74145 -0.57675 0.99505
112020590 0.73895 -0.57675 0.99818
112020591 0.73646 -0.57675 1.00131
112020592 0.73397 -0.57675 1.00443
112020593 0.73148 -0.57675 1.00756
112020594 0.72898 -0.57675 1.01069
112020595 0.72649 -0.57675 1.01382
112020596 0.72400 -0.57675 1.01695
112020597 0.72150 -0.57675 1.02007
112020598 0.71901 -0.57675 1.02320
112020599 0.71652 -0.57675 1.02633
112020600 0.71402 -0.57675 1.02946
112020601 1.08549 -0.56325 0.56338
112020602 1.08300 -0.56325 0.56651
112020603 1.08050 -0.56325 0.56964
112020604 1.07801 -0.56325 0.57276
112020605 1.07552 -0.56325 0.57589
112020606 1.07302 -0.56325 0.57902
112020607 1.07053 -0.56325 0.58215
112020608 1.06804 -0.56325 0.58528
112020609 1.06555 -0.56325 0.58840
112020610 1.06305 -0.56325 0.59153
112020611 1.06056 -0.56325 0.59466
112020612 1.05807 -0.56325 0.59779
112020613 1.05557 -0.56325 0.60092
112020614 1.05308 -0.56325 0.60404
112020615 1.05059 -0.56325 0.60717
112020616 1.04809 -0.56325 0.61030
112020617 1.04560 -0.56325 0.61343
112020618 1.04311 -0.56325 0.61656
112020619 1.04061 -0.56325 0.61968
112020620 1.03812 -0.56325 0.62281
112020621 1.03563 -0.56325 0.62594
112020622 1.03314 -0.56325 0.62907
112020623 1.03064 -0.56325 0.63220
112020624 1.02815 -0.56325 0.63532
112020625 1.02566 -0.56325 0.63845
112020626 1.02316 -0.56325 0.64158
112020627 1.02067 -0.56325 0.64471
112020628 1.01818 -0.56325 0.64784
112020629 1.01568 -0.56325 0.65097
112020630 1.01319 -0.56325 0.65409
112020631 1.01070 -0.56325 0.65722
112020632 1.00821 -0.56325 0.66035
112020633 1.00571 -0.56325 0.66348
112020634 1.00322 -0.56325 0.66661
112020635 1.00073 -0.56325 0.66973
112020636 0.99823 -0.56325 0.67286
112020637 0.99574 -0.56325 0.67599
112020638 0.99325 -0.56325 0.67912
112020639 0.99075 -0.56325 0.68225
112020640 0.98826 -0.56325 0.68537
112020641 0.98577 -0.56325 0.68850
112020642 0.98327 -0.56325 0.69163
112020643 0.98078 -0.56325 0.69476
112020644 0.97829 -0.56325 0.69789
112020645 0.97580 -0.56325 0.70101
112020646 0.97330 -0.56325 0.70414
112020647 0.97081 -0.56325 0.70727
112020648 0.96832 -0.56325 0.71040
112020649 0.96582 -0.56325 0.71353
112020650 0.96333 -0.56325 0.71665
112020651 0.96084 -0.56325 0.71978
112020652 0.95834 -0.56325 0.72291
112020653 0.95585 -0.56325 0.72604
112020654 0.95336 -0.56325 0.72917
112020655 0.95086 -0.56325 0.73229
112020656 0.94837 -0.56325 0.73542
112020657 0.94588 -0.56325 0.73855
112020658 0.94339 -0.56325 0.74168
112020659 0.94089 -0.56325 0.74481
112020660 0.93840 -0.56325 0.74793
112020661 0.93591 -0.56325 0.75106
112020662 0.93341 -0.56325 0.75419
112020663 0.93092 -0.56325 0.75732
112020664 0.92843 -0.56325 0.76045
112020665 0.92593 -0.56325 0.76357
112020666 0.92344 -0.56325 0.76670
112020667 0.92095 -0.56325 0.76983
112020668 0.91845 -0.56325 0.77296
112020669 0.91596 -0.56325 0.77609
112020670 0.91347 -0.56325 0.77921
112020671 0.91098 -0.56325 0.78234
112020672 0.90848 -0.56325 0.78547
112020673 0.90599 -0.56325 0.78860
112020674 0.90350 -0.56325 0.79173
112020675 0.90100 -0.56325 0.79486
112020676 0.89851 -0.56325 0.79798
112020677 0.89602 -0.56325 0.80111
112020678 0.89352 -0.56325 0.80424
112020679 0.89103 -0.56325 0.80737
112020680 0.88854 -0.56325 0.81050
112020681 0.88605 -0.56325 0.81362
112020682 0.88355 -0.56325 0.81675
112020683 0.88106 -0.56325 0.81988
112020684 0.87857 -0.56325 0.82301
112020685 0.87607 -0.56325 0.82614
112020686 0.87358 -0.56325 0.82926
112020687 0.87109 -0.56325 0.83239
112020688 0.86859 -0.56325 0.83552
112020689 0.86610 -0.56325 0.83865
112020690 0.86361 -0.56325 0.84178
112020691 0.86111 -0.56325 0.84490
112020692 0.85862 -0.56325 0.84803
112020693 0.85613 -0.56325 0.85116
112020694 0.85364 -0.56325 0.85429
112020695 0.85114 -0.56325 0.85742
112020696 0.84865 -0.56325 0.86054
112020697 0.84616 -0.56325 0.86367
112020698 0.84366 -0.56325 0.86680
112020699 0.84117 -0.56325 0.86993
112020700 0.83868 -0.56325 0.87306
112020701 0.83618 -0.56325 0.87618
112020702 0.83369 -0.56325 0.87931
112020703 0.83120 -0.56325 0.88244
112020704 0.82870 -0.56325 0.88557
112020705 0.82621 -0.56325 0.88870
112020706 0.82372 -0.56325 0.89182
112020707 0.82123 -0.56325 0.89495
112020708 0.81873 -0.56325 0.89808
112020709 0.81624 -0.56325 0.90121
112020710 0.81375 -0.56325 0.90434
112020711 0.81125 -0.56325 0.90746
112020712 0.80876 -0.56325 0.91059
112020713 0.80627 -0.56325 0.91372
112020714 0.80377 -0.56325 0.91685
112020715 0.80128 -0.56325 0.91998
112020716 0.79879 -0.56325 0.92310
112020717 0.79629 -0.56325 0.92623
112020718 0.79380 -0.56325 0.92936
112020719 0.79131 -0.56325 0.93249
112020720 0.78882 -0.56325 0.93562
112020721 0.78632 -0.56325 0.93874
112020722 0.78383 -0.56325 0.94187
112020723 0.78134 -0.56325 0.94500
112020724 0.77884 -0.56325 0.94813
112020725 0.77635 -0.56325 0.95126
112020726 0.77386 -0.56325 0.95439
112020727 0.77136 -0.56325 0.95751
112020728 0.76887 -0.56325 0.96064
112020729 0.76638 -0.56325 0.96377
112020730 0.76388 -0.56325 0.96690
112020731 0.76139 -0.56325 0.97003
112020732 0.75890 -0.56325 0.97315
112020733 0.75641 -0.56325 0.97628
112020734 0.75391 -0.56325 0.97941
112020735 0.75142 -0.56325 0.98254
112020736 0.74893 -0.56325 0.98567
112020737 0.74643 -0.56325 0.98879
112020738 0.74394 -0.56325 0.99192
112020739 0.74145 -0.56325 0.99505
112020740 0.73895 -0.56325 0.99818
112020741 0.73646 -0.56325 1.00131
112020742 0.73397 -0.56325 1.00443
112020743 0.73148 -0.56325 1.00756
112020744 0.72898 -0.56325 1.01069
112020745 0.72649 -0.56325 1.01382
112020746 0.72400 -0.56325 1.01695
112020747 0.72150 -0.56325 1.02007
112020748 0.71901 -0.56325 1.02320
112020749 0.71652 -0.56325 1.02633
112020750 0.71402 -0.56325 1.02946
112020751 1.08549 -0.54975 0.56338
112020752 1.08300 -0.54975 0.56651
112020753 1.08050 -0.54975 0.56964
112020754 1.07801 -0.54975 0.57276
112020755 1.07552 -0.54975 0.57589
112020756 1.07302 -0.54975 0.57902
112020757 1.07053 -0.54975 0.58215
112020758 1.06804 -0.54975 0.58528
112020759 1.06555 -0.54975 0.58840
112020760 1.06305 -0.54975 0.59153
112020761 1.06056 -0.54975 0.59466
112020762 1.05807 -0.54975 0.59779
112020763 1.05557 -0.54975 0.60092
112020764 1.05308 -0.54975 0.60404
112020765 1.05059 -0.54975 0.60717
112020766 1.04809 -0.54975 0.61030
112020767 1.04560 -0.54975 0.61343
112020768 1.04311 -0.54975 0.61656
112020769 1.04061 -0.54975 0.61968
112020770 1.03812 -0.54975 0.62281
112020771 1.03563 -0.54975 0.62594
112020772 1.03314 -0.54975 0.62907
112020773 1.03064 -0.54975 0.63220
112020774 1.02815 -0.54975 0.63532
112020775 1.02566 -0.54975 0.63845
112020776 1.02316 -0.54975 0.64158
112020777 1.02067 -0.54975 0.64471
112020778 1.01818 -0.54975 0.64784
112020779 1.01568 -0.54975 0.65097
112020780 1.01319 -0.54975 0.65409
112020781 1.01070 -0.54975 0.65722
112020782 1.00821 -0.54975 0.66035
112020783 1.00571 -0.54975 0.66348
112020784 1.00322 -0.54975 0.66661
112020785 1.00073 -0.54975 0.66973
112020786 0.99823 -0.54975 0.67286
112020787 0.99574 -0.54975 0.67599
112020788 0.99325 -0.54975 0.67912
112020789 0.99075 -0.54975 0.68225
112020790 0.98826 -0.54975 0.68537
112020791 0.98577 -0.54975 0.68850
112020792 0.98327 -0.54975 0.69163
112020793 0.98078 -0.54975 0.69476
112020794 0.97829 -0.54975 0.69789
112020795 0.97580 -0.54975 0.70101
112020796 0.97330 -0.54975 0.70414
112020797 0.97081 -0.54975 0.70727
112020798 0.96832 -0.54975 0.71040
112020799 0.96582 -0.54975 0.71353
112020800 0.96333 -0.54975 0.71665
112020801 0.96084 -0.54975 0.71978
112020802 0.95834 -0.54975 0.72291
112020803 0.95585 -0.54975 0.72604
112020804 0.95336 -0.54975 0.72917
112020805 0.95086 -0.54975 0.73229
112020806 0.94837 -0.54975 0.73542
112020807 0.94588 -0.54975 0.73855
112020808 0.94339 -0.54975 0.74168
112020809 0.94089 -0.54975 0.74481
112020810 0.93840 -0.54975 0.74793
112020811 0.93591 -0.54975 0.75106
112020812 0.93341 -0.54975 0.75419
112020813 0.93092 -0.54975 0.75732
112020814 0.92843 -0.54975 0.76045
112020815 0.92593 -0.54975 0.76357
112020816 0.92344 -0.54975 0.76670
112020817 0.92095 -0.54975 0.76983
112020818 0.91845 -0.54975 0.77296
112020819 0.91596 -0.54975 0.77609
112020820 0.91347 -0.54975 0.77921
112020821 0.91098 -0.54975 0.78234
112020822 0.90848 -0.54975 0.78547
112020823 0.90599 -0.54975 0.78860
112020824 0.90350 -0.54975 0.79173
112020825 0.90100 -0.54975 0.79486
112020826 0.89851 -0.54975 0.79798
112020827 0.89602 -0.54975 0.80111
112020828 0.89352 -0.54975 0.80424
112020829 0.89103 -0.54975 0.80737
112020830 0.88854 -0.54975 0.81050
112020831 0.88605 -0.54975 0.81362
112020832 0.88355 -0.54975 0.81675
112020833 0.88106 -0.54975 0.81988
112020834 0.87857 -0.54975 0.82301
112020835 0.87607 -0.54975 0.82614
112020836 0.87358 -0.54975 0.82926
112020837 0.87109 -0.54975 0.83239
112020838 0.86859 -0.54975 0.83552
112020839 0.86610 -0.54975 0.83865
112020840 0.86361 -0.54975 0.84178
112020841 0.86111 -0.54975 0.84490
112020842 0.85862 -0.54975 0.84803
112020843 0.85613 -0.54975 0.85116
112020844 0.85364 -0.54975 0.85429
112020845 0.85114 -0.54975 0.85742
112020846 0.84865 -0.54975 0.86054
112020847 0.84616 -0.54975 0.86367
112020848 0.84366 -0.54975 0.86680
112020849 0.84117 -0.54975 0.86993
112020850 0.83868 -0.54975 0.87306
112020851 0.83618 -0.54975 0.87618
112020852 0.83369 -0.54975 0.87931
112020853 0.83120 -0.54975 0.88244
112020854 0.82870 -0.54975 0.88557
112020855 0.82621 -0.54975 0.88870
112020856 0.82372 -0.54975 0.89182
112020857 0.82123 -0.54975 0.89495
112020858 0.81873 -0.54975 0.89808
112020859 0.81624 -0.54975 0.90121
112020860 0.81375 -0.54975 0.90434
112020861 0.81125 -0.54975 0.90746
112020862 0.80876 -0.54975 0.91059
112020863 0.80627 -0.54975 0.91372
112020864 0.80377 -0.54975 0.91685
112020865 0.80128 -0.54975 0.91998
112020866 0.79879 -0.54975 0.92310
112020867 0.79629 -0.54975 0.92623
112020868 0.79380 -0.54975 0.92936
112020869 0.79131 -0.54975 0.93249
112020870 0.78882 -0.54975 0.93562
112020871 0.78632 -0.54975 0.93874
112020872 0.78383 -0.54975 0.94187
112020873 0.78134 -0.54975 0.94500
112020874 0.77884 -0.54975 0.94813
112020875 0.77635 -0.54975 0.95126
112020876 0.77386 -0.54975 0.95439
112020877 0.77136 -0.54975 0.95751
112020878 0.76887 -0.54975 0.96064
112020879 0.76638 -0.54975 0.96377
112020880 0.76388 -0.54975 0.96690
112020881 0.76139 -0.54975 0.97003
112020882 0.75890 -0.54975 0.97315
112020883 0.75641 -0.54975 0.97628
112020884 0.75391 -0.54975 0.97941
112020885 0.75142 -0.54975 0.98254
112020886 0.74893 -0.54975 0.98567
112020887 0.74643 -0.54975 0.98879
112020888 0.74394 -0.54975 0.99192
112020889 0.74145 -0.54975 0.99505
112020890 0.73895 -0.54975 0.99818
112020891 0.73646 -0.54975 1.00131
112020892 0.73397 -0.54975 1.00443
112020893 0.73148 -0.54975 1.00756
112020894 0.72898 -0.54975 1.01069
112020895 0.72649 -0.54975 1.01382
112020896 0.72400 -0.54975 1.01695
112020897 0.72150 -0.54975 1.02007
112020898 0.71901 -0.54975 1.02320
112020899 0.71652 -0.54975 1.02633
112020900 0.71402 -0.54975 1.02946
112020901 1.08549 -0.53625 0.56338
112020902 1.08300 -0.53625 0.56651
112020903 1.08050 -0.53625 0.56964
112020904 1.07801 -0.53625 0.57276
112020905 1.07552 -0.53625 0.57589
112020906 1.07302 -0.53625 0.57902
112020907 1.07053 -0.53625 0.58215
112020908 1.06804 -0.53625 0.58528
112020909 1.06555 -0.53625 0.58840
112020910 1.06305 -0.53625 0.59153
112020911 1.06056 -0.53625 0.59466
112020912 1.05807 -0.53625 0.59779
112020913 1.05557 -0.53625 0.60092
112020914 1.05308 -0.53625 0.60404
112020915 1.05059 -0.53625 0.60717
112020916 1.04809 -0.53625 0.61030
112020917 1.04560 -0.53625 0.61343
112020918 1.04311 -0.53625 0.61656
112020919 1.04061 -0.53625 0.61968
112020920 1.03812 -0.53625 0.62281
112020921 1.03563 -0.53625 0.62594
112020922 1.03314 -0.53625 0.62907
112020923 1.03064 -0.53625 0.63220
112020924 1.02815 -0.53625 0.63532
112020925 1.02566 -0.53625 0.63845
112020926 1.02316 -0.53625 0.64158
112020927 1.02067 -0.53625 0.64471
112020928 1.01818 -0.53625 0.64784
112020929 1.01568 -0.53625 0.65097
112020930 1.01319 -0.53625 0.65409
112020931 1.01070 -0.53625 0.65722
112020932 1.00821 -0.53625 0.66035
112020933 1.00571 -0.53625 0.66348
112020934 1.00322 -0.53625 0.66661
112020935 1.00073 -0.53625 0.66973
112020936 0.99823 -0.53625 0.67286
112020937 0.99574 -0.53625 0.67599
112020938 0.99325 -0.53625 0.67912
112020939 0.99075 -0.53625 0.68225
112020940 0.98826 -0.53625 0.68537
112020941 0.98577 -0.53625 0.68850
112020942 0.98327 -0.53625 0.69163
112020943 0.98078 -0.53625 0.69476
112020944 0.97829 -0.53625 0.69789
112020945 0.97580 -0.53625 0.70101
112020946 0.97330 -0.53625 0.70414
112020947 0.97081 -0.53625 0.70727
112020948 0.96832 -0.53625 0.71040
112020949 0.96582 -0.53625 0.71353
112020950 0.96333 -0.53625 0.71665
112020951 0.96084 -0.53625 0.71978
112020952 0.95834 -0.53625 0.72291
112020953 0.95585 -0.53625 0.72604
112020954 0.95336 -0.53625 0.72917
112020955 0.95086 -0.53625 0.73229
112020956 0.94837 -0.53625 0.73542
112020957 0.94588 -0.53625 0.73855
112020958 0.94339 -0.53625 0.74168
112020959 0.94089 -0.53625 0.74481
112020960 0.93840 -0.53625 0.74793
112020961 0.93591 -0.53625 0.75106
112020962 0.93341 -0.53625 0.75419
112020963 0.93092 -0.53625 0.75732
112020964 0.92843 -0.53625 0.76045
112020965 0.92593 -0.53625 0.76357
112020966 0.92344 -0.53625 0.76670
112020967 0.92095 -0.53625 0.76983
112020968 0.91845 -0.53625 0.77296
112020969 0.91596 -0.53625 0.77609
112020970 0.91347 -0.53625 0.77921
112020971 0.91098 -0.53625 0.78234
112020972 0.90848 -0.53625 0.78547
112020973 0.90599 -0.53625 0.78860
112020974 0.90350 -0.53625 0.79173
112020975 0.90100 -0.53625 0.79486
112020976 0.89851 -0.53625 0.79798
112020977 0.89602 -0.53625 0.80111
112020978 0.89352 -0.53625 0.80424
112020979 0.89103 -0.53625 0.80737
112020980 0.88854 -0.53625 0.81050
112020981 0.88605 -0.53625 0.81362
112020982 0.88355 -0.53625 0.81675
112020983 0.88106 -0.53625 0.81988
112020984 0.87857 -0.53625 0.82301
112020985 0.87607 -0.53625 0.82614
112020986 0.87358 -0.53625 0.82926
112020987 0.87109 -0.53625 0.83239
112020988 0.86859 -0.53625 0.83552
112020989 0.86610 -0.53625 0.83865
112020990 0.86361 -0.53625 0.84178
112020991 0.86111 -0.53625 0.84490
112020992 0.85862 -0.53625 0.84803
112020993 0.85613 -0.53625 0.85116
112020994 0.85364 -0.53625 0.85429
112020995 0.85114 -0.53625 0.85742
112020996 0.84865 -0.53625 0.86054
112020997 0.84616 -0.53625 0.86367
112020998 0.84366 -0.53625 0.86680
112020999 0.84117 -0.53625 0.86993
112021000 0.83868 -0.53625 0.87306
112021001 0.83618 -0.53625 0.87618
112021002 0.83369 -0.53625 0.87931
112021003 0.83120 -0.53625 0.88244
112021004 0.82870 -0.53625 0.88557
112021005 0.82621 -0.53625 0.88870
112021006 0.82372 -0.53625 0.89182
112021007 0.82123 -0.53625 0.89495
112021008 0.81873 -0.53625 0.89808
112021009 0.81624 -0.53625 0.90121
112021010 0.81375 -0.53625 0.90434
112021011 0.81125 -0.53625 0.90746
112021012 0.80876 -0.53625 0.91059
112021013 0.80627 -0.53625 0.91372
112021014 0.80377 -0.53625 0.91685
112021015 0.80128 -0.53625 0.91998
112021016 0.79879 -0.53625 0.92310
112021017 0.79629 -0.53625 0.92623
112021018 0.79380 -0.53625 0.92936
112021019 0.79131 -0.53625 0.93249
112021020 0.78882 -0.53625 0.93562
112021021 0.78632 -0.53625 0.93874
112021022 0.78383 -0.53625 0.94187
112021023 0.78134 -0.53625 0.94500
112021024 0.77884 -0.53625 0.94813
112021025 0.77635 -0.53625 0.95126
112021026 0.77386 -0.53625 0.95439
112021027 0.77136 -0.53625 0.95751
112021028 0.76887 -0.53625 0.96064
112021029 0.76638 -0.53625 0.96377
112021030 0.76388 -0.53625 0.96690
112021031 0.76139 -0.53625 0.97003
112021032 0.75890 -0.53625 0.97315
112021033 0.75641 -0.53625 0.97628
112021034 0.75391 -0.53625 0.97941
112021035 0.75142 -0.53625 0.98254
112021036 0.74893 -0.53625 0.98567
112021037 0.74643 -0.53625 0.98879
112021038 0.74394 -0.53625 0.99192
112021039 0.74145 -0.53625 0.99505
112021040 0.73895 -0.53625 0.99818
112021041 0.73646 -0.53625 1.00131
112021042 0.73397 -0.53625 1.00443
112021043 0.73148 -0.53625 1.00756
112021044 0.72898 -0.53625 1.01069
112021045 0.72649 -0.53625 1.01382
112021046 0.72400 -0.53625 1.01695
112021047 0.72150 -0.53625 1.02007
112021048 0.71901 -0.53625 1.02320
112021049 0.71652 -0.53625 1.02633
112021050 0.71402 -0.53625 1.02946
112021051 1.08549 -0.52275 0.56338
112021052 1.08300 -0.52275 0.56651
112021053 1.08050 -0.52275 0.56964
112021054 1.07801 -0.52275 0.57276
112021055 1.07552 -0.52275 0.57589
112021056 1.07302 -0.52275 0.57902
112021057 1.07053 -0.52275 0.58215
112021058 1.06804 -0.52275 0.58528
112021059 1.06555 -0.52275 0.58840
112021060 1.06305 -0.52275 0.59153
112021061 1.06056 -0.52275 0.59466
112021062 1.05807 -0.52275 0.59779
112021063 1.05557 -0.52275 0.60092
112021064 1.05308 -0.52275 0.60404
112021065 1.05059 -0.52275 0.60717
112021066 1.04809 -0.52275 0.61030
112021067 1.04560 -0.52275 0.61343
112021068 1.04311 -0.52275 0.61656
112021069 1.04061 -0.52275 0.61968
112021070 1.03812 -0.52275 0.62281
112021071 1.03563 -0.52275 0.62594
112021072 1.03314 -0.52275 0.62907
112021073 1.03064 -0.52275 0.63220
112021074 1.02815 -0.52275 0.63532
112021075 1.02566 -0.52275 0.63845
112021076 1.02316 -0.52275 0.64158
112021077 1.02067 -0.52275 0.64471
112021078 1.01818 -0.52275 0.64784
112021079 1.01568 -0.52275 0.65097
112021080 1.01319 -0.52275 0.65409
112021081 1.01070 -0.52275 0.65722
112021082 1.00821 -0.52275 0.66035
112021083 1.00571 -0.52275 0.66348
112021084 1.00322 -0.52275 0.66661
112021085 1.00073 -0.52275 0.66973
112021086 0.99823 -0.52275 0.67286
112021087 0.99574 -0.52275 0.67599
112021088 0.99325 -0.52275 0.67912
112021089 0.99075 -0.52275 0.68225
112021090 0.98826 -0.52275 0.68537
112021091 0.98577 -0.52275 0.68850
112021092 0.98327 -0.52275 0.69163
112021093 0.98078 -0.52275 0.69476
112021094 0.97829 -0.52275 0.69789
112021095 0.97580 -0.52275 0.70101
112021096 0.97330 -0.52275 0.70414
112021097 0.97081 -0.52275 0.70727
112021098 0.96832 -0.52275 0.71040
112021099 0.96582 -0.52275 0.71353
112021100 0.96333 -0.52275 0.71665
112021101 0.96084 -0.52275 0.71978
112021102 0.95834 -0.52275 0.72291
112021103 0.95585 -0.52275 0.72604
112021104 0.95336 -0.52275 0.72917
112021105 0.95086 -0.52275 0.73229
112021106 0.94837 -0.52275 0.73542
112021107 0.94588 -0.52275 0.73855
112021108 0.94339 -0.52275 0.74168
112021109 0.94089 -0.52275 0.74481
112021110 0.93840 -0.52275 0.74793
112021111 0.93591 -0.52275 0.75106
112021112 0.93341 -0.52275 0.75419
112021113 0.93092 -0.52275 0.75732
112021114 0.92843 -0.52275 0.76045
112021115 0.92593 -0.52275 0.76357
112021116 0.92344 -0.52275 0.76670
112021117 0.92095 -0.52275 0.76983
112021118 0.91845 -0.52275 0.77296
112021119 0.91596 -0.52275 0.77609
112021120 0.91347 -0.52275 0.77921
112021121 0.91098 -0.52275 0.78234
112021122 0.90848 -0.52275 0.78547
112021123 0.90599 -0.52275 0.78860
112021124 0.90350 -0.52275 0.79173
112021125 0.90100 -0.52275 0.79486
112021126 0.89851 -0.52275 0.79798
112021127 0.89602 -0.52275 0.80111
112021128 0.89352 -0.52275 0.80424
112021129 0.89103 -0.52275 0.80737
112021130 0.88854 -0.52275 0.81050
112021131 0.88605 -0.52275 0.81362
112021132 0.88355 -0.52275 0.81675
112021133 0.88106 -0.52275 0.81988
112021134 0.87857 -0.52275 0.82301
112021135 0.87607 -0.52275 0.82614
112021136 0.87358 -0.52275 0.82926
112021137 0.87109 -0.52275 0.83239
112021138 0.86859 -0.52275 0.83552
112021139 0.86610 -0.52275 0.83865
112021140 0.86361 -0.52275 0.84178
112021141 0.86111 -0.52275 0.84490
112021142 0.85862 -0.52275 0.84803
112021143 0.85613 -0.52275 0.85116
112021144 0.85364 -0.52275 0.85429
112021145 0.85114 -0.52275 0.85742
112021146 0.84865 -0.52275 0.86054
112021147 0.84616 -0.52275 0.86367
112021148 0.84366 -0.52275 0.86680
112021149 0.84117 -0.52275 0.86993
112021150 0.83868 -0.52275 0.87306
112021151 0.83618 -0.52275 0.87618
112021152 0.83369 -0.52275 0.87931
112021153 0.83120 -0.52275 0.88244
112021154 0.82870 -0.52275 0.88557
112021155 0.82621 -0.52275 0.88870
112021156 0.82372 -0.52275 0.89182
112021157 0.82123 -0.52275 0.89495
112021158 0.81873 -0.52275 0.89808
112021159 0.81624 -0.52275 0.90121
112021160 0.81375 -0.52275 0.90434
112021161 0.81125 -0.52275 0.90746
112021162 0.80876 -0.52275 0.91059
112021163 0.80627 -0.52275 0.91372
112021164 0.80377 -0.52275 0.91685
112021165 0.80128 -0.52275 0.91998
112021166 0.79879 -0.52275 0.92310
112021167 0.79629 -0.52275 0.92623
112021168 0.79380 -0.52275 0.92936
112021169 0.79131 -0.52275 0.93249
112021170 0.78882 -0.52275 0.93562
112021171 0.78632 -0.52275 0.93874
112021172 0.78383 -0.52275 0.94187
112021173 0.78134 -0.52275 0.94500
112021174 0.77884 -0.52275 0.94813
112021175 0.77635 -0.52275 0.95126
112021176 0.77386 -0.52275 0.95439
112021177 0.77136 -0.52275 0.95751
112021178 0.76887 -0.52275 0.96064
112021179 0.76638 -0.52275 0.96377
112021180 0.76388 -0.52275 0.96690
112021181 0.76139 -0.52275 0.97003
112021182 0.75890 -0.52275 0.97315
112021183 0.75641 -0.52275 0.97628
112021184 0.75391 -0.52275 0.97941
112021185 0.75142 -0.52275 0.98254
112021186 0.74893 -0.52275 0.98567
112021187 0.74643 -0.52275 0.98879
112021188 0.74394 -0.52275 0.99192
112021189 0.74145 -0.52275 0.99505
112021190 0.73895 -0.52275 0.99818
112021191 0.73646 -0.52275 1.00131
112021192 0.73397 -0.52275 1.00443
112021193 0.73148 -0.52275 1.00756
112021194 0.72898 -0.52275 1.01069
112021195 0.72649 -0.52275 1.01382
112021196 0.72400 -0.52275 1.01695
112021197 0.72150 -0.52275 1.02007
112021198 0.71901 -0.52275 1.02320
112021199 0.71652 -0.52275 1.02633
112021200 0.71402 -0.52275 1.02946
