# pixelID  x  y  z
110100001 -0.14625 0.41275 1.74185
110100002 -0.14874 0.41275 1.73872
110100003 -0.15124 0.41275 1.73559
110100004 -0.15373 0.41275 1.73247
110100005 -0.15622 0.41275 1.72934
110100006 -0.15872 0.41275 1.72621
110100007 -0.16121 0.41275 1.72308
110100008 -0.16370 0.41275 1.71995
110100009 -0.16619 0.41275 1.71683
110100010 -0.16869 0.41275 1.71370
110100011 -0.17118 0.41275 1.71057
110100012 -0.17367 0.41275 1.70744
110100013 -0.17617 0.41275 1.70431
110100014 -0.17866 0.41275 1.70119
110100015 -0.18115 0.41275 1.69806
110100016 -0.18365 0.41275 1.69493
110100017 -0.18614 0.41275 1.69180
110100018 -0.18863 0.41275 1.68867
110100019 -0.19113 0.41275 1.68555
110100020 -0.19362 0.41275 1.68242
110100021 -0.19611 0.41275 1.67929
110100022 -0.19860 0.41275 1.67616
110100023 -0.20110 0.41275 1.67303
110100024 -0.20359 0.41275 1.66991
110100025 -0.20608 0.41275 1.66678
110100026 -0.20858 0.41275 1.66365
110100027 -0.21107 0.41275 1.66052
110100028 -0.21356 0.41275 1.65739
110100029 -0.21606 0.41275 1.65426
110100030 -0.21855 0.41275 1.65114
110100031 -0.22104 0.41275 1.64801
110100032 -0.22353 0.41275 1.64488
110100033 -0.22603 0.41275 1.64175
110100034 -0.22852 0.41275 1.63862
110100035 -0.23101 0.41275 1.63550
110100036 -0.23351 0.41275 1.63237
110100037 -0.23600 0.41275 1.62924
110100038 -0.23849 0.41275 1.62611
110100039 -0.24099 0.41275 1.62298
110100040 -0.24348 0.41275 1.61986
110100041 -0.24597 0.41275 1.61673
110100042 -0.24847 0.41275 1.61360
110100043 -0.25096 0.41275 1.61047
110100044 -0.25345 0.41275 1.60734
110100045 -0.25594 0.41275 1.60422
110100046 -0.25844 0.41275 1.60109
110100047 -0.26093 0.41275 1.59796
110100048 -0.26342 0.41275 1.59483
110100049 -0.26592 0.41275 1.59170
110100050 -0.26841 0.41275 1.58858
110100051 -0.27090 0.41275 1.58545
110100052 -0.27340 0.41275 1.58232
110100053 -0.27589 0.41275 1.57919
110100054 -0.27838 0.41275 1.57606
110100055 -0.28088 0.41275 1.57294
110100056 -0.28337 0.41275 1.56981
110100057 -0.28586 0.41275 1.56668
110100058 -0.28835 0.41275 1.56355
110100059 -0.29085 0.41275 1.56042
110100060 -0.29334 0.41275 1.55730
110100061 -0.29583 0.41275 1.55417
110100062 -0.29833 0.41275 1.55104
110100063 -0.30082 0.41275 1.54791
110100064 -0.30331 0.41275 1.54478
110100065 -0.30581 0.41275 1.54166
110100066 -0.30830 0.41275 1.53853
110100067 -0.31079 0.41275 1.53540
110100068 -0.31329 0.41275 1.53227
110100069 -0.31578 0.41275 1.52914
110100070 -0.31827 0.41275 1.52602
110100071 -0.32076 0.41275 1.52289
110100072 -0.32326 0.41275 1.51976
110100073 -0.32575 0.41275 1.51663
110100074 -0.32824 0.41275 1.51350
110100075 -0.33074 0.41275 1.51037
110100076 -0.33323 0.41275 1.50725
110100077 -0.33572 0.41275 1.50412
110100078 -0.33822 0.41275 1.50099
110100079 -0.34071 0.41275 1.49786
110100080 -0.34320 0.41275 1.49473
110100081 -0.34569 0.41275 1.49161
110100082 -0.34819 0.41275 1.48848
110100083 -0.35068 0.41275 1.48535
110100084 -0.35317 0.41275 1.48222
110100085 -0.35567 0.41275 1.47909
110100086 -0.35816 0.41275 1.47597
110100087 -0.36065 0.41275 1.47284
110100088 -0.36315 0.41275 1.46971
110100089 -0.36564 0.41275 1.46658
110100090 -0.36813 0.41275 1.46345
110100091 -0.37063 0.41275 1.46033
110100092 -0.37312 0.41275 1.45720
110100093 -0.37561 0.41275 1.45407
110100094 -0.37810 0.41275 1.45094
110100095 -0.38060 0.41275 1.44781
110100096 -0.38309 0.41275 1.44469
110100097 -0.38558 0.41275 1.44156
110100098 -0.38808 0.41275 1.43843
110100099 -0.39057 0.41275 1.43530
110100100 -0.39306 0.41275 1.43217
110100101 -0.39556 0.41275 1.42905
110100102 -0.39805 0.41275 1.42592
110100103 -0.40054 0.41275 1.42279
110100104 -0.40304 0.41275 1.41966
110100105 -0.40553 0.41275 1.41653
110100106 -0.40802 0.41275 1.41341
110100107 -0.41051 0.41275 1.41028
110100108 -0.41301 0.41275 1.40715
110100109 -0.41550 0.41275 1.40402
110100110 -0.41799 0.41275 1.40089
110100111 -0.42049 0.41275 1.39777
110100112 -0.42298 0.41275 1.39464
110100113 -0.42547 0.41275 1.39151
110100114 -0.42797 0.41275 1.38838
110100115 -0.43046 0.41275 1.38525
110100116 -0.43295 0.41275 1.38213
110100117 -0.43545 0.41275 1.37900
110100118 -0.43794 0.41275 1.37587
110100119 -0.44043 0.41275 1.37274
110100120 -0.44292 0.41275 1.36961
110100121 -0.44542 0.41275 1.36649
110100122 -0.44791 0.41275 1.36336
110100123 -0.45040 0.41275 1.36023
110100124 -0.45290 0.41275 1.35710
110100125 -0.45539 0.41275 1.35397
110100126 -0.45788 0.41275 1.35084
110100127 -0.46038 0.41275 1.34772
110100128 -0.46287 0.41275 1.34459
110100129 -0.46536 0.41275 1.34146
110100130 -0.46786 0.41275 1.33833
110100131 -0.47035 0.41275 1.33520
110100132 -0.47284 0.41275 1.33208
110100133 -0.47533 0.41275 1.32895
110100134 -0.47783 0.41275 1.32582
110100135 -0.48032 0.41275 1.32269
110100136 -0.48281 0.41275 1.31956
110100137 -0.48531 0.41275 1.31644
110100138 -0.48780 0.41275 1.31331
110100139 -0.49029 0.41275 1.31018
110100140 -0.49279 0.41275 1.30705
110100141 -0.49528 0.41275 1.30392
110100142 -0.49777 0.41275 1.30080
110100143 -0.50026 0.41275 1.29767
110100144 -0.50276 0.41275 1.29454
110100145 -0.50525 0.41275 1.29141
110100146 -0.50774 0.41275 1.28828
110100147 -0.51024 0.41275 1.28516
110100148 -0.51273 0.41275 1.28203
110100149 -0.51522 0.41275 1.27890
110100150 -0.51772 0.41275 1.27577
110100151 -0.14625 0.42625 1.74185
110100152 -0.14874 0.42625 1.73872
110100153 -0.15124 0.42625 1.73559
110100154 -0.15373 0.42625 1.73247
110100155 -0.15622 0.42625 1.72934
110100156 -0.15872 0.42625 1.72621
110100157 -0.16121 0.42625 1.72308
110100158 -0.16370 0.42625 1.71995
110100159 -0.16619 0.42625 1.71683
110100160 -0.16869 0.42625 1.71370
110100161 -0.17118 0.42625 1.71057
110100162 -0.17367 0.42625 1.70744
110100163 -0.17617 0.42625 1.70431
110100164 -0.17866 0.42625 1.70119
110100165 -0.18115 0.42625 1.69806
110100166 -0.18365 0.42625 1.69493
110100167 -0.18614 0.42625 1.69180
110100168 -0.18863 0.42625 1.68867
110100169 -0.19113 0.42625 1.68555
110100170 -0.19362 0.42625 1.68242
110100171 -0.19611 0.42625 1.67929
110100172 -0.19860 0.42625 1.67616
110100173 -0.20110 0.42625 1.67303
110100174 -0.20359 0.42625 1.66991
110100175 -0.20608 0.42625 1.66678
110100176 -0.20858 0.42625 1.66365
110100177 -0.21107 0.42625 1.66052
110100178 -0.21356 0.42625 1.65739
110100179 -0.21606 0.42625 1.65426
110100180 -0.21855 0.42625 1.65114
110100181 -0.22104 0.42625 1.64801
110100182 -0.22353 0.42625 1.64488
110100183 -0.22603 0.42625 1.64175
110100184 -0.22852 0.42625 1.63862
110100185 -0.23101 0.42625 1.63550
110100186 -0.23351 0.42625 1.63237
110100187 -0.23600 0.42625 1.62924
110100188 -0.23849 0.42625 1.62611
110100189 -0.24099 0.42625 1.62298
110100190 -0.24348 0.42625 1.61986
110100191 -0.24597 0.42625 1.61673
110100192 -0.24847 0.42625 1.61360
110100193 -0.25096 0.42625 1.61047
110100194 -0.25345 0.42625 1.60734
110100195 -0.25594 0.42625 1.60422
110100196 -0.25844 0.42625 1.60109
110100197 -0.26093 0.42625 1.59796
110100198 -0.26342 0.42625 1.59483
110100199 -0.26592 0.42625 1.59170
110100200 -0.26841 0.42625 1.58858
110100201 -0.27090 0.42625 1.58545
110100202 -0.27340 0.42625 1.58232
110100203 -0.27589 0.42625 1.57919
110100204 -0.27838 0.42625 1.57606
110100205 -0.28088 0.42625 1.57294
110100206 -0.28337 0.42625 1.56981
110100207 -0.28586 0.42625 1.56668
110100208 -0.28835 0.42625 1.56355
110100209 -0.29085 0.42625 1.56042
110100210 -0.29334 0.42625 1.55730
110100211 -0.29583 0.42625 1.55417
110100212 -0.29833 0.42625 1.55104
110100213 -0.30082 0.42625 1.54791
110100214 -0.30331 0.42625 1.54478
110100215 -0.30581 0.42625 1.54166
110100216 -0.30830 0.42625 1.53853
110100217 -0.31079 0.42625 1.53540
110100218 -0.31329 0.42625 1.53227
110100219 -0.31578 0.42625 1.52914
110100220 -0.31827 0.42625 1.52602
110100221 -0.32076 0.42625 1.52289
110100222 -0.32326 0.42625 1.51976
110100223 -0.32575 0.42625 1.51663
110100224 -0.32824 0.42625 1.51350
110100225 -0.33074 0.42625 1.51037
110100226 -0.33323 0.42625 1.50725
110100227 -0.33572 0.42625 1.50412
110100228 -0.33822 0.42625 1.50099
110100229 -0.34071 0.42625 1.49786
110100230 -0.34320 0.42625 1.49473
110100231 -0.34569 0.42625 1.49161
110100232 -0.34819 0.42625 1.48848
110100233 -0.35068 0.42625 1.48535
110100234 -0.35317 0.42625 1.48222
110100235 -0.35567 0.42625 1.47909
110100236 -0.35816 0.42625 1.47597
110100237 -0.36065 0.42625 1.47284
110100238 -0.36315 0.42625 1.46971
110100239 -0.36564 0.42625 1.46658
110100240 -0.36813 0.42625 1.46345
110100241 -0.37063 0.42625 1.46033
110100242 -0.37312 0.42625 1.45720
110100243 -0.37561 0.42625 1.45407
110100244 -0.37810 0.42625 1.45094
110100245 -0.38060 0.42625 1.44781
110100246 -0.38309 0.42625 1.44469
110100247 -0.38558 0.42625 1.44156
110100248 -0.38808 0.42625 1.43843
110100249 -0.39057 0.42625 1.43530
110100250 -0.39306 0.42625 1.43217
110100251 -0.39556 0.42625 1.42905
110100252 -0.39805 0.42625 1.42592
110100253 -0.40054 0.42625 1.42279
110100254 -0.40304 0.42625 1.41966
110100255 -0.40553 0.42625 1.41653
110100256 -0.40802 0.42625 1.41341
110100257 -0.41051 0.42625 1.41028
110100258 -0.41301 0.42625 1.40715
110100259 -0.41550 0.42625 1.40402
110100260 -0.41799 0.42625 1.40089
110100261 -0.42049 0.42625 1.39777
110100262 -0.42298 0.42625 1.39464
110100263 -0.42547 0.42625 1.39151
110100264 -0.42797 0.42625 1.38838
110100265 -0.43046 0.42625 1.38525
110100266 -0.43295 0.42625 1.38213
110100267 -0.43545 0.42625 1.37900
110100268 -0.43794 0.42625 1.37587
110100269 -0.44043 0.42625 1.37274
110100270 -0.44292 0.42625 1.36961
110100271 -0.44542 0.42625 1.36649
110100272 -0.44791 0.42625 1.36336
110100273 -0.45040 0.42625 1.36023
110100274 -0.45290 0.42625 1.35710
110100275 -0.45539 0.42625 1.35397
110100276 -0.45788 0.42625 1.35084
110100277 -0.46038 0.42625 1.34772
110100278 -0.46287 0.42625 1.34459
110100279 -0.46536 0.42625 1.34146
110100280 -0.46786 0.42625 1.33833
110100281 -0.47035 0.42625 1.33520
110100282 -0.47284 0.42625 1.33208
110100283 -0.47533 0.42625 1.32895
110100284 -0.47783 0.42625 1.32582
110100285 -0.48032 0.42625 1.32269
110100286 -0.48281 0.42625 1.31956
110100287 -0.48531 0.42625 1.31644
110100288 -0.48780 0.42625 1.31331
110100289 -0.49029 0.42625 1.31018
110100290 -0.49279 0.42625 1.30705
110100291 -0.49528 0.42625 1.30392
110100292 -0.49777 0.42625 1.30080
110100293 -0.50026 0.42625 1.29767
110100294 -0.50276 0.42625 1.29454
110100295 -0.50525 0.42625 1.29141
110100296 -0.50774 0.42625 1.28828
110100297 -0.51024 0.42625 1.28516
110100298 -0.51273 0.42625 1.28203
110100299 -0.51522 0.42625 1.27890
110100300 -0.51772 0.42625 1.27577
110100301 -0.14625 0.43975 1.74185
110100302 -0.14874 0.43975 1.73872
110100303 -0.15124 0.43975 1.73559
110100304 -0.15373 0.43975 1.73247
110100305 -0.15622 0.43975 1.72934
110100306 -0.15872 0.43975 1.72621
110100307 -0.16121 0.43975 1.72308
110100308 -0.16370 0.43975 1.71995
110100309 -0.16619 0.43975 1.71683
110100310 -0.16869 0.43975 1.71370
110100311 -0.17118 0.43975 1.71057
110100312 -0.17367 0.43975 1.70744
110100313 -0.17617 0.43975 1.70431
110100314 -0.17866 0.43975 1.70119
110100315 -0.18115 0.43975 1.69806
110100316 -0.18365 0.43975 1.69493
110100317 -0.18614 0.43975 1.69180
110100318 -0.18863 0.43975 1.68867
110100319 -0.19113 0.43975 1.68555
110100320 -0.19362 0.43975 1.68242
110100321 -0.19611 0.43975 1.67929
110100322 -0.19860 0.43975 1.67616
110100323 -0.20110 0.43975 1.67303
110100324 -0.20359 0.43975 1.66991
110100325 -0.20608 0.43975 1.66678
110100326 -0.20858 0.43975 1.66365
110100327 -0.21107 0.43975 1.66052
110100328 -0.21356 0.43975 1.65739
110100329 -0.21606 0.43975 1.65426
110100330 -0.21855 0.43975 1.65114
110100331 -0.22104 0.43975 1.64801
110100332 -0.22353 0.43975 1.64488
110100333 -0.22603 0.43975 1.64175
110100334 -0.22852 0.43975 1.63862
110100335 -0.23101 0.43975 1.63550
110100336 -0.23351 0.43975 1.63237
110100337 -0.23600 0.43975 1.62924
110100338 -0.23849 0.43975 1.62611
110100339 -0.24099 0.43975 1.62298
110100340 -0.24348 0.43975 1.61986
110100341 -0.24597 0.43975 1.61673
110100342 -0.24847 0.43975 1.61360
110100343 -0.25096 0.43975 1.61047
110100344 -0.25345 0.43975 1.60734
110100345 -0.25594 0.43975 1.60422
110100346 -0.25844 0.43975 1.60109
110100347 -0.26093 0.43975 1.59796
110100348 -0.26342 0.43975 1.59483
110100349 -0.26592 0.43975 1.59170
110100350 -0.26841 0.43975 1.58858
110100351 -0.27090 0.43975 1.58545
110100352 -0.27340 0.43975 1.58232
110100353 -0.27589 0.43975 1.57919
110100354 -0.27838 0.43975 1.57606
110100355 -0.28088 0.43975 1.57294
110100356 -0.28337 0.43975 1.56981
110100357 -0.28586 0.43975 1.56668
110100358 -0.28835 0.43975 1.56355
110100359 -0.29085 0.43975 1.56042
110100360 -0.29334 0.43975 1.55730
110100361 -0.29583 0.43975 1.55417
110100362 -0.29833 0.43975 1.55104
110100363 -0.30082 0.43975 1.54791
110100364 -0.30331 0.43975 1.54478
110100365 -0.30581 0.43975 1.54166
110100366 -0.30830 0.43975 1.53853
110100367 -0.31079 0.43975 1.53540
110100368 -0.31329 0.43975 1.53227
110100369 -0.31578 0.43975 1.52914
110100370 -0.31827 0.43975 1.52602
110100371 -0.32076 0.43975 1.52289
110100372 -0.32326 0.43975 1.51976
110100373 -0.32575 0.43975 1.51663
110100374 -0.32824 0.43975 1.51350
110100375 -0.33074 0.43975 1.51037
110100376 -0.33323 0.43975 1.50725
110100377 -0.33572 0.43975 1.50412
110100378 -0.33822 0.43975 1.50099
110100379 -0.34071 0.43975 1.49786
110100380 -0.34320 0.43975 1.49473
110100381 -0.34569 0.43975 1.49161
110100382 -0.34819 0.43975 1.48848
110100383 -0.35068 0.43975 1.48535
110100384 -0.35317 0.43975 1.48222
110100385 -0.35567 0.43975 1.47909
110100386 -0.35816 0.43975 1.47597
110100387 -0.36065 0.43975 1.47284
110100388 -0.36315 0.43975 1.46971
110100389 -0.36564 0.43975 1.46658
110100390 -0.36813 0.43975 1.46345
110100391 -0.37063 0.43975 1.46033
110100392 -0.37312 0.43975 1.45720
110100393 -0.37561 0.43975 1.45407
110100394 -0.37810 0.43975 1.45094
110100395 -0.38060 0.43975 1.44781
110100396 -0.38309 0.43975 1.44469
110100397 -0.38558 0.43975 1.44156
110100398 -0.38808 0.43975 1.43843
110100399 -0.39057 0.43975 1.43530
110100400 -0.39306 0.43975 1.43217
110100401 -0.39556 0.43975 1.42905
110100402 -0.39805 0.43975 1.42592
110100403 -0.40054 0.43975 1.42279
110100404 -0.40304 0.43975 1.41966
110100405 -0.40553 0.43975 1.41653
110100406 -0.40802 0.43975 1.41341
110100407 -0.41051 0.43975 1.41028
110100408 -0.41301 0.43975 1.40715
110100409 -0.41550 0.43975 1.40402
110100410 -0.41799 0.43975 1.40089
110100411 -0.42049 0.43975 1.39777
110100412 -0.42298 0.43975 1.39464
110100413 -0.42547 0.43975 1.39151
110100414 -0.42797 0.43975 1.38838
110100415 -0.43046 0.43975 1.38525
110100416 -0.43295 0.43975 1.38213
110100417 -0.43545 0.43975 1.37900
110100418 -0.43794 0.43975 1.37587
110100419 -0.44043 0.43975 1.37274
110100420 -0.44292 0.43975 1.36961
110100421 -0.44542 0.43975 1.36649
110100422 -0.44791 0.43975 1.36336
110100423 -0.45040 0.43975 1.36023
110100424 -0.45290 0.43975 1.35710
110100425 -0.45539 0.43975 1.35397
110100426 -0.45788 0.43975 1.35084
110100427 -0.46038 0.43975 1.34772
110100428 -0.46287 0.43975 1.34459
110100429 -0.46536 0.43975 1.34146
110100430 -0.46786 0.43975 1.33833
110100431 -0.47035 0.43975 1.33520
110100432 -0.47284 0.43975 1.33208
110100433 -0.47533 0.43975 1.32895
110100434 -0.47783 0.43975 1.32582
110100435 -0.48032 0.43975 1.32269
110100436 -0.48281 0.43975 1.31956
110100437 -0.48531 0.43975 1.31644
110100438 -0.48780 0.43975 1.31331
110100439 -0.49029 0.43975 1.31018
110100440 -0.49279 0.43975 1.30705
110100441 -0.49528 0.43975 1.30392
110100442 -0.49777 0.43975 1.30080
110100443 -0.50026 0.43975 1.29767
110100444 -0.50276 0.43975 1.29454
110100445 -0.50525 0.43975 1.29141
110100446 -0.50774 0.43975 1.28828
110100447 -0.51024 0.43975 1.28516
110100448 -0.51273 0.43975 1.28203
110100449 -0.51522 0.43975 1.27890
110100450 -0.51772 0.43975 1.27577
110100451 -0.14625 0.45325 1.74185
110100452 -0.14874 0.45325 1.73872
110100453 -0.15124 0.45325 1.73559
110100454 -0.15373 0.45325 1.73247
110100455 -0.15622 0.45325 1.72934
110100456 -0.15872 0.45325 1.72621
110100457 -0.16121 0.45325 1.72308
110100458 -0.16370 0.45325 1.71995
110100459 -0.16619 0.45325 1.71683
110100460 -0.16869 0.45325 1.71370
110100461 -0.17118 0.45325 1.71057
110100462 -0.17367 0.45325 1.70744
110100463 -0.17617 0.45325 1.70431
110100464 -0.17866 0.45325 1.70119
110100465 -0.18115 0.45325 1.69806
110100466 -0.18365 0.45325 1.69493
110100467 -0.18614 0.45325 1.69180
110100468 -0.18863 0.45325 1.68867
110100469 -0.19113 0.45325 1.68555
110100470 -0.19362 0.45325 1.68242
110100471 -0.19611 0.45325 1.67929
110100472 -0.19860 0.45325 1.67616
110100473 -0.20110 0.45325 1.67303
110100474 -0.20359 0.45325 1.66991
110100475 -0.20608 0.45325 1.66678
110100476 -0.20858 0.45325 1.66365
110100477 -0.21107 0.45325 1.66052
110100478 -0.21356 0.45325 1.65739
110100479 -0.21606 0.45325 1.65426
110100480 -0.21855 0.45325 1.65114
110100481 -0.22104 0.45325 1.64801
110100482 -0.22353 0.45325 1.64488
110100483 -0.22603 0.45325 1.64175
110100484 -0.22852 0.45325 1.63862
110100485 -0.23101 0.45325 1.63550
110100486 -0.23351 0.45325 1.63237
110100487 -0.23600 0.45325 1.62924
110100488 -0.23849 0.45325 1.62611
110100489 -0.24099 0.45325 1.62298
110100490 -0.24348 0.45325 1.61986
110100491 -0.24597 0.45325 1.61673
110100492 -0.24847 0.45325 1.61360
110100493 -0.25096 0.45325 1.61047
110100494 -0.25345 0.45325 1.60734
110100495 -0.25594 0.45325 1.60422
110100496 -0.25844 0.45325 1.60109
110100497 -0.26093 0.45325 1.59796
110100498 -0.26342 0.45325 1.59483
110100499 -0.26592 0.45325 1.59170
110100500 -0.26841 0.45325 1.58858
110100501 -0.27090 0.45325 1.58545
110100502 -0.27340 0.45325 1.58232
110100503 -0.27589 0.45325 1.57919
110100504 -0.27838 0.45325 1.57606
110100505 -0.28088 0.45325 1.57294
110100506 -0.28337 0.45325 1.56981
110100507 -0.28586 0.45325 1.56668
110100508 -0.28835 0.45325 1.56355
110100509 -0.29085 0.45325 1.56042
110100510 -0.29334 0.45325 1.55730
110100511 -0.29583 0.45325 1.55417
110100512 -0.29833 0.45325 1.55104
110100513 -0.30082 0.45325 1.54791
110100514 -0.30331 0.45325 1.54478
110100515 -0.30581 0.45325 1.54166
110100516 -0.30830 0.45325 1.53853
110100517 -0.31079 0.45325 1.53540
110100518 -0.31329 0.45325 1.53227
110100519 -0.31578 0.45325 1.52914
110100520 -0.31827 0.45325 1.52602
110100521 -0.32076 0.45325 1.52289
110100522 -0.32326 0.45325 1.51976
110100523 -0.32575 0.45325 1.51663
110100524 -0.32824 0.45325 1.51350
110100525 -0.33074 0.45325 1.51037
110100526 -0.33323 0.45325 1.50725
110100527 -0.33572 0.45325 1.50412
110100528 -0.33822 0.45325 1.50099
110100529 -0.34071 0.45325 1.49786
110100530 -0.34320 0.45325 1.49473
110100531 -0.34569 0.45325 1.49161
110100532 -0.34819 0.45325 1.48848
110100533 -0.35068 0.45325 1.48535
110100534 -0.35317 0.45325 1.48222
110100535 -0.35567 0.45325 1.47909
110100536 -0.35816 0.45325 1.47597
110100537 -0.36065 0.45325 1.47284
110100538 -0.36315 0.45325 1.46971
110100539 -0.36564 0.45325 1.46658
110100540 -0.36813 0.45325 1.46345
110100541 -0.37063 0.45325 1.46033
110100542 -0.37312 0.45325 1.45720
110100543 -0.37561 0.45325 1.45407
110100544 -0.37810 0.45325 1.45094
110100545 -0.38060 0.45325 1.44781
110100546 -0.38309 0.45325 1.44469
110100547 -0.38558 0.45325 1.44156
110100548 -0.38808 0.45325 1.43843
110100549 -0.39057 0.45325 1.43530
110100550 -0.39306 0.45325 1.43217
110100551 -0.39556 0.45325 1.42905
110100552 -0.39805 0.45325 1.42592
110100553 -0.40054 0.45325 1.42279
110100554 -0.40304 0.45325 1.41966
110100555 -0.40553 0.45325 1.41653
110100556 -0.40802 0.45325 1.41341
110100557 -0.41051 0.45325 1.41028
110100558 -0.41301 0.45325 1.40715
110100559 -0.41550 0.45325 1.40402
110100560 -0.41799 0.45325 1.40089
110100561 -0.42049 0.45325 1.39777
110100562 -0.42298 0.45325 1.39464
110100563 -0.42547 0.45325 1.39151
110100564 -0.42797 0.45325 1.38838
110100565 -0.43046 0.45325 1.38525
110100566 -0.43295 0.45325 1.38213
110100567 -0.43545 0.45325 1.37900
110100568 -0.43794 0.45325 1.37587
110100569 -0.44043 0.45325 1.37274
110100570 -0.44292 0.45325 1.36961
110100571 -0.44542 0.45325 1.36649
110100572 -0.44791 0.45325 1.36336
110100573 -0.45040 0.45325 1.36023
110100574 -0.45290 0.45325 1.35710
110100575 -0.45539 0.45325 1.35397
110100576 -0.45788 0.45325 1.35084
110100577 -0.46038 0.45325 1.34772
110100578 -0.46287 0.45325 1.34459
110100579 -0.46536 0.45325 1.34146
110100580 -0.46786 0.45325 1.33833
110100581 -0.47035 0.45325 1.33520
110100582 -0.47284 0.45325 1.33208
110100583 -0.47533 0.45325 1.32895
110100584 -0.47783 0.45325 1.32582
110100585 -0.48032 0.45325 1.32269
110100586 -0.48281 0.45325 1.31956
110100587 -0.48531 0.45325 1.31644
110100588 -0.48780 0.45325 1.31331
110100589 -0.49029 0.45325 1.31018
110100590 -0.49279 0.45325 1.30705
110100591 -0.49528 0.45325 1.30392
110100592 -0.49777 0.45325 1.30080
110100593 -0.50026 0.45325 1.29767
110100594 -0.50276 0.45325 1.29454
110100595 -0.50525 0.45325 1.29141
110100596 -0.50774 0.45325 1.28828
110100597 -0.51024 0.45325 1.28516
110100598 -0.51273 0.45325 1.28203
110100599 -0.51522 0.45325 1.27890
110100600 -0.51772 0.45325 1.27577
110100601 -0.14625 0.46675 1.74185
110100602 -0.14874 0.46675 1.73872
110100603 -0.15124 0.46675 1.73559
110100604 -0.15373 0.46675 1.73247
110100605 -0.15622 0.46675 1.72934
110100606 -0.15872 0.46675 1.72621
110100607 -0.16121 0.46675 1.72308
110100608 -0.16370 0.46675 1.71995
110100609 -0.16619 0.46675 1.71683
110100610 -0.16869 0.46675 1.71370
110100611 -0.17118 0.46675 1.71057
110100612 -0.17367 0.46675 1.70744
110100613 -0.17617 0.46675 1.70431
110100614 -0.17866 0.46675 1.70119
110100615 -0.18115 0.46675 1.69806
110100616 -0.18365 0.46675 1.69493
110100617 -0.18614 0.46675 1.69180
110100618 -0.18863 0.46675 1.68867
110100619 -0.19113 0.46675 1.68555
110100620 -0.19362 0.46675 1.68242
110100621 -0.19611 0.46675 1.67929
110100622 -0.19860 0.46675 1.67616
110100623 -0.20110 0.46675 1.67303
110100624 -0.20359 0.46675 1.66991
110100625 -0.20608 0.46675 1.66678
110100626 -0.20858 0.46675 1.66365
110100627 -0.21107 0.46675 1.66052
110100628 -0.21356 0.46675 1.65739
110100629 -0.21606 0.46675 1.65426
110100630 -0.21855 0.46675 1.65114
110100631 -0.22104 0.46675 1.64801
110100632 -0.22353 0.46675 1.64488
110100633 -0.22603 0.46675 1.64175
110100634 -0.22852 0.46675 1.63862
110100635 -0.23101 0.46675 1.63550
110100636 -0.23351 0.46675 1.63237
110100637 -0.23600 0.46675 1.62924
110100638 -0.23849 0.46675 1.62611
110100639 -0.24099 0.46675 1.62298
110100640 -0.24348 0.46675 1.61986
110100641 -0.24597 0.46675 1.61673
110100642 -0.24847 0.46675 1.61360
110100643 -0.25096 0.46675 1.61047
110100644 -0.25345 0.46675 1.60734
110100645 -0.25594 0.46675 1.60422
110100646 -0.25844 0.46675 1.60109
110100647 -0.26093 0.46675 1.59796
110100648 -0.26342 0.46675 1.59483
110100649 -0.26592 0.46675 1.59170
110100650 -0.26841 0.46675 1.58858
110100651 -0.27090 0.46675 1.58545
110100652 -0.27340 0.46675 1.58232
110100653 -0.27589 0.46675 1.57919
110100654 -0.27838 0.46675 1.57606
110100655 -0.28088 0.46675 1.57294
110100656 -0.28337 0.46675 1.56981
110100657 -0.28586 0.46675 1.56668
110100658 -0.28835 0.46675 1.56355
110100659 -0.29085 0.46675 1.56042
110100660 -0.29334 0.46675 1.55730
110100661 -0.29583 0.46675 1.55417
110100662 -0.29833 0.46675 1.55104
110100663 -0.30082 0.46675 1.54791
110100664 -0.30331 0.46675 1.54478
110100665 -0.30581 0.46675 1.54166
110100666 -0.30830 0.46675 1.53853
110100667 -0.31079 0.46675 1.53540
110100668 -0.31329 0.46675 1.53227
110100669 -0.31578 0.46675 1.52914
110100670 -0.31827 0.46675 1.52602
110100671 -0.32076 0.46675 1.52289
110100672 -0.32326 0.46675 1.51976
110100673 -0.32575 0.46675 1.51663
110100674 -0.32824 0.46675 1.51350
110100675 -0.33074 0.46675 1.51037
110100676 -0.33323 0.46675 1.50725
110100677 -0.33572 0.46675 1.50412
110100678 -0.33822 0.46675 1.50099
110100679 -0.34071 0.46675 1.49786
110100680 -0.34320 0.46675 1.49473
110100681 -0.34569 0.46675 1.49161
110100682 -0.34819 0.46675 1.48848
110100683 -0.35068 0.46675 1.48535
110100684 -0.35317 0.46675 1.48222
110100685 -0.35567 0.46675 1.47909
110100686 -0.35816 0.46675 1.47597
110100687 -0.36065 0.46675 1.47284
110100688 -0.36315 0.46675 1.46971
110100689 -0.36564 0.46675 1.46658
110100690 -0.36813 0.46675 1.46345
110100691 -0.37063 0.46675 1.46033
110100692 -0.37312 0.46675 1.45720
110100693 -0.37561 0.46675 1.45407
110100694 -0.37810 0.46675 1.45094
110100695 -0.38060 0.46675 1.44781
110100696 -0.38309 0.46675 1.44469
110100697 -0.38558 0.46675 1.44156
110100698 -0.38808 0.46675 1.43843
110100699 -0.39057 0.46675 1.43530
110100700 -0.39306 0.46675 1.43217
110100701 -0.39556 0.46675 1.42905
110100702 -0.39805 0.46675 1.42592
110100703 -0.40054 0.46675 1.42279
110100704 -0.40304 0.46675 1.41966
110100705 -0.40553 0.46675 1.41653
110100706 -0.40802 0.46675 1.41341
110100707 -0.41051 0.46675 1.41028
110100708 -0.41301 0.46675 1.40715
110100709 -0.41550 0.46675 1.40402
110100710 -0.41799 0.46675 1.40089
110100711 -0.42049 0.46675 1.39777
110100712 -0.42298 0.46675 1.39464
110100713 -0.42547 0.46675 1.39151
110100714 -0.42797 0.46675 1.38838
110100715 -0.43046 0.46675 1.38525
110100716 -0.43295 0.46675 1.38213
110100717 -0.43545 0.46675 1.37900
110100718 -0.43794 0.46675 1.37587
110100719 -0.44043 0.46675 1.37274
110100720 -0.44292 0.46675 1.36961
110100721 -0.44542 0.46675 1.36649
110100722 -0.44791 0.46675 1.36336
110100723 -0.45040 0.46675 1.36023
110100724 -0.45290 0.46675 1.35710
110100725 -0.45539 0.46675 1.35397
110100726 -0.45788 0.46675 1.35084
110100727 -0.46038 0.46675 1.34772
110100728 -0.46287 0.46675 1.34459
110100729 -0.46536 0.46675 1.34146
110100730 -0.46786 0.46675 1.33833
110100731 -0.47035 0.46675 1.33520
110100732 -0.47284 0.46675 1.33208
110100733 -0.47533 0.46675 1.32895
110100734 -0.47783 0.46675 1.32582
110100735 -0.48032 0.46675 1.32269
110100736 -0.48281 0.46675 1.31956
110100737 -0.48531 0.46675 1.31644
110100738 -0.48780 0.46675 1.31331
110100739 -0.49029 0.46675 1.31018
110100740 -0.49279 0.46675 1.30705
110100741 -0.49528 0.46675 1.30392
110100742 -0.49777 0.46675 1.30080
110100743 -0.50026 0.46675 1.29767
110100744 -0.50276 0.46675 1.29454
110100745 -0.50525 0.46675 1.29141
110100746 -0.50774 0.46675 1.28828
110100747 -0.51024 0.46675 1.28516
110100748 -0.51273 0.46675 1.28203
110100749 -0.51522 0.46675 1.27890
110100750 -0.51772 0.46675 1.27577
110100751 -0.14625 0.48025 1.74185
110100752 -0.14874 0.48025 1.73872
110100753 -0.15124 0.48025 1.73559
110100754 -0.15373 0.48025 1.73247
110100755 -0.15622 0.48025 1.72934
110100756 -0.15872 0.48025 1.72621
110100757 -0.16121 0.48025 1.72308
110100758 -0.16370 0.48025 1.71995
110100759 -0.16619 0.48025 1.71683
110100760 -0.16869 0.48025 1.71370
110100761 -0.17118 0.48025 1.71057
110100762 -0.17367 0.48025 1.70744
110100763 -0.17617 0.48025 1.70431
110100764 -0.17866 0.48025 1.70119
110100765 -0.18115 0.48025 1.69806
110100766 -0.18365 0.48025 1.69493
110100767 -0.18614 0.48025 1.69180
110100768 -0.18863 0.48025 1.68867
110100769 -0.19113 0.48025 1.68555
110100770 -0.19362 0.48025 1.68242
110100771 -0.19611 0.48025 1.67929
110100772 -0.19860 0.48025 1.67616
110100773 -0.20110 0.48025 1.67303
110100774 -0.20359 0.48025 1.66991
110100775 -0.20608 0.48025 1.66678
110100776 -0.20858 0.48025 1.66365
110100777 -0.21107 0.48025 1.66052
110100778 -0.21356 0.48025 1.65739
110100779 -0.21606 0.48025 1.65426
110100780 -0.21855 0.48025 1.65114
110100781 -0.22104 0.48025 1.64801
110100782 -0.22353 0.48025 1.64488
110100783 -0.22603 0.48025 1.64175
110100784 -0.22852 0.48025 1.63862
110100785 -0.23101 0.48025 1.63550
110100786 -0.23351 0.48025 1.63237
110100787 -0.23600 0.48025 1.62924
110100788 -0.23849 0.48025 1.62611
110100789 -0.24099 0.48025 1.62298
110100790 -0.24348 0.48025 1.61986
110100791 -0.24597 0.48025 1.61673
110100792 -0.24847 0.48025 1.61360
110100793 -0.25096 0.48025 1.61047
110100794 -0.25345 0.48025 1.60734
110100795 -0.25594 0.48025 1.60422
110100796 -0.25844 0.48025 1.60109
110100797 -0.26093 0.48025 1.59796
110100798 -0.26342 0.48025 1.59483
110100799 -0.26592 0.48025 1.59170
110100800 -0.26841 0.48025 1.58858
110100801 -0.27090 0.48025 1.58545
110100802 -0.27340 0.48025 1.58232
110100803 -0.27589 0.48025 1.57919
110100804 -0.27838 0.48025 1.57606
110100805 -0.28088 0.48025 1.57294
110100806 -0.28337 0.48025 1.56981
110100807 -0.28586 0.48025 1.56668
110100808 -0.28835 0.48025 1.56355
110100809 -0.29085 0.48025 1.56042
110100810 -0.29334 0.48025 1.55730
110100811 -0.29583 0.48025 1.55417
110100812 -0.29833 0.48025 1.55104
110100813 -0.30082 0.48025 1.54791
110100814 -0.30331 0.48025 1.54478
110100815 -0.30581 0.48025 1.54166
110100816 -0.30830 0.48025 1.53853
110100817 -0.31079 0.48025 1.53540
110100818 -0.31329 0.48025 1.53227
110100819 -0.31578 0.48025 1.52914
110100820 -0.31827 0.48025 1.52602
110100821 -0.32076 0.48025 1.52289
110100822 -0.32326 0.48025 1.51976
110100823 -0.32575 0.48025 1.51663
110100824 -0.32824 0.48025 1.51350
110100825 -0.33074 0.48025 1.51037
110100826 -0.33323 0.48025 1.50725
110100827 -0.33572 0.48025 1.50412
110100828 -0.33822 0.48025 1.50099
110100829 -0.34071 0.48025 1.49786
110100830 -0.34320 0.48025 1.49473
110100831 -0.34569 0.48025 1.49161
110100832 -0.34819 0.48025 1.48848
110100833 -0.35068 0.48025 1.48535
110100834 -0.35317 0.48025 1.48222
110100835 -0.35567 0.48025 1.47909
110100836 -0.35816 0.48025 1.47597
110100837 -0.36065 0.48025 1.47284
110100838 -0.36315 0.48025 1.46971
110100839 -0.36564 0.48025 1.46658
110100840 -0.36813 0.48025 1.46345
110100841 -0.37063 0.48025 1.46033
110100842 -0.37312 0.48025 1.45720
110100843 -0.37561 0.48025 1.45407
110100844 -0.37810 0.48025 1.45094
110100845 -0.38060 0.48025 1.44781
110100846 -0.38309 0.48025 1.44469
110100847 -0.38558 0.48025 1.44156
110100848 -0.38808 0.48025 1.43843
110100849 -0.39057 0.48025 1.43530
110100850 -0.39306 0.48025 1.43217
110100851 -0.39556 0.48025 1.42905
110100852 -0.39805 0.48025 1.42592
110100853 -0.40054 0.48025 1.42279
110100854 -0.40304 0.48025 1.41966
110100855 -0.40553 0.48025 1.41653
110100856 -0.40802 0.48025 1.41341
110100857 -0.41051 0.48025 1.41028
110100858 -0.41301 0.48025 1.40715
110100859 -0.41550 0.48025 1.40402
110100860 -0.41799 0.48025 1.40089
110100861 -0.42049 0.48025 1.39777
110100862 -0.42298 0.48025 1.39464
110100863 -0.42547 0.48025 1.39151
110100864 -0.42797 0.48025 1.38838
110100865 -0.43046 0.48025 1.38525
110100866 -0.43295 0.48025 1.38213
110100867 -0.43545 0.48025 1.37900
110100868 -0.43794 0.48025 1.37587
110100869 -0.44043 0.48025 1.37274
110100870 -0.44292 0.48025 1.36961
110100871 -0.44542 0.48025 1.36649
110100872 -0.44791 0.48025 1.36336
110100873 -0.45040 0.48025 1.36023
110100874 -0.45290 0.48025 1.35710
110100875 -0.45539 0.48025 1.35397
110100876 -0.45788 0.48025 1.35084
110100877 -0.46038 0.48025 1.34772
110100878 -0.46287 0.48025 1.34459
110100879 -0.46536 0.48025 1.34146
110100880 -0.46786 0.48025 1.33833
110100881 -0.47035 0.48025 1.33520
110100882 -0.47284 0.48025 1.33208
110100883 -0.47533 0.48025 1.32895
110100884 -0.47783 0.48025 1.32582
110100885 -0.48032 0.48025 1.32269
110100886 -0.48281 0.48025 1.31956
110100887 -0.48531 0.48025 1.31644
110100888 -0.48780 0.48025 1.31331
110100889 -0.49029 0.48025 1.31018
110100890 -0.49279 0.48025 1.30705
110100891 -0.49528 0.48025 1.30392
110100892 -0.49777 0.48025 1.30080
110100893 -0.50026 0.48025 1.29767
110100894 -0.50276 0.48025 1.29454
110100895 -0.50525 0.48025 1.29141
110100896 -0.50774 0.48025 1.28828
110100897 -0.51024 0.48025 1.28516
110100898 -0.51273 0.48025 1.28203
110100899 -0.51522 0.48025 1.27890
110100900 -0.51772 0.48025 1.27577
110100901 -0.14625 0.49375 1.74185
110100902 -0.14874 0.49375 1.73872
110100903 -0.15124 0.49375 1.73559
110100904 -0.15373 0.49375 1.73247
110100905 -0.15622 0.49375 1.72934
110100906 -0.15872 0.49375 1.72621
110100907 -0.16121 0.49375 1.72308
110100908 -0.16370 0.49375 1.71995
110100909 -0.16619 0.49375 1.71683
110100910 -0.16869 0.49375 1.71370
110100911 -0.17118 0.49375 1.71057
110100912 -0.17367 0.49375 1.70744
110100913 -0.17617 0.49375 1.70431
110100914 -0.17866 0.49375 1.70119
110100915 -0.18115 0.49375 1.69806
110100916 -0.18365 0.49375 1.69493
110100917 -0.18614 0.49375 1.69180
110100918 -0.18863 0.49375 1.68867
110100919 -0.19113 0.49375 1.68555
110100920 -0.19362 0.49375 1.68242
110100921 -0.19611 0.49375 1.67929
110100922 -0.19860 0.49375 1.67616
110100923 -0.20110 0.49375 1.67303
110100924 -0.20359 0.49375 1.66991
110100925 -0.20608 0.49375 1.66678
110100926 -0.20858 0.49375 1.66365
110100927 -0.21107 0.49375 1.66052
110100928 -0.21356 0.49375 1.65739
110100929 -0.21606 0.49375 1.65426
110100930 -0.21855 0.49375 1.65114
110100931 -0.22104 0.49375 1.64801
110100932 -0.22353 0.49375 1.64488
110100933 -0.22603 0.49375 1.64175
110100934 -0.22852 0.49375 1.63862
110100935 -0.23101 0.49375 1.63550
110100936 -0.23351 0.49375 1.63237
110100937 -0.23600 0.49375 1.62924
110100938 -0.23849 0.49375 1.62611
110100939 -0.24099 0.49375 1.62298
110100940 -0.24348 0.49375 1.61986
110100941 -0.24597 0.49375 1.61673
110100942 -0.24847 0.49375 1.61360
110100943 -0.25096 0.49375 1.61047
110100944 -0.25345 0.49375 1.60734
110100945 -0.25594 0.49375 1.60422
110100946 -0.25844 0.49375 1.60109
110100947 -0.26093 0.49375 1.59796
110100948 -0.26342 0.49375 1.59483
110100949 -0.26592 0.49375 1.59170
110100950 -0.26841 0.49375 1.58858
110100951 -0.27090 0.49375 1.58545
110100952 -0.27340 0.49375 1.58232
110100953 -0.27589 0.49375 1.57919
110100954 -0.27838 0.49375 1.57606
110100955 -0.28088 0.49375 1.57294
110100956 -0.28337 0.49375 1.56981
110100957 -0.28586 0.49375 1.56668
110100958 -0.28835 0.49375 1.56355
110100959 -0.29085 0.49375 1.56042
110100960 -0.29334 0.49375 1.55730
110100961 -0.29583 0.49375 1.55417
110100962 -0.29833 0.49375 1.55104
110100963 -0.30082 0.49375 1.54791
110100964 -0.30331 0.49375 1.54478
110100965 -0.30581 0.49375 1.54166
110100966 -0.30830 0.49375 1.53853
110100967 -0.31079 0.49375 1.53540
110100968 -0.31329 0.49375 1.53227
110100969 -0.31578 0.49375 1.52914
110100970 -0.31827 0.49375 1.52602
110100971 -0.32076 0.49375 1.52289
110100972 -0.32326 0.49375 1.51976
110100973 -0.32575 0.49375 1.51663
110100974 -0.32824 0.49375 1.51350
110100975 -0.33074 0.49375 1.51037
110100976 -0.33323 0.49375 1.50725
110100977 -0.33572 0.49375 1.50412
110100978 -0.33822 0.49375 1.50099
110100979 -0.34071 0.49375 1.49786
110100980 -0.34320 0.49375 1.49473
110100981 -0.34569 0.49375 1.49161
110100982 -0.34819 0.49375 1.48848
110100983 -0.35068 0.49375 1.48535
110100984 -0.35317 0.49375 1.48222
110100985 -0.35567 0.49375 1.47909
110100986 -0.35816 0.49375 1.47597
110100987 -0.36065 0.49375 1.47284
110100988 -0.36315 0.49375 1.46971
110100989 -0.36564 0.49375 1.46658
110100990 -0.36813 0.49375 1.46345
110100991 -0.37063 0.49375 1.46033
110100992 -0.37312 0.49375 1.45720
110100993 -0.37561 0.49375 1.45407
110100994 -0.37810 0.49375 1.45094
110100995 -0.38060 0.49375 1.44781
110100996 -0.38309 0.49375 1.44469
110100997 -0.38558 0.49375 1.44156
110100998 -0.38808 0.49375 1.43843
110100999 -0.39057 0.49375 1.43530
110101000 -0.39306 0.49375 1.43217
110101001 -0.39556 0.49375 1.42905
110101002 -0.39805 0.49375 1.42592
110101003 -0.40054 0.49375 1.42279
110101004 -0.40304 0.49375 1.41966
110101005 -0.40553 0.49375 1.41653
110101006 -0.40802 0.49375 1.41341
110101007 -0.41051 0.49375 1.41028
110101008 -0.41301 0.49375 1.40715
110101009 -0.41550 0.49375 1.40402
110101010 -0.41799 0.49375 1.40089
110101011 -0.42049 0.49375 1.39777
110101012 -0.42298 0.49375 1.39464
110101013 -0.42547 0.49375 1.39151
110101014 -0.42797 0.49375 1.38838
110101015 -0.43046 0.49375 1.38525
110101016 -0.43295 0.49375 1.38213
110101017 -0.43545 0.49375 1.37900
110101018 -0.43794 0.49375 1.37587
110101019 -0.44043 0.49375 1.37274
110101020 -0.44292 0.49375 1.36961
110101021 -0.44542 0.49375 1.36649
110101022 -0.44791 0.49375 1.36336
110101023 -0.45040 0.49375 1.36023
110101024 -0.45290 0.49375 1.35710
110101025 -0.45539 0.49375 1.35397
110101026 -0.45788 0.49375 1.35084
110101027 -0.46038 0.49375 1.34772
110101028 -0.46287 0.49375 1.34459
110101029 -0.46536 0.49375 1.34146
110101030 -0.46786 0.49375 1.33833
110101031 -0.47035 0.49375 1.33520
110101032 -0.47284 0.49375 1.33208
110101033 -0.47533 0.49375 1.32895
110101034 -0.47783 0.49375 1.32582
110101035 -0.48032 0.49375 1.32269
110101036 -0.48281 0.49375 1.31956
110101037 -0.48531 0.49375 1.31644
110101038 -0.48780 0.49375 1.31331
110101039 -0.49029 0.49375 1.31018
110101040 -0.49279 0.49375 1.30705
110101041 -0.49528 0.49375 1.30392
110101042 -0.49777 0.49375 1.30080
110101043 -0.50026 0.49375 1.29767
110101044 -0.50276 0.49375 1.29454
110101045 -0.50525 0.49375 1.29141
110101046 -0.50774 0.49375 1.28828
110101047 -0.51024 0.49375 1.28516
110101048 -0.51273 0.49375 1.28203
110101049 -0.51522 0.49375 1.27890
110101050 -0.51772 0.49375 1.27577
110101051 -0.14625 0.50725 1.74185
110101052 -0.14874 0.50725 1.73872
110101053 -0.15124 0.50725 1.73559
110101054 -0.15373 0.50725 1.73247
110101055 -0.15622 0.50725 1.72934
110101056 -0.15872 0.50725 1.72621
110101057 -0.16121 0.50725 1.72308
110101058 -0.16370 0.50725 1.71995
110101059 -0.16619 0.50725 1.71683
110101060 -0.16869 0.50725 1.71370
110101061 -0.17118 0.50725 1.71057
110101062 -0.17367 0.50725 1.70744
110101063 -0.17617 0.50725 1.70431
110101064 -0.17866 0.50725 1.70119
110101065 -0.18115 0.50725 1.69806
110101066 -0.18365 0.50725 1.69493
110101067 -0.18614 0.50725 1.69180
110101068 -0.18863 0.50725 1.68867
110101069 -0.19113 0.50725 1.68555
110101070 -0.19362 0.50725 1.68242
110101071 -0.19611 0.50725 1.67929
110101072 -0.19860 0.50725 1.67616
110101073 -0.20110 0.50725 1.67303
110101074 -0.20359 0.50725 1.66991
110101075 -0.20608 0.50725 1.66678
110101076 -0.20858 0.50725 1.66365
110101077 -0.21107 0.50725 1.66052
110101078 -0.21356 0.50725 1.65739
110101079 -0.21606 0.50725 1.65426
110101080 -0.21855 0.50725 1.65114
110101081 -0.22104 0.50725 1.64801
110101082 -0.22353 0.50725 1.64488
110101083 -0.22603 0.50725 1.64175
110101084 -0.22852 0.50725 1.63862
110101085 -0.23101 0.50725 1.63550
110101086 -0.23351 0.50725 1.63237
110101087 -0.23600 0.50725 1.62924
110101088 -0.23849 0.50725 1.62611
110101089 -0.24099 0.50725 1.62298
110101090 -0.24348 0.50725 1.61986
110101091 -0.24597 0.50725 1.61673
110101092 -0.24847 0.50725 1.61360
110101093 -0.25096 0.50725 1.61047
110101094 -0.25345 0.50725 1.60734
110101095 -0.25594 0.50725 1.60422
110101096 -0.25844 0.50725 1.60109
110101097 -0.26093 0.50725 1.59796
110101098 -0.26342 0.50725 1.59483
110101099 -0.26592 0.50725 1.59170
110101100 -0.26841 0.50725 1.58858
110101101 -0.27090 0.50725 1.58545
110101102 -0.27340 0.50725 1.58232
110101103 -0.27589 0.50725 1.57919
110101104 -0.27838 0.50725 1.57606
110101105 -0.28088 0.50725 1.57294
110101106 -0.28337 0.50725 1.56981
110101107 -0.28586 0.50725 1.56668
110101108 -0.28835 0.50725 1.56355
110101109 -0.29085 0.50725 1.56042
110101110 -0.29334 0.50725 1.55730
110101111 -0.29583 0.50725 1.55417
110101112 -0.29833 0.50725 1.55104
110101113 -0.30082 0.50725 1.54791
110101114 -0.30331 0.50725 1.54478
110101115 -0.30581 0.50725 1.54166
110101116 -0.30830 0.50725 1.53853
110101117 -0.31079 0.50725 1.53540
110101118 -0.31329 0.50725 1.53227
110101119 -0.31578 0.50725 1.52914
110101120 -0.31827 0.50725 1.52602
110101121 -0.32076 0.50725 1.52289
110101122 -0.32326 0.50725 1.51976
110101123 -0.32575 0.50725 1.51663
110101124 -0.32824 0.50725 1.51350
110101125 -0.33074 0.50725 1.51037
110101126 -0.33323 0.50725 1.50725
110101127 -0.33572 0.50725 1.50412
110101128 -0.33822 0.50725 1.50099
110101129 -0.34071 0.50725 1.49786
110101130 -0.34320 0.50725 1.49473
110101131 -0.34569 0.50725 1.49161
110101132 -0.34819 0.50725 1.48848
110101133 -0.35068 0.50725 1.48535
110101134 -0.35317 0.50725 1.48222
110101135 -0.35567 0.50725 1.47909
110101136 -0.35816 0.50725 1.47597
110101137 -0.36065 0.50725 1.47284
110101138 -0.36315 0.50725 1.46971
110101139 -0.36564 0.50725 1.46658
110101140 -0.36813 0.50725 1.46345
110101141 -0.37063 0.50725 1.46033
110101142 -0.37312 0.50725 1.45720
110101143 -0.37561 0.50725 1.45407
110101144 -0.37810 0.50725 1.45094
110101145 -0.38060 0.50725 1.44781
110101146 -0.38309 0.50725 1.44469
110101147 -0.38558 0.50725 1.44156
110101148 -0.38808 0.50725 1.43843
110101149 -0.39057 0.50725 1.43530
110101150 -0.39306 0.50725 1.43217
110101151 -0.39556 0.50725 1.42905
110101152 -0.39805 0.50725 1.42592
110101153 -0.40054 0.50725 1.42279
110101154 -0.40304 0.50725 1.41966
110101155 -0.40553 0.50725 1.41653
110101156 -0.40802 0.50725 1.41341
110101157 -0.41051 0.50725 1.41028
110101158 -0.41301 0.50725 1.40715
110101159 -0.41550 0.50725 1.40402
110101160 -0.41799 0.50725 1.40089
110101161 -0.42049 0.50725 1.39777
110101162 -0.42298 0.50725 1.39464
110101163 -0.42547 0.50725 1.39151
110101164 -0.42797 0.50725 1.38838
110101165 -0.43046 0.50725 1.38525
110101166 -0.43295 0.50725 1.38213
110101167 -0.43545 0.50725 1.37900
110101168 -0.43794 0.50725 1.37587
110101169 -0.44043 0.50725 1.37274
110101170 -0.44292 0.50725 1.36961
110101171 -0.44542 0.50725 1.36649
110101172 -0.44791 0.50725 1.36336
110101173 -0.45040 0.50725 1.36023
110101174 -0.45290 0.50725 1.35710
110101175 -0.45539 0.50725 1.35397
110101176 -0.45788 0.50725 1.35084
110101177 -0.46038 0.50725 1.34772
110101178 -0.46287 0.50725 1.34459
110101179 -0.46536 0.50725 1.34146
110101180 -0.46786 0.50725 1.33833
110101181 -0.47035 0.50725 1.33520
110101182 -0.47284 0.50725 1.33208
110101183 -0.47533 0.50725 1.32895
110101184 -0.47783 0.50725 1.32582
110101185 -0.48032 0.50725 1.32269
110101186 -0.48281 0.50725 1.31956
110101187 -0.48531 0.50725 1.31644
110101188 -0.48780 0.50725 1.31331
110101189 -0.49029 0.50725 1.31018
110101190 -0.49279 0.50725 1.30705
110101191 -0.49528 0.50725 1.30392
110101192 -0.49777 0.50725 1.30080
110101193 -0.50026 0.50725 1.29767
110101194 -0.50276 0.50725 1.29454
110101195 -0.50525 0.50725 1.29141
110101196 -0.50774 0.50725 1.28828
110101197 -0.51024 0.50725 1.28516
110101198 -0.51273 0.50725 1.28203
110101199 -0.51522 0.50725 1.27890
110101200 -0.51772 0.50725 1.27577
