# pixelID  x  y  z
101100001 0.22481 0.50200 -2.00000
101100002 0.22481 0.50600 -2.00000
101100003 0.22481 0.51000 -2.00000
101100004 0.22481 0.51400 -2.00000
101100005 0.22481 0.51800 -2.00000
101100006 0.22481 0.52200 -2.00000
101100007 0.22481 0.52600 -2.00000
101100008 0.22481 0.53000 -2.00000
101100009 0.22481 0.53400 -2.00000
101100010 0.22481 0.53800 -2.00000
101100011 0.22481 0.54200 -2.00000
101100012 0.22481 0.54600 -2.00000
101100013 0.22481 0.55000 -2.00000
101100014 0.22481 0.55400 -2.00000
101100015 0.22481 0.55800 -2.00000
101100016 0.22481 0.56200 -2.00000
101100017 0.22481 0.56600 -2.00000
101100018 0.22481 0.57000 -2.00000
101100019 0.22481 0.57400 -2.00000
101100020 0.22481 0.57800 -2.00000
101100021 0.22481 0.58200 -2.00000
101100022 0.22481 0.58600 -2.00000
101100023 0.22481 0.59000 -2.00000
101100024 0.22481 0.59400 -2.00000
101100025 0.22481 0.59800 -2.00000
101100026 0.22481 0.60200 -2.00000
101100027 0.22481 0.60600 -2.00000
101100028 0.22481 0.61000 -2.00000
101100029 0.22481 0.61400 -2.00000
101100030 0.22481 0.61800 -2.00000
101100031 0.22481 0.62200 -2.00000
101100032 0.22481 0.62600 -2.00000
101100033 0.22481 0.63000 -2.00000
101100034 0.22481 0.63400 -2.00000
101100035 0.22481 0.63800 -2.00000
101100036 0.22481 0.64200 -2.00000
101100037 0.22481 0.64600 -2.00000
101100038 0.22481 0.65000 -2.00000
101100039 0.22481 0.65400 -2.00000
101100040 0.22481 0.65800 -2.00000
101100041 0.22481 0.66200 -2.00000
101100042 0.22481 0.66600 -2.00000
101100043 0.22481 0.67000 -2.00000
101100044 0.22481 0.67400 -2.00000
101100045 0.22481 0.67800 -2.00000
101100046 0.22481 0.68200 -2.00000
101100047 0.22481 0.68600 -2.00000
101100048 0.22481 0.69000 -2.00000
101100049 0.22481 0.69400 -2.00000
101100050 0.22481 0.69800 -2.00000
101100051 0.22481 0.70200 -2.00000
101100052 0.22481 0.70600 -2.00000
101100053 0.22481 0.71000 -2.00000
101100054 0.22481 0.71400 -2.00000
101100055 0.22481 0.71800 -2.00000
101100056 0.22481 0.72200 -2.00000
101100057 0.22481 0.72600 -2.00000
101100058 0.22481 0.73000 -2.00000
101100059 0.22481 0.73400 -2.00000
101100060 0.22481 0.73800 -2.00000
101100061 0.22481 0.74200 -2.00000
101100062 0.22481 0.74600 -2.00000
101100063 0.22481 0.75000 -2.00000
101100064 0.22481 0.75400 -2.00000
101100065 0.22481 0.75800 -2.00000
101100066 0.22481 0.76200 -2.00000
101100067 0.22481 0.76600 -2.00000
101100068 0.22481 0.77000 -2.00000
101100069 0.22481 0.77400 -2.00000
101100070 0.22481 0.77800 -2.00000
101100071 0.22481 0.78200 -2.00000
101100072 0.22481 0.78600 -2.00000
101100073 0.22481 0.79000 -2.00000
101100074 0.22481 0.79400 -2.00000
101100075 0.22481 0.79800 -2.00000
101100076 0.22481 0.80200 -2.00000
101100077 0.22481 0.80600 -2.00000
101100078 0.22481 0.81000 -2.00000
101100079 0.22481 0.81400 -2.00000
101100080 0.22481 0.81800 -2.00000
101100081 0.22481 0.82200 -2.00000
101100082 0.22481 0.82600 -2.00000
101100083 0.22481 0.83000 -2.00000
101100084 0.22481 0.83400 -2.00000
101100085 0.22481 0.83800 -2.00000
101100086 0.22481 0.84200 -2.00000
101100087 0.22481 0.84600 -2.00000
101100088 0.22481 0.85000 -2.00000
101100089 0.22481 0.85400 -2.00000
101100090 0.22481 0.85800 -2.00000
101100091 0.22481 0.86200 -2.00000
101100092 0.22481 0.86600 -2.00000
101100093 0.22481 0.87000 -2.00000
101100094 0.22481 0.87400 -2.00000
101100095 0.22481 0.87800 -2.00000
101100096 0.22481 0.88200 -2.00000
101100097 0.22481 0.88600 -2.00000
101100098 0.22481 0.89000 -2.00000
101100099 0.22481 0.89400 -2.00000
101100100 0.22481 0.89800 -2.00000
101100101 0.22481 0.90200 -2.00000
101100102 0.22481 0.90600 -2.00000
101100103 0.22481 0.91000 -2.00000
101100104 0.22481 0.91400 -2.00000
101100105 0.22481 0.91800 -2.00000
101100106 0.22481 0.92200 -2.00000
101100107 0.22481 0.92600 -2.00000
101100108 0.22481 0.93000 -2.00000
101100109 0.22481 0.93400 -2.00000
101100110 0.22481 0.93800 -2.00000
101100111 0.22481 0.94200 -2.00000
101100112 0.22481 0.94600 -2.00000
101100113 0.22481 0.95000 -2.00000
101100114 0.22481 0.95400 -2.00000
101100115 0.22481 0.95800 -2.00000
101100116 0.22481 0.96200 -2.00000
101100117 0.22481 0.96600 -2.00000
101100118 0.22481 0.97000 -2.00000
101100119 0.22481 0.97400 -2.00000
101100120 0.22481 0.97800 -2.00000
101100121 0.22481 0.98200 -2.00000
101100122 0.22481 0.98600 -2.00000
101100123 0.22481 0.99000 -2.00000
101100124 0.22481 0.99400 -2.00000
101100125 0.22481 0.99800 -2.00000
101100126 0.22481 1.00200 -2.00000
101100127 0.22481 1.00600 -2.00000
101100128 0.22481 1.01000 -2.00000
101100129 0.22481 1.01400 -2.00000
101100130 0.22481 1.01800 -2.00000
101100131 0.22481 1.02200 -2.00000
101100132 0.22481 1.02600 -2.00000
101100133 0.22481 1.03000 -2.00000
101100134 0.22481 1.03400 -2.00000
101100135 0.22481 1.03800 -2.00000
101100136 0.22481 1.04200 -2.00000
101100137 0.22481 1.04600 -2.00000
101100138 0.22481 1.05000 -2.00000
101100139 0.22481 1.05400 -2.00000
101100140 0.22481 1.05800 -2.00000
101100141 0.22481 1.06200 -2.00000
101100142 0.22481 1.06600 -2.00000
101100143 0.22481 1.07000 -2.00000
101100144 0.22481 1.07400 -2.00000
101100145 0.22481 1.07800 -2.00000
101100146 0.22481 1.08200 -2.00000
101100147 0.22481 1.08600 -2.00000
101100148 0.22481 1.09000 -2.00000
101100149 0.22481 1.09400 -2.00000
101100150 0.22481 1.09800 -2.00000
101100151 0.23331 0.50200 -2.00000
101100152 0.23331 0.50600 -2.00000
101100153 0.23331 0.51000 -2.00000
101100154 0.23331 0.51400 -2.00000
101100155 0.23331 0.51800 -2.00000
101100156 0.23331 0.52200 -2.00000
101100157 0.23331 0.52600 -2.00000
101100158 0.23331 0.53000 -2.00000
101100159 0.23331 0.53400 -2.00000
101100160 0.23331 0.53800 -2.00000
101100161 0.23331 0.54200 -2.00000
101100162 0.23331 0.54600 -2.00000
101100163 0.23331 0.55000 -2.00000
101100164 0.23331 0.55400 -2.00000
101100165 0.23331 0.55800 -2.00000
101100166 0.23331 0.56200 -2.00000
101100167 0.23331 0.56600 -2.00000
101100168 0.23331 0.57000 -2.00000
101100169 0.23331 0.57400 -2.00000
101100170 0.23331 0.57800 -2.00000
101100171 0.23331 0.58200 -2.00000
101100172 0.23331 0.58600 -2.00000
101100173 0.23331 0.59000 -2.00000
101100174 0.23331 0.59400 -2.00000
101100175 0.23331 0.59800 -2.00000
101100176 0.23331 0.60200 -2.00000
101100177 0.23331 0.60600 -2.00000
101100178 0.23331 0.61000 -2.00000
101100179 0.23331 0.61400 -2.00000
101100180 0.23331 0.61800 -2.00000
101100181 0.23331 0.62200 -2.00000
101100182 0.23331 0.62600 -2.00000
101100183 0.23331 0.63000 -2.00000
101100184 0.23331 0.63400 -2.00000
101100185 0.23331 0.63800 -2.00000
101100186 0.23331 0.64200 -2.00000
101100187 0.23331 0.64600 -2.00000
101100188 0.23331 0.65000 -2.00000
101100189 0.23331 0.65400 -2.00000
101100190 0.23331 0.65800 -2.00000
101100191 0.23331 0.66200 -2.00000
101100192 0.23331 0.66600 -2.00000
101100193 0.23331 0.67000 -2.00000
101100194 0.23331 0.67400 -2.00000
101100195 0.23331 0.67800 -2.00000
101100196 0.23331 0.68200 -2.00000
101100197 0.23331 0.68600 -2.00000
101100198 0.23331 0.69000 -2.00000
101100199 0.23331 0.69400 -2.00000
101100200 0.23331 0.69800 -2.00000
101100201 0.23331 0.70200 -2.00000
101100202 0.23331 0.70600 -2.00000
101100203 0.23331 0.71000 -2.00000
101100204 0.23331 0.71400 -2.00000
101100205 0.23331 0.71800 -2.00000
101100206 0.23331 0.72200 -2.00000
101100207 0.23331 0.72600 -2.00000
101100208 0.23331 0.73000 -2.00000
101100209 0.23331 0.73400 -2.00000
101100210 0.23331 0.73800 -2.00000
101100211 0.23331 0.74200 -2.00000
101100212 0.23331 0.74600 -2.00000
101100213 0.23331 0.75000 -2.00000
101100214 0.23331 0.75400 -2.00000
101100215 0.23331 0.75800 -2.00000
101100216 0.23331 0.76200 -2.00000
101100217 0.23331 0.76600 -2.00000
101100218 0.23331 0.77000 -2.00000
101100219 0.23331 0.77400 -2.00000
101100220 0.23331 0.77800 -2.00000
101100221 0.23331 0.78200 -2.00000
101100222 0.23331 0.78600 -2.00000
101100223 0.23331 0.79000 -2.00000
101100224 0.23331 0.79400 -2.00000
101100225 0.23331 0.79800 -2.00000
101100226 0.23331 0.80200 -2.00000
101100227 0.23331 0.80600 -2.00000
101100228 0.23331 0.81000 -2.00000
101100229 0.23331 0.81400 -2.00000
101100230 0.23331 0.81800 -2.00000
101100231 0.23331 0.82200 -2.00000
101100232 0.23331 0.82600 -2.00000
101100233 0.23331 0.83000 -2.00000
101100234 0.23331 0.83400 -2.00000
101100235 0.23331 0.83800 -2.00000
101100236 0.23331 0.84200 -2.00000
101100237 0.23331 0.84600 -2.00000
101100238 0.23331 0.85000 -2.00000
101100239 0.23331 0.85400 -2.00000
101100240 0.23331 0.85800 -2.00000
101100241 0.23331 0.86200 -2.00000
101100242 0.23331 0.86600 -2.00000
101100243 0.23331 0.87000 -2.00000
101100244 0.23331 0.87400 -2.00000
101100245 0.23331 0.87800 -2.00000
101100246 0.23331 0.88200 -2.00000
101100247 0.23331 0.88600 -2.00000
101100248 0.23331 0.89000 -2.00000
101100249 0.23331 0.89400 -2.00000
101100250 0.23331 0.89800 -2.00000
101100251 0.23331 0.90200 -2.00000
101100252 0.23331 0.90600 -2.00000
101100253 0.23331 0.91000 -2.00000
101100254 0.23331 0.91400 -2.00000
101100255 0.23331 0.91800 -2.00000
101100256 0.23331 0.92200 -2.00000
101100257 0.23331 0.92600 -2.00000
101100258 0.23331 0.93000 -2.00000
101100259 0.23331 0.93400 -2.00000
101100260 0.23331 0.93800 -2.00000
101100261 0.23331 0.94200 -2.00000
101100262 0.23331 0.94600 -2.00000
101100263 0.23331 0.95000 -2.00000
101100264 0.23331 0.95400 -2.00000
101100265 0.23331 0.95800 -2.00000
101100266 0.23331 0.96200 -2.00000
101100267 0.23331 0.96600 -2.00000
101100268 0.23331 0.97000 -2.00000
101100269 0.23331 0.97400 -2.00000
101100270 0.23331 0.97800 -2.00000
101100271 0.23331 0.98200 -2.00000
101100272 0.23331 0.98600 -2.00000
101100273 0.23331 0.99000 -2.00000
101100274 0.23331 0.99400 -2.00000
101100275 0.23331 0.99800 -2.00000
101100276 0.23331 1.00200 -2.00000
101100277 0.23331 1.00600 -2.00000
101100278 0.23331 1.01000 -2.00000
101100279 0.23331 1.01400 -2.00000
101100280 0.23331 1.01800 -2.00000
101100281 0.23331 1.02200 -2.00000
101100282 0.23331 1.02600 -2.00000
101100283 0.23331 1.03000 -2.00000
101100284 0.23331 1.03400 -2.00000
101100285 0.23331 1.03800 -2.00000
101100286 0.23331 1.04200 -2.00000
101100287 0.23331 1.04600 -2.00000
101100288 0.23331 1.05000 -2.00000
101100289 0.23331 1.05400 -2.00000
101100290 0.23331 1.05800 -2.00000
101100291 0.23331 1.06200 -2.00000
101100292 0.23331 1.06600 -2.00000
101100293 0.23331 1.07000 -2.00000
101100294 0.23331 1.07400 -2.00000
101100295 0.23331 1.07800 -2.00000
101100296 0.23331 1.08200 -2.00000
101100297 0.23331 1.08600 -2.00000
101100298 0.23331 1.09000 -2.00000
101100299 0.23331 1.09400 -2.00000
101100300 0.23331 1.09800 -2.00000
101100301 0.24181 0.50200 -2.00000
101100302 0.24181 0.50600 -2.00000
101100303 0.24181 0.51000 -2.00000
101100304 0.24181 0.51400 -2.00000
101100305 0.24181 0.51800 -2.00000
101100306 0.24181 0.52200 -2.00000
101100307 0.24181 0.52600 -2.00000
101100308 0.24181 0.53000 -2.00000
101100309 0.24181 0.53400 -2.00000
101100310 0.24181 0.53800 -2.00000
101100311 0.24181 0.54200 -2.00000
101100312 0.24181 0.54600 -2.00000
101100313 0.24181 0.55000 -2.00000
101100314 0.24181 0.55400 -2.00000
101100315 0.24181 0.55800 -2.00000
101100316 0.24181 0.56200 -2.00000
101100317 0.24181 0.56600 -2.00000
101100318 0.24181 0.57000 -2.00000
101100319 0.24181 0.57400 -2.00000
101100320 0.24181 0.57800 -2.00000
101100321 0.24181 0.58200 -2.00000
101100322 0.24181 0.58600 -2.00000
101100323 0.24181 0.59000 -2.00000
101100324 0.24181 0.59400 -2.00000
101100325 0.24181 0.59800 -2.00000
101100326 0.24181 0.60200 -2.00000
101100327 0.24181 0.60600 -2.00000
101100328 0.24181 0.61000 -2.00000
101100329 0.24181 0.61400 -2.00000
101100330 0.24181 0.61800 -2.00000
101100331 0.24181 0.62200 -2.00000
101100332 0.24181 0.62600 -2.00000
101100333 0.24181 0.63000 -2.00000
101100334 0.24181 0.63400 -2.00000
101100335 0.24181 0.63800 -2.00000
101100336 0.24181 0.64200 -2.00000
101100337 0.24181 0.64600 -2.00000
101100338 0.24181 0.65000 -2.00000
101100339 0.24181 0.65400 -2.00000
101100340 0.24181 0.65800 -2.00000
101100341 0.24181 0.66200 -2.00000
101100342 0.24181 0.66600 -2.00000
101100343 0.24181 0.67000 -2.00000
101100344 0.24181 0.67400 -2.00000
101100345 0.24181 0.67800 -2.00000
101100346 0.24181 0.68200 -2.00000
101100347 0.24181 0.68600 -2.00000
101100348 0.24181 0.69000 -2.00000
101100349 0.24181 0.69400 -2.00000
101100350 0.24181 0.69800 -2.00000
101100351 0.24181 0.70200 -2.00000
101100352 0.24181 0.70600 -2.00000
101100353 0.24181 0.71000 -2.00000
101100354 0.24181 0.71400 -2.00000
101100355 0.24181 0.71800 -2.00000
101100356 0.24181 0.72200 -2.00000
101100357 0.24181 0.72600 -2.00000
101100358 0.24181 0.73000 -2.00000
101100359 0.24181 0.73400 -2.00000
101100360 0.24181 0.73800 -2.00000
101100361 0.24181 0.74200 -2.00000
101100362 0.24181 0.74600 -2.00000
101100363 0.24181 0.75000 -2.00000
101100364 0.24181 0.75400 -2.00000
101100365 0.24181 0.75800 -2.00000
101100366 0.24181 0.76200 -2.00000
101100367 0.24181 0.76600 -2.00000
101100368 0.24181 0.77000 -2.00000
101100369 0.24181 0.77400 -2.00000
101100370 0.24181 0.77800 -2.00000
101100371 0.24181 0.78200 -2.00000
101100372 0.24181 0.78600 -2.00000
101100373 0.24181 0.79000 -2.00000
101100374 0.24181 0.79400 -2.00000
101100375 0.24181 0.79800 -2.00000
101100376 0.24181 0.80200 -2.00000
101100377 0.24181 0.80600 -2.00000
101100378 0.24181 0.81000 -2.00000
101100379 0.24181 0.81400 -2.00000
101100380 0.24181 0.81800 -2.00000
101100381 0.24181 0.82200 -2.00000
101100382 0.24181 0.82600 -2.00000
101100383 0.24181 0.83000 -2.00000
101100384 0.24181 0.83400 -2.00000
101100385 0.24181 0.83800 -2.00000
101100386 0.24181 0.84200 -2.00000
101100387 0.24181 0.84600 -2.00000
101100388 0.24181 0.85000 -2.00000
101100389 0.24181 0.85400 -2.00000
101100390 0.24181 0.85800 -2.00000
101100391 0.24181 0.86200 -2.00000
101100392 0.24181 0.86600 -2.00000
101100393 0.24181 0.87000 -2.00000
101100394 0.24181 0.87400 -2.00000
101100395 0.24181 0.87800 -2.00000
101100396 0.24181 0.88200 -2.00000
101100397 0.24181 0.88600 -2.00000
101100398 0.24181 0.89000 -2.00000
101100399 0.24181 0.89400 -2.00000
101100400 0.24181 0.89800 -2.00000
101100401 0.24181 0.90200 -2.00000
101100402 0.24181 0.90600 -2.00000
101100403 0.24181 0.91000 -2.00000
101100404 0.24181 0.91400 -2.00000
101100405 0.24181 0.91800 -2.00000
101100406 0.24181 0.92200 -2.00000
101100407 0.24181 0.92600 -2.00000
101100408 0.24181 0.93000 -2.00000
101100409 0.24181 0.93400 -2.00000
101100410 0.24181 0.93800 -2.00000
101100411 0.24181 0.94200 -2.00000
101100412 0.24181 0.94600 -2.00000
101100413 0.24181 0.95000 -2.00000
101100414 0.24181 0.95400 -2.00000
101100415 0.24181 0.95800 -2.00000
101100416 0.24181 0.96200 -2.00000
101100417 0.24181 0.96600 -2.00000
101100418 0.24181 0.97000 -2.00000
101100419 0.24181 0.97400 -2.00000
101100420 0.24181 0.97800 -2.00000
101100421 0.24181 0.98200 -2.00000
101100422 0.24181 0.98600 -2.00000
101100423 0.24181 0.99000 -2.00000
101100424 0.24181 0.99400 -2.00000
101100425 0.24181 0.99800 -2.00000
101100426 0.24181 1.00200 -2.00000
101100427 0.24181 1.00600 -2.00000
101100428 0.24181 1.01000 -2.00000
101100429 0.24181 1.01400 -2.00000
101100430 0.24181 1.01800 -2.00000
101100431 0.24181 1.02200 -2.00000
101100432 0.24181 1.02600 -2.00000
101100433 0.24181 1.03000 -2.00000
101100434 0.24181 1.03400 -2.00000
101100435 0.24181 1.03800 -2.00000
101100436 0.24181 1.04200 -2.00000
101100437 0.24181 1.04600 -2.00000
101100438 0.24181 1.05000 -2.00000
101100439 0.24181 1.05400 -2.00000
101100440 0.24181 1.05800 -2.00000
101100441 0.24181 1.06200 -2.00000
101100442 0.24181 1.06600 -2.00000
101100443 0.24181 1.07000 -2.00000
101100444 0.24181 1.07400 -2.00000
101100445 0.24181 1.07800 -2.00000
101100446 0.24181 1.08200 -2.00000
101100447 0.24181 1.08600 -2.00000
101100448 0.24181 1.09000 -2.00000
101100449 0.24181 1.09400 -2.00000
101100450 0.24181 1.09800 -2.00000
101100451 0.25031 0.50200 -2.00000
101100452 0.25031 0.50600 -2.00000
101100453 0.25031 0.51000 -2.00000
101100454 0.25031 0.51400 -2.00000
101100455 0.25031 0.51800 -2.00000
101100456 0.25031 0.52200 -2.00000
101100457 0.25031 0.52600 -2.00000
101100458 0.25031 0.53000 -2.00000
101100459 0.25031 0.53400 -2.00000
101100460 0.25031 0.53800 -2.00000
101100461 0.25031 0.54200 -2.00000
101100462 0.25031 0.54600 -2.00000
101100463 0.25031 0.55000 -2.00000
101100464 0.25031 0.55400 -2.00000
101100465 0.25031 0.55800 -2.00000
101100466 0.25031 0.56200 -2.00000
101100467 0.25031 0.56600 -2.00000
101100468 0.25031 0.57000 -2.00000
101100469 0.25031 0.57400 -2.00000
101100470 0.25031 0.57800 -2.00000
101100471 0.25031 0.58200 -2.00000
101100472 0.25031 0.58600 -2.00000
101100473 0.25031 0.59000 -2.00000
101100474 0.25031 0.59400 -2.00000
101100475 0.25031 0.59800 -2.00000
101100476 0.25031 0.60200 -2.00000
101100477 0.25031 0.60600 -2.00000
101100478 0.25031 0.61000 -2.00000
101100479 0.25031 0.61400 -2.00000
101100480 0.25031 0.61800 -2.00000
101100481 0.25031 0.62200 -2.00000
101100482 0.25031 0.62600 -2.00000
101100483 0.25031 0.63000 -2.00000
101100484 0.25031 0.63400 -2.00000
101100485 0.25031 0.63800 -2.00000
101100486 0.25031 0.64200 -2.00000
101100487 0.25031 0.64600 -2.00000
101100488 0.25031 0.65000 -2.00000
101100489 0.25031 0.65400 -2.00000
101100490 0.25031 0.65800 -2.00000
101100491 0.25031 0.66200 -2.00000
101100492 0.25031 0.66600 -2.00000
101100493 0.25031 0.67000 -2.00000
101100494 0.25031 0.67400 -2.00000
101100495 0.25031 0.67800 -2.00000
101100496 0.25031 0.68200 -2.00000
101100497 0.25031 0.68600 -2.00000
101100498 0.25031 0.69000 -2.00000
101100499 0.25031 0.69400 -2.00000
101100500 0.25031 0.69800 -2.00000
101100501 0.25031 0.70200 -2.00000
101100502 0.25031 0.70600 -2.00000
101100503 0.25031 0.71000 -2.00000
101100504 0.25031 0.71400 -2.00000
101100505 0.25031 0.71800 -2.00000
101100506 0.25031 0.72200 -2.00000
101100507 0.25031 0.72600 -2.00000
101100508 0.25031 0.73000 -2.00000
101100509 0.25031 0.73400 -2.00000
101100510 0.25031 0.73800 -2.00000
101100511 0.25031 0.74200 -2.00000
101100512 0.25031 0.74600 -2.00000
101100513 0.25031 0.75000 -2.00000
101100514 0.25031 0.75400 -2.00000
101100515 0.25031 0.75800 -2.00000
101100516 0.25031 0.76200 -2.00000
101100517 0.25031 0.76600 -2.00000
101100518 0.25031 0.77000 -2.00000
101100519 0.25031 0.77400 -2.00000
101100520 0.25031 0.77800 -2.00000
101100521 0.25031 0.78200 -2.00000
101100522 0.25031 0.78600 -2.00000
101100523 0.25031 0.79000 -2.00000
101100524 0.25031 0.79400 -2.00000
101100525 0.25031 0.79800 -2.00000
101100526 0.25031 0.80200 -2.00000
101100527 0.25031 0.80600 -2.00000
101100528 0.25031 0.81000 -2.00000
101100529 0.25031 0.81400 -2.00000
101100530 0.25031 0.81800 -2.00000
101100531 0.25031 0.82200 -2.00000
101100532 0.25031 0.82600 -2.00000
101100533 0.25031 0.83000 -2.00000
101100534 0.25031 0.83400 -2.00000
101100535 0.25031 0.83800 -2.00000
101100536 0.25031 0.84200 -2.00000
101100537 0.25031 0.84600 -2.00000
101100538 0.25031 0.85000 -2.00000
101100539 0.25031 0.85400 -2.00000
101100540 0.25031 0.85800 -2.00000
101100541 0.25031 0.86200 -2.00000
101100542 0.25031 0.86600 -2.00000
101100543 0.25031 0.87000 -2.00000
101100544 0.25031 0.87400 -2.00000
101100545 0.25031 0.87800 -2.00000
101100546 0.25031 0.88200 -2.00000
101100547 0.25031 0.88600 -2.00000
101100548 0.25031 0.89000 -2.00000
101100549 0.25031 0.89400 -2.00000
101100550 0.25031 0.89800 -2.00000
101100551 0.25031 0.90200 -2.00000
101100552 0.25031 0.90600 -2.00000
101100553 0.25031 0.91000 -2.00000
101100554 0.25031 0.91400 -2.00000
101100555 0.25031 0.91800 -2.00000
101100556 0.25031 0.92200 -2.00000
101100557 0.25031 0.92600 -2.00000
101100558 0.25031 0.93000 -2.00000
101100559 0.25031 0.93400 -2.00000
101100560 0.25031 0.93800 -2.00000
101100561 0.25031 0.94200 -2.00000
101100562 0.25031 0.94600 -2.00000
101100563 0.25031 0.95000 -2.00000
101100564 0.25031 0.95400 -2.00000
101100565 0.25031 0.95800 -2.00000
101100566 0.25031 0.96200 -2.00000
101100567 0.25031 0.96600 -2.00000
101100568 0.25031 0.97000 -2.00000
101100569 0.25031 0.97400 -2.00000
101100570 0.25031 0.97800 -2.00000
101100571 0.25031 0.98200 -2.00000
101100572 0.25031 0.98600 -2.00000
101100573 0.25031 0.99000 -2.00000
101100574 0.25031 0.99400 -2.00000
101100575 0.25031 0.99800 -2.00000
101100576 0.25031 1.00200 -2.00000
101100577 0.25031 1.00600 -2.00000
101100578 0.25031 1.01000 -2.00000
101100579 0.25031 1.01400 -2.00000
101100580 0.25031 1.01800 -2.00000
101100581 0.25031 1.02200 -2.00000
101100582 0.25031 1.02600 -2.00000
101100583 0.25031 1.03000 -2.00000
101100584 0.25031 1.03400 -2.00000
101100585 0.25031 1.03800 -2.00000
101100586 0.25031 1.04200 -2.00000
101100587 0.25031 1.04600 -2.00000
101100588 0.25031 1.05000 -2.00000
101100589 0.25031 1.05400 -2.00000
101100590 0.25031 1.05800 -2.00000
101100591 0.25031 1.06200 -2.00000
101100592 0.25031 1.06600 -2.00000
101100593 0.25031 1.07000 -2.00000
101100594 0.25031 1.07400 -2.00000
101100595 0.25031 1.07800 -2.00000
101100596 0.25031 1.08200 -2.00000
101100597 0.25031 1.08600 -2.00000
101100598 0.25031 1.09000 -2.00000
101100599 0.25031 1.09400 -2.00000
101100600 0.25031 1.09800 -2.00000
101100601 0.25881 0.50200 -2.00000
101100602 0.25881 0.50600 -2.00000
101100603 0.25881 0.51000 -2.00000
101100604 0.25881 0.51400 -2.00000
101100605 0.25881 0.51800 -2.00000
101100606 0.25881 0.52200 -2.00000
101100607 0.25881 0.52600 -2.00000
101100608 0.25881 0.53000 -2.00000
101100609 0.25881 0.53400 -2.00000
101100610 0.25881 0.53800 -2.00000
101100611 0.25881 0.54200 -2.00000
101100612 0.25881 0.54600 -2.00000
101100613 0.25881 0.55000 -2.00000
101100614 0.25881 0.55400 -2.00000
101100615 0.25881 0.55800 -2.00000
101100616 0.25881 0.56200 -2.00000
101100617 0.25881 0.56600 -2.00000
101100618 0.25881 0.57000 -2.00000
101100619 0.25881 0.57400 -2.00000
101100620 0.25881 0.57800 -2.00000
101100621 0.25881 0.58200 -2.00000
101100622 0.25881 0.58600 -2.00000
101100623 0.25881 0.59000 -2.00000
101100624 0.25881 0.59400 -2.00000
101100625 0.25881 0.59800 -2.00000
101100626 0.25881 0.60200 -2.00000
101100627 0.25881 0.60600 -2.00000
101100628 0.25881 0.61000 -2.00000
101100629 0.25881 0.61400 -2.00000
101100630 0.25881 0.61800 -2.00000
101100631 0.25881 0.62200 -2.00000
101100632 0.25881 0.62600 -2.00000
101100633 0.25881 0.63000 -2.00000
101100634 0.25881 0.63400 -2.00000
101100635 0.25881 0.63800 -2.00000
101100636 0.25881 0.64200 -2.00000
101100637 0.25881 0.64600 -2.00000
101100638 0.25881 0.65000 -2.00000
101100639 0.25881 0.65400 -2.00000
101100640 0.25881 0.65800 -2.00000
101100641 0.25881 0.66200 -2.00000
101100642 0.25881 0.66600 -2.00000
101100643 0.25881 0.67000 -2.00000
101100644 0.25881 0.67400 -2.00000
101100645 0.25881 0.67800 -2.00000
101100646 0.25881 0.68200 -2.00000
101100647 0.25881 0.68600 -2.00000
101100648 0.25881 0.69000 -2.00000
101100649 0.25881 0.69400 -2.00000
101100650 0.25881 0.69800 -2.00000
101100651 0.25881 0.70200 -2.00000
101100652 0.25881 0.70600 -2.00000
101100653 0.25881 0.71000 -2.00000
101100654 0.25881 0.71400 -2.00000
101100655 0.25881 0.71800 -2.00000
101100656 0.25881 0.72200 -2.00000
101100657 0.25881 0.72600 -2.00000
101100658 0.25881 0.73000 -2.00000
101100659 0.25881 0.73400 -2.00000
101100660 0.25881 0.73800 -2.00000
101100661 0.25881 0.74200 -2.00000
101100662 0.25881 0.74600 -2.00000
101100663 0.25881 0.75000 -2.00000
101100664 0.25881 0.75400 -2.00000
101100665 0.25881 0.75800 -2.00000
101100666 0.25881 0.76200 -2.00000
101100667 0.25881 0.76600 -2.00000
101100668 0.25881 0.77000 -2.00000
101100669 0.25881 0.77400 -2.00000
101100670 0.25881 0.77800 -2.00000
101100671 0.25881 0.78200 -2.00000
101100672 0.25881 0.78600 -2.00000
101100673 0.25881 0.79000 -2.00000
101100674 0.25881 0.79400 -2.00000
101100675 0.25881 0.79800 -2.00000
101100676 0.25881 0.80200 -2.00000
101100677 0.25881 0.80600 -2.00000
101100678 0.25881 0.81000 -2.00000
101100679 0.25881 0.81400 -2.00000
101100680 0.25881 0.81800 -2.00000
101100681 0.25881 0.82200 -2.00000
101100682 0.25881 0.82600 -2.00000
101100683 0.25881 0.83000 -2.00000
101100684 0.25881 0.83400 -2.00000
101100685 0.25881 0.83800 -2.00000
101100686 0.25881 0.84200 -2.00000
101100687 0.25881 0.84600 -2.00000
101100688 0.25881 0.85000 -2.00000
101100689 0.25881 0.85400 -2.00000
101100690 0.25881 0.85800 -2.00000
101100691 0.25881 0.86200 -2.00000
101100692 0.25881 0.86600 -2.00000
101100693 0.25881 0.87000 -2.00000
101100694 0.25881 0.87400 -2.00000
101100695 0.25881 0.87800 -2.00000
101100696 0.25881 0.88200 -2.00000
101100697 0.25881 0.88600 -2.00000
101100698 0.25881 0.89000 -2.00000
101100699 0.25881 0.89400 -2.00000
101100700 0.25881 0.89800 -2.00000
101100701 0.25881 0.90200 -2.00000
101100702 0.25881 0.90600 -2.00000
101100703 0.25881 0.91000 -2.00000
101100704 0.25881 0.91400 -2.00000
101100705 0.25881 0.91800 -2.00000
101100706 0.25881 0.92200 -2.00000
101100707 0.25881 0.92600 -2.00000
101100708 0.25881 0.93000 -2.00000
101100709 0.25881 0.93400 -2.00000
101100710 0.25881 0.93800 -2.00000
101100711 0.25881 0.94200 -2.00000
101100712 0.25881 0.94600 -2.00000
101100713 0.25881 0.95000 -2.00000
101100714 0.25881 0.95400 -2.00000
101100715 0.25881 0.95800 -2.00000
101100716 0.25881 0.96200 -2.00000
101100717 0.25881 0.96600 -2.00000
101100718 0.25881 0.97000 -2.00000
101100719 0.25881 0.97400 -2.00000
101100720 0.25881 0.97800 -2.00000
101100721 0.25881 0.98200 -2.00000
101100722 0.25881 0.98600 -2.00000
101100723 0.25881 0.99000 -2.00000
101100724 0.25881 0.99400 -2.00000
101100725 0.25881 0.99800 -2.00000
101100726 0.25881 1.00200 -2.00000
101100727 0.25881 1.00600 -2.00000
101100728 0.25881 1.01000 -2.00000
101100729 0.25881 1.01400 -2.00000
101100730 0.25881 1.01800 -2.00000
101100731 0.25881 1.02200 -2.00000
101100732 0.25881 1.02600 -2.00000
101100733 0.25881 1.03000 -2.00000
101100734 0.25881 1.03400 -2.00000
101100735 0.25881 1.03800 -2.00000
101100736 0.25881 1.04200 -2.00000
101100737 0.25881 1.04600 -2.00000
101100738 0.25881 1.05000 -2.00000
101100739 0.25881 1.05400 -2.00000
101100740 0.25881 1.05800 -2.00000
101100741 0.25881 1.06200 -2.00000
101100742 0.25881 1.06600 -2.00000
101100743 0.25881 1.07000 -2.00000
101100744 0.25881 1.07400 -2.00000
101100745 0.25881 1.07800 -2.00000
101100746 0.25881 1.08200 -2.00000
101100747 0.25881 1.08600 -2.00000
101100748 0.25881 1.09000 -2.00000
101100749 0.25881 1.09400 -2.00000
101100750 0.25881 1.09800 -2.00000
101100751 0.26731 0.50200 -2.00000
101100752 0.26731 0.50600 -2.00000
101100753 0.26731 0.51000 -2.00000
101100754 0.26731 0.51400 -2.00000
101100755 0.26731 0.51800 -2.00000
101100756 0.26731 0.52200 -2.00000
101100757 0.26731 0.52600 -2.00000
101100758 0.26731 0.53000 -2.00000
101100759 0.26731 0.53400 -2.00000
101100760 0.26731 0.53800 -2.00000
101100761 0.26731 0.54200 -2.00000
101100762 0.26731 0.54600 -2.00000
101100763 0.26731 0.55000 -2.00000
101100764 0.26731 0.55400 -2.00000
101100765 0.26731 0.55800 -2.00000
101100766 0.26731 0.56200 -2.00000
101100767 0.26731 0.56600 -2.00000
101100768 0.26731 0.57000 -2.00000
101100769 0.26731 0.57400 -2.00000
101100770 0.26731 0.57800 -2.00000
101100771 0.26731 0.58200 -2.00000
101100772 0.26731 0.58600 -2.00000
101100773 0.26731 0.59000 -2.00000
101100774 0.26731 0.59400 -2.00000
101100775 0.26731 0.59800 -2.00000
101100776 0.26731 0.60200 -2.00000
101100777 0.26731 0.60600 -2.00000
101100778 0.26731 0.61000 -2.00000
101100779 0.26731 0.61400 -2.00000
101100780 0.26731 0.61800 -2.00000
101100781 0.26731 0.62200 -2.00000
101100782 0.26731 0.62600 -2.00000
101100783 0.26731 0.63000 -2.00000
101100784 0.26731 0.63400 -2.00000
101100785 0.26731 0.63800 -2.00000
101100786 0.26731 0.64200 -2.00000
101100787 0.26731 0.64600 -2.00000
101100788 0.26731 0.65000 -2.00000
101100789 0.26731 0.65400 -2.00000
101100790 0.26731 0.65800 -2.00000
101100791 0.26731 0.66200 -2.00000
101100792 0.26731 0.66600 -2.00000
101100793 0.26731 0.67000 -2.00000
101100794 0.26731 0.67400 -2.00000
101100795 0.26731 0.67800 -2.00000
101100796 0.26731 0.68200 -2.00000
101100797 0.26731 0.68600 -2.00000
101100798 0.26731 0.69000 -2.00000
101100799 0.26731 0.69400 -2.00000
101100800 0.26731 0.69800 -2.00000
101100801 0.26731 0.70200 -2.00000
101100802 0.26731 0.70600 -2.00000
101100803 0.26731 0.71000 -2.00000
101100804 0.26731 0.71400 -2.00000
101100805 0.26731 0.71800 -2.00000
101100806 0.26731 0.72200 -2.00000
101100807 0.26731 0.72600 -2.00000
101100808 0.26731 0.73000 -2.00000
101100809 0.26731 0.73400 -2.00000
101100810 0.26731 0.73800 -2.00000
101100811 0.26731 0.74200 -2.00000
101100812 0.26731 0.74600 -2.00000
101100813 0.26731 0.75000 -2.00000
101100814 0.26731 0.75400 -2.00000
101100815 0.26731 0.75800 -2.00000
101100816 0.26731 0.76200 -2.00000
101100817 0.26731 0.76600 -2.00000
101100818 0.26731 0.77000 -2.00000
101100819 0.26731 0.77400 -2.00000
101100820 0.26731 0.77800 -2.00000
101100821 0.26731 0.78200 -2.00000
101100822 0.26731 0.78600 -2.00000
101100823 0.26731 0.79000 -2.00000
101100824 0.26731 0.79400 -2.00000
101100825 0.26731 0.79800 -2.00000
101100826 0.26731 0.80200 -2.00000
101100827 0.26731 0.80600 -2.00000
101100828 0.26731 0.81000 -2.00000
101100829 0.26731 0.81400 -2.00000
101100830 0.26731 0.81800 -2.00000
101100831 0.26731 0.82200 -2.00000
101100832 0.26731 0.82600 -2.00000
101100833 0.26731 0.83000 -2.00000
101100834 0.26731 0.83400 -2.00000
101100835 0.26731 0.83800 -2.00000
101100836 0.26731 0.84200 -2.00000
101100837 0.26731 0.84600 -2.00000
101100838 0.26731 0.85000 -2.00000
101100839 0.26731 0.85400 -2.00000
101100840 0.26731 0.85800 -2.00000
101100841 0.26731 0.86200 -2.00000
101100842 0.26731 0.86600 -2.00000
101100843 0.26731 0.87000 -2.00000
101100844 0.26731 0.87400 -2.00000
101100845 0.26731 0.87800 -2.00000
101100846 0.26731 0.88200 -2.00000
101100847 0.26731 0.88600 -2.00000
101100848 0.26731 0.89000 -2.00000
101100849 0.26731 0.89400 -2.00000
101100850 0.26731 0.89800 -2.00000
101100851 0.26731 0.90200 -2.00000
101100852 0.26731 0.90600 -2.00000
101100853 0.26731 0.91000 -2.00000
101100854 0.26731 0.91400 -2.00000
101100855 0.26731 0.91800 -2.00000
101100856 0.26731 0.92200 -2.00000
101100857 0.26731 0.92600 -2.00000
101100858 0.26731 0.93000 -2.00000
101100859 0.26731 0.93400 -2.00000
101100860 0.26731 0.93800 -2.00000
101100861 0.26731 0.94200 -2.00000
101100862 0.26731 0.94600 -2.00000
101100863 0.26731 0.95000 -2.00000
101100864 0.26731 0.95400 -2.00000
101100865 0.26731 0.95800 -2.00000
101100866 0.26731 0.96200 -2.00000
101100867 0.26731 0.96600 -2.00000
101100868 0.26731 0.97000 -2.00000
101100869 0.26731 0.97400 -2.00000
101100870 0.26731 0.97800 -2.00000
101100871 0.26731 0.98200 -2.00000
101100872 0.26731 0.98600 -2.00000
101100873 0.26731 0.99000 -2.00000
101100874 0.26731 0.99400 -2.00000
101100875 0.26731 0.99800 -2.00000
101100876 0.26731 1.00200 -2.00000
101100877 0.26731 1.00600 -2.00000
101100878 0.26731 1.01000 -2.00000
101100879 0.26731 1.01400 -2.00000
101100880 0.26731 1.01800 -2.00000
101100881 0.26731 1.02200 -2.00000
101100882 0.26731 1.02600 -2.00000
101100883 0.26731 1.03000 -2.00000
101100884 0.26731 1.03400 -2.00000
101100885 0.26731 1.03800 -2.00000
101100886 0.26731 1.04200 -2.00000
101100887 0.26731 1.04600 -2.00000
101100888 0.26731 1.05000 -2.00000
101100889 0.26731 1.05400 -2.00000
101100890 0.26731 1.05800 -2.00000
101100891 0.26731 1.06200 -2.00000
101100892 0.26731 1.06600 -2.00000
101100893 0.26731 1.07000 -2.00000
101100894 0.26731 1.07400 -2.00000
101100895 0.26731 1.07800 -2.00000
101100896 0.26731 1.08200 -2.00000
101100897 0.26731 1.08600 -2.00000
101100898 0.26731 1.09000 -2.00000
101100899 0.26731 1.09400 -2.00000
101100900 0.26731 1.09800 -2.00000
101100901 0.27581 0.50200 -2.00000
101100902 0.27581 0.50600 -2.00000
101100903 0.27581 0.51000 -2.00000
101100904 0.27581 0.51400 -2.00000
101100905 0.27581 0.51800 -2.00000
101100906 0.27581 0.52200 -2.00000
101100907 0.27581 0.52600 -2.00000
101100908 0.27581 0.53000 -2.00000
101100909 0.27581 0.53400 -2.00000
101100910 0.27581 0.53800 -2.00000
101100911 0.27581 0.54200 -2.00000
101100912 0.27581 0.54600 -2.00000
101100913 0.27581 0.55000 -2.00000
101100914 0.27581 0.55400 -2.00000
101100915 0.27581 0.55800 -2.00000
101100916 0.27581 0.56200 -2.00000
101100917 0.27581 0.56600 -2.00000
101100918 0.27581 0.57000 -2.00000
101100919 0.27581 0.57400 -2.00000
101100920 0.27581 0.57800 -2.00000
101100921 0.27581 0.58200 -2.00000
101100922 0.27581 0.58600 -2.00000
101100923 0.27581 0.59000 -2.00000
101100924 0.27581 0.59400 -2.00000
101100925 0.27581 0.59800 -2.00000
101100926 0.27581 0.60200 -2.00000
101100927 0.27581 0.60600 -2.00000
101100928 0.27581 0.61000 -2.00000
101100929 0.27581 0.61400 -2.00000
101100930 0.27581 0.61800 -2.00000
101100931 0.27581 0.62200 -2.00000
101100932 0.27581 0.62600 -2.00000
101100933 0.27581 0.63000 -2.00000
101100934 0.27581 0.63400 -2.00000
101100935 0.27581 0.63800 -2.00000
101100936 0.27581 0.64200 -2.00000
101100937 0.27581 0.64600 -2.00000
101100938 0.27581 0.65000 -2.00000
101100939 0.27581 0.65400 -2.00000
101100940 0.27581 0.65800 -2.00000
101100941 0.27581 0.66200 -2.00000
101100942 0.27581 0.66600 -2.00000
101100943 0.27581 0.67000 -2.00000
101100944 0.27581 0.67400 -2.00000
101100945 0.27581 0.67800 -2.00000
101100946 0.27581 0.68200 -2.00000
101100947 0.27581 0.68600 -2.00000
101100948 0.27581 0.69000 -2.00000
101100949 0.27581 0.69400 -2.00000
101100950 0.27581 0.69800 -2.00000
101100951 0.27581 0.70200 -2.00000
101100952 0.27581 0.70600 -2.00000
101100953 0.27581 0.71000 -2.00000
101100954 0.27581 0.71400 -2.00000
101100955 0.27581 0.71800 -2.00000
101100956 0.27581 0.72200 -2.00000
101100957 0.27581 0.72600 -2.00000
101100958 0.27581 0.73000 -2.00000
101100959 0.27581 0.73400 -2.00000
101100960 0.27581 0.73800 -2.00000
101100961 0.27581 0.74200 -2.00000
101100962 0.27581 0.74600 -2.00000
101100963 0.27581 0.75000 -2.00000
101100964 0.27581 0.75400 -2.00000
101100965 0.27581 0.75800 -2.00000
101100966 0.27581 0.76200 -2.00000
101100967 0.27581 0.76600 -2.00000
101100968 0.27581 0.77000 -2.00000
101100969 0.27581 0.77400 -2.00000
101100970 0.27581 0.77800 -2.00000
101100971 0.27581 0.78200 -2.00000
101100972 0.27581 0.78600 -2.00000
101100973 0.27581 0.79000 -2.00000
101100974 0.27581 0.79400 -2.00000
101100975 0.27581 0.79800 -2.00000
101100976 0.27581 0.80200 -2.00000
101100977 0.27581 0.80600 -2.00000
101100978 0.27581 0.81000 -2.00000
101100979 0.27581 0.81400 -2.00000
101100980 0.27581 0.81800 -2.00000
101100981 0.27581 0.82200 -2.00000
101100982 0.27581 0.82600 -2.00000
101100983 0.27581 0.83000 -2.00000
101100984 0.27581 0.83400 -2.00000
101100985 0.27581 0.83800 -2.00000
101100986 0.27581 0.84200 -2.00000
101100987 0.27581 0.84600 -2.00000
101100988 0.27581 0.85000 -2.00000
101100989 0.27581 0.85400 -2.00000
101100990 0.27581 0.85800 -2.00000
101100991 0.27581 0.86200 -2.00000
101100992 0.27581 0.86600 -2.00000
101100993 0.27581 0.87000 -2.00000
101100994 0.27581 0.87400 -2.00000
101100995 0.27581 0.87800 -2.00000
101100996 0.27581 0.88200 -2.00000
101100997 0.27581 0.88600 -2.00000
101100998 0.27581 0.89000 -2.00000
101100999 0.27581 0.89400 -2.00000
101101000 0.27581 0.89800 -2.00000
101101001 0.27581 0.90200 -2.00000
101101002 0.27581 0.90600 -2.00000
101101003 0.27581 0.91000 -2.00000
101101004 0.27581 0.91400 -2.00000
101101005 0.27581 0.91800 -2.00000
101101006 0.27581 0.92200 -2.00000
101101007 0.27581 0.92600 -2.00000
101101008 0.27581 0.93000 -2.00000
101101009 0.27581 0.93400 -2.00000
101101010 0.27581 0.93800 -2.00000
101101011 0.27581 0.94200 -2.00000
101101012 0.27581 0.94600 -2.00000
101101013 0.27581 0.95000 -2.00000
101101014 0.27581 0.95400 -2.00000
101101015 0.27581 0.95800 -2.00000
101101016 0.27581 0.96200 -2.00000
101101017 0.27581 0.96600 -2.00000
101101018 0.27581 0.97000 -2.00000
101101019 0.27581 0.97400 -2.00000
101101020 0.27581 0.97800 -2.00000
101101021 0.27581 0.98200 -2.00000
101101022 0.27581 0.98600 -2.00000
101101023 0.27581 0.99000 -2.00000
101101024 0.27581 0.99400 -2.00000
101101025 0.27581 0.99800 -2.00000
101101026 0.27581 1.00200 -2.00000
101101027 0.27581 1.00600 -2.00000
101101028 0.27581 1.01000 -2.00000
101101029 0.27581 1.01400 -2.00000
101101030 0.27581 1.01800 -2.00000
101101031 0.27581 1.02200 -2.00000
101101032 0.27581 1.02600 -2.00000
101101033 0.27581 1.03000 -2.00000
101101034 0.27581 1.03400 -2.00000
101101035 0.27581 1.03800 -2.00000
101101036 0.27581 1.04200 -2.00000
101101037 0.27581 1.04600 -2.00000
101101038 0.27581 1.05000 -2.00000
101101039 0.27581 1.05400 -2.00000
101101040 0.27581 1.05800 -2.00000
101101041 0.27581 1.06200 -2.00000
101101042 0.27581 1.06600 -2.00000
101101043 0.27581 1.07000 -2.00000
101101044 0.27581 1.07400 -2.00000
101101045 0.27581 1.07800 -2.00000
101101046 0.27581 1.08200 -2.00000
101101047 0.27581 1.08600 -2.00000
101101048 0.27581 1.09000 -2.00000
101101049 0.27581 1.09400 -2.00000
101101050 0.27581 1.09800 -2.00000
101101051 0.28431 0.50200 -2.00000
101101052 0.28431 0.50600 -2.00000
101101053 0.28431 0.51000 -2.00000
101101054 0.28431 0.51400 -2.00000
101101055 0.28431 0.51800 -2.00000
101101056 0.28431 0.52200 -2.00000
101101057 0.28431 0.52600 -2.00000
101101058 0.28431 0.53000 -2.00000
101101059 0.28431 0.53400 -2.00000
101101060 0.28431 0.53800 -2.00000
101101061 0.28431 0.54200 -2.00000
101101062 0.28431 0.54600 -2.00000
101101063 0.28431 0.55000 -2.00000
101101064 0.28431 0.55400 -2.00000
101101065 0.28431 0.55800 -2.00000
101101066 0.28431 0.56200 -2.00000
101101067 0.28431 0.56600 -2.00000
101101068 0.28431 0.57000 -2.00000
101101069 0.28431 0.57400 -2.00000
101101070 0.28431 0.57800 -2.00000
101101071 0.28431 0.58200 -2.00000
101101072 0.28431 0.58600 -2.00000
101101073 0.28431 0.59000 -2.00000
101101074 0.28431 0.59400 -2.00000
101101075 0.28431 0.59800 -2.00000
101101076 0.28431 0.60200 -2.00000
101101077 0.28431 0.60600 -2.00000
101101078 0.28431 0.61000 -2.00000
101101079 0.28431 0.61400 -2.00000
101101080 0.28431 0.61800 -2.00000
101101081 0.28431 0.62200 -2.00000
101101082 0.28431 0.62600 -2.00000
101101083 0.28431 0.63000 -2.00000
101101084 0.28431 0.63400 -2.00000
101101085 0.28431 0.63800 -2.00000
101101086 0.28431 0.64200 -2.00000
101101087 0.28431 0.64600 -2.00000
101101088 0.28431 0.65000 -2.00000
101101089 0.28431 0.65400 -2.00000
101101090 0.28431 0.65800 -2.00000
101101091 0.28431 0.66200 -2.00000
101101092 0.28431 0.66600 -2.00000
101101093 0.28431 0.67000 -2.00000
101101094 0.28431 0.67400 -2.00000
101101095 0.28431 0.67800 -2.00000
101101096 0.28431 0.68200 -2.00000
101101097 0.28431 0.68600 -2.00000
101101098 0.28431 0.69000 -2.00000
101101099 0.28431 0.69400 -2.00000
101101100 0.28431 0.69800 -2.00000
101101101 0.28431 0.70200 -2.00000
101101102 0.28431 0.70600 -2.00000
101101103 0.28431 0.71000 -2.00000
101101104 0.28431 0.71400 -2.00000
101101105 0.28431 0.71800 -2.00000
101101106 0.28431 0.72200 -2.00000
101101107 0.28431 0.72600 -2.00000
101101108 0.28431 0.73000 -2.00000
101101109 0.28431 0.73400 -2.00000
101101110 0.28431 0.73800 -2.00000
101101111 0.28431 0.74200 -2.00000
101101112 0.28431 0.74600 -2.00000
101101113 0.28431 0.75000 -2.00000
101101114 0.28431 0.75400 -2.00000
101101115 0.28431 0.75800 -2.00000
101101116 0.28431 0.76200 -2.00000
101101117 0.28431 0.76600 -2.00000
101101118 0.28431 0.77000 -2.00000
101101119 0.28431 0.77400 -2.00000
101101120 0.28431 0.77800 -2.00000
101101121 0.28431 0.78200 -2.00000
101101122 0.28431 0.78600 -2.00000
101101123 0.28431 0.79000 -2.00000
101101124 0.28431 0.79400 -2.00000
101101125 0.28431 0.79800 -2.00000
101101126 0.28431 0.80200 -2.00000
101101127 0.28431 0.80600 -2.00000
101101128 0.28431 0.81000 -2.00000
101101129 0.28431 0.81400 -2.00000
101101130 0.28431 0.81800 -2.00000
101101131 0.28431 0.82200 -2.00000
101101132 0.28431 0.82600 -2.00000
101101133 0.28431 0.83000 -2.00000
101101134 0.28431 0.83400 -2.00000
101101135 0.28431 0.83800 -2.00000
101101136 0.28431 0.84200 -2.00000
101101137 0.28431 0.84600 -2.00000
101101138 0.28431 0.85000 -2.00000
101101139 0.28431 0.85400 -2.00000
101101140 0.28431 0.85800 -2.00000
101101141 0.28431 0.86200 -2.00000
101101142 0.28431 0.86600 -2.00000
101101143 0.28431 0.87000 -2.00000
101101144 0.28431 0.87400 -2.00000
101101145 0.28431 0.87800 -2.00000
101101146 0.28431 0.88200 -2.00000
101101147 0.28431 0.88600 -2.00000
101101148 0.28431 0.89000 -2.00000
101101149 0.28431 0.89400 -2.00000
101101150 0.28431 0.89800 -2.00000
101101151 0.28431 0.90200 -2.00000
101101152 0.28431 0.90600 -2.00000
101101153 0.28431 0.91000 -2.00000
101101154 0.28431 0.91400 -2.00000
101101155 0.28431 0.91800 -2.00000
101101156 0.28431 0.92200 -2.00000
101101157 0.28431 0.92600 -2.00000
101101158 0.28431 0.93000 -2.00000
101101159 0.28431 0.93400 -2.00000
101101160 0.28431 0.93800 -2.00000
101101161 0.28431 0.94200 -2.00000
101101162 0.28431 0.94600 -2.00000
101101163 0.28431 0.95000 -2.00000
101101164 0.28431 0.95400 -2.00000
101101165 0.28431 0.95800 -2.00000
101101166 0.28431 0.96200 -2.00000
101101167 0.28431 0.96600 -2.00000
101101168 0.28431 0.97000 -2.00000
101101169 0.28431 0.97400 -2.00000
101101170 0.28431 0.97800 -2.00000
101101171 0.28431 0.98200 -2.00000
101101172 0.28431 0.98600 -2.00000
101101173 0.28431 0.99000 -2.00000
101101174 0.28431 0.99400 -2.00000
101101175 0.28431 0.99800 -2.00000
101101176 0.28431 1.00200 -2.00000
101101177 0.28431 1.00600 -2.00000
101101178 0.28431 1.01000 -2.00000
101101179 0.28431 1.01400 -2.00000
101101180 0.28431 1.01800 -2.00000
101101181 0.28431 1.02200 -2.00000
101101182 0.28431 1.02600 -2.00000
101101183 0.28431 1.03000 -2.00000
101101184 0.28431 1.03400 -2.00000
101101185 0.28431 1.03800 -2.00000
101101186 0.28431 1.04200 -2.00000
101101187 0.28431 1.04600 -2.00000
101101188 0.28431 1.05000 -2.00000
101101189 0.28431 1.05400 -2.00000
101101190 0.28431 1.05800 -2.00000
101101191 0.28431 1.06200 -2.00000
101101192 0.28431 1.06600 -2.00000
101101193 0.28431 1.07000 -2.00000
101101194 0.28431 1.07400 -2.00000
101101195 0.28431 1.07800 -2.00000
101101196 0.28431 1.08200 -2.00000
101101197 0.28431 1.08600 -2.00000
101101198 0.28431 1.09000 -2.00000
101101199 0.28431 1.09400 -2.00000
101101200 0.28431 1.09800 -2.00000
