# pixelID  x  y  z
106020001 -0.21431 -1.09800 -2.00000
106020002 -0.21431 -1.09400 -2.00000
106020003 -0.21431 -1.09000 -2.00000
106020004 -0.21431 -1.08600 -2.00000
106020005 -0.21431 -1.08200 -2.00000
106020006 -0.21431 -1.07800 -2.00000
106020007 -0.21431 -1.07400 -2.00000
106020008 -0.21431 -1.07000 -2.00000
106020009 -0.21431 -1.06600 -2.00000
106020010 -0.21431 -1.06200 -2.00000
106020011 -0.21431 -1.05800 -2.00000
106020012 -0.21431 -1.05400 -2.00000
106020013 -0.21431 -1.05000 -2.00000
106020014 -0.21431 -1.04600 -2.00000
106020015 -0.21431 -1.04200 -2.00000
106020016 -0.21431 -1.03800 -2.00000
106020017 -0.21431 -1.03400 -2.00000
106020018 -0.21431 -1.03000 -2.00000
106020019 -0.21431 -1.02600 -2.00000
106020020 -0.21431 -1.02200 -2.00000
106020021 -0.21431 -1.01800 -2.00000
106020022 -0.21431 -1.01400 -2.00000
106020023 -0.21431 -1.01000 -2.00000
106020024 -0.21431 -1.00600 -2.00000
106020025 -0.21431 -1.00200 -2.00000
106020026 -0.21431 -0.99800 -2.00000
106020027 -0.21431 -0.99400 -2.00000
106020028 -0.21431 -0.99000 -2.00000
106020029 -0.21431 -0.98600 -2.00000
106020030 -0.21431 -0.98200 -2.00000
106020031 -0.21431 -0.97800 -2.00000
106020032 -0.21431 -0.97400 -2.00000
106020033 -0.21431 -0.97000 -2.00000
106020034 -0.21431 -0.96600 -2.00000
106020035 -0.21431 -0.96200 -2.00000
106020036 -0.21431 -0.95800 -2.00000
106020037 -0.21431 -0.95400 -2.00000
106020038 -0.21431 -0.95000 -2.00000
106020039 -0.21431 -0.94600 -2.00000
106020040 -0.21431 -0.94200 -2.00000
106020041 -0.21431 -0.93800 -2.00000
106020042 -0.21431 -0.93400 -2.00000
106020043 -0.21431 -0.93000 -2.00000
106020044 -0.21431 -0.92600 -2.00000
106020045 -0.21431 -0.92200 -2.00000
106020046 -0.21431 -0.91800 -2.00000
106020047 -0.21431 -0.91400 -2.00000
106020048 -0.21431 -0.91000 -2.00000
106020049 -0.21431 -0.90600 -2.00000
106020050 -0.21431 -0.90200 -2.00000
106020051 -0.21431 -0.89800 -2.00000
106020052 -0.21431 -0.89400 -2.00000
106020053 -0.21431 -0.89000 -2.00000
106020054 -0.21431 -0.88600 -2.00000
106020055 -0.21431 -0.88200 -2.00000
106020056 -0.21431 -0.87800 -2.00000
106020057 -0.21431 -0.87400 -2.00000
106020058 -0.21431 -0.87000 -2.00000
106020059 -0.21431 -0.86600 -2.00000
106020060 -0.21431 -0.86200 -2.00000
106020061 -0.21431 -0.85800 -2.00000
106020062 -0.21431 -0.85400 -2.00000
106020063 -0.21431 -0.85000 -2.00000
106020064 -0.21431 -0.84600 -2.00000
106020065 -0.21431 -0.84200 -2.00000
106020066 -0.21431 -0.83800 -2.00000
106020067 -0.21431 -0.83400 -2.00000
106020068 -0.21431 -0.83000 -2.00000
106020069 -0.21431 -0.82600 -2.00000
106020070 -0.21431 -0.82200 -2.00000
106020071 -0.21431 -0.81800 -2.00000
106020072 -0.21431 -0.81400 -2.00000
106020073 -0.21431 -0.81000 -2.00000
106020074 -0.21431 -0.80600 -2.00000
106020075 -0.21431 -0.80200 -2.00000
106020076 -0.21431 -0.79800 -2.00000
106020077 -0.21431 -0.79400 -2.00000
106020078 -0.21431 -0.79000 -2.00000
106020079 -0.21431 -0.78600 -2.00000
106020080 -0.21431 -0.78200 -2.00000
106020081 -0.21431 -0.77800 -2.00000
106020082 -0.21431 -0.77400 -2.00000
106020083 -0.21431 -0.77000 -2.00000
106020084 -0.21431 -0.76600 -2.00000
106020085 -0.21431 -0.76200 -2.00000
106020086 -0.21431 -0.75800 -2.00000
106020087 -0.21431 -0.75400 -2.00000
106020088 -0.21431 -0.75000 -2.00000
106020089 -0.21431 -0.74600 -2.00000
106020090 -0.21431 -0.74200 -2.00000
106020091 -0.21431 -0.73800 -2.00000
106020092 -0.21431 -0.73400 -2.00000
106020093 -0.21431 -0.73000 -2.00000
106020094 -0.21431 -0.72600 -2.00000
106020095 -0.21431 -0.72200 -2.00000
106020096 -0.21431 -0.71800 -2.00000
106020097 -0.21431 -0.71400 -2.00000
106020098 -0.21431 -0.71000 -2.00000
106020099 -0.21431 -0.70600 -2.00000
106020100 -0.21431 -0.70200 -2.00000
106020101 -0.21431 -0.69800 -2.00000
106020102 -0.21431 -0.69400 -2.00000
106020103 -0.21431 -0.69000 -2.00000
106020104 -0.21431 -0.68600 -2.00000
106020105 -0.21431 -0.68200 -2.00000
106020106 -0.21431 -0.67800 -2.00000
106020107 -0.21431 -0.67400 -2.00000
106020108 -0.21431 -0.67000 -2.00000
106020109 -0.21431 -0.66600 -2.00000
106020110 -0.21431 -0.66200 -2.00000
106020111 -0.21431 -0.65800 -2.00000
106020112 -0.21431 -0.65400 -2.00000
106020113 -0.21431 -0.65000 -2.00000
106020114 -0.21431 -0.64600 -2.00000
106020115 -0.21431 -0.64200 -2.00000
106020116 -0.21431 -0.63800 -2.00000
106020117 -0.21431 -0.63400 -2.00000
106020118 -0.21431 -0.63000 -2.00000
106020119 -0.21431 -0.62600 -2.00000
106020120 -0.21431 -0.62200 -2.00000
106020121 -0.21431 -0.61800 -2.00000
106020122 -0.21431 -0.61400 -2.00000
106020123 -0.21431 -0.61000 -2.00000
106020124 -0.21431 -0.60600 -2.00000
106020125 -0.21431 -0.60200 -2.00000
106020126 -0.21431 -0.59800 -2.00000
106020127 -0.21431 -0.59400 -2.00000
106020128 -0.21431 -0.59000 -2.00000
106020129 -0.21431 -0.58600 -2.00000
106020130 -0.21431 -0.58200 -2.00000
106020131 -0.21431 -0.57800 -2.00000
106020132 -0.21431 -0.57400 -2.00000
106020133 -0.21431 -0.57000 -2.00000
106020134 -0.21431 -0.56600 -2.00000
106020135 -0.21431 -0.56200 -2.00000
106020136 -0.21431 -0.55800 -2.00000
106020137 -0.21431 -0.55400 -2.00000
106020138 -0.21431 -0.55000 -2.00000
106020139 -0.21431 -0.54600 -2.00000
106020140 -0.21431 -0.54200 -2.00000
106020141 -0.21431 -0.53800 -2.00000
106020142 -0.21431 -0.53400 -2.00000
106020143 -0.21431 -0.53000 -2.00000
106020144 -0.21431 -0.52600 -2.00000
106020145 -0.21431 -0.52200 -2.00000
106020146 -0.21431 -0.51800 -2.00000
106020147 -0.21431 -0.51400 -2.00000
106020148 -0.21431 -0.51000 -2.00000
106020149 -0.21431 -0.50600 -2.00000
106020150 -0.21431 -0.50200 -2.00000
106020151 -0.20581 -1.09800 -2.00000
106020152 -0.20581 -1.09400 -2.00000
106020153 -0.20581 -1.09000 -2.00000
106020154 -0.20581 -1.08600 -2.00000
106020155 -0.20581 -1.08200 -2.00000
106020156 -0.20581 -1.07800 -2.00000
106020157 -0.20581 -1.07400 -2.00000
106020158 -0.20581 -1.07000 -2.00000
106020159 -0.20581 -1.06600 -2.00000
106020160 -0.20581 -1.06200 -2.00000
106020161 -0.20581 -1.05800 -2.00000
106020162 -0.20581 -1.05400 -2.00000
106020163 -0.20581 -1.05000 -2.00000
106020164 -0.20581 -1.04600 -2.00000
106020165 -0.20581 -1.04200 -2.00000
106020166 -0.20581 -1.03800 -2.00000
106020167 -0.20581 -1.03400 -2.00000
106020168 -0.20581 -1.03000 -2.00000
106020169 -0.20581 -1.02600 -2.00000
106020170 -0.20581 -1.02200 -2.00000
106020171 -0.20581 -1.01800 -2.00000
106020172 -0.20581 -1.01400 -2.00000
106020173 -0.20581 -1.01000 -2.00000
106020174 -0.20581 -1.00600 -2.00000
106020175 -0.20581 -1.00200 -2.00000
106020176 -0.20581 -0.99800 -2.00000
106020177 -0.20581 -0.99400 -2.00000
106020178 -0.20581 -0.99000 -2.00000
106020179 -0.20581 -0.98600 -2.00000
106020180 -0.20581 -0.98200 -2.00000
106020181 -0.20581 -0.97800 -2.00000
106020182 -0.20581 -0.97400 -2.00000
106020183 -0.20581 -0.97000 -2.00000
106020184 -0.20581 -0.96600 -2.00000
106020185 -0.20581 -0.96200 -2.00000
106020186 -0.20581 -0.95800 -2.00000
106020187 -0.20581 -0.95400 -2.00000
106020188 -0.20581 -0.95000 -2.00000
106020189 -0.20581 -0.94600 -2.00000
106020190 -0.20581 -0.94200 -2.00000
106020191 -0.20581 -0.93800 -2.00000
106020192 -0.20581 -0.93400 -2.00000
106020193 -0.20581 -0.93000 -2.00000
106020194 -0.20581 -0.92600 -2.00000
106020195 -0.20581 -0.92200 -2.00000
106020196 -0.20581 -0.91800 -2.00000
106020197 -0.20581 -0.91400 -2.00000
106020198 -0.20581 -0.91000 -2.00000
106020199 -0.20581 -0.90600 -2.00000
106020200 -0.20581 -0.90200 -2.00000
106020201 -0.20581 -0.89800 -2.00000
106020202 -0.20581 -0.89400 -2.00000
106020203 -0.20581 -0.89000 -2.00000
106020204 -0.20581 -0.88600 -2.00000
106020205 -0.20581 -0.88200 -2.00000
106020206 -0.20581 -0.87800 -2.00000
106020207 -0.20581 -0.87400 -2.00000
106020208 -0.20581 -0.87000 -2.00000
106020209 -0.20581 -0.86600 -2.00000
106020210 -0.20581 -0.86200 -2.00000
106020211 -0.20581 -0.85800 -2.00000
106020212 -0.20581 -0.85400 -2.00000
106020213 -0.20581 -0.85000 -2.00000
106020214 -0.20581 -0.84600 -2.00000
106020215 -0.20581 -0.84200 -2.00000
106020216 -0.20581 -0.83800 -2.00000
106020217 -0.20581 -0.83400 -2.00000
106020218 -0.20581 -0.83000 -2.00000
106020219 -0.20581 -0.82600 -2.00000
106020220 -0.20581 -0.82200 -2.00000
106020221 -0.20581 -0.81800 -2.00000
106020222 -0.20581 -0.81400 -2.00000
106020223 -0.20581 -0.81000 -2.00000
106020224 -0.20581 -0.80600 -2.00000
106020225 -0.20581 -0.80200 -2.00000
106020226 -0.20581 -0.79800 -2.00000
106020227 -0.20581 -0.79400 -2.00000
106020228 -0.20581 -0.79000 -2.00000
106020229 -0.20581 -0.78600 -2.00000
106020230 -0.20581 -0.78200 -2.00000
106020231 -0.20581 -0.77800 -2.00000
106020232 -0.20581 -0.77400 -2.00000
106020233 -0.20581 -0.77000 -2.00000
106020234 -0.20581 -0.76600 -2.00000
106020235 -0.20581 -0.76200 -2.00000
106020236 -0.20581 -0.75800 -2.00000
106020237 -0.20581 -0.75400 -2.00000
106020238 -0.20581 -0.75000 -2.00000
106020239 -0.20581 -0.74600 -2.00000
106020240 -0.20581 -0.74200 -2.00000
106020241 -0.20581 -0.73800 -2.00000
106020242 -0.20581 -0.73400 -2.00000
106020243 -0.20581 -0.73000 -2.00000
106020244 -0.20581 -0.72600 -2.00000
106020245 -0.20581 -0.72200 -2.00000
106020246 -0.20581 -0.71800 -2.00000
106020247 -0.20581 -0.71400 -2.00000
106020248 -0.20581 -0.71000 -2.00000
106020249 -0.20581 -0.70600 -2.00000
106020250 -0.20581 -0.70200 -2.00000
106020251 -0.20581 -0.69800 -2.00000
106020252 -0.20581 -0.69400 -2.00000
106020253 -0.20581 -0.69000 -2.00000
106020254 -0.20581 -0.68600 -2.00000
106020255 -0.20581 -0.68200 -2.00000
106020256 -0.20581 -0.67800 -2.00000
106020257 -0.20581 -0.67400 -2.00000
106020258 -0.20581 -0.67000 -2.00000
106020259 -0.20581 -0.66600 -2.00000
106020260 -0.20581 -0.66200 -2.00000
106020261 -0.20581 -0.65800 -2.00000
106020262 -0.20581 -0.65400 -2.00000
106020263 -0.20581 -0.65000 -2.00000
106020264 -0.20581 -0.64600 -2.00000
106020265 -0.20581 -0.64200 -2.00000
106020266 -0.20581 -0.63800 -2.00000
106020267 -0.20581 -0.63400 -2.00000
106020268 -0.20581 -0.63000 -2.00000
106020269 -0.20581 -0.62600 -2.00000
106020270 -0.20581 -0.62200 -2.00000
106020271 -0.20581 -0.61800 -2.00000
106020272 -0.20581 -0.61400 -2.00000
106020273 -0.20581 -0.61000 -2.00000
106020274 -0.20581 -0.60600 -2.00000
106020275 -0.20581 -0.60200 -2.00000
106020276 -0.20581 -0.59800 -2.00000
106020277 -0.20581 -0.59400 -2.00000
106020278 -0.20581 -0.59000 -2.00000
106020279 -0.20581 -0.58600 -2.00000
106020280 -0.20581 -0.58200 -2.00000
106020281 -0.20581 -0.57800 -2.00000
106020282 -0.20581 -0.57400 -2.00000
106020283 -0.20581 -0.57000 -2.00000
106020284 -0.20581 -0.56600 -2.00000
106020285 -0.20581 -0.56200 -2.00000
106020286 -0.20581 -0.55800 -2.00000
106020287 -0.20581 -0.55400 -2.00000
106020288 -0.20581 -0.55000 -2.00000
106020289 -0.20581 -0.54600 -2.00000
106020290 -0.20581 -0.54200 -2.00000
106020291 -0.20581 -0.53800 -2.00000
106020292 -0.20581 -0.53400 -2.00000
106020293 -0.20581 -0.53000 -2.00000
106020294 -0.20581 -0.52600 -2.00000
106020295 -0.20581 -0.52200 -2.00000
106020296 -0.20581 -0.51800 -2.00000
106020297 -0.20581 -0.51400 -2.00000
106020298 -0.20581 -0.51000 -2.00000
106020299 -0.20581 -0.50600 -2.00000
106020300 -0.20581 -0.50200 -2.00000
106020301 -0.19731 -1.09800 -2.00000
106020302 -0.19731 -1.09400 -2.00000
106020303 -0.19731 -1.09000 -2.00000
106020304 -0.19731 -1.08600 -2.00000
106020305 -0.19731 -1.08200 -2.00000
106020306 -0.19731 -1.07800 -2.00000
106020307 -0.19731 -1.07400 -2.00000
106020308 -0.19731 -1.07000 -2.00000
106020309 -0.19731 -1.06600 -2.00000
106020310 -0.19731 -1.06200 -2.00000
106020311 -0.19731 -1.05800 -2.00000
106020312 -0.19731 -1.05400 -2.00000
106020313 -0.19731 -1.05000 -2.00000
106020314 -0.19731 -1.04600 -2.00000
106020315 -0.19731 -1.04200 -2.00000
106020316 -0.19731 -1.03800 -2.00000
106020317 -0.19731 -1.03400 -2.00000
106020318 -0.19731 -1.03000 -2.00000
106020319 -0.19731 -1.02600 -2.00000
106020320 -0.19731 -1.02200 -2.00000
106020321 -0.19731 -1.01800 -2.00000
106020322 -0.19731 -1.01400 -2.00000
106020323 -0.19731 -1.01000 -2.00000
106020324 -0.19731 -1.00600 -2.00000
106020325 -0.19731 -1.00200 -2.00000
106020326 -0.19731 -0.99800 -2.00000
106020327 -0.19731 -0.99400 -2.00000
106020328 -0.19731 -0.99000 -2.00000
106020329 -0.19731 -0.98600 -2.00000
106020330 -0.19731 -0.98200 -2.00000
106020331 -0.19731 -0.97800 -2.00000
106020332 -0.19731 -0.97400 -2.00000
106020333 -0.19731 -0.97000 -2.00000
106020334 -0.19731 -0.96600 -2.00000
106020335 -0.19731 -0.96200 -2.00000
106020336 -0.19731 -0.95800 -2.00000
106020337 -0.19731 -0.95400 -2.00000
106020338 -0.19731 -0.95000 -2.00000
106020339 -0.19731 -0.94600 -2.00000
106020340 -0.19731 -0.94200 -2.00000
106020341 -0.19731 -0.93800 -2.00000
106020342 -0.19731 -0.93400 -2.00000
106020343 -0.19731 -0.93000 -2.00000
106020344 -0.19731 -0.92600 -2.00000
106020345 -0.19731 -0.92200 -2.00000
106020346 -0.19731 -0.91800 -2.00000
106020347 -0.19731 -0.91400 -2.00000
106020348 -0.19731 -0.91000 -2.00000
106020349 -0.19731 -0.90600 -2.00000
106020350 -0.19731 -0.90200 -2.00000
106020351 -0.19731 -0.89800 -2.00000
106020352 -0.19731 -0.89400 -2.00000
106020353 -0.19731 -0.89000 -2.00000
106020354 -0.19731 -0.88600 -2.00000
106020355 -0.19731 -0.88200 -2.00000
106020356 -0.19731 -0.87800 -2.00000
106020357 -0.19731 -0.87400 -2.00000
106020358 -0.19731 -0.87000 -2.00000
106020359 -0.19731 -0.86600 -2.00000
106020360 -0.19731 -0.86200 -2.00000
106020361 -0.19731 -0.85800 -2.00000
106020362 -0.19731 -0.85400 -2.00000
106020363 -0.19731 -0.85000 -2.00000
106020364 -0.19731 -0.84600 -2.00000
106020365 -0.19731 -0.84200 -2.00000
106020366 -0.19731 -0.83800 -2.00000
106020367 -0.19731 -0.83400 -2.00000
106020368 -0.19731 -0.83000 -2.00000
106020369 -0.19731 -0.82600 -2.00000
106020370 -0.19731 -0.82200 -2.00000
106020371 -0.19731 -0.81800 -2.00000
106020372 -0.19731 -0.81400 -2.00000
106020373 -0.19731 -0.81000 -2.00000
106020374 -0.19731 -0.80600 -2.00000
106020375 -0.19731 -0.80200 -2.00000
106020376 -0.19731 -0.79800 -2.00000
106020377 -0.19731 -0.79400 -2.00000
106020378 -0.19731 -0.79000 -2.00000
106020379 -0.19731 -0.78600 -2.00000
106020380 -0.19731 -0.78200 -2.00000
106020381 -0.19731 -0.77800 -2.00000
106020382 -0.19731 -0.77400 -2.00000
106020383 -0.19731 -0.77000 -2.00000
106020384 -0.19731 -0.76600 -2.00000
106020385 -0.19731 -0.76200 -2.00000
106020386 -0.19731 -0.75800 -2.00000
106020387 -0.19731 -0.75400 -2.00000
106020388 -0.19731 -0.75000 -2.00000
106020389 -0.19731 -0.74600 -2.00000
106020390 -0.19731 -0.74200 -2.00000
106020391 -0.19731 -0.73800 -2.00000
106020392 -0.19731 -0.73400 -2.00000
106020393 -0.19731 -0.73000 -2.00000
106020394 -0.19731 -0.72600 -2.00000
106020395 -0.19731 -0.72200 -2.00000
106020396 -0.19731 -0.71800 -2.00000
106020397 -0.19731 -0.71400 -2.00000
106020398 -0.19731 -0.71000 -2.00000
106020399 -0.19731 -0.70600 -2.00000
106020400 -0.19731 -0.70200 -2.00000
106020401 -0.19731 -0.69800 -2.00000
106020402 -0.19731 -0.69400 -2.00000
106020403 -0.19731 -0.69000 -2.00000
106020404 -0.19731 -0.68600 -2.00000
106020405 -0.19731 -0.68200 -2.00000
106020406 -0.19731 -0.67800 -2.00000
106020407 -0.19731 -0.67400 -2.00000
106020408 -0.19731 -0.67000 -2.00000
106020409 -0.19731 -0.66600 -2.00000
106020410 -0.19731 -0.66200 -2.00000
106020411 -0.19731 -0.65800 -2.00000
106020412 -0.19731 -0.65400 -2.00000
106020413 -0.19731 -0.65000 -2.00000
106020414 -0.19731 -0.64600 -2.00000
106020415 -0.19731 -0.64200 -2.00000
106020416 -0.19731 -0.63800 -2.00000
106020417 -0.19731 -0.63400 -2.00000
106020418 -0.19731 -0.63000 -2.00000
106020419 -0.19731 -0.62600 -2.00000
106020420 -0.19731 -0.62200 -2.00000
106020421 -0.19731 -0.61800 -2.00000
106020422 -0.19731 -0.61400 -2.00000
106020423 -0.19731 -0.61000 -2.00000
106020424 -0.19731 -0.60600 -2.00000
106020425 -0.19731 -0.60200 -2.00000
106020426 -0.19731 -0.59800 -2.00000
106020427 -0.19731 -0.59400 -2.00000
106020428 -0.19731 -0.59000 -2.00000
106020429 -0.19731 -0.58600 -2.00000
106020430 -0.19731 -0.58200 -2.00000
106020431 -0.19731 -0.57800 -2.00000
106020432 -0.19731 -0.57400 -2.00000
106020433 -0.19731 -0.57000 -2.00000
106020434 -0.19731 -0.56600 -2.00000
106020435 -0.19731 -0.56200 -2.00000
106020436 -0.19731 -0.55800 -2.00000
106020437 -0.19731 -0.55400 -2.00000
106020438 -0.19731 -0.55000 -2.00000
106020439 -0.19731 -0.54600 -2.00000
106020440 -0.19731 -0.54200 -2.00000
106020441 -0.19731 -0.53800 -2.00000
106020442 -0.19731 -0.53400 -2.00000
106020443 -0.19731 -0.53000 -2.00000
106020444 -0.19731 -0.52600 -2.00000
106020445 -0.19731 -0.52200 -2.00000
106020446 -0.19731 -0.51800 -2.00000
106020447 -0.19731 -0.51400 -2.00000
106020448 -0.19731 -0.51000 -2.00000
106020449 -0.19731 -0.50600 -2.00000
106020450 -0.19731 -0.50200 -2.00000
106020451 -0.18881 -1.09800 -2.00000
106020452 -0.18881 -1.09400 -2.00000
106020453 -0.18881 -1.09000 -2.00000
106020454 -0.18881 -1.08600 -2.00000
106020455 -0.18881 -1.08200 -2.00000
106020456 -0.18881 -1.07800 -2.00000
106020457 -0.18881 -1.07400 -2.00000
106020458 -0.18881 -1.07000 -2.00000
106020459 -0.18881 -1.06600 -2.00000
106020460 -0.18881 -1.06200 -2.00000
106020461 -0.18881 -1.05800 -2.00000
106020462 -0.18881 -1.05400 -2.00000
106020463 -0.18881 -1.05000 -2.00000
106020464 -0.18881 -1.04600 -2.00000
106020465 -0.18881 -1.04200 -2.00000
106020466 -0.18881 -1.03800 -2.00000
106020467 -0.18881 -1.03400 -2.00000
106020468 -0.18881 -1.03000 -2.00000
106020469 -0.18881 -1.02600 -2.00000
106020470 -0.18881 -1.02200 -2.00000
106020471 -0.18881 -1.01800 -2.00000
106020472 -0.18881 -1.01400 -2.00000
106020473 -0.18881 -1.01000 -2.00000
106020474 -0.18881 -1.00600 -2.00000
106020475 -0.18881 -1.00200 -2.00000
106020476 -0.18881 -0.99800 -2.00000
106020477 -0.18881 -0.99400 -2.00000
106020478 -0.18881 -0.99000 -2.00000
106020479 -0.18881 -0.98600 -2.00000
106020480 -0.18881 -0.98200 -2.00000
106020481 -0.18881 -0.97800 -2.00000
106020482 -0.18881 -0.97400 -2.00000
106020483 -0.18881 -0.97000 -2.00000
106020484 -0.18881 -0.96600 -2.00000
106020485 -0.18881 -0.96200 -2.00000
106020486 -0.18881 -0.95800 -2.00000
106020487 -0.18881 -0.95400 -2.00000
106020488 -0.18881 -0.95000 -2.00000
106020489 -0.18881 -0.94600 -2.00000
106020490 -0.18881 -0.94200 -2.00000
106020491 -0.18881 -0.93800 -2.00000
106020492 -0.18881 -0.93400 -2.00000
106020493 -0.18881 -0.93000 -2.00000
106020494 -0.18881 -0.92600 -2.00000
106020495 -0.18881 -0.92200 -2.00000
106020496 -0.18881 -0.91800 -2.00000
106020497 -0.18881 -0.91400 -2.00000
106020498 -0.18881 -0.91000 -2.00000
106020499 -0.18881 -0.90600 -2.00000
106020500 -0.18881 -0.90200 -2.00000
106020501 -0.18881 -0.89800 -2.00000
106020502 -0.18881 -0.89400 -2.00000
106020503 -0.18881 -0.89000 -2.00000
106020504 -0.18881 -0.88600 -2.00000
106020505 -0.18881 -0.88200 -2.00000
106020506 -0.18881 -0.87800 -2.00000
106020507 -0.18881 -0.87400 -2.00000
106020508 -0.18881 -0.87000 -2.00000
106020509 -0.18881 -0.86600 -2.00000
106020510 -0.18881 -0.86200 -2.00000
106020511 -0.18881 -0.85800 -2.00000
106020512 -0.18881 -0.85400 -2.00000
106020513 -0.18881 -0.85000 -2.00000
106020514 -0.18881 -0.84600 -2.00000
106020515 -0.18881 -0.84200 -2.00000
106020516 -0.18881 -0.83800 -2.00000
106020517 -0.18881 -0.83400 -2.00000
106020518 -0.18881 -0.83000 -2.00000
106020519 -0.18881 -0.82600 -2.00000
106020520 -0.18881 -0.82200 -2.00000
106020521 -0.18881 -0.81800 -2.00000
106020522 -0.18881 -0.81400 -2.00000
106020523 -0.18881 -0.81000 -2.00000
106020524 -0.18881 -0.80600 -2.00000
106020525 -0.18881 -0.80200 -2.00000
106020526 -0.18881 -0.79800 -2.00000
106020527 -0.18881 -0.79400 -2.00000
106020528 -0.18881 -0.79000 -2.00000
106020529 -0.18881 -0.78600 -2.00000
106020530 -0.18881 -0.78200 -2.00000
106020531 -0.18881 -0.77800 -2.00000
106020532 -0.18881 -0.77400 -2.00000
106020533 -0.18881 -0.77000 -2.00000
106020534 -0.18881 -0.76600 -2.00000
106020535 -0.18881 -0.76200 -2.00000
106020536 -0.18881 -0.75800 -2.00000
106020537 -0.18881 -0.75400 -2.00000
106020538 -0.18881 -0.75000 -2.00000
106020539 -0.18881 -0.74600 -2.00000
106020540 -0.18881 -0.74200 -2.00000
106020541 -0.18881 -0.73800 -2.00000
106020542 -0.18881 -0.73400 -2.00000
106020543 -0.18881 -0.73000 -2.00000
106020544 -0.18881 -0.72600 -2.00000
106020545 -0.18881 -0.72200 -2.00000
106020546 -0.18881 -0.71800 -2.00000
106020547 -0.18881 -0.71400 -2.00000
106020548 -0.18881 -0.71000 -2.00000
106020549 -0.18881 -0.70600 -2.00000
106020550 -0.18881 -0.70200 -2.00000
106020551 -0.18881 -0.69800 -2.00000
106020552 -0.18881 -0.69400 -2.00000
106020553 -0.18881 -0.69000 -2.00000
106020554 -0.18881 -0.68600 -2.00000
106020555 -0.18881 -0.68200 -2.00000
106020556 -0.18881 -0.67800 -2.00000
106020557 -0.18881 -0.67400 -2.00000
106020558 -0.18881 -0.67000 -2.00000
106020559 -0.18881 -0.66600 -2.00000
106020560 -0.18881 -0.66200 -2.00000
106020561 -0.18881 -0.65800 -2.00000
106020562 -0.18881 -0.65400 -2.00000
106020563 -0.18881 -0.65000 -2.00000
106020564 -0.18881 -0.64600 -2.00000
106020565 -0.18881 -0.64200 -2.00000
106020566 -0.18881 -0.63800 -2.00000
106020567 -0.18881 -0.63400 -2.00000
106020568 -0.18881 -0.63000 -2.00000
106020569 -0.18881 -0.62600 -2.00000
106020570 -0.18881 -0.62200 -2.00000
106020571 -0.18881 -0.61800 -2.00000
106020572 -0.18881 -0.61400 -2.00000
106020573 -0.18881 -0.61000 -2.00000
106020574 -0.18881 -0.60600 -2.00000
106020575 -0.18881 -0.60200 -2.00000
106020576 -0.18881 -0.59800 -2.00000
106020577 -0.18881 -0.59400 -2.00000
106020578 -0.18881 -0.59000 -2.00000
106020579 -0.18881 -0.58600 -2.00000
106020580 -0.18881 -0.58200 -2.00000
106020581 -0.18881 -0.57800 -2.00000
106020582 -0.18881 -0.57400 -2.00000
106020583 -0.18881 -0.57000 -2.00000
106020584 -0.18881 -0.56600 -2.00000
106020585 -0.18881 -0.56200 -2.00000
106020586 -0.18881 -0.55800 -2.00000
106020587 -0.18881 -0.55400 -2.00000
106020588 -0.18881 -0.55000 -2.00000
106020589 -0.18881 -0.54600 -2.00000
106020590 -0.18881 -0.54200 -2.00000
106020591 -0.18881 -0.53800 -2.00000
106020592 -0.18881 -0.53400 -2.00000
106020593 -0.18881 -0.53000 -2.00000
106020594 -0.18881 -0.52600 -2.00000
106020595 -0.18881 -0.52200 -2.00000
106020596 -0.18881 -0.51800 -2.00000
106020597 -0.18881 -0.51400 -2.00000
106020598 -0.18881 -0.51000 -2.00000
106020599 -0.18881 -0.50600 -2.00000
106020600 -0.18881 -0.50200 -2.00000
106020601 -0.18031 -1.09800 -2.00000
106020602 -0.18031 -1.09400 -2.00000
106020603 -0.18031 -1.09000 -2.00000
106020604 -0.18031 -1.08600 -2.00000
106020605 -0.18031 -1.08200 -2.00000
106020606 -0.18031 -1.07800 -2.00000
106020607 -0.18031 -1.07400 -2.00000
106020608 -0.18031 -1.07000 -2.00000
106020609 -0.18031 -1.06600 -2.00000
106020610 -0.18031 -1.06200 -2.00000
106020611 -0.18031 -1.05800 -2.00000
106020612 -0.18031 -1.05400 -2.00000
106020613 -0.18031 -1.05000 -2.00000
106020614 -0.18031 -1.04600 -2.00000
106020615 -0.18031 -1.04200 -2.00000
106020616 -0.18031 -1.03800 -2.00000
106020617 -0.18031 -1.03400 -2.00000
106020618 -0.18031 -1.03000 -2.00000
106020619 -0.18031 -1.02600 -2.00000
106020620 -0.18031 -1.02200 -2.00000
106020621 -0.18031 -1.01800 -2.00000
106020622 -0.18031 -1.01400 -2.00000
106020623 -0.18031 -1.01000 -2.00000
106020624 -0.18031 -1.00600 -2.00000
106020625 -0.18031 -1.00200 -2.00000
106020626 -0.18031 -0.99800 -2.00000
106020627 -0.18031 -0.99400 -2.00000
106020628 -0.18031 -0.99000 -2.00000
106020629 -0.18031 -0.98600 -2.00000
106020630 -0.18031 -0.98200 -2.00000
106020631 -0.18031 -0.97800 -2.00000
106020632 -0.18031 -0.97400 -2.00000
106020633 -0.18031 -0.97000 -2.00000
106020634 -0.18031 -0.96600 -2.00000
106020635 -0.18031 -0.96200 -2.00000
106020636 -0.18031 -0.95800 -2.00000
106020637 -0.18031 -0.95400 -2.00000
106020638 -0.18031 -0.95000 -2.00000
106020639 -0.18031 -0.94600 -2.00000
106020640 -0.18031 -0.94200 -2.00000
106020641 -0.18031 -0.93800 -2.00000
106020642 -0.18031 -0.93400 -2.00000
106020643 -0.18031 -0.93000 -2.00000
106020644 -0.18031 -0.92600 -2.00000
106020645 -0.18031 -0.92200 -2.00000
106020646 -0.18031 -0.91800 -2.00000
106020647 -0.18031 -0.91400 -2.00000
106020648 -0.18031 -0.91000 -2.00000
106020649 -0.18031 -0.90600 -2.00000
106020650 -0.18031 -0.90200 -2.00000
106020651 -0.18031 -0.89800 -2.00000
106020652 -0.18031 -0.89400 -2.00000
106020653 -0.18031 -0.89000 -2.00000
106020654 -0.18031 -0.88600 -2.00000
106020655 -0.18031 -0.88200 -2.00000
106020656 -0.18031 -0.87800 -2.00000
106020657 -0.18031 -0.87400 -2.00000
106020658 -0.18031 -0.87000 -2.00000
106020659 -0.18031 -0.86600 -2.00000
106020660 -0.18031 -0.86200 -2.00000
106020661 -0.18031 -0.85800 -2.00000
106020662 -0.18031 -0.85400 -2.00000
106020663 -0.18031 -0.85000 -2.00000
106020664 -0.18031 -0.84600 -2.00000
106020665 -0.18031 -0.84200 -2.00000
106020666 -0.18031 -0.83800 -2.00000
106020667 -0.18031 -0.83400 -2.00000
106020668 -0.18031 -0.83000 -2.00000
106020669 -0.18031 -0.82600 -2.00000
106020670 -0.18031 -0.82200 -2.00000
106020671 -0.18031 -0.81800 -2.00000
106020672 -0.18031 -0.81400 -2.00000
106020673 -0.18031 -0.81000 -2.00000
106020674 -0.18031 -0.80600 -2.00000
106020675 -0.18031 -0.80200 -2.00000
106020676 -0.18031 -0.79800 -2.00000
106020677 -0.18031 -0.79400 -2.00000
106020678 -0.18031 -0.79000 -2.00000
106020679 -0.18031 -0.78600 -2.00000
106020680 -0.18031 -0.78200 -2.00000
106020681 -0.18031 -0.77800 -2.00000
106020682 -0.18031 -0.77400 -2.00000
106020683 -0.18031 -0.77000 -2.00000
106020684 -0.18031 -0.76600 -2.00000
106020685 -0.18031 -0.76200 -2.00000
106020686 -0.18031 -0.75800 -2.00000
106020687 -0.18031 -0.75400 -2.00000
106020688 -0.18031 -0.75000 -2.00000
106020689 -0.18031 -0.74600 -2.00000
106020690 -0.18031 -0.74200 -2.00000
106020691 -0.18031 -0.73800 -2.00000
106020692 -0.18031 -0.73400 -2.00000
106020693 -0.18031 -0.73000 -2.00000
106020694 -0.18031 -0.72600 -2.00000
106020695 -0.18031 -0.72200 -2.00000
106020696 -0.18031 -0.71800 -2.00000
106020697 -0.18031 -0.71400 -2.00000
106020698 -0.18031 -0.71000 -2.00000
106020699 -0.18031 -0.70600 -2.00000
106020700 -0.18031 -0.70200 -2.00000
106020701 -0.18031 -0.69800 -2.00000
106020702 -0.18031 -0.69400 -2.00000
106020703 -0.18031 -0.69000 -2.00000
106020704 -0.18031 -0.68600 -2.00000
106020705 -0.18031 -0.68200 -2.00000
106020706 -0.18031 -0.67800 -2.00000
106020707 -0.18031 -0.67400 -2.00000
106020708 -0.18031 -0.67000 -2.00000
106020709 -0.18031 -0.66600 -2.00000
106020710 -0.18031 -0.66200 -2.00000
106020711 -0.18031 -0.65800 -2.00000
106020712 -0.18031 -0.65400 -2.00000
106020713 -0.18031 -0.65000 -2.00000
106020714 -0.18031 -0.64600 -2.00000
106020715 -0.18031 -0.64200 -2.00000
106020716 -0.18031 -0.63800 -2.00000
106020717 -0.18031 -0.63400 -2.00000
106020718 -0.18031 -0.63000 -2.00000
106020719 -0.18031 -0.62600 -2.00000
106020720 -0.18031 -0.62200 -2.00000
106020721 -0.18031 -0.61800 -2.00000
106020722 -0.18031 -0.61400 -2.00000
106020723 -0.18031 -0.61000 -2.00000
106020724 -0.18031 -0.60600 -2.00000
106020725 -0.18031 -0.60200 -2.00000
106020726 -0.18031 -0.59800 -2.00000
106020727 -0.18031 -0.59400 -2.00000
106020728 -0.18031 -0.59000 -2.00000
106020729 -0.18031 -0.58600 -2.00000
106020730 -0.18031 -0.58200 -2.00000
106020731 -0.18031 -0.57800 -2.00000
106020732 -0.18031 -0.57400 -2.00000
106020733 -0.18031 -0.57000 -2.00000
106020734 -0.18031 -0.56600 -2.00000
106020735 -0.18031 -0.56200 -2.00000
106020736 -0.18031 -0.55800 -2.00000
106020737 -0.18031 -0.55400 -2.00000
106020738 -0.18031 -0.55000 -2.00000
106020739 -0.18031 -0.54600 -2.00000
106020740 -0.18031 -0.54200 -2.00000
106020741 -0.18031 -0.53800 -2.00000
106020742 -0.18031 -0.53400 -2.00000
106020743 -0.18031 -0.53000 -2.00000
106020744 -0.18031 -0.52600 -2.00000
106020745 -0.18031 -0.52200 -2.00000
106020746 -0.18031 -0.51800 -2.00000
106020747 -0.18031 -0.51400 -2.00000
106020748 -0.18031 -0.51000 -2.00000
106020749 -0.18031 -0.50600 -2.00000
106020750 -0.18031 -0.50200 -2.00000
106020751 -0.17181 -1.09800 -2.00000
106020752 -0.17181 -1.09400 -2.00000
106020753 -0.17181 -1.09000 -2.00000
106020754 -0.17181 -1.08600 -2.00000
106020755 -0.17181 -1.08200 -2.00000
106020756 -0.17181 -1.07800 -2.00000
106020757 -0.17181 -1.07400 -2.00000
106020758 -0.17181 -1.07000 -2.00000
106020759 -0.17181 -1.06600 -2.00000
106020760 -0.17181 -1.06200 -2.00000
106020761 -0.17181 -1.05800 -2.00000
106020762 -0.17181 -1.05400 -2.00000
106020763 -0.17181 -1.05000 -2.00000
106020764 -0.17181 -1.04600 -2.00000
106020765 -0.17181 -1.04200 -2.00000
106020766 -0.17181 -1.03800 -2.00000
106020767 -0.17181 -1.03400 -2.00000
106020768 -0.17181 -1.03000 -2.00000
106020769 -0.17181 -1.02600 -2.00000
106020770 -0.17181 -1.02200 -2.00000
106020771 -0.17181 -1.01800 -2.00000
106020772 -0.17181 -1.01400 -2.00000
106020773 -0.17181 -1.01000 -2.00000
106020774 -0.17181 -1.00600 -2.00000
106020775 -0.17181 -1.00200 -2.00000
106020776 -0.17181 -0.99800 -2.00000
106020777 -0.17181 -0.99400 -2.00000
106020778 -0.17181 -0.99000 -2.00000
106020779 -0.17181 -0.98600 -2.00000
106020780 -0.17181 -0.98200 -2.00000
106020781 -0.17181 -0.97800 -2.00000
106020782 -0.17181 -0.97400 -2.00000
106020783 -0.17181 -0.97000 -2.00000
106020784 -0.17181 -0.96600 -2.00000
106020785 -0.17181 -0.96200 -2.00000
106020786 -0.17181 -0.95800 -2.00000
106020787 -0.17181 -0.95400 -2.00000
106020788 -0.17181 -0.95000 -2.00000
106020789 -0.17181 -0.94600 -2.00000
106020790 -0.17181 -0.94200 -2.00000
106020791 -0.17181 -0.93800 -2.00000
106020792 -0.17181 -0.93400 -2.00000
106020793 -0.17181 -0.93000 -2.00000
106020794 -0.17181 -0.92600 -2.00000
106020795 -0.17181 -0.92200 -2.00000
106020796 -0.17181 -0.91800 -2.00000
106020797 -0.17181 -0.91400 -2.00000
106020798 -0.17181 -0.91000 -2.00000
106020799 -0.17181 -0.90600 -2.00000
106020800 -0.17181 -0.90200 -2.00000
106020801 -0.17181 -0.89800 -2.00000
106020802 -0.17181 -0.89400 -2.00000
106020803 -0.17181 -0.89000 -2.00000
106020804 -0.17181 -0.88600 -2.00000
106020805 -0.17181 -0.88200 -2.00000
106020806 -0.17181 -0.87800 -2.00000
106020807 -0.17181 -0.87400 -2.00000
106020808 -0.17181 -0.87000 -2.00000
106020809 -0.17181 -0.86600 -2.00000
106020810 -0.17181 -0.86200 -2.00000
106020811 -0.17181 -0.85800 -2.00000
106020812 -0.17181 -0.85400 -2.00000
106020813 -0.17181 -0.85000 -2.00000
106020814 -0.17181 -0.84600 -2.00000
106020815 -0.17181 -0.84200 -2.00000
106020816 -0.17181 -0.83800 -2.00000
106020817 -0.17181 -0.83400 -2.00000
106020818 -0.17181 -0.83000 -2.00000
106020819 -0.17181 -0.82600 -2.00000
106020820 -0.17181 -0.82200 -2.00000
106020821 -0.17181 -0.81800 -2.00000
106020822 -0.17181 -0.81400 -2.00000
106020823 -0.17181 -0.81000 -2.00000
106020824 -0.17181 -0.80600 -2.00000
106020825 -0.17181 -0.80200 -2.00000
106020826 -0.17181 -0.79800 -2.00000
106020827 -0.17181 -0.79400 -2.00000
106020828 -0.17181 -0.79000 -2.00000
106020829 -0.17181 -0.78600 -2.00000
106020830 -0.17181 -0.78200 -2.00000
106020831 -0.17181 -0.77800 -2.00000
106020832 -0.17181 -0.77400 -2.00000
106020833 -0.17181 -0.77000 -2.00000
106020834 -0.17181 -0.76600 -2.00000
106020835 -0.17181 -0.76200 -2.00000
106020836 -0.17181 -0.75800 -2.00000
106020837 -0.17181 -0.75400 -2.00000
106020838 -0.17181 -0.75000 -2.00000
106020839 -0.17181 -0.74600 -2.00000
106020840 -0.17181 -0.74200 -2.00000
106020841 -0.17181 -0.73800 -2.00000
106020842 -0.17181 -0.73400 -2.00000
106020843 -0.17181 -0.73000 -2.00000
106020844 -0.17181 -0.72600 -2.00000
106020845 -0.17181 -0.72200 -2.00000
106020846 -0.17181 -0.71800 -2.00000
106020847 -0.17181 -0.71400 -2.00000
106020848 -0.17181 -0.71000 -2.00000
106020849 -0.17181 -0.70600 -2.00000
106020850 -0.17181 -0.70200 -2.00000
106020851 -0.17181 -0.69800 -2.00000
106020852 -0.17181 -0.69400 -2.00000
106020853 -0.17181 -0.69000 -2.00000
106020854 -0.17181 -0.68600 -2.00000
106020855 -0.17181 -0.68200 -2.00000
106020856 -0.17181 -0.67800 -2.00000
106020857 -0.17181 -0.67400 -2.00000
106020858 -0.17181 -0.67000 -2.00000
106020859 -0.17181 -0.66600 -2.00000
106020860 -0.17181 -0.66200 -2.00000
106020861 -0.17181 -0.65800 -2.00000
106020862 -0.17181 -0.65400 -2.00000
106020863 -0.17181 -0.65000 -2.00000
106020864 -0.17181 -0.64600 -2.00000
106020865 -0.17181 -0.64200 -2.00000
106020866 -0.17181 -0.63800 -2.00000
106020867 -0.17181 -0.63400 -2.00000
106020868 -0.17181 -0.63000 -2.00000
106020869 -0.17181 -0.62600 -2.00000
106020870 -0.17181 -0.62200 -2.00000
106020871 -0.17181 -0.61800 -2.00000
106020872 -0.17181 -0.61400 -2.00000
106020873 -0.17181 -0.61000 -2.00000
106020874 -0.17181 -0.60600 -2.00000
106020875 -0.17181 -0.60200 -2.00000
106020876 -0.17181 -0.59800 -2.00000
106020877 -0.17181 -0.59400 -2.00000
106020878 -0.17181 -0.59000 -2.00000
106020879 -0.17181 -0.58600 -2.00000
106020880 -0.17181 -0.58200 -2.00000
106020881 -0.17181 -0.57800 -2.00000
106020882 -0.17181 -0.57400 -2.00000
106020883 -0.17181 -0.57000 -2.00000
106020884 -0.17181 -0.56600 -2.00000
106020885 -0.17181 -0.56200 -2.00000
106020886 -0.17181 -0.55800 -2.00000
106020887 -0.17181 -0.55400 -2.00000
106020888 -0.17181 -0.55000 -2.00000
106020889 -0.17181 -0.54600 -2.00000
106020890 -0.17181 -0.54200 -2.00000
106020891 -0.17181 -0.53800 -2.00000
106020892 -0.17181 -0.53400 -2.00000
106020893 -0.17181 -0.53000 -2.00000
106020894 -0.17181 -0.52600 -2.00000
106020895 -0.17181 -0.52200 -2.00000
106020896 -0.17181 -0.51800 -2.00000
106020897 -0.17181 -0.51400 -2.00000
106020898 -0.17181 -0.51000 -2.00000
106020899 -0.17181 -0.50600 -2.00000
106020900 -0.17181 -0.50200 -2.00000
106020901 -0.16331 -1.09800 -2.00000
106020902 -0.16331 -1.09400 -2.00000
106020903 -0.16331 -1.09000 -2.00000
106020904 -0.16331 -1.08600 -2.00000
106020905 -0.16331 -1.08200 -2.00000
106020906 -0.16331 -1.07800 -2.00000
106020907 -0.16331 -1.07400 -2.00000
106020908 -0.16331 -1.07000 -2.00000
106020909 -0.16331 -1.06600 -2.00000
106020910 -0.16331 -1.06200 -2.00000
106020911 -0.16331 -1.05800 -2.00000
106020912 -0.16331 -1.05400 -2.00000
106020913 -0.16331 -1.05000 -2.00000
106020914 -0.16331 -1.04600 -2.00000
106020915 -0.16331 -1.04200 -2.00000
106020916 -0.16331 -1.03800 -2.00000
106020917 -0.16331 -1.03400 -2.00000
106020918 -0.16331 -1.03000 -2.00000
106020919 -0.16331 -1.02600 -2.00000
106020920 -0.16331 -1.02200 -2.00000
106020921 -0.16331 -1.01800 -2.00000
106020922 -0.16331 -1.01400 -2.00000
106020923 -0.16331 -1.01000 -2.00000
106020924 -0.16331 -1.00600 -2.00000
106020925 -0.16331 -1.00200 -2.00000
106020926 -0.16331 -0.99800 -2.00000
106020927 -0.16331 -0.99400 -2.00000
106020928 -0.16331 -0.99000 -2.00000
106020929 -0.16331 -0.98600 -2.00000
106020930 -0.16331 -0.98200 -2.00000
106020931 -0.16331 -0.97800 -2.00000
106020932 -0.16331 -0.97400 -2.00000
106020933 -0.16331 -0.97000 -2.00000
106020934 -0.16331 -0.96600 -2.00000
106020935 -0.16331 -0.96200 -2.00000
106020936 -0.16331 -0.95800 -2.00000
106020937 -0.16331 -0.95400 -2.00000
106020938 -0.16331 -0.95000 -2.00000
106020939 -0.16331 -0.94600 -2.00000
106020940 -0.16331 -0.94200 -2.00000
106020941 -0.16331 -0.93800 -2.00000
106020942 -0.16331 -0.93400 -2.00000
106020943 -0.16331 -0.93000 -2.00000
106020944 -0.16331 -0.92600 -2.00000
106020945 -0.16331 -0.92200 -2.00000
106020946 -0.16331 -0.91800 -2.00000
106020947 -0.16331 -0.91400 -2.00000
106020948 -0.16331 -0.91000 -2.00000
106020949 -0.16331 -0.90600 -2.00000
106020950 -0.16331 -0.90200 -2.00000
106020951 -0.16331 -0.89800 -2.00000
106020952 -0.16331 -0.89400 -2.00000
106020953 -0.16331 -0.89000 -2.00000
106020954 -0.16331 -0.88600 -2.00000
106020955 -0.16331 -0.88200 -2.00000
106020956 -0.16331 -0.87800 -2.00000
106020957 -0.16331 -0.87400 -2.00000
106020958 -0.16331 -0.87000 -2.00000
106020959 -0.16331 -0.86600 -2.00000
106020960 -0.16331 -0.86200 -2.00000
106020961 -0.16331 -0.85800 -2.00000
106020962 -0.16331 -0.85400 -2.00000
106020963 -0.16331 -0.85000 -2.00000
106020964 -0.16331 -0.84600 -2.00000
106020965 -0.16331 -0.84200 -2.00000
106020966 -0.16331 -0.83800 -2.00000
106020967 -0.16331 -0.83400 -2.00000
106020968 -0.16331 -0.83000 -2.00000
106020969 -0.16331 -0.82600 -2.00000
106020970 -0.16331 -0.82200 -2.00000
106020971 -0.16331 -0.81800 -2.00000
106020972 -0.16331 -0.81400 -2.00000
106020973 -0.16331 -0.81000 -2.00000
106020974 -0.16331 -0.80600 -2.00000
106020975 -0.16331 -0.80200 -2.00000
106020976 -0.16331 -0.79800 -2.00000
106020977 -0.16331 -0.79400 -2.00000
106020978 -0.16331 -0.79000 -2.00000
106020979 -0.16331 -0.78600 -2.00000
106020980 -0.16331 -0.78200 -2.00000
106020981 -0.16331 -0.77800 -2.00000
106020982 -0.16331 -0.77400 -2.00000
106020983 -0.16331 -0.77000 -2.00000
106020984 -0.16331 -0.76600 -2.00000
106020985 -0.16331 -0.76200 -2.00000
106020986 -0.16331 -0.75800 -2.00000
106020987 -0.16331 -0.75400 -2.00000
106020988 -0.16331 -0.75000 -2.00000
106020989 -0.16331 -0.74600 -2.00000
106020990 -0.16331 -0.74200 -2.00000
106020991 -0.16331 -0.73800 -2.00000
106020992 -0.16331 -0.73400 -2.00000
106020993 -0.16331 -0.73000 -2.00000
106020994 -0.16331 -0.72600 -2.00000
106020995 -0.16331 -0.72200 -2.00000
106020996 -0.16331 -0.71800 -2.00000
106020997 -0.16331 -0.71400 -2.00000
106020998 -0.16331 -0.71000 -2.00000
106020999 -0.16331 -0.70600 -2.00000
106021000 -0.16331 -0.70200 -2.00000
106021001 -0.16331 -0.69800 -2.00000
106021002 -0.16331 -0.69400 -2.00000
106021003 -0.16331 -0.69000 -2.00000
106021004 -0.16331 -0.68600 -2.00000
106021005 -0.16331 -0.68200 -2.00000
106021006 -0.16331 -0.67800 -2.00000
106021007 -0.16331 -0.67400 -2.00000
106021008 -0.16331 -0.67000 -2.00000
106021009 -0.16331 -0.66600 -2.00000
106021010 -0.16331 -0.66200 -2.00000
106021011 -0.16331 -0.65800 -2.00000
106021012 -0.16331 -0.65400 -2.00000
106021013 -0.16331 -0.65000 -2.00000
106021014 -0.16331 -0.64600 -2.00000
106021015 -0.16331 -0.64200 -2.00000
106021016 -0.16331 -0.63800 -2.00000
106021017 -0.16331 -0.63400 -2.00000
106021018 -0.16331 -0.63000 -2.00000
106021019 -0.16331 -0.62600 -2.00000
106021020 -0.16331 -0.62200 -2.00000
106021021 -0.16331 -0.61800 -2.00000
106021022 -0.16331 -0.61400 -2.00000
106021023 -0.16331 -0.61000 -2.00000
106021024 -0.16331 -0.60600 -2.00000
106021025 -0.16331 -0.60200 -2.00000
106021026 -0.16331 -0.59800 -2.00000
106021027 -0.16331 -0.59400 -2.00000
106021028 -0.16331 -0.59000 -2.00000
106021029 -0.16331 -0.58600 -2.00000
106021030 -0.16331 -0.58200 -2.00000
106021031 -0.16331 -0.57800 -2.00000
106021032 -0.16331 -0.57400 -2.00000
106021033 -0.16331 -0.57000 -2.00000
106021034 -0.16331 -0.56600 -2.00000
106021035 -0.16331 -0.56200 -2.00000
106021036 -0.16331 -0.55800 -2.00000
106021037 -0.16331 -0.55400 -2.00000
106021038 -0.16331 -0.55000 -2.00000
106021039 -0.16331 -0.54600 -2.00000
106021040 -0.16331 -0.54200 -2.00000
106021041 -0.16331 -0.53800 -2.00000
106021042 -0.16331 -0.53400 -2.00000
106021043 -0.16331 -0.53000 -2.00000
106021044 -0.16331 -0.52600 -2.00000
106021045 -0.16331 -0.52200 -2.00000
106021046 -0.16331 -0.51800 -2.00000
106021047 -0.16331 -0.51400 -2.00000
106021048 -0.16331 -0.51000 -2.00000
106021049 -0.16331 -0.50600 -2.00000
106021050 -0.16331 -0.50200 -2.00000
106021051 -0.15481 -1.09800 -2.00000
106021052 -0.15481 -1.09400 -2.00000
106021053 -0.15481 -1.09000 -2.00000
106021054 -0.15481 -1.08600 -2.00000
106021055 -0.15481 -1.08200 -2.00000
106021056 -0.15481 -1.07800 -2.00000
106021057 -0.15481 -1.07400 -2.00000
106021058 -0.15481 -1.07000 -2.00000
106021059 -0.15481 -1.06600 -2.00000
106021060 -0.15481 -1.06200 -2.00000
106021061 -0.15481 -1.05800 -2.00000
106021062 -0.15481 -1.05400 -2.00000
106021063 -0.15481 -1.05000 -2.00000
106021064 -0.15481 -1.04600 -2.00000
106021065 -0.15481 -1.04200 -2.00000
106021066 -0.15481 -1.03800 -2.00000
106021067 -0.15481 -1.03400 -2.00000
106021068 -0.15481 -1.03000 -2.00000
106021069 -0.15481 -1.02600 -2.00000
106021070 -0.15481 -1.02200 -2.00000
106021071 -0.15481 -1.01800 -2.00000
106021072 -0.15481 -1.01400 -2.00000
106021073 -0.15481 -1.01000 -2.00000
106021074 -0.15481 -1.00600 -2.00000
106021075 -0.15481 -1.00200 -2.00000
106021076 -0.15481 -0.99800 -2.00000
106021077 -0.15481 -0.99400 -2.00000
106021078 -0.15481 -0.99000 -2.00000
106021079 -0.15481 -0.98600 -2.00000
106021080 -0.15481 -0.98200 -2.00000
106021081 -0.15481 -0.97800 -2.00000
106021082 -0.15481 -0.97400 -2.00000
106021083 -0.15481 -0.97000 -2.00000
106021084 -0.15481 -0.96600 -2.00000
106021085 -0.15481 -0.96200 -2.00000
106021086 -0.15481 -0.95800 -2.00000
106021087 -0.15481 -0.95400 -2.00000
106021088 -0.15481 -0.95000 -2.00000
106021089 -0.15481 -0.94600 -2.00000
106021090 -0.15481 -0.94200 -2.00000
106021091 -0.15481 -0.93800 -2.00000
106021092 -0.15481 -0.93400 -2.00000
106021093 -0.15481 -0.93000 -2.00000
106021094 -0.15481 -0.92600 -2.00000
106021095 -0.15481 -0.92200 -2.00000
106021096 -0.15481 -0.91800 -2.00000
106021097 -0.15481 -0.91400 -2.00000
106021098 -0.15481 -0.91000 -2.00000
106021099 -0.15481 -0.90600 -2.00000
106021100 -0.15481 -0.90200 -2.00000
106021101 -0.15481 -0.89800 -2.00000
106021102 -0.15481 -0.89400 -2.00000
106021103 -0.15481 -0.89000 -2.00000
106021104 -0.15481 -0.88600 -2.00000
106021105 -0.15481 -0.88200 -2.00000
106021106 -0.15481 -0.87800 -2.00000
106021107 -0.15481 -0.87400 -2.00000
106021108 -0.15481 -0.87000 -2.00000
106021109 -0.15481 -0.86600 -2.00000
106021110 -0.15481 -0.86200 -2.00000
106021111 -0.15481 -0.85800 -2.00000
106021112 -0.15481 -0.85400 -2.00000
106021113 -0.15481 -0.85000 -2.00000
106021114 -0.15481 -0.84600 -2.00000
106021115 -0.15481 -0.84200 -2.00000
106021116 -0.15481 -0.83800 -2.00000
106021117 -0.15481 -0.83400 -2.00000
106021118 -0.15481 -0.83000 -2.00000
106021119 -0.15481 -0.82600 -2.00000
106021120 -0.15481 -0.82200 -2.00000
106021121 -0.15481 -0.81800 -2.00000
106021122 -0.15481 -0.81400 -2.00000
106021123 -0.15481 -0.81000 -2.00000
106021124 -0.15481 -0.80600 -2.00000
106021125 -0.15481 -0.80200 -2.00000
106021126 -0.15481 -0.79800 -2.00000
106021127 -0.15481 -0.79400 -2.00000
106021128 -0.15481 -0.79000 -2.00000
106021129 -0.15481 -0.78600 -2.00000
106021130 -0.15481 -0.78200 -2.00000
106021131 -0.15481 -0.77800 -2.00000
106021132 -0.15481 -0.77400 -2.00000
106021133 -0.15481 -0.77000 -2.00000
106021134 -0.15481 -0.76600 -2.00000
106021135 -0.15481 -0.76200 -2.00000
106021136 -0.15481 -0.75800 -2.00000
106021137 -0.15481 -0.75400 -2.00000
106021138 -0.15481 -0.75000 -2.00000
106021139 -0.15481 -0.74600 -2.00000
106021140 -0.15481 -0.74200 -2.00000
106021141 -0.15481 -0.73800 -2.00000
106021142 -0.15481 -0.73400 -2.00000
106021143 -0.15481 -0.73000 -2.00000
106021144 -0.15481 -0.72600 -2.00000
106021145 -0.15481 -0.72200 -2.00000
106021146 -0.15481 -0.71800 -2.00000
106021147 -0.15481 -0.71400 -2.00000
106021148 -0.15481 -0.71000 -2.00000
106021149 -0.15481 -0.70600 -2.00000
106021150 -0.15481 -0.70200 -2.00000
106021151 -0.15481 -0.69800 -2.00000
106021152 -0.15481 -0.69400 -2.00000
106021153 -0.15481 -0.69000 -2.00000
106021154 -0.15481 -0.68600 -2.00000
106021155 -0.15481 -0.68200 -2.00000
106021156 -0.15481 -0.67800 -2.00000
106021157 -0.15481 -0.67400 -2.00000
106021158 -0.15481 -0.67000 -2.00000
106021159 -0.15481 -0.66600 -2.00000
106021160 -0.15481 -0.66200 -2.00000
106021161 -0.15481 -0.65800 -2.00000
106021162 -0.15481 -0.65400 -2.00000
106021163 -0.15481 -0.65000 -2.00000
106021164 -0.15481 -0.64600 -2.00000
106021165 -0.15481 -0.64200 -2.00000
106021166 -0.15481 -0.63800 -2.00000
106021167 -0.15481 -0.63400 -2.00000
106021168 -0.15481 -0.63000 -2.00000
106021169 -0.15481 -0.62600 -2.00000
106021170 -0.15481 -0.62200 -2.00000
106021171 -0.15481 -0.61800 -2.00000
106021172 -0.15481 -0.61400 -2.00000
106021173 -0.15481 -0.61000 -2.00000
106021174 -0.15481 -0.60600 -2.00000
106021175 -0.15481 -0.60200 -2.00000
106021176 -0.15481 -0.59800 -2.00000
106021177 -0.15481 -0.59400 -2.00000
106021178 -0.15481 -0.59000 -2.00000
106021179 -0.15481 -0.58600 -2.00000
106021180 -0.15481 -0.58200 -2.00000
106021181 -0.15481 -0.57800 -2.00000
106021182 -0.15481 -0.57400 -2.00000
106021183 -0.15481 -0.57000 -2.00000
106021184 -0.15481 -0.56600 -2.00000
106021185 -0.15481 -0.56200 -2.00000
106021186 -0.15481 -0.55800 -2.00000
106021187 -0.15481 -0.55400 -2.00000
106021188 -0.15481 -0.55000 -2.00000
106021189 -0.15481 -0.54600 -2.00000
106021190 -0.15481 -0.54200 -2.00000
106021191 -0.15481 -0.53800 -2.00000
106021192 -0.15481 -0.53400 -2.00000
106021193 -0.15481 -0.53000 -2.00000
106021194 -0.15481 -0.52600 -2.00000
106021195 -0.15481 -0.52200 -2.00000
106021196 -0.15481 -0.51800 -2.00000
106021197 -0.15481 -0.51400 -2.00000
106021198 -0.15481 -0.51000 -2.00000
106021199 -0.15481 -0.50600 -2.00000
106021200 -0.15481 -0.50200 -2.00000
