# pixelID  x  y  z
105120001 -0.90431 -0.29800 -2.00000
105120002 -0.90431 -0.29400 -2.00000
105120003 -0.90431 -0.29000 -2.00000
105120004 -0.90431 -0.28600 -2.00000
105120005 -0.90431 -0.28200 -2.00000
105120006 -0.90431 -0.27800 -2.00000
105120007 -0.90431 -0.27400 -2.00000
105120008 -0.90431 -0.27000 -2.00000
105120009 -0.90431 -0.26600 -2.00000
105120010 -0.90431 -0.26200 -2.00000
105120011 -0.90431 -0.25800 -2.00000
105120012 -0.90431 -0.25400 -2.00000
105120013 -0.90431 -0.25000 -2.00000
105120014 -0.90431 -0.24600 -2.00000
105120015 -0.90431 -0.24200 -2.00000
105120016 -0.90431 -0.23800 -2.00000
105120017 -0.90431 -0.23400 -2.00000
105120018 -0.90431 -0.23000 -2.00000
105120019 -0.90431 -0.22600 -2.00000
105120020 -0.90431 -0.22200 -2.00000
105120021 -0.90431 -0.21800 -2.00000
105120022 -0.90431 -0.21400 -2.00000
105120023 -0.90431 -0.21000 -2.00000
105120024 -0.90431 -0.20600 -2.00000
105120025 -0.90431 -0.20200 -2.00000
105120026 -0.90431 -0.19800 -2.00000
105120027 -0.90431 -0.19400 -2.00000
105120028 -0.90431 -0.19000 -2.00000
105120029 -0.90431 -0.18600 -2.00000
105120030 -0.90431 -0.18200 -2.00000
105120031 -0.90431 -0.17800 -2.00000
105120032 -0.90431 -0.17400 -2.00000
105120033 -0.90431 -0.17000 -2.00000
105120034 -0.90431 -0.16600 -2.00000
105120035 -0.90431 -0.16200 -2.00000
105120036 -0.90431 -0.15800 -2.00000
105120037 -0.90431 -0.15400 -2.00000
105120038 -0.90431 -0.15000 -2.00000
105120039 -0.90431 -0.14600 -2.00000
105120040 -0.90431 -0.14200 -2.00000
105120041 -0.90431 -0.13800 -2.00000
105120042 -0.90431 -0.13400 -2.00000
105120043 -0.90431 -0.13000 -2.00000
105120044 -0.90431 -0.12600 -2.00000
105120045 -0.90431 -0.12200 -2.00000
105120046 -0.90431 -0.11800 -2.00000
105120047 -0.90431 -0.11400 -2.00000
105120048 -0.90431 -0.11000 -2.00000
105120049 -0.90431 -0.10600 -2.00000
105120050 -0.90431 -0.10200 -2.00000
105120051 -0.90431 -0.09800 -2.00000
105120052 -0.90431 -0.09400 -2.00000
105120053 -0.90431 -0.09000 -2.00000
105120054 -0.90431 -0.08600 -2.00000
105120055 -0.90431 -0.08200 -2.00000
105120056 -0.90431 -0.07800 -2.00000
105120057 -0.90431 -0.07400 -2.00000
105120058 -0.90431 -0.07000 -2.00000
105120059 -0.90431 -0.06600 -2.00000
105120060 -0.90431 -0.06200 -2.00000
105120061 -0.90431 -0.05800 -2.00000
105120062 -0.90431 -0.05400 -2.00000
105120063 -0.90431 -0.05000 -2.00000
105120064 -0.90431 -0.04600 -2.00000
105120065 -0.90431 -0.04200 -2.00000
105120066 -0.90431 -0.03800 -2.00000
105120067 -0.90431 -0.03400 -2.00000
105120068 -0.90431 -0.03000 -2.00000
105120069 -0.90431 -0.02600 -2.00000
105120070 -0.90431 -0.02200 -2.00000
105120071 -0.90431 -0.01800 -2.00000
105120072 -0.90431 -0.01400 -2.00000
105120073 -0.90431 -0.01000 -2.00000
105120074 -0.90431 -0.00600 -2.00000
105120075 -0.90431 -0.00200 -2.00000
105120076 -0.90431 0.00200 -2.00000
105120077 -0.90431 0.00600 -2.00000
105120078 -0.90431 0.01000 -2.00000
105120079 -0.90431 0.01400 -2.00000
105120080 -0.90431 0.01800 -2.00000
105120081 -0.90431 0.02200 -2.00000
105120082 -0.90431 0.02600 -2.00000
105120083 -0.90431 0.03000 -2.00000
105120084 -0.90431 0.03400 -2.00000
105120085 -0.90431 0.03800 -2.00000
105120086 -0.90431 0.04200 -2.00000
105120087 -0.90431 0.04600 -2.00000
105120088 -0.90431 0.05000 -2.00000
105120089 -0.90431 0.05400 -2.00000
105120090 -0.90431 0.05800 -2.00000
105120091 -0.90431 0.06200 -2.00000
105120092 -0.90431 0.06600 -2.00000
105120093 -0.90431 0.07000 -2.00000
105120094 -0.90431 0.07400 -2.00000
105120095 -0.90431 0.07800 -2.00000
105120096 -0.90431 0.08200 -2.00000
105120097 -0.90431 0.08600 -2.00000
105120098 -0.90431 0.09000 -2.00000
105120099 -0.90431 0.09400 -2.00000
105120100 -0.90431 0.09800 -2.00000
105120101 -0.90431 0.10200 -2.00000
105120102 -0.90431 0.10600 -2.00000
105120103 -0.90431 0.11000 -2.00000
105120104 -0.90431 0.11400 -2.00000
105120105 -0.90431 0.11800 -2.00000
105120106 -0.90431 0.12200 -2.00000
105120107 -0.90431 0.12600 -2.00000
105120108 -0.90431 0.13000 -2.00000
105120109 -0.90431 0.13400 -2.00000
105120110 -0.90431 0.13800 -2.00000
105120111 -0.90431 0.14200 -2.00000
105120112 -0.90431 0.14600 -2.00000
105120113 -0.90431 0.15000 -2.00000
105120114 -0.90431 0.15400 -2.00000
105120115 -0.90431 0.15800 -2.00000
105120116 -0.90431 0.16200 -2.00000
105120117 -0.90431 0.16600 -2.00000
105120118 -0.90431 0.17000 -2.00000
105120119 -0.90431 0.17400 -2.00000
105120120 -0.90431 0.17800 -2.00000
105120121 -0.90431 0.18200 -2.00000
105120122 -0.90431 0.18600 -2.00000
105120123 -0.90431 0.19000 -2.00000
105120124 -0.90431 0.19400 -2.00000
105120125 -0.90431 0.19800 -2.00000
105120126 -0.90431 0.20200 -2.00000
105120127 -0.90431 0.20600 -2.00000
105120128 -0.90431 0.21000 -2.00000
105120129 -0.90431 0.21400 -2.00000
105120130 -0.90431 0.21800 -2.00000
105120131 -0.90431 0.22200 -2.00000
105120132 -0.90431 0.22600 -2.00000
105120133 -0.90431 0.23000 -2.00000
105120134 -0.90431 0.23400 -2.00000
105120135 -0.90431 0.23800 -2.00000
105120136 -0.90431 0.24200 -2.00000
105120137 -0.90431 0.24600 -2.00000
105120138 -0.90431 0.25000 -2.00000
105120139 -0.90431 0.25400 -2.00000
105120140 -0.90431 0.25800 -2.00000
105120141 -0.90431 0.26200 -2.00000
105120142 -0.90431 0.26600 -2.00000
105120143 -0.90431 0.27000 -2.00000
105120144 -0.90431 0.27400 -2.00000
105120145 -0.90431 0.27800 -2.00000
105120146 -0.90431 0.28200 -2.00000
105120147 -0.90431 0.28600 -2.00000
105120148 -0.90431 0.29000 -2.00000
105120149 -0.90431 0.29400 -2.00000
105120150 -0.90431 0.29800 -2.00000
105120151 -0.89581 -0.29800 -2.00000
105120152 -0.89581 -0.29400 -2.00000
105120153 -0.89581 -0.29000 -2.00000
105120154 -0.89581 -0.28600 -2.00000
105120155 -0.89581 -0.28200 -2.00000
105120156 -0.89581 -0.27800 -2.00000
105120157 -0.89581 -0.27400 -2.00000
105120158 -0.89581 -0.27000 -2.00000
105120159 -0.89581 -0.26600 -2.00000
105120160 -0.89581 -0.26200 -2.00000
105120161 -0.89581 -0.25800 -2.00000
105120162 -0.89581 -0.25400 -2.00000
105120163 -0.89581 -0.25000 -2.00000
105120164 -0.89581 -0.24600 -2.00000
105120165 -0.89581 -0.24200 -2.00000
105120166 -0.89581 -0.23800 -2.00000
105120167 -0.89581 -0.23400 -2.00000
105120168 -0.89581 -0.23000 -2.00000
105120169 -0.89581 -0.22600 -2.00000
105120170 -0.89581 -0.22200 -2.00000
105120171 -0.89581 -0.21800 -2.00000
105120172 -0.89581 -0.21400 -2.00000
105120173 -0.89581 -0.21000 -2.00000
105120174 -0.89581 -0.20600 -2.00000
105120175 -0.89581 -0.20200 -2.00000
105120176 -0.89581 -0.19800 -2.00000
105120177 -0.89581 -0.19400 -2.00000
105120178 -0.89581 -0.19000 -2.00000
105120179 -0.89581 -0.18600 -2.00000
105120180 -0.89581 -0.18200 -2.00000
105120181 -0.89581 -0.17800 -2.00000
105120182 -0.89581 -0.17400 -2.00000
105120183 -0.89581 -0.17000 -2.00000
105120184 -0.89581 -0.16600 -2.00000
105120185 -0.89581 -0.16200 -2.00000
105120186 -0.89581 -0.15800 -2.00000
105120187 -0.89581 -0.15400 -2.00000
105120188 -0.89581 -0.15000 -2.00000
105120189 -0.89581 -0.14600 -2.00000
105120190 -0.89581 -0.14200 -2.00000
105120191 -0.89581 -0.13800 -2.00000
105120192 -0.89581 -0.13400 -2.00000
105120193 -0.89581 -0.13000 -2.00000
105120194 -0.89581 -0.12600 -2.00000
105120195 -0.89581 -0.12200 -2.00000
105120196 -0.89581 -0.11800 -2.00000
105120197 -0.89581 -0.11400 -2.00000
105120198 -0.89581 -0.11000 -2.00000
105120199 -0.89581 -0.10600 -2.00000
105120200 -0.89581 -0.10200 -2.00000
105120201 -0.89581 -0.09800 -2.00000
105120202 -0.89581 -0.09400 -2.00000
105120203 -0.89581 -0.09000 -2.00000
105120204 -0.89581 -0.08600 -2.00000
105120205 -0.89581 -0.08200 -2.00000
105120206 -0.89581 -0.07800 -2.00000
105120207 -0.89581 -0.07400 -2.00000
105120208 -0.89581 -0.07000 -2.00000
105120209 -0.89581 -0.06600 -2.00000
105120210 -0.89581 -0.06200 -2.00000
105120211 -0.89581 -0.05800 -2.00000
105120212 -0.89581 -0.05400 -2.00000
105120213 -0.89581 -0.05000 -2.00000
105120214 -0.89581 -0.04600 -2.00000
105120215 -0.89581 -0.04200 -2.00000
105120216 -0.89581 -0.03800 -2.00000
105120217 -0.89581 -0.03400 -2.00000
105120218 -0.89581 -0.03000 -2.00000
105120219 -0.89581 -0.02600 -2.00000
105120220 -0.89581 -0.02200 -2.00000
105120221 -0.89581 -0.01800 -2.00000
105120222 -0.89581 -0.01400 -2.00000
105120223 -0.89581 -0.01000 -2.00000
105120224 -0.89581 -0.00600 -2.00000
105120225 -0.89581 -0.00200 -2.00000
105120226 -0.89581 0.00200 -2.00000
105120227 -0.89581 0.00600 -2.00000
105120228 -0.89581 0.01000 -2.00000
105120229 -0.89581 0.01400 -2.00000
105120230 -0.89581 0.01800 -2.00000
105120231 -0.89581 0.02200 -2.00000
105120232 -0.89581 0.02600 -2.00000
105120233 -0.89581 0.03000 -2.00000
105120234 -0.89581 0.03400 -2.00000
105120235 -0.89581 0.03800 -2.00000
105120236 -0.89581 0.04200 -2.00000
105120237 -0.89581 0.04600 -2.00000
105120238 -0.89581 0.05000 -2.00000
105120239 -0.89581 0.05400 -2.00000
105120240 -0.89581 0.05800 -2.00000
105120241 -0.89581 0.06200 -2.00000
105120242 -0.89581 0.06600 -2.00000
105120243 -0.89581 0.07000 -2.00000
105120244 -0.89581 0.07400 -2.00000
105120245 -0.89581 0.07800 -2.00000
105120246 -0.89581 0.08200 -2.00000
105120247 -0.89581 0.08600 -2.00000
105120248 -0.89581 0.09000 -2.00000
105120249 -0.89581 0.09400 -2.00000
105120250 -0.89581 0.09800 -2.00000
105120251 -0.89581 0.10200 -2.00000
105120252 -0.89581 0.10600 -2.00000
105120253 -0.89581 0.11000 -2.00000
105120254 -0.89581 0.11400 -2.00000
105120255 -0.89581 0.11800 -2.00000
105120256 -0.89581 0.12200 -2.00000
105120257 -0.89581 0.12600 -2.00000
105120258 -0.89581 0.13000 -2.00000
105120259 -0.89581 0.13400 -2.00000
105120260 -0.89581 0.13800 -2.00000
105120261 -0.89581 0.14200 -2.00000
105120262 -0.89581 0.14600 -2.00000
105120263 -0.89581 0.15000 -2.00000
105120264 -0.89581 0.15400 -2.00000
105120265 -0.89581 0.15800 -2.00000
105120266 -0.89581 0.16200 -2.00000
105120267 -0.89581 0.16600 -2.00000
105120268 -0.89581 0.17000 -2.00000
105120269 -0.89581 0.17400 -2.00000
105120270 -0.89581 0.17800 -2.00000
105120271 -0.89581 0.18200 -2.00000
105120272 -0.89581 0.18600 -2.00000
105120273 -0.89581 0.19000 -2.00000
105120274 -0.89581 0.19400 -2.00000
105120275 -0.89581 0.19800 -2.00000
105120276 -0.89581 0.20200 -2.00000
105120277 -0.89581 0.20600 -2.00000
105120278 -0.89581 0.21000 -2.00000
105120279 -0.89581 0.21400 -2.00000
105120280 -0.89581 0.21800 -2.00000
105120281 -0.89581 0.22200 -2.00000
105120282 -0.89581 0.22600 -2.00000
105120283 -0.89581 0.23000 -2.00000
105120284 -0.89581 0.23400 -2.00000
105120285 -0.89581 0.23800 -2.00000
105120286 -0.89581 0.24200 -2.00000
105120287 -0.89581 0.24600 -2.00000
105120288 -0.89581 0.25000 -2.00000
105120289 -0.89581 0.25400 -2.00000
105120290 -0.89581 0.25800 -2.00000
105120291 -0.89581 0.26200 -2.00000
105120292 -0.89581 0.26600 -2.00000
105120293 -0.89581 0.27000 -2.00000
105120294 -0.89581 0.27400 -2.00000
105120295 -0.89581 0.27800 -2.00000
105120296 -0.89581 0.28200 -2.00000
105120297 -0.89581 0.28600 -2.00000
105120298 -0.89581 0.29000 -2.00000
105120299 -0.89581 0.29400 -2.00000
105120300 -0.89581 0.29800 -2.00000
105120301 -0.88731 -0.29800 -2.00000
105120302 -0.88731 -0.29400 -2.00000
105120303 -0.88731 -0.29000 -2.00000
105120304 -0.88731 -0.28600 -2.00000
105120305 -0.88731 -0.28200 -2.00000
105120306 -0.88731 -0.27800 -2.00000
105120307 -0.88731 -0.27400 -2.00000
105120308 -0.88731 -0.27000 -2.00000
105120309 -0.88731 -0.26600 -2.00000
105120310 -0.88731 -0.26200 -2.00000
105120311 -0.88731 -0.25800 -2.00000
105120312 -0.88731 -0.25400 -2.00000
105120313 -0.88731 -0.25000 -2.00000
105120314 -0.88731 -0.24600 -2.00000
105120315 -0.88731 -0.24200 -2.00000
105120316 -0.88731 -0.23800 -2.00000
105120317 -0.88731 -0.23400 -2.00000
105120318 -0.88731 -0.23000 -2.00000
105120319 -0.88731 -0.22600 -2.00000
105120320 -0.88731 -0.22200 -2.00000
105120321 -0.88731 -0.21800 -2.00000
105120322 -0.88731 -0.21400 -2.00000
105120323 -0.88731 -0.21000 -2.00000
105120324 -0.88731 -0.20600 -2.00000
105120325 -0.88731 -0.20200 -2.00000
105120326 -0.88731 -0.19800 -2.00000
105120327 -0.88731 -0.19400 -2.00000
105120328 -0.88731 -0.19000 -2.00000
105120329 -0.88731 -0.18600 -2.00000
105120330 -0.88731 -0.18200 -2.00000
105120331 -0.88731 -0.17800 -2.00000
105120332 -0.88731 -0.17400 -2.00000
105120333 -0.88731 -0.17000 -2.00000
105120334 -0.88731 -0.16600 -2.00000
105120335 -0.88731 -0.16200 -2.00000
105120336 -0.88731 -0.15800 -2.00000
105120337 -0.88731 -0.15400 -2.00000
105120338 -0.88731 -0.15000 -2.00000
105120339 -0.88731 -0.14600 -2.00000
105120340 -0.88731 -0.14200 -2.00000
105120341 -0.88731 -0.13800 -2.00000
105120342 -0.88731 -0.13400 -2.00000
105120343 -0.88731 -0.13000 -2.00000
105120344 -0.88731 -0.12600 -2.00000
105120345 -0.88731 -0.12200 -2.00000
105120346 -0.88731 -0.11800 -2.00000
105120347 -0.88731 -0.11400 -2.00000
105120348 -0.88731 -0.11000 -2.00000
105120349 -0.88731 -0.10600 -2.00000
105120350 -0.88731 -0.10200 -2.00000
105120351 -0.88731 -0.09800 -2.00000
105120352 -0.88731 -0.09400 -2.00000
105120353 -0.88731 -0.09000 -2.00000
105120354 -0.88731 -0.08600 -2.00000
105120355 -0.88731 -0.08200 -2.00000
105120356 -0.88731 -0.07800 -2.00000
105120357 -0.88731 -0.07400 -2.00000
105120358 -0.88731 -0.07000 -2.00000
105120359 -0.88731 -0.06600 -2.00000
105120360 -0.88731 -0.06200 -2.00000
105120361 -0.88731 -0.05800 -2.00000
105120362 -0.88731 -0.05400 -2.00000
105120363 -0.88731 -0.05000 -2.00000
105120364 -0.88731 -0.04600 -2.00000
105120365 -0.88731 -0.04200 -2.00000
105120366 -0.88731 -0.03800 -2.00000
105120367 -0.88731 -0.03400 -2.00000
105120368 -0.88731 -0.03000 -2.00000
105120369 -0.88731 -0.02600 -2.00000
105120370 -0.88731 -0.02200 -2.00000
105120371 -0.88731 -0.01800 -2.00000
105120372 -0.88731 -0.01400 -2.00000
105120373 -0.88731 -0.01000 -2.00000
105120374 -0.88731 -0.00600 -2.00000
105120375 -0.88731 -0.00200 -2.00000
105120376 -0.88731 0.00200 -2.00000
105120377 -0.88731 0.00600 -2.00000
105120378 -0.88731 0.01000 -2.00000
105120379 -0.88731 0.01400 -2.00000
105120380 -0.88731 0.01800 -2.00000
105120381 -0.88731 0.02200 -2.00000
105120382 -0.88731 0.02600 -2.00000
105120383 -0.88731 0.03000 -2.00000
105120384 -0.88731 0.03400 -2.00000
105120385 -0.88731 0.03800 -2.00000
105120386 -0.88731 0.04200 -2.00000
105120387 -0.88731 0.04600 -2.00000
105120388 -0.88731 0.05000 -2.00000
105120389 -0.88731 0.05400 -2.00000
105120390 -0.88731 0.05800 -2.00000
105120391 -0.88731 0.06200 -2.00000
105120392 -0.88731 0.06600 -2.00000
105120393 -0.88731 0.07000 -2.00000
105120394 -0.88731 0.07400 -2.00000
105120395 -0.88731 0.07800 -2.00000
105120396 -0.88731 0.08200 -2.00000
105120397 -0.88731 0.08600 -2.00000
105120398 -0.88731 0.09000 -2.00000
105120399 -0.88731 0.09400 -2.00000
105120400 -0.88731 0.09800 -2.00000
105120401 -0.88731 0.10200 -2.00000
105120402 -0.88731 0.10600 -2.00000
105120403 -0.88731 0.11000 -2.00000
105120404 -0.88731 0.11400 -2.00000
105120405 -0.88731 0.11800 -2.00000
105120406 -0.88731 0.12200 -2.00000
105120407 -0.88731 0.12600 -2.00000
105120408 -0.88731 0.13000 -2.00000
105120409 -0.88731 0.13400 -2.00000
105120410 -0.88731 0.13800 -2.00000
105120411 -0.88731 0.14200 -2.00000
105120412 -0.88731 0.14600 -2.00000
105120413 -0.88731 0.15000 -2.00000
105120414 -0.88731 0.15400 -2.00000
105120415 -0.88731 0.15800 -2.00000
105120416 -0.88731 0.16200 -2.00000
105120417 -0.88731 0.16600 -2.00000
105120418 -0.88731 0.17000 -2.00000
105120419 -0.88731 0.17400 -2.00000
105120420 -0.88731 0.17800 -2.00000
105120421 -0.88731 0.18200 -2.00000
105120422 -0.88731 0.18600 -2.00000
105120423 -0.88731 0.19000 -2.00000
105120424 -0.88731 0.19400 -2.00000
105120425 -0.88731 0.19800 -2.00000
105120426 -0.88731 0.20200 -2.00000
105120427 -0.88731 0.20600 -2.00000
105120428 -0.88731 0.21000 -2.00000
105120429 -0.88731 0.21400 -2.00000
105120430 -0.88731 0.21800 -2.00000
105120431 -0.88731 0.22200 -2.00000
105120432 -0.88731 0.22600 -2.00000
105120433 -0.88731 0.23000 -2.00000
105120434 -0.88731 0.23400 -2.00000
105120435 -0.88731 0.23800 -2.00000
105120436 -0.88731 0.24200 -2.00000
105120437 -0.88731 0.24600 -2.00000
105120438 -0.88731 0.25000 -2.00000
105120439 -0.88731 0.25400 -2.00000
105120440 -0.88731 0.25800 -2.00000
105120441 -0.88731 0.26200 -2.00000
105120442 -0.88731 0.26600 -2.00000
105120443 -0.88731 0.27000 -2.00000
105120444 -0.88731 0.27400 -2.00000
105120445 -0.88731 0.27800 -2.00000
105120446 -0.88731 0.28200 -2.00000
105120447 -0.88731 0.28600 -2.00000
105120448 -0.88731 0.29000 -2.00000
105120449 -0.88731 0.29400 -2.00000
105120450 -0.88731 0.29800 -2.00000
105120451 -0.87881 -0.29800 -2.00000
105120452 -0.87881 -0.29400 -2.00000
105120453 -0.87881 -0.29000 -2.00000
105120454 -0.87881 -0.28600 -2.00000
105120455 -0.87881 -0.28200 -2.00000
105120456 -0.87881 -0.27800 -2.00000
105120457 -0.87881 -0.27400 -2.00000
105120458 -0.87881 -0.27000 -2.00000
105120459 -0.87881 -0.26600 -2.00000
105120460 -0.87881 -0.26200 -2.00000
105120461 -0.87881 -0.25800 -2.00000
105120462 -0.87881 -0.25400 -2.00000
105120463 -0.87881 -0.25000 -2.00000
105120464 -0.87881 -0.24600 -2.00000
105120465 -0.87881 -0.24200 -2.00000
105120466 -0.87881 -0.23800 -2.00000
105120467 -0.87881 -0.23400 -2.00000
105120468 -0.87881 -0.23000 -2.00000
105120469 -0.87881 -0.22600 -2.00000
105120470 -0.87881 -0.22200 -2.00000
105120471 -0.87881 -0.21800 -2.00000
105120472 -0.87881 -0.21400 -2.00000
105120473 -0.87881 -0.21000 -2.00000
105120474 -0.87881 -0.20600 -2.00000
105120475 -0.87881 -0.20200 -2.00000
105120476 -0.87881 -0.19800 -2.00000
105120477 -0.87881 -0.19400 -2.00000
105120478 -0.87881 -0.19000 -2.00000
105120479 -0.87881 -0.18600 -2.00000
105120480 -0.87881 -0.18200 -2.00000
105120481 -0.87881 -0.17800 -2.00000
105120482 -0.87881 -0.17400 -2.00000
105120483 -0.87881 -0.17000 -2.00000
105120484 -0.87881 -0.16600 -2.00000
105120485 -0.87881 -0.16200 -2.00000
105120486 -0.87881 -0.15800 -2.00000
105120487 -0.87881 -0.15400 -2.00000
105120488 -0.87881 -0.15000 -2.00000
105120489 -0.87881 -0.14600 -2.00000
105120490 -0.87881 -0.14200 -2.00000
105120491 -0.87881 -0.13800 -2.00000
105120492 -0.87881 -0.13400 -2.00000
105120493 -0.87881 -0.13000 -2.00000
105120494 -0.87881 -0.12600 -2.00000
105120495 -0.87881 -0.12200 -2.00000
105120496 -0.87881 -0.11800 -2.00000
105120497 -0.87881 -0.11400 -2.00000
105120498 -0.87881 -0.11000 -2.00000
105120499 -0.87881 -0.10600 -2.00000
105120500 -0.87881 -0.10200 -2.00000
105120501 -0.87881 -0.09800 -2.00000
105120502 -0.87881 -0.09400 -2.00000
105120503 -0.87881 -0.09000 -2.00000
105120504 -0.87881 -0.08600 -2.00000
105120505 -0.87881 -0.08200 -2.00000
105120506 -0.87881 -0.07800 -2.00000
105120507 -0.87881 -0.07400 -2.00000
105120508 -0.87881 -0.07000 -2.00000
105120509 -0.87881 -0.06600 -2.00000
105120510 -0.87881 -0.06200 -2.00000
105120511 -0.87881 -0.05800 -2.00000
105120512 -0.87881 -0.05400 -2.00000
105120513 -0.87881 -0.05000 -2.00000
105120514 -0.87881 -0.04600 -2.00000
105120515 -0.87881 -0.04200 -2.00000
105120516 -0.87881 -0.03800 -2.00000
105120517 -0.87881 -0.03400 -2.00000
105120518 -0.87881 -0.03000 -2.00000
105120519 -0.87881 -0.02600 -2.00000
105120520 -0.87881 -0.02200 -2.00000
105120521 -0.87881 -0.01800 -2.00000
105120522 -0.87881 -0.01400 -2.00000
105120523 -0.87881 -0.01000 -2.00000
105120524 -0.87881 -0.00600 -2.00000
105120525 -0.87881 -0.00200 -2.00000
105120526 -0.87881 0.00200 -2.00000
105120527 -0.87881 0.00600 -2.00000
105120528 -0.87881 0.01000 -2.00000
105120529 -0.87881 0.01400 -2.00000
105120530 -0.87881 0.01800 -2.00000
105120531 -0.87881 0.02200 -2.00000
105120532 -0.87881 0.02600 -2.00000
105120533 -0.87881 0.03000 -2.00000
105120534 -0.87881 0.03400 -2.00000
105120535 -0.87881 0.03800 -2.00000
105120536 -0.87881 0.04200 -2.00000
105120537 -0.87881 0.04600 -2.00000
105120538 -0.87881 0.05000 -2.00000
105120539 -0.87881 0.05400 -2.00000
105120540 -0.87881 0.05800 -2.00000
105120541 -0.87881 0.06200 -2.00000
105120542 -0.87881 0.06600 -2.00000
105120543 -0.87881 0.07000 -2.00000
105120544 -0.87881 0.07400 -2.00000
105120545 -0.87881 0.07800 -2.00000
105120546 -0.87881 0.08200 -2.00000
105120547 -0.87881 0.08600 -2.00000
105120548 -0.87881 0.09000 -2.00000
105120549 -0.87881 0.09400 -2.00000
105120550 -0.87881 0.09800 -2.00000
105120551 -0.87881 0.10200 -2.00000
105120552 -0.87881 0.10600 -2.00000
105120553 -0.87881 0.11000 -2.00000
105120554 -0.87881 0.11400 -2.00000
105120555 -0.87881 0.11800 -2.00000
105120556 -0.87881 0.12200 -2.00000
105120557 -0.87881 0.12600 -2.00000
105120558 -0.87881 0.13000 -2.00000
105120559 -0.87881 0.13400 -2.00000
105120560 -0.87881 0.13800 -2.00000
105120561 -0.87881 0.14200 -2.00000
105120562 -0.87881 0.14600 -2.00000
105120563 -0.87881 0.15000 -2.00000
105120564 -0.87881 0.15400 -2.00000
105120565 -0.87881 0.15800 -2.00000
105120566 -0.87881 0.16200 -2.00000
105120567 -0.87881 0.16600 -2.00000
105120568 -0.87881 0.17000 -2.00000
105120569 -0.87881 0.17400 -2.00000
105120570 -0.87881 0.17800 -2.00000
105120571 -0.87881 0.18200 -2.00000
105120572 -0.87881 0.18600 -2.00000
105120573 -0.87881 0.19000 -2.00000
105120574 -0.87881 0.19400 -2.00000
105120575 -0.87881 0.19800 -2.00000
105120576 -0.87881 0.20200 -2.00000
105120577 -0.87881 0.20600 -2.00000
105120578 -0.87881 0.21000 -2.00000
105120579 -0.87881 0.21400 -2.00000
105120580 -0.87881 0.21800 -2.00000
105120581 -0.87881 0.22200 -2.00000
105120582 -0.87881 0.22600 -2.00000
105120583 -0.87881 0.23000 -2.00000
105120584 -0.87881 0.23400 -2.00000
105120585 -0.87881 0.23800 -2.00000
105120586 -0.87881 0.24200 -2.00000
105120587 -0.87881 0.24600 -2.00000
105120588 -0.87881 0.25000 -2.00000
105120589 -0.87881 0.25400 -2.00000
105120590 -0.87881 0.25800 -2.00000
105120591 -0.87881 0.26200 -2.00000
105120592 -0.87881 0.26600 -2.00000
105120593 -0.87881 0.27000 -2.00000
105120594 -0.87881 0.27400 -2.00000
105120595 -0.87881 0.27800 -2.00000
105120596 -0.87881 0.28200 -2.00000
105120597 -0.87881 0.28600 -2.00000
105120598 -0.87881 0.29000 -2.00000
105120599 -0.87881 0.29400 -2.00000
105120600 -0.87881 0.29800 -2.00000
105120601 -0.87031 -0.29800 -2.00000
105120602 -0.87031 -0.29400 -2.00000
105120603 -0.87031 -0.29000 -2.00000
105120604 -0.87031 -0.28600 -2.00000
105120605 -0.87031 -0.28200 -2.00000
105120606 -0.87031 -0.27800 -2.00000
105120607 -0.87031 -0.27400 -2.00000
105120608 -0.87031 -0.27000 -2.00000
105120609 -0.87031 -0.26600 -2.00000
105120610 -0.87031 -0.26200 -2.00000
105120611 -0.87031 -0.25800 -2.00000
105120612 -0.87031 -0.25400 -2.00000
105120613 -0.87031 -0.25000 -2.00000
105120614 -0.87031 -0.24600 -2.00000
105120615 -0.87031 -0.24200 -2.00000
105120616 -0.87031 -0.23800 -2.00000
105120617 -0.87031 -0.23400 -2.00000
105120618 -0.87031 -0.23000 -2.00000
105120619 -0.87031 -0.22600 -2.00000
105120620 -0.87031 -0.22200 -2.00000
105120621 -0.87031 -0.21800 -2.00000
105120622 -0.87031 -0.21400 -2.00000
105120623 -0.87031 -0.21000 -2.00000
105120624 -0.87031 -0.20600 -2.00000
105120625 -0.87031 -0.20200 -2.00000
105120626 -0.87031 -0.19800 -2.00000
105120627 -0.87031 -0.19400 -2.00000
105120628 -0.87031 -0.19000 -2.00000
105120629 -0.87031 -0.18600 -2.00000
105120630 -0.87031 -0.18200 -2.00000
105120631 -0.87031 -0.17800 -2.00000
105120632 -0.87031 -0.17400 -2.00000
105120633 -0.87031 -0.17000 -2.00000
105120634 -0.87031 -0.16600 -2.00000
105120635 -0.87031 -0.16200 -2.00000
105120636 -0.87031 -0.15800 -2.00000
105120637 -0.87031 -0.15400 -2.00000
105120638 -0.87031 -0.15000 -2.00000
105120639 -0.87031 -0.14600 -2.00000
105120640 -0.87031 -0.14200 -2.00000
105120641 -0.87031 -0.13800 -2.00000
105120642 -0.87031 -0.13400 -2.00000
105120643 -0.87031 -0.13000 -2.00000
105120644 -0.87031 -0.12600 -2.00000
105120645 -0.87031 -0.12200 -2.00000
105120646 -0.87031 -0.11800 -2.00000
105120647 -0.87031 -0.11400 -2.00000
105120648 -0.87031 -0.11000 -2.00000
105120649 -0.87031 -0.10600 -2.00000
105120650 -0.87031 -0.10200 -2.00000
105120651 -0.87031 -0.09800 -2.00000
105120652 -0.87031 -0.09400 -2.00000
105120653 -0.87031 -0.09000 -2.00000
105120654 -0.87031 -0.08600 -2.00000
105120655 -0.87031 -0.08200 -2.00000
105120656 -0.87031 -0.07800 -2.00000
105120657 -0.87031 -0.07400 -2.00000
105120658 -0.87031 -0.07000 -2.00000
105120659 -0.87031 -0.06600 -2.00000
105120660 -0.87031 -0.06200 -2.00000
105120661 -0.87031 -0.05800 -2.00000
105120662 -0.87031 -0.05400 -2.00000
105120663 -0.87031 -0.05000 -2.00000
105120664 -0.87031 -0.04600 -2.00000
105120665 -0.87031 -0.04200 -2.00000
105120666 -0.87031 -0.03800 -2.00000
105120667 -0.87031 -0.03400 -2.00000
105120668 -0.87031 -0.03000 -2.00000
105120669 -0.87031 -0.02600 -2.00000
105120670 -0.87031 -0.02200 -2.00000
105120671 -0.87031 -0.01800 -2.00000
105120672 -0.87031 -0.01400 -2.00000
105120673 -0.87031 -0.01000 -2.00000
105120674 -0.87031 -0.00600 -2.00000
105120675 -0.87031 -0.00200 -2.00000
105120676 -0.87031 0.00200 -2.00000
105120677 -0.87031 0.00600 -2.00000
105120678 -0.87031 0.01000 -2.00000
105120679 -0.87031 0.01400 -2.00000
105120680 -0.87031 0.01800 -2.00000
105120681 -0.87031 0.02200 -2.00000
105120682 -0.87031 0.02600 -2.00000
105120683 -0.87031 0.03000 -2.00000
105120684 -0.87031 0.03400 -2.00000
105120685 -0.87031 0.03800 -2.00000
105120686 -0.87031 0.04200 -2.00000
105120687 -0.87031 0.04600 -2.00000
105120688 -0.87031 0.05000 -2.00000
105120689 -0.87031 0.05400 -2.00000
105120690 -0.87031 0.05800 -2.00000
105120691 -0.87031 0.06200 -2.00000
105120692 -0.87031 0.06600 -2.00000
105120693 -0.87031 0.07000 -2.00000
105120694 -0.87031 0.07400 -2.00000
105120695 -0.87031 0.07800 -2.00000
105120696 -0.87031 0.08200 -2.00000
105120697 -0.87031 0.08600 -2.00000
105120698 -0.87031 0.09000 -2.00000
105120699 -0.87031 0.09400 -2.00000
105120700 -0.87031 0.09800 -2.00000
105120701 -0.87031 0.10200 -2.00000
105120702 -0.87031 0.10600 -2.00000
105120703 -0.87031 0.11000 -2.00000
105120704 -0.87031 0.11400 -2.00000
105120705 -0.87031 0.11800 -2.00000
105120706 -0.87031 0.12200 -2.00000
105120707 -0.87031 0.12600 -2.00000
105120708 -0.87031 0.13000 -2.00000
105120709 -0.87031 0.13400 -2.00000
105120710 -0.87031 0.13800 -2.00000
105120711 -0.87031 0.14200 -2.00000
105120712 -0.87031 0.14600 -2.00000
105120713 -0.87031 0.15000 -2.00000
105120714 -0.87031 0.15400 -2.00000
105120715 -0.87031 0.15800 -2.00000
105120716 -0.87031 0.16200 -2.00000
105120717 -0.87031 0.16600 -2.00000
105120718 -0.87031 0.17000 -2.00000
105120719 -0.87031 0.17400 -2.00000
105120720 -0.87031 0.17800 -2.00000
105120721 -0.87031 0.18200 -2.00000
105120722 -0.87031 0.18600 -2.00000
105120723 -0.87031 0.19000 -2.00000
105120724 -0.87031 0.19400 -2.00000
105120725 -0.87031 0.19800 -2.00000
105120726 -0.87031 0.20200 -2.00000
105120727 -0.87031 0.20600 -2.00000
105120728 -0.87031 0.21000 -2.00000
105120729 -0.87031 0.21400 -2.00000
105120730 -0.87031 0.21800 -2.00000
105120731 -0.87031 0.22200 -2.00000
105120732 -0.87031 0.22600 -2.00000
105120733 -0.87031 0.23000 -2.00000
105120734 -0.87031 0.23400 -2.00000
105120735 -0.87031 0.23800 -2.00000
105120736 -0.87031 0.24200 -2.00000
105120737 -0.87031 0.24600 -2.00000
105120738 -0.87031 0.25000 -2.00000
105120739 -0.87031 0.25400 -2.00000
105120740 -0.87031 0.25800 -2.00000
105120741 -0.87031 0.26200 -2.00000
105120742 -0.87031 0.26600 -2.00000
105120743 -0.87031 0.27000 -2.00000
105120744 -0.87031 0.27400 -2.00000
105120745 -0.87031 0.27800 -2.00000
105120746 -0.87031 0.28200 -2.00000
105120747 -0.87031 0.28600 -2.00000
105120748 -0.87031 0.29000 -2.00000
105120749 -0.87031 0.29400 -2.00000
105120750 -0.87031 0.29800 -2.00000
105120751 -0.86181 -0.29800 -2.00000
105120752 -0.86181 -0.29400 -2.00000
105120753 -0.86181 -0.29000 -2.00000
105120754 -0.86181 -0.28600 -2.00000
105120755 -0.86181 -0.28200 -2.00000
105120756 -0.86181 -0.27800 -2.00000
105120757 -0.86181 -0.27400 -2.00000
105120758 -0.86181 -0.27000 -2.00000
105120759 -0.86181 -0.26600 -2.00000
105120760 -0.86181 -0.26200 -2.00000
105120761 -0.86181 -0.25800 -2.00000
105120762 -0.86181 -0.25400 -2.00000
105120763 -0.86181 -0.25000 -2.00000
105120764 -0.86181 -0.24600 -2.00000
105120765 -0.86181 -0.24200 -2.00000
105120766 -0.86181 -0.23800 -2.00000
105120767 -0.86181 -0.23400 -2.00000
105120768 -0.86181 -0.23000 -2.00000
105120769 -0.86181 -0.22600 -2.00000
105120770 -0.86181 -0.22200 -2.00000
105120771 -0.86181 -0.21800 -2.00000
105120772 -0.86181 -0.21400 -2.00000
105120773 -0.86181 -0.21000 -2.00000
105120774 -0.86181 -0.20600 -2.00000
105120775 -0.86181 -0.20200 -2.00000
105120776 -0.86181 -0.19800 -2.00000
105120777 -0.86181 -0.19400 -2.00000
105120778 -0.86181 -0.19000 -2.00000
105120779 -0.86181 -0.18600 -2.00000
105120780 -0.86181 -0.18200 -2.00000
105120781 -0.86181 -0.17800 -2.00000
105120782 -0.86181 -0.17400 -2.00000
105120783 -0.86181 -0.17000 -2.00000
105120784 -0.86181 -0.16600 -2.00000
105120785 -0.86181 -0.16200 -2.00000
105120786 -0.86181 -0.15800 -2.00000
105120787 -0.86181 -0.15400 -2.00000
105120788 -0.86181 -0.15000 -2.00000
105120789 -0.86181 -0.14600 -2.00000
105120790 -0.86181 -0.14200 -2.00000
105120791 -0.86181 -0.13800 -2.00000
105120792 -0.86181 -0.13400 -2.00000
105120793 -0.86181 -0.13000 -2.00000
105120794 -0.86181 -0.12600 -2.00000
105120795 -0.86181 -0.12200 -2.00000
105120796 -0.86181 -0.11800 -2.00000
105120797 -0.86181 -0.11400 -2.00000
105120798 -0.86181 -0.11000 -2.00000
105120799 -0.86181 -0.10600 -2.00000
105120800 -0.86181 -0.10200 -2.00000
105120801 -0.86181 -0.09800 -2.00000
105120802 -0.86181 -0.09400 -2.00000
105120803 -0.86181 -0.09000 -2.00000
105120804 -0.86181 -0.08600 -2.00000
105120805 -0.86181 -0.08200 -2.00000
105120806 -0.86181 -0.07800 -2.00000
105120807 -0.86181 -0.07400 -2.00000
105120808 -0.86181 -0.07000 -2.00000
105120809 -0.86181 -0.06600 -2.00000
105120810 -0.86181 -0.06200 -2.00000
105120811 -0.86181 -0.05800 -2.00000
105120812 -0.86181 -0.05400 -2.00000
105120813 -0.86181 -0.05000 -2.00000
105120814 -0.86181 -0.04600 -2.00000
105120815 -0.86181 -0.04200 -2.00000
105120816 -0.86181 -0.03800 -2.00000
105120817 -0.86181 -0.03400 -2.00000
105120818 -0.86181 -0.03000 -2.00000
105120819 -0.86181 -0.02600 -2.00000
105120820 -0.86181 -0.02200 -2.00000
105120821 -0.86181 -0.01800 -2.00000
105120822 -0.86181 -0.01400 -2.00000
105120823 -0.86181 -0.01000 -2.00000
105120824 -0.86181 -0.00600 -2.00000
105120825 -0.86181 -0.00200 -2.00000
105120826 -0.86181 0.00200 -2.00000
105120827 -0.86181 0.00600 -2.00000
105120828 -0.86181 0.01000 -2.00000
105120829 -0.86181 0.01400 -2.00000
105120830 -0.86181 0.01800 -2.00000
105120831 -0.86181 0.02200 -2.00000
105120832 -0.86181 0.02600 -2.00000
105120833 -0.86181 0.03000 -2.00000
105120834 -0.86181 0.03400 -2.00000
105120835 -0.86181 0.03800 -2.00000
105120836 -0.86181 0.04200 -2.00000
105120837 -0.86181 0.04600 -2.00000
105120838 -0.86181 0.05000 -2.00000
105120839 -0.86181 0.05400 -2.00000
105120840 -0.86181 0.05800 -2.00000
105120841 -0.86181 0.06200 -2.00000
105120842 -0.86181 0.06600 -2.00000
105120843 -0.86181 0.07000 -2.00000
105120844 -0.86181 0.07400 -2.00000
105120845 -0.86181 0.07800 -2.00000
105120846 -0.86181 0.08200 -2.00000
105120847 -0.86181 0.08600 -2.00000
105120848 -0.86181 0.09000 -2.00000
105120849 -0.86181 0.09400 -2.00000
105120850 -0.86181 0.09800 -2.00000
105120851 -0.86181 0.10200 -2.00000
105120852 -0.86181 0.10600 -2.00000
105120853 -0.86181 0.11000 -2.00000
105120854 -0.86181 0.11400 -2.00000
105120855 -0.86181 0.11800 -2.00000
105120856 -0.86181 0.12200 -2.00000
105120857 -0.86181 0.12600 -2.00000
105120858 -0.86181 0.13000 -2.00000
105120859 -0.86181 0.13400 -2.00000
105120860 -0.86181 0.13800 -2.00000
105120861 -0.86181 0.14200 -2.00000
105120862 -0.86181 0.14600 -2.00000
105120863 -0.86181 0.15000 -2.00000
105120864 -0.86181 0.15400 -2.00000
105120865 -0.86181 0.15800 -2.00000
105120866 -0.86181 0.16200 -2.00000
105120867 -0.86181 0.16600 -2.00000
105120868 -0.86181 0.17000 -2.00000
105120869 -0.86181 0.17400 -2.00000
105120870 -0.86181 0.17800 -2.00000
105120871 -0.86181 0.18200 -2.00000
105120872 -0.86181 0.18600 -2.00000
105120873 -0.86181 0.19000 -2.00000
105120874 -0.86181 0.19400 -2.00000
105120875 -0.86181 0.19800 -2.00000
105120876 -0.86181 0.20200 -2.00000
105120877 -0.86181 0.20600 -2.00000
105120878 -0.86181 0.21000 -2.00000
105120879 -0.86181 0.21400 -2.00000
105120880 -0.86181 0.21800 -2.00000
105120881 -0.86181 0.22200 -2.00000
105120882 -0.86181 0.22600 -2.00000
105120883 -0.86181 0.23000 -2.00000
105120884 -0.86181 0.23400 -2.00000
105120885 -0.86181 0.23800 -2.00000
105120886 -0.86181 0.24200 -2.00000
105120887 -0.86181 0.24600 -2.00000
105120888 -0.86181 0.25000 -2.00000
105120889 -0.86181 0.25400 -2.00000
105120890 -0.86181 0.25800 -2.00000
105120891 -0.86181 0.26200 -2.00000
105120892 -0.86181 0.26600 -2.00000
105120893 -0.86181 0.27000 -2.00000
105120894 -0.86181 0.27400 -2.00000
105120895 -0.86181 0.27800 -2.00000
105120896 -0.86181 0.28200 -2.00000
105120897 -0.86181 0.28600 -2.00000
105120898 -0.86181 0.29000 -2.00000
105120899 -0.86181 0.29400 -2.00000
105120900 -0.86181 0.29800 -2.00000
105120901 -0.85331 -0.29800 -2.00000
105120902 -0.85331 -0.29400 -2.00000
105120903 -0.85331 -0.29000 -2.00000
105120904 -0.85331 -0.28600 -2.00000
105120905 -0.85331 -0.28200 -2.00000
105120906 -0.85331 -0.27800 -2.00000
105120907 -0.85331 -0.27400 -2.00000
105120908 -0.85331 -0.27000 -2.00000
105120909 -0.85331 -0.26600 -2.00000
105120910 -0.85331 -0.26200 -2.00000
105120911 -0.85331 -0.25800 -2.00000
105120912 -0.85331 -0.25400 -2.00000
105120913 -0.85331 -0.25000 -2.00000
105120914 -0.85331 -0.24600 -2.00000
105120915 -0.85331 -0.24200 -2.00000
105120916 -0.85331 -0.23800 -2.00000
105120917 -0.85331 -0.23400 -2.00000
105120918 -0.85331 -0.23000 -2.00000
105120919 -0.85331 -0.22600 -2.00000
105120920 -0.85331 -0.22200 -2.00000
105120921 -0.85331 -0.21800 -2.00000
105120922 -0.85331 -0.21400 -2.00000
105120923 -0.85331 -0.21000 -2.00000
105120924 -0.85331 -0.20600 -2.00000
105120925 -0.85331 -0.20200 -2.00000
105120926 -0.85331 -0.19800 -2.00000
105120927 -0.85331 -0.19400 -2.00000
105120928 -0.85331 -0.19000 -2.00000
105120929 -0.85331 -0.18600 -2.00000
105120930 -0.85331 -0.18200 -2.00000
105120931 -0.85331 -0.17800 -2.00000
105120932 -0.85331 -0.17400 -2.00000
105120933 -0.85331 -0.17000 -2.00000
105120934 -0.85331 -0.16600 -2.00000
105120935 -0.85331 -0.16200 -2.00000
105120936 -0.85331 -0.15800 -2.00000
105120937 -0.85331 -0.15400 -2.00000
105120938 -0.85331 -0.15000 -2.00000
105120939 -0.85331 -0.14600 -2.00000
105120940 -0.85331 -0.14200 -2.00000
105120941 -0.85331 -0.13800 -2.00000
105120942 -0.85331 -0.13400 -2.00000
105120943 -0.85331 -0.13000 -2.00000
105120944 -0.85331 -0.12600 -2.00000
105120945 -0.85331 -0.12200 -2.00000
105120946 -0.85331 -0.11800 -2.00000
105120947 -0.85331 -0.11400 -2.00000
105120948 -0.85331 -0.11000 -2.00000
105120949 -0.85331 -0.10600 -2.00000
105120950 -0.85331 -0.10200 -2.00000
105120951 -0.85331 -0.09800 -2.00000
105120952 -0.85331 -0.09400 -2.00000
105120953 -0.85331 -0.09000 -2.00000
105120954 -0.85331 -0.08600 -2.00000
105120955 -0.85331 -0.08200 -2.00000
105120956 -0.85331 -0.07800 -2.00000
105120957 -0.85331 -0.07400 -2.00000
105120958 -0.85331 -0.07000 -2.00000
105120959 -0.85331 -0.06600 -2.00000
105120960 -0.85331 -0.06200 -2.00000
105120961 -0.85331 -0.05800 -2.00000
105120962 -0.85331 -0.05400 -2.00000
105120963 -0.85331 -0.05000 -2.00000
105120964 -0.85331 -0.04600 -2.00000
105120965 -0.85331 -0.04200 -2.00000
105120966 -0.85331 -0.03800 -2.00000
105120967 -0.85331 -0.03400 -2.00000
105120968 -0.85331 -0.03000 -2.00000
105120969 -0.85331 -0.02600 -2.00000
105120970 -0.85331 -0.02200 -2.00000
105120971 -0.85331 -0.01800 -2.00000
105120972 -0.85331 -0.01400 -2.00000
105120973 -0.85331 -0.01000 -2.00000
105120974 -0.85331 -0.00600 -2.00000
105120975 -0.85331 -0.00200 -2.00000
105120976 -0.85331 0.00200 -2.00000
105120977 -0.85331 0.00600 -2.00000
105120978 -0.85331 0.01000 -2.00000
105120979 -0.85331 0.01400 -2.00000
105120980 -0.85331 0.01800 -2.00000
105120981 -0.85331 0.02200 -2.00000
105120982 -0.85331 0.02600 -2.00000
105120983 -0.85331 0.03000 -2.00000
105120984 -0.85331 0.03400 -2.00000
105120985 -0.85331 0.03800 -2.00000
105120986 -0.85331 0.04200 -2.00000
105120987 -0.85331 0.04600 -2.00000
105120988 -0.85331 0.05000 -2.00000
105120989 -0.85331 0.05400 -2.00000
105120990 -0.85331 0.05800 -2.00000
105120991 -0.85331 0.06200 -2.00000
105120992 -0.85331 0.06600 -2.00000
105120993 -0.85331 0.07000 -2.00000
105120994 -0.85331 0.07400 -2.00000
105120995 -0.85331 0.07800 -2.00000
105120996 -0.85331 0.08200 -2.00000
105120997 -0.85331 0.08600 -2.00000
105120998 -0.85331 0.09000 -2.00000
105120999 -0.85331 0.09400 -2.00000
105121000 -0.85331 0.09800 -2.00000
105121001 -0.85331 0.10200 -2.00000
105121002 -0.85331 0.10600 -2.00000
105121003 -0.85331 0.11000 -2.00000
105121004 -0.85331 0.11400 -2.00000
105121005 -0.85331 0.11800 -2.00000
105121006 -0.85331 0.12200 -2.00000
105121007 -0.85331 0.12600 -2.00000
105121008 -0.85331 0.13000 -2.00000
105121009 -0.85331 0.13400 -2.00000
105121010 -0.85331 0.13800 -2.00000
105121011 -0.85331 0.14200 -2.00000
105121012 -0.85331 0.14600 -2.00000
105121013 -0.85331 0.15000 -2.00000
105121014 -0.85331 0.15400 -2.00000
105121015 -0.85331 0.15800 -2.00000
105121016 -0.85331 0.16200 -2.00000
105121017 -0.85331 0.16600 -2.00000
105121018 -0.85331 0.17000 -2.00000
105121019 -0.85331 0.17400 -2.00000
105121020 -0.85331 0.17800 -2.00000
105121021 -0.85331 0.18200 -2.00000
105121022 -0.85331 0.18600 -2.00000
105121023 -0.85331 0.19000 -2.00000
105121024 -0.85331 0.19400 -2.00000
105121025 -0.85331 0.19800 -2.00000
105121026 -0.85331 0.20200 -2.00000
105121027 -0.85331 0.20600 -2.00000
105121028 -0.85331 0.21000 -2.00000
105121029 -0.85331 0.21400 -2.00000
105121030 -0.85331 0.21800 -2.00000
105121031 -0.85331 0.22200 -2.00000
105121032 -0.85331 0.22600 -2.00000
105121033 -0.85331 0.23000 -2.00000
105121034 -0.85331 0.23400 -2.00000
105121035 -0.85331 0.23800 -2.00000
105121036 -0.85331 0.24200 -2.00000
105121037 -0.85331 0.24600 -2.00000
105121038 -0.85331 0.25000 -2.00000
105121039 -0.85331 0.25400 -2.00000
105121040 -0.85331 0.25800 -2.00000
105121041 -0.85331 0.26200 -2.00000
105121042 -0.85331 0.26600 -2.00000
105121043 -0.85331 0.27000 -2.00000
105121044 -0.85331 0.27400 -2.00000
105121045 -0.85331 0.27800 -2.00000
105121046 -0.85331 0.28200 -2.00000
105121047 -0.85331 0.28600 -2.00000
105121048 -0.85331 0.29000 -2.00000
105121049 -0.85331 0.29400 -2.00000
105121050 -0.85331 0.29800 -2.00000
105121051 -0.84481 -0.29800 -2.00000
105121052 -0.84481 -0.29400 -2.00000
105121053 -0.84481 -0.29000 -2.00000
105121054 -0.84481 -0.28600 -2.00000
105121055 -0.84481 -0.28200 -2.00000
105121056 -0.84481 -0.27800 -2.00000
105121057 -0.84481 -0.27400 -2.00000
105121058 -0.84481 -0.27000 -2.00000
105121059 -0.84481 -0.26600 -2.00000
105121060 -0.84481 -0.26200 -2.00000
105121061 -0.84481 -0.25800 -2.00000
105121062 -0.84481 -0.25400 -2.00000
105121063 -0.84481 -0.25000 -2.00000
105121064 -0.84481 -0.24600 -2.00000
105121065 -0.84481 -0.24200 -2.00000
105121066 -0.84481 -0.23800 -2.00000
105121067 -0.84481 -0.23400 -2.00000
105121068 -0.84481 -0.23000 -2.00000
105121069 -0.84481 -0.22600 -2.00000
105121070 -0.84481 -0.22200 -2.00000
105121071 -0.84481 -0.21800 -2.00000
105121072 -0.84481 -0.21400 -2.00000
105121073 -0.84481 -0.21000 -2.00000
105121074 -0.84481 -0.20600 -2.00000
105121075 -0.84481 -0.20200 -2.00000
105121076 -0.84481 -0.19800 -2.00000
105121077 -0.84481 -0.19400 -2.00000
105121078 -0.84481 -0.19000 -2.00000
105121079 -0.84481 -0.18600 -2.00000
105121080 -0.84481 -0.18200 -2.00000
105121081 -0.84481 -0.17800 -2.00000
105121082 -0.84481 -0.17400 -2.00000
105121083 -0.84481 -0.17000 -2.00000
105121084 -0.84481 -0.16600 -2.00000
105121085 -0.84481 -0.16200 -2.00000
105121086 -0.84481 -0.15800 -2.00000
105121087 -0.84481 -0.15400 -2.00000
105121088 -0.84481 -0.15000 -2.00000
105121089 -0.84481 -0.14600 -2.00000
105121090 -0.84481 -0.14200 -2.00000
105121091 -0.84481 -0.13800 -2.00000
105121092 -0.84481 -0.13400 -2.00000
105121093 -0.84481 -0.13000 -2.00000
105121094 -0.84481 -0.12600 -2.00000
105121095 -0.84481 -0.12200 -2.00000
105121096 -0.84481 -0.11800 -2.00000
105121097 -0.84481 -0.11400 -2.00000
105121098 -0.84481 -0.11000 -2.00000
105121099 -0.84481 -0.10600 -2.00000
105121100 -0.84481 -0.10200 -2.00000
105121101 -0.84481 -0.09800 -2.00000
105121102 -0.84481 -0.09400 -2.00000
105121103 -0.84481 -0.09000 -2.00000
105121104 -0.84481 -0.08600 -2.00000
105121105 -0.84481 -0.08200 -2.00000
105121106 -0.84481 -0.07800 -2.00000
105121107 -0.84481 -0.07400 -2.00000
105121108 -0.84481 -0.07000 -2.00000
105121109 -0.84481 -0.06600 -2.00000
105121110 -0.84481 -0.06200 -2.00000
105121111 -0.84481 -0.05800 -2.00000
105121112 -0.84481 -0.05400 -2.00000
105121113 -0.84481 -0.05000 -2.00000
105121114 -0.84481 -0.04600 -2.00000
105121115 -0.84481 -0.04200 -2.00000
105121116 -0.84481 -0.03800 -2.00000
105121117 -0.84481 -0.03400 -2.00000
105121118 -0.84481 -0.03000 -2.00000
105121119 -0.84481 -0.02600 -2.00000
105121120 -0.84481 -0.02200 -2.00000
105121121 -0.84481 -0.01800 -2.00000
105121122 -0.84481 -0.01400 -2.00000
105121123 -0.84481 -0.01000 -2.00000
105121124 -0.84481 -0.00600 -2.00000
105121125 -0.84481 -0.00200 -2.00000
105121126 -0.84481 0.00200 -2.00000
105121127 -0.84481 0.00600 -2.00000
105121128 -0.84481 0.01000 -2.00000
105121129 -0.84481 0.01400 -2.00000
105121130 -0.84481 0.01800 -2.00000
105121131 -0.84481 0.02200 -2.00000
105121132 -0.84481 0.02600 -2.00000
105121133 -0.84481 0.03000 -2.00000
105121134 -0.84481 0.03400 -2.00000
105121135 -0.84481 0.03800 -2.00000
105121136 -0.84481 0.04200 -2.00000
105121137 -0.84481 0.04600 -2.00000
105121138 -0.84481 0.05000 -2.00000
105121139 -0.84481 0.05400 -2.00000
105121140 -0.84481 0.05800 -2.00000
105121141 -0.84481 0.06200 -2.00000
105121142 -0.84481 0.06600 -2.00000
105121143 -0.84481 0.07000 -2.00000
105121144 -0.84481 0.07400 -2.00000
105121145 -0.84481 0.07800 -2.00000
105121146 -0.84481 0.08200 -2.00000
105121147 -0.84481 0.08600 -2.00000
105121148 -0.84481 0.09000 -2.00000
105121149 -0.84481 0.09400 -2.00000
105121150 -0.84481 0.09800 -2.00000
105121151 -0.84481 0.10200 -2.00000
105121152 -0.84481 0.10600 -2.00000
105121153 -0.84481 0.11000 -2.00000
105121154 -0.84481 0.11400 -2.00000
105121155 -0.84481 0.11800 -2.00000
105121156 -0.84481 0.12200 -2.00000
105121157 -0.84481 0.12600 -2.00000
105121158 -0.84481 0.13000 -2.00000
105121159 -0.84481 0.13400 -2.00000
105121160 -0.84481 0.13800 -2.00000
105121161 -0.84481 0.14200 -2.00000
105121162 -0.84481 0.14600 -2.00000
105121163 -0.84481 0.15000 -2.00000
105121164 -0.84481 0.15400 -2.00000
105121165 -0.84481 0.15800 -2.00000
105121166 -0.84481 0.16200 -2.00000
105121167 -0.84481 0.16600 -2.00000
105121168 -0.84481 0.17000 -2.00000
105121169 -0.84481 0.17400 -2.00000
105121170 -0.84481 0.17800 -2.00000
105121171 -0.84481 0.18200 -2.00000
105121172 -0.84481 0.18600 -2.00000
105121173 -0.84481 0.19000 -2.00000
105121174 -0.84481 0.19400 -2.00000
105121175 -0.84481 0.19800 -2.00000
105121176 -0.84481 0.20200 -2.00000
105121177 -0.84481 0.20600 -2.00000
105121178 -0.84481 0.21000 -2.00000
105121179 -0.84481 0.21400 -2.00000
105121180 -0.84481 0.21800 -2.00000
105121181 -0.84481 0.22200 -2.00000
105121182 -0.84481 0.22600 -2.00000
105121183 -0.84481 0.23000 -2.00000
105121184 -0.84481 0.23400 -2.00000
105121185 -0.84481 0.23800 -2.00000
105121186 -0.84481 0.24200 -2.00000
105121187 -0.84481 0.24600 -2.00000
105121188 -0.84481 0.25000 -2.00000
105121189 -0.84481 0.25400 -2.00000
105121190 -0.84481 0.25800 -2.00000
105121191 -0.84481 0.26200 -2.00000
105121192 -0.84481 0.26600 -2.00000
105121193 -0.84481 0.27000 -2.00000
105121194 -0.84481 0.27400 -2.00000
105121195 -0.84481 0.27800 -2.00000
105121196 -0.84481 0.28200 -2.00000
105121197 -0.84481 0.28600 -2.00000
105121198 -0.84481 0.29000 -2.00000
105121199 -0.84481 0.29400 -2.00000
105121200 -0.84481 0.29800 -2.00000
