# pixelID  x  y  z
102140001 0.08681 -0.29800 -2.00000
102140002 0.08681 -0.29400 -2.00000
102140003 0.08681 -0.29000 -2.00000
102140004 0.08681 -0.28600 -2.00000
102140005 0.08681 -0.28200 -2.00000
102140006 0.08681 -0.27800 -2.00000
102140007 0.08681 -0.27400 -2.00000
102140008 0.08681 -0.27000 -2.00000
102140009 0.08681 -0.26600 -2.00000
102140010 0.08681 -0.26200 -2.00000
102140011 0.08681 -0.25800 -2.00000
102140012 0.08681 -0.25400 -2.00000
102140013 0.08681 -0.25000 -2.00000
102140014 0.08681 -0.24600 -2.00000
102140015 0.08681 -0.24200 -2.00000
102140016 0.08681 -0.23800 -2.00000
102140017 0.08681 -0.23400 -2.00000
102140018 0.08681 -0.23000 -2.00000
102140019 0.08681 -0.22600 -2.00000
102140020 0.08681 -0.22200 -2.00000
102140021 0.08681 -0.21800 -2.00000
102140022 0.08681 -0.21400 -2.00000
102140023 0.08681 -0.21000 -2.00000
102140024 0.08681 -0.20600 -2.00000
102140025 0.08681 -0.20200 -2.00000
102140026 0.08681 -0.19800 -2.00000
102140027 0.08681 -0.19400 -2.00000
102140028 0.08681 -0.19000 -2.00000
102140029 0.08681 -0.18600 -2.00000
102140030 0.08681 -0.18200 -2.00000
102140031 0.08681 -0.17800 -2.00000
102140032 0.08681 -0.17400 -2.00000
102140033 0.08681 -0.17000 -2.00000
102140034 0.08681 -0.16600 -2.00000
102140035 0.08681 -0.16200 -2.00000
102140036 0.08681 -0.15800 -2.00000
102140037 0.08681 -0.15400 -2.00000
102140038 0.08681 -0.15000 -2.00000
102140039 0.08681 -0.14600 -2.00000
102140040 0.08681 -0.14200 -2.00000
102140041 0.08681 -0.13800 -2.00000
102140042 0.08681 -0.13400 -2.00000
102140043 0.08681 -0.13000 -2.00000
102140044 0.08681 -0.12600 -2.00000
102140045 0.08681 -0.12200 -2.00000
102140046 0.08681 -0.11800 -2.00000
102140047 0.08681 -0.11400 -2.00000
102140048 0.08681 -0.11000 -2.00000
102140049 0.08681 -0.10600 -2.00000
102140050 0.08681 -0.10200 -2.00000
102140051 0.08681 -0.09800 -2.00000
102140052 0.08681 -0.09400 -2.00000
102140053 0.08681 -0.09000 -2.00000
102140054 0.08681 -0.08600 -2.00000
102140055 0.08681 -0.08200 -2.00000
102140056 0.08681 -0.07800 -2.00000
102140057 0.08681 -0.07400 -2.00000
102140058 0.08681 -0.07000 -2.00000
102140059 0.08681 -0.06600 -2.00000
102140060 0.08681 -0.06200 -2.00000
102140061 0.08681 -0.05800 -2.00000
102140062 0.08681 -0.05400 -2.00000
102140063 0.08681 -0.05000 -2.00000
102140064 0.08681 -0.04600 -2.00000
102140065 0.08681 -0.04200 -2.00000
102140066 0.08681 -0.03800 -2.00000
102140067 0.08681 -0.03400 -2.00000
102140068 0.08681 -0.03000 -2.00000
102140069 0.08681 -0.02600 -2.00000
102140070 0.08681 -0.02200 -2.00000
102140071 0.08681 -0.01800 -2.00000
102140072 0.08681 -0.01400 -2.00000
102140073 0.08681 -0.01000 -2.00000
102140074 0.08681 -0.00600 -2.00000
102140075 0.08681 -0.00200 -2.00000
102140076 0.08681 0.00200 -2.00000
102140077 0.08681 0.00600 -2.00000
102140078 0.08681 0.01000 -2.00000
102140079 0.08681 0.01400 -2.00000
102140080 0.08681 0.01800 -2.00000
102140081 0.08681 0.02200 -2.00000
102140082 0.08681 0.02600 -2.00000
102140083 0.08681 0.03000 -2.00000
102140084 0.08681 0.03400 -2.00000
102140085 0.08681 0.03800 -2.00000
102140086 0.08681 0.04200 -2.00000
102140087 0.08681 0.04600 -2.00000
102140088 0.08681 0.05000 -2.00000
102140089 0.08681 0.05400 -2.00000
102140090 0.08681 0.05800 -2.00000
102140091 0.08681 0.06200 -2.00000
102140092 0.08681 0.06600 -2.00000
102140093 0.08681 0.07000 -2.00000
102140094 0.08681 0.07400 -2.00000
102140095 0.08681 0.07800 -2.00000
102140096 0.08681 0.08200 -2.00000
102140097 0.08681 0.08600 -2.00000
102140098 0.08681 0.09000 -2.00000
102140099 0.08681 0.09400 -2.00000
102140100 0.08681 0.09800 -2.00000
102140101 0.08681 0.10200 -2.00000
102140102 0.08681 0.10600 -2.00000
102140103 0.08681 0.11000 -2.00000
102140104 0.08681 0.11400 -2.00000
102140105 0.08681 0.11800 -2.00000
102140106 0.08681 0.12200 -2.00000
102140107 0.08681 0.12600 -2.00000
102140108 0.08681 0.13000 -2.00000
102140109 0.08681 0.13400 -2.00000
102140110 0.08681 0.13800 -2.00000
102140111 0.08681 0.14200 -2.00000
102140112 0.08681 0.14600 -2.00000
102140113 0.08681 0.15000 -2.00000
102140114 0.08681 0.15400 -2.00000
102140115 0.08681 0.15800 -2.00000
102140116 0.08681 0.16200 -2.00000
102140117 0.08681 0.16600 -2.00000
102140118 0.08681 0.17000 -2.00000
102140119 0.08681 0.17400 -2.00000
102140120 0.08681 0.17800 -2.00000
102140121 0.08681 0.18200 -2.00000
102140122 0.08681 0.18600 -2.00000
102140123 0.08681 0.19000 -2.00000
102140124 0.08681 0.19400 -2.00000
102140125 0.08681 0.19800 -2.00000
102140126 0.08681 0.20200 -2.00000
102140127 0.08681 0.20600 -2.00000
102140128 0.08681 0.21000 -2.00000
102140129 0.08681 0.21400 -2.00000
102140130 0.08681 0.21800 -2.00000
102140131 0.08681 0.22200 -2.00000
102140132 0.08681 0.22600 -2.00000
102140133 0.08681 0.23000 -2.00000
102140134 0.08681 0.23400 -2.00000
102140135 0.08681 0.23800 -2.00000
102140136 0.08681 0.24200 -2.00000
102140137 0.08681 0.24600 -2.00000
102140138 0.08681 0.25000 -2.00000
102140139 0.08681 0.25400 -2.00000
102140140 0.08681 0.25800 -2.00000
102140141 0.08681 0.26200 -2.00000
102140142 0.08681 0.26600 -2.00000
102140143 0.08681 0.27000 -2.00000
102140144 0.08681 0.27400 -2.00000
102140145 0.08681 0.27800 -2.00000
102140146 0.08681 0.28200 -2.00000
102140147 0.08681 0.28600 -2.00000
102140148 0.08681 0.29000 -2.00000
102140149 0.08681 0.29400 -2.00000
102140150 0.08681 0.29800 -2.00000
102140151 0.09531 -0.29800 -2.00000
102140152 0.09531 -0.29400 -2.00000
102140153 0.09531 -0.29000 -2.00000
102140154 0.09531 -0.28600 -2.00000
102140155 0.09531 -0.28200 -2.00000
102140156 0.09531 -0.27800 -2.00000
102140157 0.09531 -0.27400 -2.00000
102140158 0.09531 -0.27000 -2.00000
102140159 0.09531 -0.26600 -2.00000
102140160 0.09531 -0.26200 -2.00000
102140161 0.09531 -0.25800 -2.00000
102140162 0.09531 -0.25400 -2.00000
102140163 0.09531 -0.25000 -2.00000
102140164 0.09531 -0.24600 -2.00000
102140165 0.09531 -0.24200 -2.00000
102140166 0.09531 -0.23800 -2.00000
102140167 0.09531 -0.23400 -2.00000
102140168 0.09531 -0.23000 -2.00000
102140169 0.09531 -0.22600 -2.00000
102140170 0.09531 -0.22200 -2.00000
102140171 0.09531 -0.21800 -2.00000
102140172 0.09531 -0.21400 -2.00000
102140173 0.09531 -0.21000 -2.00000
102140174 0.09531 -0.20600 -2.00000
102140175 0.09531 -0.20200 -2.00000
102140176 0.09531 -0.19800 -2.00000
102140177 0.09531 -0.19400 -2.00000
102140178 0.09531 -0.19000 -2.00000
102140179 0.09531 -0.18600 -2.00000
102140180 0.09531 -0.18200 -2.00000
102140181 0.09531 -0.17800 -2.00000
102140182 0.09531 -0.17400 -2.00000
102140183 0.09531 -0.17000 -2.00000
102140184 0.09531 -0.16600 -2.00000
102140185 0.09531 -0.16200 -2.00000
102140186 0.09531 -0.15800 -2.00000
102140187 0.09531 -0.15400 -2.00000
102140188 0.09531 -0.15000 -2.00000
102140189 0.09531 -0.14600 -2.00000
102140190 0.09531 -0.14200 -2.00000
102140191 0.09531 -0.13800 -2.00000
102140192 0.09531 -0.13400 -2.00000
102140193 0.09531 -0.13000 -2.00000
102140194 0.09531 -0.12600 -2.00000
102140195 0.09531 -0.12200 -2.00000
102140196 0.09531 -0.11800 -2.00000
102140197 0.09531 -0.11400 -2.00000
102140198 0.09531 -0.11000 -2.00000
102140199 0.09531 -0.10600 -2.00000
102140200 0.09531 -0.10200 -2.00000
102140201 0.09531 -0.09800 -2.00000
102140202 0.09531 -0.09400 -2.00000
102140203 0.09531 -0.09000 -2.00000
102140204 0.09531 -0.08600 -2.00000
102140205 0.09531 -0.08200 -2.00000
102140206 0.09531 -0.07800 -2.00000
102140207 0.09531 -0.07400 -2.00000
102140208 0.09531 -0.07000 -2.00000
102140209 0.09531 -0.06600 -2.00000
102140210 0.09531 -0.06200 -2.00000
102140211 0.09531 -0.05800 -2.00000
102140212 0.09531 -0.05400 -2.00000
102140213 0.09531 -0.05000 -2.00000
102140214 0.09531 -0.04600 -2.00000
102140215 0.09531 -0.04200 -2.00000
102140216 0.09531 -0.03800 -2.00000
102140217 0.09531 -0.03400 -2.00000
102140218 0.09531 -0.03000 -2.00000
102140219 0.09531 -0.02600 -2.00000
102140220 0.09531 -0.02200 -2.00000
102140221 0.09531 -0.01800 -2.00000
102140222 0.09531 -0.01400 -2.00000
102140223 0.09531 -0.01000 -2.00000
102140224 0.09531 -0.00600 -2.00000
102140225 0.09531 -0.00200 -2.00000
102140226 0.09531 0.00200 -2.00000
102140227 0.09531 0.00600 -2.00000
102140228 0.09531 0.01000 -2.00000
102140229 0.09531 0.01400 -2.00000
102140230 0.09531 0.01800 -2.00000
102140231 0.09531 0.02200 -2.00000
102140232 0.09531 0.02600 -2.00000
102140233 0.09531 0.03000 -2.00000
102140234 0.09531 0.03400 -2.00000
102140235 0.09531 0.03800 -2.00000
102140236 0.09531 0.04200 -2.00000
102140237 0.09531 0.04600 -2.00000
102140238 0.09531 0.05000 -2.00000
102140239 0.09531 0.05400 -2.00000
102140240 0.09531 0.05800 -2.00000
102140241 0.09531 0.06200 -2.00000
102140242 0.09531 0.06600 -2.00000
102140243 0.09531 0.07000 -2.00000
102140244 0.09531 0.07400 -2.00000
102140245 0.09531 0.07800 -2.00000
102140246 0.09531 0.08200 -2.00000
102140247 0.09531 0.08600 -2.00000
102140248 0.09531 0.09000 -2.00000
102140249 0.09531 0.09400 -2.00000
102140250 0.09531 0.09800 -2.00000
102140251 0.09531 0.10200 -2.00000
102140252 0.09531 0.10600 -2.00000
102140253 0.09531 0.11000 -2.00000
102140254 0.09531 0.11400 -2.00000
102140255 0.09531 0.11800 -2.00000
102140256 0.09531 0.12200 -2.00000
102140257 0.09531 0.12600 -2.00000
102140258 0.09531 0.13000 -2.00000
102140259 0.09531 0.13400 -2.00000
102140260 0.09531 0.13800 -2.00000
102140261 0.09531 0.14200 -2.00000
102140262 0.09531 0.14600 -2.00000
102140263 0.09531 0.15000 -2.00000
102140264 0.09531 0.15400 -2.00000
102140265 0.09531 0.15800 -2.00000
102140266 0.09531 0.16200 -2.00000
102140267 0.09531 0.16600 -2.00000
102140268 0.09531 0.17000 -2.00000
102140269 0.09531 0.17400 -2.00000
102140270 0.09531 0.17800 -2.00000
102140271 0.09531 0.18200 -2.00000
102140272 0.09531 0.18600 -2.00000
102140273 0.09531 0.19000 -2.00000
102140274 0.09531 0.19400 -2.00000
102140275 0.09531 0.19800 -2.00000
102140276 0.09531 0.20200 -2.00000
102140277 0.09531 0.20600 -2.00000
102140278 0.09531 0.21000 -2.00000
102140279 0.09531 0.21400 -2.00000
102140280 0.09531 0.21800 -2.00000
102140281 0.09531 0.22200 -2.00000
102140282 0.09531 0.22600 -2.00000
102140283 0.09531 0.23000 -2.00000
102140284 0.09531 0.23400 -2.00000
102140285 0.09531 0.23800 -2.00000
102140286 0.09531 0.24200 -2.00000
102140287 0.09531 0.24600 -2.00000
102140288 0.09531 0.25000 -2.00000
102140289 0.09531 0.25400 -2.00000
102140290 0.09531 0.25800 -2.00000
102140291 0.09531 0.26200 -2.00000
102140292 0.09531 0.26600 -2.00000
102140293 0.09531 0.27000 -2.00000
102140294 0.09531 0.27400 -2.00000
102140295 0.09531 0.27800 -2.00000
102140296 0.09531 0.28200 -2.00000
102140297 0.09531 0.28600 -2.00000
102140298 0.09531 0.29000 -2.00000
102140299 0.09531 0.29400 -2.00000
102140300 0.09531 0.29800 -2.00000
102140301 0.10381 -0.29800 -2.00000
102140302 0.10381 -0.29400 -2.00000
102140303 0.10381 -0.29000 -2.00000
102140304 0.10381 -0.28600 -2.00000
102140305 0.10381 -0.28200 -2.00000
102140306 0.10381 -0.27800 -2.00000
102140307 0.10381 -0.27400 -2.00000
102140308 0.10381 -0.27000 -2.00000
102140309 0.10381 -0.26600 -2.00000
102140310 0.10381 -0.26200 -2.00000
102140311 0.10381 -0.25800 -2.00000
102140312 0.10381 -0.25400 -2.00000
102140313 0.10381 -0.25000 -2.00000
102140314 0.10381 -0.24600 -2.00000
102140315 0.10381 -0.24200 -2.00000
102140316 0.10381 -0.23800 -2.00000
102140317 0.10381 -0.23400 -2.00000
102140318 0.10381 -0.23000 -2.00000
102140319 0.10381 -0.22600 -2.00000
102140320 0.10381 -0.22200 -2.00000
102140321 0.10381 -0.21800 -2.00000
102140322 0.10381 -0.21400 -2.00000
102140323 0.10381 -0.21000 -2.00000
102140324 0.10381 -0.20600 -2.00000
102140325 0.10381 -0.20200 -2.00000
102140326 0.10381 -0.19800 -2.00000
102140327 0.10381 -0.19400 -2.00000
102140328 0.10381 -0.19000 -2.00000
102140329 0.10381 -0.18600 -2.00000
102140330 0.10381 -0.18200 -2.00000
102140331 0.10381 -0.17800 -2.00000
102140332 0.10381 -0.17400 -2.00000
102140333 0.10381 -0.17000 -2.00000
102140334 0.10381 -0.16600 -2.00000
102140335 0.10381 -0.16200 -2.00000
102140336 0.10381 -0.15800 -2.00000
102140337 0.10381 -0.15400 -2.00000
102140338 0.10381 -0.15000 -2.00000
102140339 0.10381 -0.14600 -2.00000
102140340 0.10381 -0.14200 -2.00000
102140341 0.10381 -0.13800 -2.00000
102140342 0.10381 -0.13400 -2.00000
102140343 0.10381 -0.13000 -2.00000
102140344 0.10381 -0.12600 -2.00000
102140345 0.10381 -0.12200 -2.00000
102140346 0.10381 -0.11800 -2.00000
102140347 0.10381 -0.11400 -2.00000
102140348 0.10381 -0.11000 -2.00000
102140349 0.10381 -0.10600 -2.00000
102140350 0.10381 -0.10200 -2.00000
102140351 0.10381 -0.09800 -2.00000
102140352 0.10381 -0.09400 -2.00000
102140353 0.10381 -0.09000 -2.00000
102140354 0.10381 -0.08600 -2.00000
102140355 0.10381 -0.08200 -2.00000
102140356 0.10381 -0.07800 -2.00000
102140357 0.10381 -0.07400 -2.00000
102140358 0.10381 -0.07000 -2.00000
102140359 0.10381 -0.06600 -2.00000
102140360 0.10381 -0.06200 -2.00000
102140361 0.10381 -0.05800 -2.00000
102140362 0.10381 -0.05400 -2.00000
102140363 0.10381 -0.05000 -2.00000
102140364 0.10381 -0.04600 -2.00000
102140365 0.10381 -0.04200 -2.00000
102140366 0.10381 -0.03800 -2.00000
102140367 0.10381 -0.03400 -2.00000
102140368 0.10381 -0.03000 -2.00000
102140369 0.10381 -0.02600 -2.00000
102140370 0.10381 -0.02200 -2.00000
102140371 0.10381 -0.01800 -2.00000
102140372 0.10381 -0.01400 -2.00000
102140373 0.10381 -0.01000 -2.00000
102140374 0.10381 -0.00600 -2.00000
102140375 0.10381 -0.00200 -2.00000
102140376 0.10381 0.00200 -2.00000
102140377 0.10381 0.00600 -2.00000
102140378 0.10381 0.01000 -2.00000
102140379 0.10381 0.01400 -2.00000
102140380 0.10381 0.01800 -2.00000
102140381 0.10381 0.02200 -2.00000
102140382 0.10381 0.02600 -2.00000
102140383 0.10381 0.03000 -2.00000
102140384 0.10381 0.03400 -2.00000
102140385 0.10381 0.03800 -2.00000
102140386 0.10381 0.04200 -2.00000
102140387 0.10381 0.04600 -2.00000
102140388 0.10381 0.05000 -2.00000
102140389 0.10381 0.05400 -2.00000
102140390 0.10381 0.05800 -2.00000
102140391 0.10381 0.06200 -2.00000
102140392 0.10381 0.06600 -2.00000
102140393 0.10381 0.07000 -2.00000
102140394 0.10381 0.07400 -2.00000
102140395 0.10381 0.07800 -2.00000
102140396 0.10381 0.08200 -2.00000
102140397 0.10381 0.08600 -2.00000
102140398 0.10381 0.09000 -2.00000
102140399 0.10381 0.09400 -2.00000
102140400 0.10381 0.09800 -2.00000
102140401 0.10381 0.10200 -2.00000
102140402 0.10381 0.10600 -2.00000
102140403 0.10381 0.11000 -2.00000
102140404 0.10381 0.11400 -2.00000
102140405 0.10381 0.11800 -2.00000
102140406 0.10381 0.12200 -2.00000
102140407 0.10381 0.12600 -2.00000
102140408 0.10381 0.13000 -2.00000
102140409 0.10381 0.13400 -2.00000
102140410 0.10381 0.13800 -2.00000
102140411 0.10381 0.14200 -2.00000
102140412 0.10381 0.14600 -2.00000
102140413 0.10381 0.15000 -2.00000
102140414 0.10381 0.15400 -2.00000
102140415 0.10381 0.15800 -2.00000
102140416 0.10381 0.16200 -2.00000
102140417 0.10381 0.16600 -2.00000
102140418 0.10381 0.17000 -2.00000
102140419 0.10381 0.17400 -2.00000
102140420 0.10381 0.17800 -2.00000
102140421 0.10381 0.18200 -2.00000
102140422 0.10381 0.18600 -2.00000
102140423 0.10381 0.19000 -2.00000
102140424 0.10381 0.19400 -2.00000
102140425 0.10381 0.19800 -2.00000
102140426 0.10381 0.20200 -2.00000
102140427 0.10381 0.20600 -2.00000
102140428 0.10381 0.21000 -2.00000
102140429 0.10381 0.21400 -2.00000
102140430 0.10381 0.21800 -2.00000
102140431 0.10381 0.22200 -2.00000
102140432 0.10381 0.22600 -2.00000
102140433 0.10381 0.23000 -2.00000
102140434 0.10381 0.23400 -2.00000
102140435 0.10381 0.23800 -2.00000
102140436 0.10381 0.24200 -2.00000
102140437 0.10381 0.24600 -2.00000
102140438 0.10381 0.25000 -2.00000
102140439 0.10381 0.25400 -2.00000
102140440 0.10381 0.25800 -2.00000
102140441 0.10381 0.26200 -2.00000
102140442 0.10381 0.26600 -2.00000
102140443 0.10381 0.27000 -2.00000
102140444 0.10381 0.27400 -2.00000
102140445 0.10381 0.27800 -2.00000
102140446 0.10381 0.28200 -2.00000
102140447 0.10381 0.28600 -2.00000
102140448 0.10381 0.29000 -2.00000
102140449 0.10381 0.29400 -2.00000
102140450 0.10381 0.29800 -2.00000
102140451 0.11231 -0.29800 -2.00000
102140452 0.11231 -0.29400 -2.00000
102140453 0.11231 -0.29000 -2.00000
102140454 0.11231 -0.28600 -2.00000
102140455 0.11231 -0.28200 -2.00000
102140456 0.11231 -0.27800 -2.00000
102140457 0.11231 -0.27400 -2.00000
102140458 0.11231 -0.27000 -2.00000
102140459 0.11231 -0.26600 -2.00000
102140460 0.11231 -0.26200 -2.00000
102140461 0.11231 -0.25800 -2.00000
102140462 0.11231 -0.25400 -2.00000
102140463 0.11231 -0.25000 -2.00000
102140464 0.11231 -0.24600 -2.00000
102140465 0.11231 -0.24200 -2.00000
102140466 0.11231 -0.23800 -2.00000
102140467 0.11231 -0.23400 -2.00000
102140468 0.11231 -0.23000 -2.00000
102140469 0.11231 -0.22600 -2.00000
102140470 0.11231 -0.22200 -2.00000
102140471 0.11231 -0.21800 -2.00000
102140472 0.11231 -0.21400 -2.00000
102140473 0.11231 -0.21000 -2.00000
102140474 0.11231 -0.20600 -2.00000
102140475 0.11231 -0.20200 -2.00000
102140476 0.11231 -0.19800 -2.00000
102140477 0.11231 -0.19400 -2.00000
102140478 0.11231 -0.19000 -2.00000
102140479 0.11231 -0.18600 -2.00000
102140480 0.11231 -0.18200 -2.00000
102140481 0.11231 -0.17800 -2.00000
102140482 0.11231 -0.17400 -2.00000
102140483 0.11231 -0.17000 -2.00000
102140484 0.11231 -0.16600 -2.00000
102140485 0.11231 -0.16200 -2.00000
102140486 0.11231 -0.15800 -2.00000
102140487 0.11231 -0.15400 -2.00000
102140488 0.11231 -0.15000 -2.00000
102140489 0.11231 -0.14600 -2.00000
102140490 0.11231 -0.14200 -2.00000
102140491 0.11231 -0.13800 -2.00000
102140492 0.11231 -0.13400 -2.00000
102140493 0.11231 -0.13000 -2.00000
102140494 0.11231 -0.12600 -2.00000
102140495 0.11231 -0.12200 -2.00000
102140496 0.11231 -0.11800 -2.00000
102140497 0.11231 -0.11400 -2.00000
102140498 0.11231 -0.11000 -2.00000
102140499 0.11231 -0.10600 -2.00000
102140500 0.11231 -0.10200 -2.00000
102140501 0.11231 -0.09800 -2.00000
102140502 0.11231 -0.09400 -2.00000
102140503 0.11231 -0.09000 -2.00000
102140504 0.11231 -0.08600 -2.00000
102140505 0.11231 -0.08200 -2.00000
102140506 0.11231 -0.07800 -2.00000
102140507 0.11231 -0.07400 -2.00000
102140508 0.11231 -0.07000 -2.00000
102140509 0.11231 -0.06600 -2.00000
102140510 0.11231 -0.06200 -2.00000
102140511 0.11231 -0.05800 -2.00000
102140512 0.11231 -0.05400 -2.00000
102140513 0.11231 -0.05000 -2.00000
102140514 0.11231 -0.04600 -2.00000
102140515 0.11231 -0.04200 -2.00000
102140516 0.11231 -0.03800 -2.00000
102140517 0.11231 -0.03400 -2.00000
102140518 0.11231 -0.03000 -2.00000
102140519 0.11231 -0.02600 -2.00000
102140520 0.11231 -0.02200 -2.00000
102140521 0.11231 -0.01800 -2.00000
102140522 0.11231 -0.01400 -2.00000
102140523 0.11231 -0.01000 -2.00000
102140524 0.11231 -0.00600 -2.00000
102140525 0.11231 -0.00200 -2.00000
102140526 0.11231 0.00200 -2.00000
102140527 0.11231 0.00600 -2.00000
102140528 0.11231 0.01000 -2.00000
102140529 0.11231 0.01400 -2.00000
102140530 0.11231 0.01800 -2.00000
102140531 0.11231 0.02200 -2.00000
102140532 0.11231 0.02600 -2.00000
102140533 0.11231 0.03000 -2.00000
102140534 0.11231 0.03400 -2.00000
102140535 0.11231 0.03800 -2.00000
102140536 0.11231 0.04200 -2.00000
102140537 0.11231 0.04600 -2.00000
102140538 0.11231 0.05000 -2.00000
102140539 0.11231 0.05400 -2.00000
102140540 0.11231 0.05800 -2.00000
102140541 0.11231 0.06200 -2.00000
102140542 0.11231 0.06600 -2.00000
102140543 0.11231 0.07000 -2.00000
102140544 0.11231 0.07400 -2.00000
102140545 0.11231 0.07800 -2.00000
102140546 0.11231 0.08200 -2.00000
102140547 0.11231 0.08600 -2.00000
102140548 0.11231 0.09000 -2.00000
102140549 0.11231 0.09400 -2.00000
102140550 0.11231 0.09800 -2.00000
102140551 0.11231 0.10200 -2.00000
102140552 0.11231 0.10600 -2.00000
102140553 0.11231 0.11000 -2.00000
102140554 0.11231 0.11400 -2.00000
102140555 0.11231 0.11800 -2.00000
102140556 0.11231 0.12200 -2.00000
102140557 0.11231 0.12600 -2.00000
102140558 0.11231 0.13000 -2.00000
102140559 0.11231 0.13400 -2.00000
102140560 0.11231 0.13800 -2.00000
102140561 0.11231 0.14200 -2.00000
102140562 0.11231 0.14600 -2.00000
102140563 0.11231 0.15000 -2.00000
102140564 0.11231 0.15400 -2.00000
102140565 0.11231 0.15800 -2.00000
102140566 0.11231 0.16200 -2.00000
102140567 0.11231 0.16600 -2.00000
102140568 0.11231 0.17000 -2.00000
102140569 0.11231 0.17400 -2.00000
102140570 0.11231 0.17800 -2.00000
102140571 0.11231 0.18200 -2.00000
102140572 0.11231 0.18600 -2.00000
102140573 0.11231 0.19000 -2.00000
102140574 0.11231 0.19400 -2.00000
102140575 0.11231 0.19800 -2.00000
102140576 0.11231 0.20200 -2.00000
102140577 0.11231 0.20600 -2.00000
102140578 0.11231 0.21000 -2.00000
102140579 0.11231 0.21400 -2.00000
102140580 0.11231 0.21800 -2.00000
102140581 0.11231 0.22200 -2.00000
102140582 0.11231 0.22600 -2.00000
102140583 0.11231 0.23000 -2.00000
102140584 0.11231 0.23400 -2.00000
102140585 0.11231 0.23800 -2.00000
102140586 0.11231 0.24200 -2.00000
102140587 0.11231 0.24600 -2.00000
102140588 0.11231 0.25000 -2.00000
102140589 0.11231 0.25400 -2.00000
102140590 0.11231 0.25800 -2.00000
102140591 0.11231 0.26200 -2.00000
102140592 0.11231 0.26600 -2.00000
102140593 0.11231 0.27000 -2.00000
102140594 0.11231 0.27400 -2.00000
102140595 0.11231 0.27800 -2.00000
102140596 0.11231 0.28200 -2.00000
102140597 0.11231 0.28600 -2.00000
102140598 0.11231 0.29000 -2.00000
102140599 0.11231 0.29400 -2.00000
102140600 0.11231 0.29800 -2.00000
102140601 0.12081 -0.29800 -2.00000
102140602 0.12081 -0.29400 -2.00000
102140603 0.12081 -0.29000 -2.00000
102140604 0.12081 -0.28600 -2.00000
102140605 0.12081 -0.28200 -2.00000
102140606 0.12081 -0.27800 -2.00000
102140607 0.12081 -0.27400 -2.00000
102140608 0.12081 -0.27000 -2.00000
102140609 0.12081 -0.26600 -2.00000
102140610 0.12081 -0.26200 -2.00000
102140611 0.12081 -0.25800 -2.00000
102140612 0.12081 -0.25400 -2.00000
102140613 0.12081 -0.25000 -2.00000
102140614 0.12081 -0.24600 -2.00000
102140615 0.12081 -0.24200 -2.00000
102140616 0.12081 -0.23800 -2.00000
102140617 0.12081 -0.23400 -2.00000
102140618 0.12081 -0.23000 -2.00000
102140619 0.12081 -0.22600 -2.00000
102140620 0.12081 -0.22200 -2.00000
102140621 0.12081 -0.21800 -2.00000
102140622 0.12081 -0.21400 -2.00000
102140623 0.12081 -0.21000 -2.00000
102140624 0.12081 -0.20600 -2.00000
102140625 0.12081 -0.20200 -2.00000
102140626 0.12081 -0.19800 -2.00000
102140627 0.12081 -0.19400 -2.00000
102140628 0.12081 -0.19000 -2.00000
102140629 0.12081 -0.18600 -2.00000
102140630 0.12081 -0.18200 -2.00000
102140631 0.12081 -0.17800 -2.00000
102140632 0.12081 -0.17400 -2.00000
102140633 0.12081 -0.17000 -2.00000
102140634 0.12081 -0.16600 -2.00000
102140635 0.12081 -0.16200 -2.00000
102140636 0.12081 -0.15800 -2.00000
102140637 0.12081 -0.15400 -2.00000
102140638 0.12081 -0.15000 -2.00000
102140639 0.12081 -0.14600 -2.00000
102140640 0.12081 -0.14200 -2.00000
102140641 0.12081 -0.13800 -2.00000
102140642 0.12081 -0.13400 -2.00000
102140643 0.12081 -0.13000 -2.00000
102140644 0.12081 -0.12600 -2.00000
102140645 0.12081 -0.12200 -2.00000
102140646 0.12081 -0.11800 -2.00000
102140647 0.12081 -0.11400 -2.00000
102140648 0.12081 -0.11000 -2.00000
102140649 0.12081 -0.10600 -2.00000
102140650 0.12081 -0.10200 -2.00000
102140651 0.12081 -0.09800 -2.00000
102140652 0.12081 -0.09400 -2.00000
102140653 0.12081 -0.09000 -2.00000
102140654 0.12081 -0.08600 -2.00000
102140655 0.12081 -0.08200 -2.00000
102140656 0.12081 -0.07800 -2.00000
102140657 0.12081 -0.07400 -2.00000
102140658 0.12081 -0.07000 -2.00000
102140659 0.12081 -0.06600 -2.00000
102140660 0.12081 -0.06200 -2.00000
102140661 0.12081 -0.05800 -2.00000
102140662 0.12081 -0.05400 -2.00000
102140663 0.12081 -0.05000 -2.00000
102140664 0.12081 -0.04600 -2.00000
102140665 0.12081 -0.04200 -2.00000
102140666 0.12081 -0.03800 -2.00000
102140667 0.12081 -0.03400 -2.00000
102140668 0.12081 -0.03000 -2.00000
102140669 0.12081 -0.02600 -2.00000
102140670 0.12081 -0.02200 -2.00000
102140671 0.12081 -0.01800 -2.00000
102140672 0.12081 -0.01400 -2.00000
102140673 0.12081 -0.01000 -2.00000
102140674 0.12081 -0.00600 -2.00000
102140675 0.12081 -0.00200 -2.00000
102140676 0.12081 0.00200 -2.00000
102140677 0.12081 0.00600 -2.00000
102140678 0.12081 0.01000 -2.00000
102140679 0.12081 0.01400 -2.00000
102140680 0.12081 0.01800 -2.00000
102140681 0.12081 0.02200 -2.00000
102140682 0.12081 0.02600 -2.00000
102140683 0.12081 0.03000 -2.00000
102140684 0.12081 0.03400 -2.00000
102140685 0.12081 0.03800 -2.00000
102140686 0.12081 0.04200 -2.00000
102140687 0.12081 0.04600 -2.00000
102140688 0.12081 0.05000 -2.00000
102140689 0.12081 0.05400 -2.00000
102140690 0.12081 0.05800 -2.00000
102140691 0.12081 0.06200 -2.00000
102140692 0.12081 0.06600 -2.00000
102140693 0.12081 0.07000 -2.00000
102140694 0.12081 0.07400 -2.00000
102140695 0.12081 0.07800 -2.00000
102140696 0.12081 0.08200 -2.00000
102140697 0.12081 0.08600 -2.00000
102140698 0.12081 0.09000 -2.00000
102140699 0.12081 0.09400 -2.00000
102140700 0.12081 0.09800 -2.00000
102140701 0.12081 0.10200 -2.00000
102140702 0.12081 0.10600 -2.00000
102140703 0.12081 0.11000 -2.00000
102140704 0.12081 0.11400 -2.00000
102140705 0.12081 0.11800 -2.00000
102140706 0.12081 0.12200 -2.00000
102140707 0.12081 0.12600 -2.00000
102140708 0.12081 0.13000 -2.00000
102140709 0.12081 0.13400 -2.00000
102140710 0.12081 0.13800 -2.00000
102140711 0.12081 0.14200 -2.00000
102140712 0.12081 0.14600 -2.00000
102140713 0.12081 0.15000 -2.00000
102140714 0.12081 0.15400 -2.00000
102140715 0.12081 0.15800 -2.00000
102140716 0.12081 0.16200 -2.00000
102140717 0.12081 0.16600 -2.00000
102140718 0.12081 0.17000 -2.00000
102140719 0.12081 0.17400 -2.00000
102140720 0.12081 0.17800 -2.00000
102140721 0.12081 0.18200 -2.00000
102140722 0.12081 0.18600 -2.00000
102140723 0.12081 0.19000 -2.00000
102140724 0.12081 0.19400 -2.00000
102140725 0.12081 0.19800 -2.00000
102140726 0.12081 0.20200 -2.00000
102140727 0.12081 0.20600 -2.00000
102140728 0.12081 0.21000 -2.00000
102140729 0.12081 0.21400 -2.00000
102140730 0.12081 0.21800 -2.00000
102140731 0.12081 0.22200 -2.00000
102140732 0.12081 0.22600 -2.00000
102140733 0.12081 0.23000 -2.00000
102140734 0.12081 0.23400 -2.00000
102140735 0.12081 0.23800 -2.00000
102140736 0.12081 0.24200 -2.00000
102140737 0.12081 0.24600 -2.00000
102140738 0.12081 0.25000 -2.00000
102140739 0.12081 0.25400 -2.00000
102140740 0.12081 0.25800 -2.00000
102140741 0.12081 0.26200 -2.00000
102140742 0.12081 0.26600 -2.00000
102140743 0.12081 0.27000 -2.00000
102140744 0.12081 0.27400 -2.00000
102140745 0.12081 0.27800 -2.00000
102140746 0.12081 0.28200 -2.00000
102140747 0.12081 0.28600 -2.00000
102140748 0.12081 0.29000 -2.00000
102140749 0.12081 0.29400 -2.00000
102140750 0.12081 0.29800 -2.00000
102140751 0.12931 -0.29800 -2.00000
102140752 0.12931 -0.29400 -2.00000
102140753 0.12931 -0.29000 -2.00000
102140754 0.12931 -0.28600 -2.00000
102140755 0.12931 -0.28200 -2.00000
102140756 0.12931 -0.27800 -2.00000
102140757 0.12931 -0.27400 -2.00000
102140758 0.12931 -0.27000 -2.00000
102140759 0.12931 -0.26600 -2.00000
102140760 0.12931 -0.26200 -2.00000
102140761 0.12931 -0.25800 -2.00000
102140762 0.12931 -0.25400 -2.00000
102140763 0.12931 -0.25000 -2.00000
102140764 0.12931 -0.24600 -2.00000
102140765 0.12931 -0.24200 -2.00000
102140766 0.12931 -0.23800 -2.00000
102140767 0.12931 -0.23400 -2.00000
102140768 0.12931 -0.23000 -2.00000
102140769 0.12931 -0.22600 -2.00000
102140770 0.12931 -0.22200 -2.00000
102140771 0.12931 -0.21800 -2.00000
102140772 0.12931 -0.21400 -2.00000
102140773 0.12931 -0.21000 -2.00000
102140774 0.12931 -0.20600 -2.00000
102140775 0.12931 -0.20200 -2.00000
102140776 0.12931 -0.19800 -2.00000
102140777 0.12931 -0.19400 -2.00000
102140778 0.12931 -0.19000 -2.00000
102140779 0.12931 -0.18600 -2.00000
102140780 0.12931 -0.18200 -2.00000
102140781 0.12931 -0.17800 -2.00000
102140782 0.12931 -0.17400 -2.00000
102140783 0.12931 -0.17000 -2.00000
102140784 0.12931 -0.16600 -2.00000
102140785 0.12931 -0.16200 -2.00000
102140786 0.12931 -0.15800 -2.00000
102140787 0.12931 -0.15400 -2.00000
102140788 0.12931 -0.15000 -2.00000
102140789 0.12931 -0.14600 -2.00000
102140790 0.12931 -0.14200 -2.00000
102140791 0.12931 -0.13800 -2.00000
102140792 0.12931 -0.13400 -2.00000
102140793 0.12931 -0.13000 -2.00000
102140794 0.12931 -0.12600 -2.00000
102140795 0.12931 -0.12200 -2.00000
102140796 0.12931 -0.11800 -2.00000
102140797 0.12931 -0.11400 -2.00000
102140798 0.12931 -0.11000 -2.00000
102140799 0.12931 -0.10600 -2.00000
102140800 0.12931 -0.10200 -2.00000
102140801 0.12931 -0.09800 -2.00000
102140802 0.12931 -0.09400 -2.00000
102140803 0.12931 -0.09000 -2.00000
102140804 0.12931 -0.08600 -2.00000
102140805 0.12931 -0.08200 -2.00000
102140806 0.12931 -0.07800 -2.00000
102140807 0.12931 -0.07400 -2.00000
102140808 0.12931 -0.07000 -2.00000
102140809 0.12931 -0.06600 -2.00000
102140810 0.12931 -0.06200 -2.00000
102140811 0.12931 -0.05800 -2.00000
102140812 0.12931 -0.05400 -2.00000
102140813 0.12931 -0.05000 -2.00000
102140814 0.12931 -0.04600 -2.00000
102140815 0.12931 -0.04200 -2.00000
102140816 0.12931 -0.03800 -2.00000
102140817 0.12931 -0.03400 -2.00000
102140818 0.12931 -0.03000 -2.00000
102140819 0.12931 -0.02600 -2.00000
102140820 0.12931 -0.02200 -2.00000
102140821 0.12931 -0.01800 -2.00000
102140822 0.12931 -0.01400 -2.00000
102140823 0.12931 -0.01000 -2.00000
102140824 0.12931 -0.00600 -2.00000
102140825 0.12931 -0.00200 -2.00000
102140826 0.12931 0.00200 -2.00000
102140827 0.12931 0.00600 -2.00000
102140828 0.12931 0.01000 -2.00000
102140829 0.12931 0.01400 -2.00000
102140830 0.12931 0.01800 -2.00000
102140831 0.12931 0.02200 -2.00000
102140832 0.12931 0.02600 -2.00000
102140833 0.12931 0.03000 -2.00000
102140834 0.12931 0.03400 -2.00000
102140835 0.12931 0.03800 -2.00000
102140836 0.12931 0.04200 -2.00000
102140837 0.12931 0.04600 -2.00000
102140838 0.12931 0.05000 -2.00000
102140839 0.12931 0.05400 -2.00000
102140840 0.12931 0.05800 -2.00000
102140841 0.12931 0.06200 -2.00000
102140842 0.12931 0.06600 -2.00000
102140843 0.12931 0.07000 -2.00000
102140844 0.12931 0.07400 -2.00000
102140845 0.12931 0.07800 -2.00000
102140846 0.12931 0.08200 -2.00000
102140847 0.12931 0.08600 -2.00000
102140848 0.12931 0.09000 -2.00000
102140849 0.12931 0.09400 -2.00000
102140850 0.12931 0.09800 -2.00000
102140851 0.12931 0.10200 -2.00000
102140852 0.12931 0.10600 -2.00000
102140853 0.12931 0.11000 -2.00000
102140854 0.12931 0.11400 -2.00000
102140855 0.12931 0.11800 -2.00000
102140856 0.12931 0.12200 -2.00000
102140857 0.12931 0.12600 -2.00000
102140858 0.12931 0.13000 -2.00000
102140859 0.12931 0.13400 -2.00000
102140860 0.12931 0.13800 -2.00000
102140861 0.12931 0.14200 -2.00000
102140862 0.12931 0.14600 -2.00000
102140863 0.12931 0.15000 -2.00000
102140864 0.12931 0.15400 -2.00000
102140865 0.12931 0.15800 -2.00000
102140866 0.12931 0.16200 -2.00000
102140867 0.12931 0.16600 -2.00000
102140868 0.12931 0.17000 -2.00000
102140869 0.12931 0.17400 -2.00000
102140870 0.12931 0.17800 -2.00000
102140871 0.12931 0.18200 -2.00000
102140872 0.12931 0.18600 -2.00000
102140873 0.12931 0.19000 -2.00000
102140874 0.12931 0.19400 -2.00000
102140875 0.12931 0.19800 -2.00000
102140876 0.12931 0.20200 -2.00000
102140877 0.12931 0.20600 -2.00000
102140878 0.12931 0.21000 -2.00000
102140879 0.12931 0.21400 -2.00000
102140880 0.12931 0.21800 -2.00000
102140881 0.12931 0.22200 -2.00000
102140882 0.12931 0.22600 -2.00000
102140883 0.12931 0.23000 -2.00000
102140884 0.12931 0.23400 -2.00000
102140885 0.12931 0.23800 -2.00000
102140886 0.12931 0.24200 -2.00000
102140887 0.12931 0.24600 -2.00000
102140888 0.12931 0.25000 -2.00000
102140889 0.12931 0.25400 -2.00000
102140890 0.12931 0.25800 -2.00000
102140891 0.12931 0.26200 -2.00000
102140892 0.12931 0.26600 -2.00000
102140893 0.12931 0.27000 -2.00000
102140894 0.12931 0.27400 -2.00000
102140895 0.12931 0.27800 -2.00000
102140896 0.12931 0.28200 -2.00000
102140897 0.12931 0.28600 -2.00000
102140898 0.12931 0.29000 -2.00000
102140899 0.12931 0.29400 -2.00000
102140900 0.12931 0.29800 -2.00000
102140901 0.13781 -0.29800 -2.00000
102140902 0.13781 -0.29400 -2.00000
102140903 0.13781 -0.29000 -2.00000
102140904 0.13781 -0.28600 -2.00000
102140905 0.13781 -0.28200 -2.00000
102140906 0.13781 -0.27800 -2.00000
102140907 0.13781 -0.27400 -2.00000
102140908 0.13781 -0.27000 -2.00000
102140909 0.13781 -0.26600 -2.00000
102140910 0.13781 -0.26200 -2.00000
102140911 0.13781 -0.25800 -2.00000
102140912 0.13781 -0.25400 -2.00000
102140913 0.13781 -0.25000 -2.00000
102140914 0.13781 -0.24600 -2.00000
102140915 0.13781 -0.24200 -2.00000
102140916 0.13781 -0.23800 -2.00000
102140917 0.13781 -0.23400 -2.00000
102140918 0.13781 -0.23000 -2.00000
102140919 0.13781 -0.22600 -2.00000
102140920 0.13781 -0.22200 -2.00000
102140921 0.13781 -0.21800 -2.00000
102140922 0.13781 -0.21400 -2.00000
102140923 0.13781 -0.21000 -2.00000
102140924 0.13781 -0.20600 -2.00000
102140925 0.13781 -0.20200 -2.00000
102140926 0.13781 -0.19800 -2.00000
102140927 0.13781 -0.19400 -2.00000
102140928 0.13781 -0.19000 -2.00000
102140929 0.13781 -0.18600 -2.00000
102140930 0.13781 -0.18200 -2.00000
102140931 0.13781 -0.17800 -2.00000
102140932 0.13781 -0.17400 -2.00000
102140933 0.13781 -0.17000 -2.00000
102140934 0.13781 -0.16600 -2.00000
102140935 0.13781 -0.16200 -2.00000
102140936 0.13781 -0.15800 -2.00000
102140937 0.13781 -0.15400 -2.00000
102140938 0.13781 -0.15000 -2.00000
102140939 0.13781 -0.14600 -2.00000
102140940 0.13781 -0.14200 -2.00000
102140941 0.13781 -0.13800 -2.00000
102140942 0.13781 -0.13400 -2.00000
102140943 0.13781 -0.13000 -2.00000
102140944 0.13781 -0.12600 -2.00000
102140945 0.13781 -0.12200 -2.00000
102140946 0.13781 -0.11800 -2.00000
102140947 0.13781 -0.11400 -2.00000
102140948 0.13781 -0.11000 -2.00000
102140949 0.13781 -0.10600 -2.00000
102140950 0.13781 -0.10200 -2.00000
102140951 0.13781 -0.09800 -2.00000
102140952 0.13781 -0.09400 -2.00000
102140953 0.13781 -0.09000 -2.00000
102140954 0.13781 -0.08600 -2.00000
102140955 0.13781 -0.08200 -2.00000
102140956 0.13781 -0.07800 -2.00000
102140957 0.13781 -0.07400 -2.00000
102140958 0.13781 -0.07000 -2.00000
102140959 0.13781 -0.06600 -2.00000
102140960 0.13781 -0.06200 -2.00000
102140961 0.13781 -0.05800 -2.00000
102140962 0.13781 -0.05400 -2.00000
102140963 0.13781 -0.05000 -2.00000
102140964 0.13781 -0.04600 -2.00000
102140965 0.13781 -0.04200 -2.00000
102140966 0.13781 -0.03800 -2.00000
102140967 0.13781 -0.03400 -2.00000
102140968 0.13781 -0.03000 -2.00000
102140969 0.13781 -0.02600 -2.00000
102140970 0.13781 -0.02200 -2.00000
102140971 0.13781 -0.01800 -2.00000
102140972 0.13781 -0.01400 -2.00000
102140973 0.13781 -0.01000 -2.00000
102140974 0.13781 -0.00600 -2.00000
102140975 0.13781 -0.00200 -2.00000
102140976 0.13781 0.00200 -2.00000
102140977 0.13781 0.00600 -2.00000
102140978 0.13781 0.01000 -2.00000
102140979 0.13781 0.01400 -2.00000
102140980 0.13781 0.01800 -2.00000
102140981 0.13781 0.02200 -2.00000
102140982 0.13781 0.02600 -2.00000
102140983 0.13781 0.03000 -2.00000
102140984 0.13781 0.03400 -2.00000
102140985 0.13781 0.03800 -2.00000
102140986 0.13781 0.04200 -2.00000
102140987 0.13781 0.04600 -2.00000
102140988 0.13781 0.05000 -2.00000
102140989 0.13781 0.05400 -2.00000
102140990 0.13781 0.05800 -2.00000
102140991 0.13781 0.06200 -2.00000
102140992 0.13781 0.06600 -2.00000
102140993 0.13781 0.07000 -2.00000
102140994 0.13781 0.07400 -2.00000
102140995 0.13781 0.07800 -2.00000
102140996 0.13781 0.08200 -2.00000
102140997 0.13781 0.08600 -2.00000
102140998 0.13781 0.09000 -2.00000
102140999 0.13781 0.09400 -2.00000
102141000 0.13781 0.09800 -2.00000
102141001 0.13781 0.10200 -2.00000
102141002 0.13781 0.10600 -2.00000
102141003 0.13781 0.11000 -2.00000
102141004 0.13781 0.11400 -2.00000
102141005 0.13781 0.11800 -2.00000
102141006 0.13781 0.12200 -2.00000
102141007 0.13781 0.12600 -2.00000
102141008 0.13781 0.13000 -2.00000
102141009 0.13781 0.13400 -2.00000
102141010 0.13781 0.13800 -2.00000
102141011 0.13781 0.14200 -2.00000
102141012 0.13781 0.14600 -2.00000
102141013 0.13781 0.15000 -2.00000
102141014 0.13781 0.15400 -2.00000
102141015 0.13781 0.15800 -2.00000
102141016 0.13781 0.16200 -2.00000
102141017 0.13781 0.16600 -2.00000
102141018 0.13781 0.17000 -2.00000
102141019 0.13781 0.17400 -2.00000
102141020 0.13781 0.17800 -2.00000
102141021 0.13781 0.18200 -2.00000
102141022 0.13781 0.18600 -2.00000
102141023 0.13781 0.19000 -2.00000
102141024 0.13781 0.19400 -2.00000
102141025 0.13781 0.19800 -2.00000
102141026 0.13781 0.20200 -2.00000
102141027 0.13781 0.20600 -2.00000
102141028 0.13781 0.21000 -2.00000
102141029 0.13781 0.21400 -2.00000
102141030 0.13781 0.21800 -2.00000
102141031 0.13781 0.22200 -2.00000
102141032 0.13781 0.22600 -2.00000
102141033 0.13781 0.23000 -2.00000
102141034 0.13781 0.23400 -2.00000
102141035 0.13781 0.23800 -2.00000
102141036 0.13781 0.24200 -2.00000
102141037 0.13781 0.24600 -2.00000
102141038 0.13781 0.25000 -2.00000
102141039 0.13781 0.25400 -2.00000
102141040 0.13781 0.25800 -2.00000
102141041 0.13781 0.26200 -2.00000
102141042 0.13781 0.26600 -2.00000
102141043 0.13781 0.27000 -2.00000
102141044 0.13781 0.27400 -2.00000
102141045 0.13781 0.27800 -2.00000
102141046 0.13781 0.28200 -2.00000
102141047 0.13781 0.28600 -2.00000
102141048 0.13781 0.29000 -2.00000
102141049 0.13781 0.29400 -2.00000
102141050 0.13781 0.29800 -2.00000
102141051 0.14631 -0.29800 -2.00000
102141052 0.14631 -0.29400 -2.00000
102141053 0.14631 -0.29000 -2.00000
102141054 0.14631 -0.28600 -2.00000
102141055 0.14631 -0.28200 -2.00000
102141056 0.14631 -0.27800 -2.00000
102141057 0.14631 -0.27400 -2.00000
102141058 0.14631 -0.27000 -2.00000
102141059 0.14631 -0.26600 -2.00000
102141060 0.14631 -0.26200 -2.00000
102141061 0.14631 -0.25800 -2.00000
102141062 0.14631 -0.25400 -2.00000
102141063 0.14631 -0.25000 -2.00000
102141064 0.14631 -0.24600 -2.00000
102141065 0.14631 -0.24200 -2.00000
102141066 0.14631 -0.23800 -2.00000
102141067 0.14631 -0.23400 -2.00000
102141068 0.14631 -0.23000 -2.00000
102141069 0.14631 -0.22600 -2.00000
102141070 0.14631 -0.22200 -2.00000
102141071 0.14631 -0.21800 -2.00000
102141072 0.14631 -0.21400 -2.00000
102141073 0.14631 -0.21000 -2.00000
102141074 0.14631 -0.20600 -2.00000
102141075 0.14631 -0.20200 -2.00000
102141076 0.14631 -0.19800 -2.00000
102141077 0.14631 -0.19400 -2.00000
102141078 0.14631 -0.19000 -2.00000
102141079 0.14631 -0.18600 -2.00000
102141080 0.14631 -0.18200 -2.00000
102141081 0.14631 -0.17800 -2.00000
102141082 0.14631 -0.17400 -2.00000
102141083 0.14631 -0.17000 -2.00000
102141084 0.14631 -0.16600 -2.00000
102141085 0.14631 -0.16200 -2.00000
102141086 0.14631 -0.15800 -2.00000
102141087 0.14631 -0.15400 -2.00000
102141088 0.14631 -0.15000 -2.00000
102141089 0.14631 -0.14600 -2.00000
102141090 0.14631 -0.14200 -2.00000
102141091 0.14631 -0.13800 -2.00000
102141092 0.14631 -0.13400 -2.00000
102141093 0.14631 -0.13000 -2.00000
102141094 0.14631 -0.12600 -2.00000
102141095 0.14631 -0.12200 -2.00000
102141096 0.14631 -0.11800 -2.00000
102141097 0.14631 -0.11400 -2.00000
102141098 0.14631 -0.11000 -2.00000
102141099 0.14631 -0.10600 -2.00000
102141100 0.14631 -0.10200 -2.00000
102141101 0.14631 -0.09800 -2.00000
102141102 0.14631 -0.09400 -2.00000
102141103 0.14631 -0.09000 -2.00000
102141104 0.14631 -0.08600 -2.00000
102141105 0.14631 -0.08200 -2.00000
102141106 0.14631 -0.07800 -2.00000
102141107 0.14631 -0.07400 -2.00000
102141108 0.14631 -0.07000 -2.00000
102141109 0.14631 -0.06600 -2.00000
102141110 0.14631 -0.06200 -2.00000
102141111 0.14631 -0.05800 -2.00000
102141112 0.14631 -0.05400 -2.00000
102141113 0.14631 -0.05000 -2.00000
102141114 0.14631 -0.04600 -2.00000
102141115 0.14631 -0.04200 -2.00000
102141116 0.14631 -0.03800 -2.00000
102141117 0.14631 -0.03400 -2.00000
102141118 0.14631 -0.03000 -2.00000
102141119 0.14631 -0.02600 -2.00000
102141120 0.14631 -0.02200 -2.00000
102141121 0.14631 -0.01800 -2.00000
102141122 0.14631 -0.01400 -2.00000
102141123 0.14631 -0.01000 -2.00000
102141124 0.14631 -0.00600 -2.00000
102141125 0.14631 -0.00200 -2.00000
102141126 0.14631 0.00200 -2.00000
102141127 0.14631 0.00600 -2.00000
102141128 0.14631 0.01000 -2.00000
102141129 0.14631 0.01400 -2.00000
102141130 0.14631 0.01800 -2.00000
102141131 0.14631 0.02200 -2.00000
102141132 0.14631 0.02600 -2.00000
102141133 0.14631 0.03000 -2.00000
102141134 0.14631 0.03400 -2.00000
102141135 0.14631 0.03800 -2.00000
102141136 0.14631 0.04200 -2.00000
102141137 0.14631 0.04600 -2.00000
102141138 0.14631 0.05000 -2.00000
102141139 0.14631 0.05400 -2.00000
102141140 0.14631 0.05800 -2.00000
102141141 0.14631 0.06200 -2.00000
102141142 0.14631 0.06600 -2.00000
102141143 0.14631 0.07000 -2.00000
102141144 0.14631 0.07400 -2.00000
102141145 0.14631 0.07800 -2.00000
102141146 0.14631 0.08200 -2.00000
102141147 0.14631 0.08600 -2.00000
102141148 0.14631 0.09000 -2.00000
102141149 0.14631 0.09400 -2.00000
102141150 0.14631 0.09800 -2.00000
102141151 0.14631 0.10200 -2.00000
102141152 0.14631 0.10600 -2.00000
102141153 0.14631 0.11000 -2.00000
102141154 0.14631 0.11400 -2.00000
102141155 0.14631 0.11800 -2.00000
102141156 0.14631 0.12200 -2.00000
102141157 0.14631 0.12600 -2.00000
102141158 0.14631 0.13000 -2.00000
102141159 0.14631 0.13400 -2.00000
102141160 0.14631 0.13800 -2.00000
102141161 0.14631 0.14200 -2.00000
102141162 0.14631 0.14600 -2.00000
102141163 0.14631 0.15000 -2.00000
102141164 0.14631 0.15400 -2.00000
102141165 0.14631 0.15800 -2.00000
102141166 0.14631 0.16200 -2.00000
102141167 0.14631 0.16600 -2.00000
102141168 0.14631 0.17000 -2.00000
102141169 0.14631 0.17400 -2.00000
102141170 0.14631 0.17800 -2.00000
102141171 0.14631 0.18200 -2.00000
102141172 0.14631 0.18600 -2.00000
102141173 0.14631 0.19000 -2.00000
102141174 0.14631 0.19400 -2.00000
102141175 0.14631 0.19800 -2.00000
102141176 0.14631 0.20200 -2.00000
102141177 0.14631 0.20600 -2.00000
102141178 0.14631 0.21000 -2.00000
102141179 0.14631 0.21400 -2.00000
102141180 0.14631 0.21800 -2.00000
102141181 0.14631 0.22200 -2.00000
102141182 0.14631 0.22600 -2.00000
102141183 0.14631 0.23000 -2.00000
102141184 0.14631 0.23400 -2.00000
102141185 0.14631 0.23800 -2.00000
102141186 0.14631 0.24200 -2.00000
102141187 0.14631 0.24600 -2.00000
102141188 0.14631 0.25000 -2.00000
102141189 0.14631 0.25400 -2.00000
102141190 0.14631 0.25800 -2.00000
102141191 0.14631 0.26200 -2.00000
102141192 0.14631 0.26600 -2.00000
102141193 0.14631 0.27000 -2.00000
102141194 0.14631 0.27400 -2.00000
102141195 0.14631 0.27800 -2.00000
102141196 0.14631 0.28200 -2.00000
102141197 0.14631 0.28600 -2.00000
102141198 0.14631 0.29000 -2.00000
102141199 0.14631 0.29400 -2.00000
102141200 0.14631 0.29800 -2.00000
