# pixelID  x  y  z
105140001 -1.04231 -0.29800 -2.00000
105140002 -1.04231 -0.29400 -2.00000
105140003 -1.04231 -0.29000 -2.00000
105140004 -1.04231 -0.28600 -2.00000
105140005 -1.04231 -0.28200 -2.00000
105140006 -1.04231 -0.27800 -2.00000
105140007 -1.04231 -0.27400 -2.00000
105140008 -1.04231 -0.27000 -2.00000
105140009 -1.04231 -0.26600 -2.00000
105140010 -1.04231 -0.26200 -2.00000
105140011 -1.04231 -0.25800 -2.00000
105140012 -1.04231 -0.25400 -2.00000
105140013 -1.04231 -0.25000 -2.00000
105140014 -1.04231 -0.24600 -2.00000
105140015 -1.04231 -0.24200 -2.00000
105140016 -1.04231 -0.23800 -2.00000
105140017 -1.04231 -0.23400 -2.00000
105140018 -1.04231 -0.23000 -2.00000
105140019 -1.04231 -0.22600 -2.00000
105140020 -1.04231 -0.22200 -2.00000
105140021 -1.04231 -0.21800 -2.00000
105140022 -1.04231 -0.21400 -2.00000
105140023 -1.04231 -0.21000 -2.00000
105140024 -1.04231 -0.20600 -2.00000
105140025 -1.04231 -0.20200 -2.00000
105140026 -1.04231 -0.19800 -2.00000
105140027 -1.04231 -0.19400 -2.00000
105140028 -1.04231 -0.19000 -2.00000
105140029 -1.04231 -0.18600 -2.00000
105140030 -1.04231 -0.18200 -2.00000
105140031 -1.04231 -0.17800 -2.00000
105140032 -1.04231 -0.17400 -2.00000
105140033 -1.04231 -0.17000 -2.00000
105140034 -1.04231 -0.16600 -2.00000
105140035 -1.04231 -0.16200 -2.00000
105140036 -1.04231 -0.15800 -2.00000
105140037 -1.04231 -0.15400 -2.00000
105140038 -1.04231 -0.15000 -2.00000
105140039 -1.04231 -0.14600 -2.00000
105140040 -1.04231 -0.14200 -2.00000
105140041 -1.04231 -0.13800 -2.00000
105140042 -1.04231 -0.13400 -2.00000
105140043 -1.04231 -0.13000 -2.00000
105140044 -1.04231 -0.12600 -2.00000
105140045 -1.04231 -0.12200 -2.00000
105140046 -1.04231 -0.11800 -2.00000
105140047 -1.04231 -0.11400 -2.00000
105140048 -1.04231 -0.11000 -2.00000
105140049 -1.04231 -0.10600 -2.00000
105140050 -1.04231 -0.10200 -2.00000
105140051 -1.04231 -0.09800 -2.00000
105140052 -1.04231 -0.09400 -2.00000
105140053 -1.04231 -0.09000 -2.00000
105140054 -1.04231 -0.08600 -2.00000
105140055 -1.04231 -0.08200 -2.00000
105140056 -1.04231 -0.07800 -2.00000
105140057 -1.04231 -0.07400 -2.00000
105140058 -1.04231 -0.07000 -2.00000
105140059 -1.04231 -0.06600 -2.00000
105140060 -1.04231 -0.06200 -2.00000
105140061 -1.04231 -0.05800 -2.00000
105140062 -1.04231 -0.05400 -2.00000
105140063 -1.04231 -0.05000 -2.00000
105140064 -1.04231 -0.04600 -2.00000
105140065 -1.04231 -0.04200 -2.00000
105140066 -1.04231 -0.03800 -2.00000
105140067 -1.04231 -0.03400 -2.00000
105140068 -1.04231 -0.03000 -2.00000
105140069 -1.04231 -0.02600 -2.00000
105140070 -1.04231 -0.02200 -2.00000
105140071 -1.04231 -0.01800 -2.00000
105140072 -1.04231 -0.01400 -2.00000
105140073 -1.04231 -0.01000 -2.00000
105140074 -1.04231 -0.00600 -2.00000
105140075 -1.04231 -0.00200 -2.00000
105140076 -1.04231 0.00200 -2.00000
105140077 -1.04231 0.00600 -2.00000
105140078 -1.04231 0.01000 -2.00000
105140079 -1.04231 0.01400 -2.00000
105140080 -1.04231 0.01800 -2.00000
105140081 -1.04231 0.02200 -2.00000
105140082 -1.04231 0.02600 -2.00000
105140083 -1.04231 0.03000 -2.00000
105140084 -1.04231 0.03400 -2.00000
105140085 -1.04231 0.03800 -2.00000
105140086 -1.04231 0.04200 -2.00000
105140087 -1.04231 0.04600 -2.00000
105140088 -1.04231 0.05000 -2.00000
105140089 -1.04231 0.05400 -2.00000
105140090 -1.04231 0.05800 -2.00000
105140091 -1.04231 0.06200 -2.00000
105140092 -1.04231 0.06600 -2.00000
105140093 -1.04231 0.07000 -2.00000
105140094 -1.04231 0.07400 -2.00000
105140095 -1.04231 0.07800 -2.00000
105140096 -1.04231 0.08200 -2.00000
105140097 -1.04231 0.08600 -2.00000
105140098 -1.04231 0.09000 -2.00000
105140099 -1.04231 0.09400 -2.00000
105140100 -1.04231 0.09800 -2.00000
105140101 -1.04231 0.10200 -2.00000
105140102 -1.04231 0.10600 -2.00000
105140103 -1.04231 0.11000 -2.00000
105140104 -1.04231 0.11400 -2.00000
105140105 -1.04231 0.11800 -2.00000
105140106 -1.04231 0.12200 -2.00000
105140107 -1.04231 0.12600 -2.00000
105140108 -1.04231 0.13000 -2.00000
105140109 -1.04231 0.13400 -2.00000
105140110 -1.04231 0.13800 -2.00000
105140111 -1.04231 0.14200 -2.00000
105140112 -1.04231 0.14600 -2.00000
105140113 -1.04231 0.15000 -2.00000
105140114 -1.04231 0.15400 -2.00000
105140115 -1.04231 0.15800 -2.00000
105140116 -1.04231 0.16200 -2.00000
105140117 -1.04231 0.16600 -2.00000
105140118 -1.04231 0.17000 -2.00000
105140119 -1.04231 0.17400 -2.00000
105140120 -1.04231 0.17800 -2.00000
105140121 -1.04231 0.18200 -2.00000
105140122 -1.04231 0.18600 -2.00000
105140123 -1.04231 0.19000 -2.00000
105140124 -1.04231 0.19400 -2.00000
105140125 -1.04231 0.19800 -2.00000
105140126 -1.04231 0.20200 -2.00000
105140127 -1.04231 0.20600 -2.00000
105140128 -1.04231 0.21000 -2.00000
105140129 -1.04231 0.21400 -2.00000
105140130 -1.04231 0.21800 -2.00000
105140131 -1.04231 0.22200 -2.00000
105140132 -1.04231 0.22600 -2.00000
105140133 -1.04231 0.23000 -2.00000
105140134 -1.04231 0.23400 -2.00000
105140135 -1.04231 0.23800 -2.00000
105140136 -1.04231 0.24200 -2.00000
105140137 -1.04231 0.24600 -2.00000
105140138 -1.04231 0.25000 -2.00000
105140139 -1.04231 0.25400 -2.00000
105140140 -1.04231 0.25800 -2.00000
105140141 -1.04231 0.26200 -2.00000
105140142 -1.04231 0.26600 -2.00000
105140143 -1.04231 0.27000 -2.00000
105140144 -1.04231 0.27400 -2.00000
105140145 -1.04231 0.27800 -2.00000
105140146 -1.04231 0.28200 -2.00000
105140147 -1.04231 0.28600 -2.00000
105140148 -1.04231 0.29000 -2.00000
105140149 -1.04231 0.29400 -2.00000
105140150 -1.04231 0.29800 -2.00000
105140151 -1.03381 -0.29800 -2.00000
105140152 -1.03381 -0.29400 -2.00000
105140153 -1.03381 -0.29000 -2.00000
105140154 -1.03381 -0.28600 -2.00000
105140155 -1.03381 -0.28200 -2.00000
105140156 -1.03381 -0.27800 -2.00000
105140157 -1.03381 -0.27400 -2.00000
105140158 -1.03381 -0.27000 -2.00000
105140159 -1.03381 -0.26600 -2.00000
105140160 -1.03381 -0.26200 -2.00000
105140161 -1.03381 -0.25800 -2.00000
105140162 -1.03381 -0.25400 -2.00000
105140163 -1.03381 -0.25000 -2.00000
105140164 -1.03381 -0.24600 -2.00000
105140165 -1.03381 -0.24200 -2.00000
105140166 -1.03381 -0.23800 -2.00000
105140167 -1.03381 -0.23400 -2.00000
105140168 -1.03381 -0.23000 -2.00000
105140169 -1.03381 -0.22600 -2.00000
105140170 -1.03381 -0.22200 -2.00000
105140171 -1.03381 -0.21800 -2.00000
105140172 -1.03381 -0.21400 -2.00000
105140173 -1.03381 -0.21000 -2.00000
105140174 -1.03381 -0.20600 -2.00000
105140175 -1.03381 -0.20200 -2.00000
105140176 -1.03381 -0.19800 -2.00000
105140177 -1.03381 -0.19400 -2.00000
105140178 -1.03381 -0.19000 -2.00000
105140179 -1.03381 -0.18600 -2.00000
105140180 -1.03381 -0.18200 -2.00000
105140181 -1.03381 -0.17800 -2.00000
105140182 -1.03381 -0.17400 -2.00000
105140183 -1.03381 -0.17000 -2.00000
105140184 -1.03381 -0.16600 -2.00000
105140185 -1.03381 -0.16200 -2.00000
105140186 -1.03381 -0.15800 -2.00000
105140187 -1.03381 -0.15400 -2.00000
105140188 -1.03381 -0.15000 -2.00000
105140189 -1.03381 -0.14600 -2.00000
105140190 -1.03381 -0.14200 -2.00000
105140191 -1.03381 -0.13800 -2.00000
105140192 -1.03381 -0.13400 -2.00000
105140193 -1.03381 -0.13000 -2.00000
105140194 -1.03381 -0.12600 -2.00000
105140195 -1.03381 -0.12200 -2.00000
105140196 -1.03381 -0.11800 -2.00000
105140197 -1.03381 -0.11400 -2.00000
105140198 -1.03381 -0.11000 -2.00000
105140199 -1.03381 -0.10600 -2.00000
105140200 -1.03381 -0.10200 -2.00000
105140201 -1.03381 -0.09800 -2.00000
105140202 -1.03381 -0.09400 -2.00000
105140203 -1.03381 -0.09000 -2.00000
105140204 -1.03381 -0.08600 -2.00000
105140205 -1.03381 -0.08200 -2.00000
105140206 -1.03381 -0.07800 -2.00000
105140207 -1.03381 -0.07400 -2.00000
105140208 -1.03381 -0.07000 -2.00000
105140209 -1.03381 -0.06600 -2.00000
105140210 -1.03381 -0.06200 -2.00000
105140211 -1.03381 -0.05800 -2.00000
105140212 -1.03381 -0.05400 -2.00000
105140213 -1.03381 -0.05000 -2.00000
105140214 -1.03381 -0.04600 -2.00000
105140215 -1.03381 -0.04200 -2.00000
105140216 -1.03381 -0.03800 -2.00000
105140217 -1.03381 -0.03400 -2.00000
105140218 -1.03381 -0.03000 -2.00000
105140219 -1.03381 -0.02600 -2.00000
105140220 -1.03381 -0.02200 -2.00000
105140221 -1.03381 -0.01800 -2.00000
105140222 -1.03381 -0.01400 -2.00000
105140223 -1.03381 -0.01000 -2.00000
105140224 -1.03381 -0.00600 -2.00000
105140225 -1.03381 -0.00200 -2.00000
105140226 -1.03381 0.00200 -2.00000
105140227 -1.03381 0.00600 -2.00000
105140228 -1.03381 0.01000 -2.00000
105140229 -1.03381 0.01400 -2.00000
105140230 -1.03381 0.01800 -2.00000
105140231 -1.03381 0.02200 -2.00000
105140232 -1.03381 0.02600 -2.00000
105140233 -1.03381 0.03000 -2.00000
105140234 -1.03381 0.03400 -2.00000
105140235 -1.03381 0.03800 -2.00000
105140236 -1.03381 0.04200 -2.00000
105140237 -1.03381 0.04600 -2.00000
105140238 -1.03381 0.05000 -2.00000
105140239 -1.03381 0.05400 -2.00000
105140240 -1.03381 0.05800 -2.00000
105140241 -1.03381 0.06200 -2.00000
105140242 -1.03381 0.06600 -2.00000
105140243 -1.03381 0.07000 -2.00000
105140244 -1.03381 0.07400 -2.00000
105140245 -1.03381 0.07800 -2.00000
105140246 -1.03381 0.08200 -2.00000
105140247 -1.03381 0.08600 -2.00000
105140248 -1.03381 0.09000 -2.00000
105140249 -1.03381 0.09400 -2.00000
105140250 -1.03381 0.09800 -2.00000
105140251 -1.03381 0.10200 -2.00000
105140252 -1.03381 0.10600 -2.00000
105140253 -1.03381 0.11000 -2.00000
105140254 -1.03381 0.11400 -2.00000
105140255 -1.03381 0.11800 -2.00000
105140256 -1.03381 0.12200 -2.00000
105140257 -1.03381 0.12600 -2.00000
105140258 -1.03381 0.13000 -2.00000
105140259 -1.03381 0.13400 -2.00000
105140260 -1.03381 0.13800 -2.00000
105140261 -1.03381 0.14200 -2.00000
105140262 -1.03381 0.14600 -2.00000
105140263 -1.03381 0.15000 -2.00000
105140264 -1.03381 0.15400 -2.00000
105140265 -1.03381 0.15800 -2.00000
105140266 -1.03381 0.16200 -2.00000
105140267 -1.03381 0.16600 -2.00000
105140268 -1.03381 0.17000 -2.00000
105140269 -1.03381 0.17400 -2.00000
105140270 -1.03381 0.17800 -2.00000
105140271 -1.03381 0.18200 -2.00000
105140272 -1.03381 0.18600 -2.00000
105140273 -1.03381 0.19000 -2.00000
105140274 -1.03381 0.19400 -2.00000
105140275 -1.03381 0.19800 -2.00000
105140276 -1.03381 0.20200 -2.00000
105140277 -1.03381 0.20600 -2.00000
105140278 -1.03381 0.21000 -2.00000
105140279 -1.03381 0.21400 -2.00000
105140280 -1.03381 0.21800 -2.00000
105140281 -1.03381 0.22200 -2.00000
105140282 -1.03381 0.22600 -2.00000
105140283 -1.03381 0.23000 -2.00000
105140284 -1.03381 0.23400 -2.00000
105140285 -1.03381 0.23800 -2.00000
105140286 -1.03381 0.24200 -2.00000
105140287 -1.03381 0.24600 -2.00000
105140288 -1.03381 0.25000 -2.00000
105140289 -1.03381 0.25400 -2.00000
105140290 -1.03381 0.25800 -2.00000
105140291 -1.03381 0.26200 -2.00000
105140292 -1.03381 0.26600 -2.00000
105140293 -1.03381 0.27000 -2.00000
105140294 -1.03381 0.27400 -2.00000
105140295 -1.03381 0.27800 -2.00000
105140296 -1.03381 0.28200 -2.00000
105140297 -1.03381 0.28600 -2.00000
105140298 -1.03381 0.29000 -2.00000
105140299 -1.03381 0.29400 -2.00000
105140300 -1.03381 0.29800 -2.00000
105140301 -1.02531 -0.29800 -2.00000
105140302 -1.02531 -0.29400 -2.00000
105140303 -1.02531 -0.29000 -2.00000
105140304 -1.02531 -0.28600 -2.00000
105140305 -1.02531 -0.28200 -2.00000
105140306 -1.02531 -0.27800 -2.00000
105140307 -1.02531 -0.27400 -2.00000
105140308 -1.02531 -0.27000 -2.00000
105140309 -1.02531 -0.26600 -2.00000
105140310 -1.02531 -0.26200 -2.00000
105140311 -1.02531 -0.25800 -2.00000
105140312 -1.02531 -0.25400 -2.00000
105140313 -1.02531 -0.25000 -2.00000
105140314 -1.02531 -0.24600 -2.00000
105140315 -1.02531 -0.24200 -2.00000
105140316 -1.02531 -0.23800 -2.00000
105140317 -1.02531 -0.23400 -2.00000
105140318 -1.02531 -0.23000 -2.00000
105140319 -1.02531 -0.22600 -2.00000
105140320 -1.02531 -0.22200 -2.00000
105140321 -1.02531 -0.21800 -2.00000
105140322 -1.02531 -0.21400 -2.00000
105140323 -1.02531 -0.21000 -2.00000
105140324 -1.02531 -0.20600 -2.00000
105140325 -1.02531 -0.20200 -2.00000
105140326 -1.02531 -0.19800 -2.00000
105140327 -1.02531 -0.19400 -2.00000
105140328 -1.02531 -0.19000 -2.00000
105140329 -1.02531 -0.18600 -2.00000
105140330 -1.02531 -0.18200 -2.00000
105140331 -1.02531 -0.17800 -2.00000
105140332 -1.02531 -0.17400 -2.00000
105140333 -1.02531 -0.17000 -2.00000
105140334 -1.02531 -0.16600 -2.00000
105140335 -1.02531 -0.16200 -2.00000
105140336 -1.02531 -0.15800 -2.00000
105140337 -1.02531 -0.15400 -2.00000
105140338 -1.02531 -0.15000 -2.00000
105140339 -1.02531 -0.14600 -2.00000
105140340 -1.02531 -0.14200 -2.00000
105140341 -1.02531 -0.13800 -2.00000
105140342 -1.02531 -0.13400 -2.00000
105140343 -1.02531 -0.13000 -2.00000
105140344 -1.02531 -0.12600 -2.00000
105140345 -1.02531 -0.12200 -2.00000
105140346 -1.02531 -0.11800 -2.00000
105140347 -1.02531 -0.11400 -2.00000
105140348 -1.02531 -0.11000 -2.00000
105140349 -1.02531 -0.10600 -2.00000
105140350 -1.02531 -0.10200 -2.00000
105140351 -1.02531 -0.09800 -2.00000
105140352 -1.02531 -0.09400 -2.00000
105140353 -1.02531 -0.09000 -2.00000
105140354 -1.02531 -0.08600 -2.00000
105140355 -1.02531 -0.08200 -2.00000
105140356 -1.02531 -0.07800 -2.00000
105140357 -1.02531 -0.07400 -2.00000
105140358 -1.02531 -0.07000 -2.00000
105140359 -1.02531 -0.06600 -2.00000
105140360 -1.02531 -0.06200 -2.00000
105140361 -1.02531 -0.05800 -2.00000
105140362 -1.02531 -0.05400 -2.00000
105140363 -1.02531 -0.05000 -2.00000
105140364 -1.02531 -0.04600 -2.00000
105140365 -1.02531 -0.04200 -2.00000
105140366 -1.02531 -0.03800 -2.00000
105140367 -1.02531 -0.03400 -2.00000
105140368 -1.02531 -0.03000 -2.00000
105140369 -1.02531 -0.02600 -2.00000
105140370 -1.02531 -0.02200 -2.00000
105140371 -1.02531 -0.01800 -2.00000
105140372 -1.02531 -0.01400 -2.00000
105140373 -1.02531 -0.01000 -2.00000
105140374 -1.02531 -0.00600 -2.00000
105140375 -1.02531 -0.00200 -2.00000
105140376 -1.02531 0.00200 -2.00000
105140377 -1.02531 0.00600 -2.00000
105140378 -1.02531 0.01000 -2.00000
105140379 -1.02531 0.01400 -2.00000
105140380 -1.02531 0.01800 -2.00000
105140381 -1.02531 0.02200 -2.00000
105140382 -1.02531 0.02600 -2.00000
105140383 -1.02531 0.03000 -2.00000
105140384 -1.02531 0.03400 -2.00000
105140385 -1.02531 0.03800 -2.00000
105140386 -1.02531 0.04200 -2.00000
105140387 -1.02531 0.04600 -2.00000
105140388 -1.02531 0.05000 -2.00000
105140389 -1.02531 0.05400 -2.00000
105140390 -1.02531 0.05800 -2.00000
105140391 -1.02531 0.06200 -2.00000
105140392 -1.02531 0.06600 -2.00000
105140393 -1.02531 0.07000 -2.00000
105140394 -1.02531 0.07400 -2.00000
105140395 -1.02531 0.07800 -2.00000
105140396 -1.02531 0.08200 -2.00000
105140397 -1.02531 0.08600 -2.00000
105140398 -1.02531 0.09000 -2.00000
105140399 -1.02531 0.09400 -2.00000
105140400 -1.02531 0.09800 -2.00000
105140401 -1.02531 0.10200 -2.00000
105140402 -1.02531 0.10600 -2.00000
105140403 -1.02531 0.11000 -2.00000
105140404 -1.02531 0.11400 -2.00000
105140405 -1.02531 0.11800 -2.00000
105140406 -1.02531 0.12200 -2.00000
105140407 -1.02531 0.12600 -2.00000
105140408 -1.02531 0.13000 -2.00000
105140409 -1.02531 0.13400 -2.00000
105140410 -1.02531 0.13800 -2.00000
105140411 -1.02531 0.14200 -2.00000
105140412 -1.02531 0.14600 -2.00000
105140413 -1.02531 0.15000 -2.00000
105140414 -1.02531 0.15400 -2.00000
105140415 -1.02531 0.15800 -2.00000
105140416 -1.02531 0.16200 -2.00000
105140417 -1.02531 0.16600 -2.00000
105140418 -1.02531 0.17000 -2.00000
105140419 -1.02531 0.17400 -2.00000
105140420 -1.02531 0.17800 -2.00000
105140421 -1.02531 0.18200 -2.00000
105140422 -1.02531 0.18600 -2.00000
105140423 -1.02531 0.19000 -2.00000
105140424 -1.02531 0.19400 -2.00000
105140425 -1.02531 0.19800 -2.00000
105140426 -1.02531 0.20200 -2.00000
105140427 -1.02531 0.20600 -2.00000
105140428 -1.02531 0.21000 -2.00000
105140429 -1.02531 0.21400 -2.00000
105140430 -1.02531 0.21800 -2.00000
105140431 -1.02531 0.22200 -2.00000
105140432 -1.02531 0.22600 -2.00000
105140433 -1.02531 0.23000 -2.00000
105140434 -1.02531 0.23400 -2.00000
105140435 -1.02531 0.23800 -2.00000
105140436 -1.02531 0.24200 -2.00000
105140437 -1.02531 0.24600 -2.00000
105140438 -1.02531 0.25000 -2.00000
105140439 -1.02531 0.25400 -2.00000
105140440 -1.02531 0.25800 -2.00000
105140441 -1.02531 0.26200 -2.00000
105140442 -1.02531 0.26600 -2.00000
105140443 -1.02531 0.27000 -2.00000
105140444 -1.02531 0.27400 -2.00000
105140445 -1.02531 0.27800 -2.00000
105140446 -1.02531 0.28200 -2.00000
105140447 -1.02531 0.28600 -2.00000
105140448 -1.02531 0.29000 -2.00000
105140449 -1.02531 0.29400 -2.00000
105140450 -1.02531 0.29800 -2.00000
105140451 -1.01681 -0.29800 -2.00000
105140452 -1.01681 -0.29400 -2.00000
105140453 -1.01681 -0.29000 -2.00000
105140454 -1.01681 -0.28600 -2.00000
105140455 -1.01681 -0.28200 -2.00000
105140456 -1.01681 -0.27800 -2.00000
105140457 -1.01681 -0.27400 -2.00000
105140458 -1.01681 -0.27000 -2.00000
105140459 -1.01681 -0.26600 -2.00000
105140460 -1.01681 -0.26200 -2.00000
105140461 -1.01681 -0.25800 -2.00000
105140462 -1.01681 -0.25400 -2.00000
105140463 -1.01681 -0.25000 -2.00000
105140464 -1.01681 -0.24600 -2.00000
105140465 -1.01681 -0.24200 -2.00000
105140466 -1.01681 -0.23800 -2.00000
105140467 -1.01681 -0.23400 -2.00000
105140468 -1.01681 -0.23000 -2.00000
105140469 -1.01681 -0.22600 -2.00000
105140470 -1.01681 -0.22200 -2.00000
105140471 -1.01681 -0.21800 -2.00000
105140472 -1.01681 -0.21400 -2.00000
105140473 -1.01681 -0.21000 -2.00000
105140474 -1.01681 -0.20600 -2.00000
105140475 -1.01681 -0.20200 -2.00000
105140476 -1.01681 -0.19800 -2.00000
105140477 -1.01681 -0.19400 -2.00000
105140478 -1.01681 -0.19000 -2.00000
105140479 -1.01681 -0.18600 -2.00000
105140480 -1.01681 -0.18200 -2.00000
105140481 -1.01681 -0.17800 -2.00000
105140482 -1.01681 -0.17400 -2.00000
105140483 -1.01681 -0.17000 -2.00000
105140484 -1.01681 -0.16600 -2.00000
105140485 -1.01681 -0.16200 -2.00000
105140486 -1.01681 -0.15800 -2.00000
105140487 -1.01681 -0.15400 -2.00000
105140488 -1.01681 -0.15000 -2.00000
105140489 -1.01681 -0.14600 -2.00000
105140490 -1.01681 -0.14200 -2.00000
105140491 -1.01681 -0.13800 -2.00000
105140492 -1.01681 -0.13400 -2.00000
105140493 -1.01681 -0.13000 -2.00000
105140494 -1.01681 -0.12600 -2.00000
105140495 -1.01681 -0.12200 -2.00000
105140496 -1.01681 -0.11800 -2.00000
105140497 -1.01681 -0.11400 -2.00000
105140498 -1.01681 -0.11000 -2.00000
105140499 -1.01681 -0.10600 -2.00000
105140500 -1.01681 -0.10200 -2.00000
105140501 -1.01681 -0.09800 -2.00000
105140502 -1.01681 -0.09400 -2.00000
105140503 -1.01681 -0.09000 -2.00000
105140504 -1.01681 -0.08600 -2.00000
105140505 -1.01681 -0.08200 -2.00000
105140506 -1.01681 -0.07800 -2.00000
105140507 -1.01681 -0.07400 -2.00000
105140508 -1.01681 -0.07000 -2.00000
105140509 -1.01681 -0.06600 -2.00000
105140510 -1.01681 -0.06200 -2.00000
105140511 -1.01681 -0.05800 -2.00000
105140512 -1.01681 -0.05400 -2.00000
105140513 -1.01681 -0.05000 -2.00000
105140514 -1.01681 -0.04600 -2.00000
105140515 -1.01681 -0.04200 -2.00000
105140516 -1.01681 -0.03800 -2.00000
105140517 -1.01681 -0.03400 -2.00000
105140518 -1.01681 -0.03000 -2.00000
105140519 -1.01681 -0.02600 -2.00000
105140520 -1.01681 -0.02200 -2.00000
105140521 -1.01681 -0.01800 -2.00000
105140522 -1.01681 -0.01400 -2.00000
105140523 -1.01681 -0.01000 -2.00000
105140524 -1.01681 -0.00600 -2.00000
105140525 -1.01681 -0.00200 -2.00000
105140526 -1.01681 0.00200 -2.00000
105140527 -1.01681 0.00600 -2.00000
105140528 -1.01681 0.01000 -2.00000
105140529 -1.01681 0.01400 -2.00000
105140530 -1.01681 0.01800 -2.00000
105140531 -1.01681 0.02200 -2.00000
105140532 -1.01681 0.02600 -2.00000
105140533 -1.01681 0.03000 -2.00000
105140534 -1.01681 0.03400 -2.00000
105140535 -1.01681 0.03800 -2.00000
105140536 -1.01681 0.04200 -2.00000
105140537 -1.01681 0.04600 -2.00000
105140538 -1.01681 0.05000 -2.00000
105140539 -1.01681 0.05400 -2.00000
105140540 -1.01681 0.05800 -2.00000
105140541 -1.01681 0.06200 -2.00000
105140542 -1.01681 0.06600 -2.00000
105140543 -1.01681 0.07000 -2.00000
105140544 -1.01681 0.07400 -2.00000
105140545 -1.01681 0.07800 -2.00000
105140546 -1.01681 0.08200 -2.00000
105140547 -1.01681 0.08600 -2.00000
105140548 -1.01681 0.09000 -2.00000
105140549 -1.01681 0.09400 -2.00000
105140550 -1.01681 0.09800 -2.00000
105140551 -1.01681 0.10200 -2.00000
105140552 -1.01681 0.10600 -2.00000
105140553 -1.01681 0.11000 -2.00000
105140554 -1.01681 0.11400 -2.00000
105140555 -1.01681 0.11800 -2.00000
105140556 -1.01681 0.12200 -2.00000
105140557 -1.01681 0.12600 -2.00000
105140558 -1.01681 0.13000 -2.00000
105140559 -1.01681 0.13400 -2.00000
105140560 -1.01681 0.13800 -2.00000
105140561 -1.01681 0.14200 -2.00000
105140562 -1.01681 0.14600 -2.00000
105140563 -1.01681 0.15000 -2.00000
105140564 -1.01681 0.15400 -2.00000
105140565 -1.01681 0.15800 -2.00000
105140566 -1.01681 0.16200 -2.00000
105140567 -1.01681 0.16600 -2.00000
105140568 -1.01681 0.17000 -2.00000
105140569 -1.01681 0.17400 -2.00000
105140570 -1.01681 0.17800 -2.00000
105140571 -1.01681 0.18200 -2.00000
105140572 -1.01681 0.18600 -2.00000
105140573 -1.01681 0.19000 -2.00000
105140574 -1.01681 0.19400 -2.00000
105140575 -1.01681 0.19800 -2.00000
105140576 -1.01681 0.20200 -2.00000
105140577 -1.01681 0.20600 -2.00000
105140578 -1.01681 0.21000 -2.00000
105140579 -1.01681 0.21400 -2.00000
105140580 -1.01681 0.21800 -2.00000
105140581 -1.01681 0.22200 -2.00000
105140582 -1.01681 0.22600 -2.00000
105140583 -1.01681 0.23000 -2.00000
105140584 -1.01681 0.23400 -2.00000
105140585 -1.01681 0.23800 -2.00000
105140586 -1.01681 0.24200 -2.00000
105140587 -1.01681 0.24600 -2.00000
105140588 -1.01681 0.25000 -2.00000
105140589 -1.01681 0.25400 -2.00000
105140590 -1.01681 0.25800 -2.00000
105140591 -1.01681 0.26200 -2.00000
105140592 -1.01681 0.26600 -2.00000
105140593 -1.01681 0.27000 -2.00000
105140594 -1.01681 0.27400 -2.00000
105140595 -1.01681 0.27800 -2.00000
105140596 -1.01681 0.28200 -2.00000
105140597 -1.01681 0.28600 -2.00000
105140598 -1.01681 0.29000 -2.00000
105140599 -1.01681 0.29400 -2.00000
105140600 -1.01681 0.29800 -2.00000
105140601 -1.00831 -0.29800 -2.00000
105140602 -1.00831 -0.29400 -2.00000
105140603 -1.00831 -0.29000 -2.00000
105140604 -1.00831 -0.28600 -2.00000
105140605 -1.00831 -0.28200 -2.00000
105140606 -1.00831 -0.27800 -2.00000
105140607 -1.00831 -0.27400 -2.00000
105140608 -1.00831 -0.27000 -2.00000
105140609 -1.00831 -0.26600 -2.00000
105140610 -1.00831 -0.26200 -2.00000
105140611 -1.00831 -0.25800 -2.00000
105140612 -1.00831 -0.25400 -2.00000
105140613 -1.00831 -0.25000 -2.00000
105140614 -1.00831 -0.24600 -2.00000
105140615 -1.00831 -0.24200 -2.00000
105140616 -1.00831 -0.23800 -2.00000
105140617 -1.00831 -0.23400 -2.00000
105140618 -1.00831 -0.23000 -2.00000
105140619 -1.00831 -0.22600 -2.00000
105140620 -1.00831 -0.22200 -2.00000
105140621 -1.00831 -0.21800 -2.00000
105140622 -1.00831 -0.21400 -2.00000
105140623 -1.00831 -0.21000 -2.00000
105140624 -1.00831 -0.20600 -2.00000
105140625 -1.00831 -0.20200 -2.00000
105140626 -1.00831 -0.19800 -2.00000
105140627 -1.00831 -0.19400 -2.00000
105140628 -1.00831 -0.19000 -2.00000
105140629 -1.00831 -0.18600 -2.00000
105140630 -1.00831 -0.18200 -2.00000
105140631 -1.00831 -0.17800 -2.00000
105140632 -1.00831 -0.17400 -2.00000
105140633 -1.00831 -0.17000 -2.00000
105140634 -1.00831 -0.16600 -2.00000
105140635 -1.00831 -0.16200 -2.00000
105140636 -1.00831 -0.15800 -2.00000
105140637 -1.00831 -0.15400 -2.00000
105140638 -1.00831 -0.15000 -2.00000
105140639 -1.00831 -0.14600 -2.00000
105140640 -1.00831 -0.14200 -2.00000
105140641 -1.00831 -0.13800 -2.00000
105140642 -1.00831 -0.13400 -2.00000
105140643 -1.00831 -0.13000 -2.00000
105140644 -1.00831 -0.12600 -2.00000
105140645 -1.00831 -0.12200 -2.00000
105140646 -1.00831 -0.11800 -2.00000
105140647 -1.00831 -0.11400 -2.00000
105140648 -1.00831 -0.11000 -2.00000
105140649 -1.00831 -0.10600 -2.00000
105140650 -1.00831 -0.10200 -2.00000
105140651 -1.00831 -0.09800 -2.00000
105140652 -1.00831 -0.09400 -2.00000
105140653 -1.00831 -0.09000 -2.00000
105140654 -1.00831 -0.08600 -2.00000
105140655 -1.00831 -0.08200 -2.00000
105140656 -1.00831 -0.07800 -2.00000
105140657 -1.00831 -0.07400 -2.00000
105140658 -1.00831 -0.07000 -2.00000
105140659 -1.00831 -0.06600 -2.00000
105140660 -1.00831 -0.06200 -2.00000
105140661 -1.00831 -0.05800 -2.00000
105140662 -1.00831 -0.05400 -2.00000
105140663 -1.00831 -0.05000 -2.00000
105140664 -1.00831 -0.04600 -2.00000
105140665 -1.00831 -0.04200 -2.00000
105140666 -1.00831 -0.03800 -2.00000
105140667 -1.00831 -0.03400 -2.00000
105140668 -1.00831 -0.03000 -2.00000
105140669 -1.00831 -0.02600 -2.00000
105140670 -1.00831 -0.02200 -2.00000
105140671 -1.00831 -0.01800 -2.00000
105140672 -1.00831 -0.01400 -2.00000
105140673 -1.00831 -0.01000 -2.00000
105140674 -1.00831 -0.00600 -2.00000
105140675 -1.00831 -0.00200 -2.00000
105140676 -1.00831 0.00200 -2.00000
105140677 -1.00831 0.00600 -2.00000
105140678 -1.00831 0.01000 -2.00000
105140679 -1.00831 0.01400 -2.00000
105140680 -1.00831 0.01800 -2.00000
105140681 -1.00831 0.02200 -2.00000
105140682 -1.00831 0.02600 -2.00000
105140683 -1.00831 0.03000 -2.00000
105140684 -1.00831 0.03400 -2.00000
105140685 -1.00831 0.03800 -2.00000
105140686 -1.00831 0.04200 -2.00000
105140687 -1.00831 0.04600 -2.00000
105140688 -1.00831 0.05000 -2.00000
105140689 -1.00831 0.05400 -2.00000
105140690 -1.00831 0.05800 -2.00000
105140691 -1.00831 0.06200 -2.00000
105140692 -1.00831 0.06600 -2.00000
105140693 -1.00831 0.07000 -2.00000
105140694 -1.00831 0.07400 -2.00000
105140695 -1.00831 0.07800 -2.00000
105140696 -1.00831 0.08200 -2.00000
105140697 -1.00831 0.08600 -2.00000
105140698 -1.00831 0.09000 -2.00000
105140699 -1.00831 0.09400 -2.00000
105140700 -1.00831 0.09800 -2.00000
105140701 -1.00831 0.10200 -2.00000
105140702 -1.00831 0.10600 -2.00000
105140703 -1.00831 0.11000 -2.00000
105140704 -1.00831 0.11400 -2.00000
105140705 -1.00831 0.11800 -2.00000
105140706 -1.00831 0.12200 -2.00000
105140707 -1.00831 0.12600 -2.00000
105140708 -1.00831 0.13000 -2.00000
105140709 -1.00831 0.13400 -2.00000
105140710 -1.00831 0.13800 -2.00000
105140711 -1.00831 0.14200 -2.00000
105140712 -1.00831 0.14600 -2.00000
105140713 -1.00831 0.15000 -2.00000
105140714 -1.00831 0.15400 -2.00000
105140715 -1.00831 0.15800 -2.00000
105140716 -1.00831 0.16200 -2.00000
105140717 -1.00831 0.16600 -2.00000
105140718 -1.00831 0.17000 -2.00000
105140719 -1.00831 0.17400 -2.00000
105140720 -1.00831 0.17800 -2.00000
105140721 -1.00831 0.18200 -2.00000
105140722 -1.00831 0.18600 -2.00000
105140723 -1.00831 0.19000 -2.00000
105140724 -1.00831 0.19400 -2.00000
105140725 -1.00831 0.19800 -2.00000
105140726 -1.00831 0.20200 -2.00000
105140727 -1.00831 0.20600 -2.00000
105140728 -1.00831 0.21000 -2.00000
105140729 -1.00831 0.21400 -2.00000
105140730 -1.00831 0.21800 -2.00000
105140731 -1.00831 0.22200 -2.00000
105140732 -1.00831 0.22600 -2.00000
105140733 -1.00831 0.23000 -2.00000
105140734 -1.00831 0.23400 -2.00000
105140735 -1.00831 0.23800 -2.00000
105140736 -1.00831 0.24200 -2.00000
105140737 -1.00831 0.24600 -2.00000
105140738 -1.00831 0.25000 -2.00000
105140739 -1.00831 0.25400 -2.00000
105140740 -1.00831 0.25800 -2.00000
105140741 -1.00831 0.26200 -2.00000
105140742 -1.00831 0.26600 -2.00000
105140743 -1.00831 0.27000 -2.00000
105140744 -1.00831 0.27400 -2.00000
105140745 -1.00831 0.27800 -2.00000
105140746 -1.00831 0.28200 -2.00000
105140747 -1.00831 0.28600 -2.00000
105140748 -1.00831 0.29000 -2.00000
105140749 -1.00831 0.29400 -2.00000
105140750 -1.00831 0.29800 -2.00000
105140751 -0.99981 -0.29800 -2.00000
105140752 -0.99981 -0.29400 -2.00000
105140753 -0.99981 -0.29000 -2.00000
105140754 -0.99981 -0.28600 -2.00000
105140755 -0.99981 -0.28200 -2.00000
105140756 -0.99981 -0.27800 -2.00000
105140757 -0.99981 -0.27400 -2.00000
105140758 -0.99981 -0.27000 -2.00000
105140759 -0.99981 -0.26600 -2.00000
105140760 -0.99981 -0.26200 -2.00000
105140761 -0.99981 -0.25800 -2.00000
105140762 -0.99981 -0.25400 -2.00000
105140763 -0.99981 -0.25000 -2.00000
105140764 -0.99981 -0.24600 -2.00000
105140765 -0.99981 -0.24200 -2.00000
105140766 -0.99981 -0.23800 -2.00000
105140767 -0.99981 -0.23400 -2.00000
105140768 -0.99981 -0.23000 -2.00000
105140769 -0.99981 -0.22600 -2.00000
105140770 -0.99981 -0.22200 -2.00000
105140771 -0.99981 -0.21800 -2.00000
105140772 -0.99981 -0.21400 -2.00000
105140773 -0.99981 -0.21000 -2.00000
105140774 -0.99981 -0.20600 -2.00000
105140775 -0.99981 -0.20200 -2.00000
105140776 -0.99981 -0.19800 -2.00000
105140777 -0.99981 -0.19400 -2.00000
105140778 -0.99981 -0.19000 -2.00000
105140779 -0.99981 -0.18600 -2.00000
105140780 -0.99981 -0.18200 -2.00000
105140781 -0.99981 -0.17800 -2.00000
105140782 -0.99981 -0.17400 -2.00000
105140783 -0.99981 -0.17000 -2.00000
105140784 -0.99981 -0.16600 -2.00000
105140785 -0.99981 -0.16200 -2.00000
105140786 -0.99981 -0.15800 -2.00000
105140787 -0.99981 -0.15400 -2.00000
105140788 -0.99981 -0.15000 -2.00000
105140789 -0.99981 -0.14600 -2.00000
105140790 -0.99981 -0.14200 -2.00000
105140791 -0.99981 -0.13800 -2.00000
105140792 -0.99981 -0.13400 -2.00000
105140793 -0.99981 -0.13000 -2.00000
105140794 -0.99981 -0.12600 -2.00000
105140795 -0.99981 -0.12200 -2.00000
105140796 -0.99981 -0.11800 -2.00000
105140797 -0.99981 -0.11400 -2.00000
105140798 -0.99981 -0.11000 -2.00000
105140799 -0.99981 -0.10600 -2.00000
105140800 -0.99981 -0.10200 -2.00000
105140801 -0.99981 -0.09800 -2.00000
105140802 -0.99981 -0.09400 -2.00000
105140803 -0.99981 -0.09000 -2.00000
105140804 -0.99981 -0.08600 -2.00000
105140805 -0.99981 -0.08200 -2.00000
105140806 -0.99981 -0.07800 -2.00000
105140807 -0.99981 -0.07400 -2.00000
105140808 -0.99981 -0.07000 -2.00000
105140809 -0.99981 -0.06600 -2.00000
105140810 -0.99981 -0.06200 -2.00000
105140811 -0.99981 -0.05800 -2.00000
105140812 -0.99981 -0.05400 -2.00000
105140813 -0.99981 -0.05000 -2.00000
105140814 -0.99981 -0.04600 -2.00000
105140815 -0.99981 -0.04200 -2.00000
105140816 -0.99981 -0.03800 -2.00000
105140817 -0.99981 -0.03400 -2.00000
105140818 -0.99981 -0.03000 -2.00000
105140819 -0.99981 -0.02600 -2.00000
105140820 -0.99981 -0.02200 -2.00000
105140821 -0.99981 -0.01800 -2.00000
105140822 -0.99981 -0.01400 -2.00000
105140823 -0.99981 -0.01000 -2.00000
105140824 -0.99981 -0.00600 -2.00000
105140825 -0.99981 -0.00200 -2.00000
105140826 -0.99981 0.00200 -2.00000
105140827 -0.99981 0.00600 -2.00000
105140828 -0.99981 0.01000 -2.00000
105140829 -0.99981 0.01400 -2.00000
105140830 -0.99981 0.01800 -2.00000
105140831 -0.99981 0.02200 -2.00000
105140832 -0.99981 0.02600 -2.00000
105140833 -0.99981 0.03000 -2.00000
105140834 -0.99981 0.03400 -2.00000
105140835 -0.99981 0.03800 -2.00000
105140836 -0.99981 0.04200 -2.00000
105140837 -0.99981 0.04600 -2.00000
105140838 -0.99981 0.05000 -2.00000
105140839 -0.99981 0.05400 -2.00000
105140840 -0.99981 0.05800 -2.00000
105140841 -0.99981 0.06200 -2.00000
105140842 -0.99981 0.06600 -2.00000
105140843 -0.99981 0.07000 -2.00000
105140844 -0.99981 0.07400 -2.00000
105140845 -0.99981 0.07800 -2.00000
105140846 -0.99981 0.08200 -2.00000
105140847 -0.99981 0.08600 -2.00000
105140848 -0.99981 0.09000 -2.00000
105140849 -0.99981 0.09400 -2.00000
105140850 -0.99981 0.09800 -2.00000
105140851 -0.99981 0.10200 -2.00000
105140852 -0.99981 0.10600 -2.00000
105140853 -0.99981 0.11000 -2.00000
105140854 -0.99981 0.11400 -2.00000
105140855 -0.99981 0.11800 -2.00000
105140856 -0.99981 0.12200 -2.00000
105140857 -0.99981 0.12600 -2.00000
105140858 -0.99981 0.13000 -2.00000
105140859 -0.99981 0.13400 -2.00000
105140860 -0.99981 0.13800 -2.00000
105140861 -0.99981 0.14200 -2.00000
105140862 -0.99981 0.14600 -2.00000
105140863 -0.99981 0.15000 -2.00000
105140864 -0.99981 0.15400 -2.00000
105140865 -0.99981 0.15800 -2.00000
105140866 -0.99981 0.16200 -2.00000
105140867 -0.99981 0.16600 -2.00000
105140868 -0.99981 0.17000 -2.00000
105140869 -0.99981 0.17400 -2.00000
105140870 -0.99981 0.17800 -2.00000
105140871 -0.99981 0.18200 -2.00000
105140872 -0.99981 0.18600 -2.00000
105140873 -0.99981 0.19000 -2.00000
105140874 -0.99981 0.19400 -2.00000
105140875 -0.99981 0.19800 -2.00000
105140876 -0.99981 0.20200 -2.00000
105140877 -0.99981 0.20600 -2.00000
105140878 -0.99981 0.21000 -2.00000
105140879 -0.99981 0.21400 -2.00000
105140880 -0.99981 0.21800 -2.00000
105140881 -0.99981 0.22200 -2.00000
105140882 -0.99981 0.22600 -2.00000
105140883 -0.99981 0.23000 -2.00000
105140884 -0.99981 0.23400 -2.00000
105140885 -0.99981 0.23800 -2.00000
105140886 -0.99981 0.24200 -2.00000
105140887 -0.99981 0.24600 -2.00000
105140888 -0.99981 0.25000 -2.00000
105140889 -0.99981 0.25400 -2.00000
105140890 -0.99981 0.25800 -2.00000
105140891 -0.99981 0.26200 -2.00000
105140892 -0.99981 0.26600 -2.00000
105140893 -0.99981 0.27000 -2.00000
105140894 -0.99981 0.27400 -2.00000
105140895 -0.99981 0.27800 -2.00000
105140896 -0.99981 0.28200 -2.00000
105140897 -0.99981 0.28600 -2.00000
105140898 -0.99981 0.29000 -2.00000
105140899 -0.99981 0.29400 -2.00000
105140900 -0.99981 0.29800 -2.00000
105140901 -0.99131 -0.29800 -2.00000
105140902 -0.99131 -0.29400 -2.00000
105140903 -0.99131 -0.29000 -2.00000
105140904 -0.99131 -0.28600 -2.00000
105140905 -0.99131 -0.28200 -2.00000
105140906 -0.99131 -0.27800 -2.00000
105140907 -0.99131 -0.27400 -2.00000
105140908 -0.99131 -0.27000 -2.00000
105140909 -0.99131 -0.26600 -2.00000
105140910 -0.99131 -0.26200 -2.00000
105140911 -0.99131 -0.25800 -2.00000
105140912 -0.99131 -0.25400 -2.00000
105140913 -0.99131 -0.25000 -2.00000
105140914 -0.99131 -0.24600 -2.00000
105140915 -0.99131 -0.24200 -2.00000
105140916 -0.99131 -0.23800 -2.00000
105140917 -0.99131 -0.23400 -2.00000
105140918 -0.99131 -0.23000 -2.00000
105140919 -0.99131 -0.22600 -2.00000
105140920 -0.99131 -0.22200 -2.00000
105140921 -0.99131 -0.21800 -2.00000
105140922 -0.99131 -0.21400 -2.00000
105140923 -0.99131 -0.21000 -2.00000
105140924 -0.99131 -0.20600 -2.00000
105140925 -0.99131 -0.20200 -2.00000
105140926 -0.99131 -0.19800 -2.00000
105140927 -0.99131 -0.19400 -2.00000
105140928 -0.99131 -0.19000 -2.00000
105140929 -0.99131 -0.18600 -2.00000
105140930 -0.99131 -0.18200 -2.00000
105140931 -0.99131 -0.17800 -2.00000
105140932 -0.99131 -0.17400 -2.00000
105140933 -0.99131 -0.17000 -2.00000
105140934 -0.99131 -0.16600 -2.00000
105140935 -0.99131 -0.16200 -2.00000
105140936 -0.99131 -0.15800 -2.00000
105140937 -0.99131 -0.15400 -2.00000
105140938 -0.99131 -0.15000 -2.00000
105140939 -0.99131 -0.14600 -2.00000
105140940 -0.99131 -0.14200 -2.00000
105140941 -0.99131 -0.13800 -2.00000
105140942 -0.99131 -0.13400 -2.00000
105140943 -0.99131 -0.13000 -2.00000
105140944 -0.99131 -0.12600 -2.00000
105140945 -0.99131 -0.12200 -2.00000
105140946 -0.99131 -0.11800 -2.00000
105140947 -0.99131 -0.11400 -2.00000
105140948 -0.99131 -0.11000 -2.00000
105140949 -0.99131 -0.10600 -2.00000
105140950 -0.99131 -0.10200 -2.00000
105140951 -0.99131 -0.09800 -2.00000
105140952 -0.99131 -0.09400 -2.00000
105140953 -0.99131 -0.09000 -2.00000
105140954 -0.99131 -0.08600 -2.00000
105140955 -0.99131 -0.08200 -2.00000
105140956 -0.99131 -0.07800 -2.00000
105140957 -0.99131 -0.07400 -2.00000
105140958 -0.99131 -0.07000 -2.00000
105140959 -0.99131 -0.06600 -2.00000
105140960 -0.99131 -0.06200 -2.00000
105140961 -0.99131 -0.05800 -2.00000
105140962 -0.99131 -0.05400 -2.00000
105140963 -0.99131 -0.05000 -2.00000
105140964 -0.99131 -0.04600 -2.00000
105140965 -0.99131 -0.04200 -2.00000
105140966 -0.99131 -0.03800 -2.00000
105140967 -0.99131 -0.03400 -2.00000
105140968 -0.99131 -0.03000 -2.00000
105140969 -0.99131 -0.02600 -2.00000
105140970 -0.99131 -0.02200 -2.00000
105140971 -0.99131 -0.01800 -2.00000
105140972 -0.99131 -0.01400 -2.00000
105140973 -0.99131 -0.01000 -2.00000
105140974 -0.99131 -0.00600 -2.00000
105140975 -0.99131 -0.00200 -2.00000
105140976 -0.99131 0.00200 -2.00000
105140977 -0.99131 0.00600 -2.00000
105140978 -0.99131 0.01000 -2.00000
105140979 -0.99131 0.01400 -2.00000
105140980 -0.99131 0.01800 -2.00000
105140981 -0.99131 0.02200 -2.00000
105140982 -0.99131 0.02600 -2.00000
105140983 -0.99131 0.03000 -2.00000
105140984 -0.99131 0.03400 -2.00000
105140985 -0.99131 0.03800 -2.00000
105140986 -0.99131 0.04200 -2.00000
105140987 -0.99131 0.04600 -2.00000
105140988 -0.99131 0.05000 -2.00000
105140989 -0.99131 0.05400 -2.00000
105140990 -0.99131 0.05800 -2.00000
105140991 -0.99131 0.06200 -2.00000
105140992 -0.99131 0.06600 -2.00000
105140993 -0.99131 0.07000 -2.00000
105140994 -0.99131 0.07400 -2.00000
105140995 -0.99131 0.07800 -2.00000
105140996 -0.99131 0.08200 -2.00000
105140997 -0.99131 0.08600 -2.00000
105140998 -0.99131 0.09000 -2.00000
105140999 -0.99131 0.09400 -2.00000
105141000 -0.99131 0.09800 -2.00000
105141001 -0.99131 0.10200 -2.00000
105141002 -0.99131 0.10600 -2.00000
105141003 -0.99131 0.11000 -2.00000
105141004 -0.99131 0.11400 -2.00000
105141005 -0.99131 0.11800 -2.00000
105141006 -0.99131 0.12200 -2.00000
105141007 -0.99131 0.12600 -2.00000
105141008 -0.99131 0.13000 -2.00000
105141009 -0.99131 0.13400 -2.00000
105141010 -0.99131 0.13800 -2.00000
105141011 -0.99131 0.14200 -2.00000
105141012 -0.99131 0.14600 -2.00000
105141013 -0.99131 0.15000 -2.00000
105141014 -0.99131 0.15400 -2.00000
105141015 -0.99131 0.15800 -2.00000
105141016 -0.99131 0.16200 -2.00000
105141017 -0.99131 0.16600 -2.00000
105141018 -0.99131 0.17000 -2.00000
105141019 -0.99131 0.17400 -2.00000
105141020 -0.99131 0.17800 -2.00000
105141021 -0.99131 0.18200 -2.00000
105141022 -0.99131 0.18600 -2.00000
105141023 -0.99131 0.19000 -2.00000
105141024 -0.99131 0.19400 -2.00000
105141025 -0.99131 0.19800 -2.00000
105141026 -0.99131 0.20200 -2.00000
105141027 -0.99131 0.20600 -2.00000
105141028 -0.99131 0.21000 -2.00000
105141029 -0.99131 0.21400 -2.00000
105141030 -0.99131 0.21800 -2.00000
105141031 -0.99131 0.22200 -2.00000
105141032 -0.99131 0.22600 -2.00000
105141033 -0.99131 0.23000 -2.00000
105141034 -0.99131 0.23400 -2.00000
105141035 -0.99131 0.23800 -2.00000
105141036 -0.99131 0.24200 -2.00000
105141037 -0.99131 0.24600 -2.00000
105141038 -0.99131 0.25000 -2.00000
105141039 -0.99131 0.25400 -2.00000
105141040 -0.99131 0.25800 -2.00000
105141041 -0.99131 0.26200 -2.00000
105141042 -0.99131 0.26600 -2.00000
105141043 -0.99131 0.27000 -2.00000
105141044 -0.99131 0.27400 -2.00000
105141045 -0.99131 0.27800 -2.00000
105141046 -0.99131 0.28200 -2.00000
105141047 -0.99131 0.28600 -2.00000
105141048 -0.99131 0.29000 -2.00000
105141049 -0.99131 0.29400 -2.00000
105141050 -0.99131 0.29800 -2.00000
105141051 -0.98281 -0.29800 -2.00000
105141052 -0.98281 -0.29400 -2.00000
105141053 -0.98281 -0.29000 -2.00000
105141054 -0.98281 -0.28600 -2.00000
105141055 -0.98281 -0.28200 -2.00000
105141056 -0.98281 -0.27800 -2.00000
105141057 -0.98281 -0.27400 -2.00000
105141058 -0.98281 -0.27000 -2.00000
105141059 -0.98281 -0.26600 -2.00000
105141060 -0.98281 -0.26200 -2.00000
105141061 -0.98281 -0.25800 -2.00000
105141062 -0.98281 -0.25400 -2.00000
105141063 -0.98281 -0.25000 -2.00000
105141064 -0.98281 -0.24600 -2.00000
105141065 -0.98281 -0.24200 -2.00000
105141066 -0.98281 -0.23800 -2.00000
105141067 -0.98281 -0.23400 -2.00000
105141068 -0.98281 -0.23000 -2.00000
105141069 -0.98281 -0.22600 -2.00000
105141070 -0.98281 -0.22200 -2.00000
105141071 -0.98281 -0.21800 -2.00000
105141072 -0.98281 -0.21400 -2.00000
105141073 -0.98281 -0.21000 -2.00000
105141074 -0.98281 -0.20600 -2.00000
105141075 -0.98281 -0.20200 -2.00000
105141076 -0.98281 -0.19800 -2.00000
105141077 -0.98281 -0.19400 -2.00000
105141078 -0.98281 -0.19000 -2.00000
105141079 -0.98281 -0.18600 -2.00000
105141080 -0.98281 -0.18200 -2.00000
105141081 -0.98281 -0.17800 -2.00000
105141082 -0.98281 -0.17400 -2.00000
105141083 -0.98281 -0.17000 -2.00000
105141084 -0.98281 -0.16600 -2.00000
105141085 -0.98281 -0.16200 -2.00000
105141086 -0.98281 -0.15800 -2.00000
105141087 -0.98281 -0.15400 -2.00000
105141088 -0.98281 -0.15000 -2.00000
105141089 -0.98281 -0.14600 -2.00000
105141090 -0.98281 -0.14200 -2.00000
105141091 -0.98281 -0.13800 -2.00000
105141092 -0.98281 -0.13400 -2.00000
105141093 -0.98281 -0.13000 -2.00000
105141094 -0.98281 -0.12600 -2.00000
105141095 -0.98281 -0.12200 -2.00000
105141096 -0.98281 -0.11800 -2.00000
105141097 -0.98281 -0.11400 -2.00000
105141098 -0.98281 -0.11000 -2.00000
105141099 -0.98281 -0.10600 -2.00000
105141100 -0.98281 -0.10200 -2.00000
105141101 -0.98281 -0.09800 -2.00000
105141102 -0.98281 -0.09400 -2.00000
105141103 -0.98281 -0.09000 -2.00000
105141104 -0.98281 -0.08600 -2.00000
105141105 -0.98281 -0.08200 -2.00000
105141106 -0.98281 -0.07800 -2.00000
105141107 -0.98281 -0.07400 -2.00000
105141108 -0.98281 -0.07000 -2.00000
105141109 -0.98281 -0.06600 -2.00000
105141110 -0.98281 -0.06200 -2.00000
105141111 -0.98281 -0.05800 -2.00000
105141112 -0.98281 -0.05400 -2.00000
105141113 -0.98281 -0.05000 -2.00000
105141114 -0.98281 -0.04600 -2.00000
105141115 -0.98281 -0.04200 -2.00000
105141116 -0.98281 -0.03800 -2.00000
105141117 -0.98281 -0.03400 -2.00000
105141118 -0.98281 -0.03000 -2.00000
105141119 -0.98281 -0.02600 -2.00000
105141120 -0.98281 -0.02200 -2.00000
105141121 -0.98281 -0.01800 -2.00000
105141122 -0.98281 -0.01400 -2.00000
105141123 -0.98281 -0.01000 -2.00000
105141124 -0.98281 -0.00600 -2.00000
105141125 -0.98281 -0.00200 -2.00000
105141126 -0.98281 0.00200 -2.00000
105141127 -0.98281 0.00600 -2.00000
105141128 -0.98281 0.01000 -2.00000
105141129 -0.98281 0.01400 -2.00000
105141130 -0.98281 0.01800 -2.00000
105141131 -0.98281 0.02200 -2.00000
105141132 -0.98281 0.02600 -2.00000
105141133 -0.98281 0.03000 -2.00000
105141134 -0.98281 0.03400 -2.00000
105141135 -0.98281 0.03800 -2.00000
105141136 -0.98281 0.04200 -2.00000
105141137 -0.98281 0.04600 -2.00000
105141138 -0.98281 0.05000 -2.00000
105141139 -0.98281 0.05400 -2.00000
105141140 -0.98281 0.05800 -2.00000
105141141 -0.98281 0.06200 -2.00000
105141142 -0.98281 0.06600 -2.00000
105141143 -0.98281 0.07000 -2.00000
105141144 -0.98281 0.07400 -2.00000
105141145 -0.98281 0.07800 -2.00000
105141146 -0.98281 0.08200 -2.00000
105141147 -0.98281 0.08600 -2.00000
105141148 -0.98281 0.09000 -2.00000
105141149 -0.98281 0.09400 -2.00000
105141150 -0.98281 0.09800 -2.00000
105141151 -0.98281 0.10200 -2.00000
105141152 -0.98281 0.10600 -2.00000
105141153 -0.98281 0.11000 -2.00000
105141154 -0.98281 0.11400 -2.00000
105141155 -0.98281 0.11800 -2.00000
105141156 -0.98281 0.12200 -2.00000
105141157 -0.98281 0.12600 -2.00000
105141158 -0.98281 0.13000 -2.00000
105141159 -0.98281 0.13400 -2.00000
105141160 -0.98281 0.13800 -2.00000
105141161 -0.98281 0.14200 -2.00000
105141162 -0.98281 0.14600 -2.00000
105141163 -0.98281 0.15000 -2.00000
105141164 -0.98281 0.15400 -2.00000
105141165 -0.98281 0.15800 -2.00000
105141166 -0.98281 0.16200 -2.00000
105141167 -0.98281 0.16600 -2.00000
105141168 -0.98281 0.17000 -2.00000
105141169 -0.98281 0.17400 -2.00000
105141170 -0.98281 0.17800 -2.00000
105141171 -0.98281 0.18200 -2.00000
105141172 -0.98281 0.18600 -2.00000
105141173 -0.98281 0.19000 -2.00000
105141174 -0.98281 0.19400 -2.00000
105141175 -0.98281 0.19800 -2.00000
105141176 -0.98281 0.20200 -2.00000
105141177 -0.98281 0.20600 -2.00000
105141178 -0.98281 0.21000 -2.00000
105141179 -0.98281 0.21400 -2.00000
105141180 -0.98281 0.21800 -2.00000
105141181 -0.98281 0.22200 -2.00000
105141182 -0.98281 0.22600 -2.00000
105141183 -0.98281 0.23000 -2.00000
105141184 -0.98281 0.23400 -2.00000
105141185 -0.98281 0.23800 -2.00000
105141186 -0.98281 0.24200 -2.00000
105141187 -0.98281 0.24600 -2.00000
105141188 -0.98281 0.25000 -2.00000
105141189 -0.98281 0.25400 -2.00000
105141190 -0.98281 0.25800 -2.00000
105141191 -0.98281 0.26200 -2.00000
105141192 -0.98281 0.26600 -2.00000
105141193 -0.98281 0.27000 -2.00000
105141194 -0.98281 0.27400 -2.00000
105141195 -0.98281 0.27800 -2.00000
105141196 -0.98281 0.28200 -2.00000
105141197 -0.98281 0.28600 -2.00000
105141198 -0.98281 0.29000 -2.00000
105141199 -0.98281 0.29400 -2.00000
105141200 -0.98281 0.29800 -2.00000
