# pixelID  x  y  z
104020001 -0.21431 0.50200 -2.00000
104020002 -0.21431 0.50600 -2.00000
104020003 -0.21431 0.51000 -2.00000
104020004 -0.21431 0.51400 -2.00000
104020005 -0.21431 0.51800 -2.00000
104020006 -0.21431 0.52200 -2.00000
104020007 -0.21431 0.52600 -2.00000
104020008 -0.21431 0.53000 -2.00000
104020009 -0.21431 0.53400 -2.00000
104020010 -0.21431 0.53800 -2.00000
104020011 -0.21431 0.54200 -2.00000
104020012 -0.21431 0.54600 -2.00000
104020013 -0.21431 0.55000 -2.00000
104020014 -0.21431 0.55400 -2.00000
104020015 -0.21431 0.55800 -2.00000
104020016 -0.21431 0.56200 -2.00000
104020017 -0.21431 0.56600 -2.00000
104020018 -0.21431 0.57000 -2.00000
104020019 -0.21431 0.57400 -2.00000
104020020 -0.21431 0.57800 -2.00000
104020021 -0.21431 0.58200 -2.00000
104020022 -0.21431 0.58600 -2.00000
104020023 -0.21431 0.59000 -2.00000
104020024 -0.21431 0.59400 -2.00000
104020025 -0.21431 0.59800 -2.00000
104020026 -0.21431 0.60200 -2.00000
104020027 -0.21431 0.60600 -2.00000
104020028 -0.21431 0.61000 -2.00000
104020029 -0.21431 0.61400 -2.00000
104020030 -0.21431 0.61800 -2.00000
104020031 -0.21431 0.62200 -2.00000
104020032 -0.21431 0.62600 -2.00000
104020033 -0.21431 0.63000 -2.00000
104020034 -0.21431 0.63400 -2.00000
104020035 -0.21431 0.63800 -2.00000
104020036 -0.21431 0.64200 -2.00000
104020037 -0.21431 0.64600 -2.00000
104020038 -0.21431 0.65000 -2.00000
104020039 -0.21431 0.65400 -2.00000
104020040 -0.21431 0.65800 -2.00000
104020041 -0.21431 0.66200 -2.00000
104020042 -0.21431 0.66600 -2.00000
104020043 -0.21431 0.67000 -2.00000
104020044 -0.21431 0.67400 -2.00000
104020045 -0.21431 0.67800 -2.00000
104020046 -0.21431 0.68200 -2.00000
104020047 -0.21431 0.68600 -2.00000
104020048 -0.21431 0.69000 -2.00000
104020049 -0.21431 0.69400 -2.00000
104020050 -0.21431 0.69800 -2.00000
104020051 -0.21431 0.70200 -2.00000
104020052 -0.21431 0.70600 -2.00000
104020053 -0.21431 0.71000 -2.00000
104020054 -0.21431 0.71400 -2.00000
104020055 -0.21431 0.71800 -2.00000
104020056 -0.21431 0.72200 -2.00000
104020057 -0.21431 0.72600 -2.00000
104020058 -0.21431 0.73000 -2.00000
104020059 -0.21431 0.73400 -2.00000
104020060 -0.21431 0.73800 -2.00000
104020061 -0.21431 0.74200 -2.00000
104020062 -0.21431 0.74600 -2.00000
104020063 -0.21431 0.75000 -2.00000
104020064 -0.21431 0.75400 -2.00000
104020065 -0.21431 0.75800 -2.00000
104020066 -0.21431 0.76200 -2.00000
104020067 -0.21431 0.76600 -2.00000
104020068 -0.21431 0.77000 -2.00000
104020069 -0.21431 0.77400 -2.00000
104020070 -0.21431 0.77800 -2.00000
104020071 -0.21431 0.78200 -2.00000
104020072 -0.21431 0.78600 -2.00000
104020073 -0.21431 0.79000 -2.00000
104020074 -0.21431 0.79400 -2.00000
104020075 -0.21431 0.79800 -2.00000
104020076 -0.21431 0.80200 -2.00000
104020077 -0.21431 0.80600 -2.00000
104020078 -0.21431 0.81000 -2.00000
104020079 -0.21431 0.81400 -2.00000
104020080 -0.21431 0.81800 -2.00000
104020081 -0.21431 0.82200 -2.00000
104020082 -0.21431 0.82600 -2.00000
104020083 -0.21431 0.83000 -2.00000
104020084 -0.21431 0.83400 -2.00000
104020085 -0.21431 0.83800 -2.00000
104020086 -0.21431 0.84200 -2.00000
104020087 -0.21431 0.84600 -2.00000
104020088 -0.21431 0.85000 -2.00000
104020089 -0.21431 0.85400 -2.00000
104020090 -0.21431 0.85800 -2.00000
104020091 -0.21431 0.86200 -2.00000
104020092 -0.21431 0.86600 -2.00000
104020093 -0.21431 0.87000 -2.00000
104020094 -0.21431 0.87400 -2.00000
104020095 -0.21431 0.87800 -2.00000
104020096 -0.21431 0.88200 -2.00000
104020097 -0.21431 0.88600 -2.00000
104020098 -0.21431 0.89000 -2.00000
104020099 -0.21431 0.89400 -2.00000
104020100 -0.21431 0.89800 -2.00000
104020101 -0.21431 0.90200 -2.00000
104020102 -0.21431 0.90600 -2.00000
104020103 -0.21431 0.91000 -2.00000
104020104 -0.21431 0.91400 -2.00000
104020105 -0.21431 0.91800 -2.00000
104020106 -0.21431 0.92200 -2.00000
104020107 -0.21431 0.92600 -2.00000
104020108 -0.21431 0.93000 -2.00000
104020109 -0.21431 0.93400 -2.00000
104020110 -0.21431 0.93800 -2.00000
104020111 -0.21431 0.94200 -2.00000
104020112 -0.21431 0.94600 -2.00000
104020113 -0.21431 0.95000 -2.00000
104020114 -0.21431 0.95400 -2.00000
104020115 -0.21431 0.95800 -2.00000
104020116 -0.21431 0.96200 -2.00000
104020117 -0.21431 0.96600 -2.00000
104020118 -0.21431 0.97000 -2.00000
104020119 -0.21431 0.97400 -2.00000
104020120 -0.21431 0.97800 -2.00000
104020121 -0.21431 0.98200 -2.00000
104020122 -0.21431 0.98600 -2.00000
104020123 -0.21431 0.99000 -2.00000
104020124 -0.21431 0.99400 -2.00000
104020125 -0.21431 0.99800 -2.00000
104020126 -0.21431 1.00200 -2.00000
104020127 -0.21431 1.00600 -2.00000
104020128 -0.21431 1.01000 -2.00000
104020129 -0.21431 1.01400 -2.00000
104020130 -0.21431 1.01800 -2.00000
104020131 -0.21431 1.02200 -2.00000
104020132 -0.21431 1.02600 -2.00000
104020133 -0.21431 1.03000 -2.00000
104020134 -0.21431 1.03400 -2.00000
104020135 -0.21431 1.03800 -2.00000
104020136 -0.21431 1.04200 -2.00000
104020137 -0.21431 1.04600 -2.00000
104020138 -0.21431 1.05000 -2.00000
104020139 -0.21431 1.05400 -2.00000
104020140 -0.21431 1.05800 -2.00000
104020141 -0.21431 1.06200 -2.00000
104020142 -0.21431 1.06600 -2.00000
104020143 -0.21431 1.07000 -2.00000
104020144 -0.21431 1.07400 -2.00000
104020145 -0.21431 1.07800 -2.00000
104020146 -0.21431 1.08200 -2.00000
104020147 -0.21431 1.08600 -2.00000
104020148 -0.21431 1.09000 -2.00000
104020149 -0.21431 1.09400 -2.00000
104020150 -0.21431 1.09800 -2.00000
104020151 -0.20581 0.50200 -2.00000
104020152 -0.20581 0.50600 -2.00000
104020153 -0.20581 0.51000 -2.00000
104020154 -0.20581 0.51400 -2.00000
104020155 -0.20581 0.51800 -2.00000
104020156 -0.20581 0.52200 -2.00000
104020157 -0.20581 0.52600 -2.00000
104020158 -0.20581 0.53000 -2.00000
104020159 -0.20581 0.53400 -2.00000
104020160 -0.20581 0.53800 -2.00000
104020161 -0.20581 0.54200 -2.00000
104020162 -0.20581 0.54600 -2.00000
104020163 -0.20581 0.55000 -2.00000
104020164 -0.20581 0.55400 -2.00000
104020165 -0.20581 0.55800 -2.00000
104020166 -0.20581 0.56200 -2.00000
104020167 -0.20581 0.56600 -2.00000
104020168 -0.20581 0.57000 -2.00000
104020169 -0.20581 0.57400 -2.00000
104020170 -0.20581 0.57800 -2.00000
104020171 -0.20581 0.58200 -2.00000
104020172 -0.20581 0.58600 -2.00000
104020173 -0.20581 0.59000 -2.00000
104020174 -0.20581 0.59400 -2.00000
104020175 -0.20581 0.59800 -2.00000
104020176 -0.20581 0.60200 -2.00000
104020177 -0.20581 0.60600 -2.00000
104020178 -0.20581 0.61000 -2.00000
104020179 -0.20581 0.61400 -2.00000
104020180 -0.20581 0.61800 -2.00000
104020181 -0.20581 0.62200 -2.00000
104020182 -0.20581 0.62600 -2.00000
104020183 -0.20581 0.63000 -2.00000
104020184 -0.20581 0.63400 -2.00000
104020185 -0.20581 0.63800 -2.00000
104020186 -0.20581 0.64200 -2.00000
104020187 -0.20581 0.64600 -2.00000
104020188 -0.20581 0.65000 -2.00000
104020189 -0.20581 0.65400 -2.00000
104020190 -0.20581 0.65800 -2.00000
104020191 -0.20581 0.66200 -2.00000
104020192 -0.20581 0.66600 -2.00000
104020193 -0.20581 0.67000 -2.00000
104020194 -0.20581 0.67400 -2.00000
104020195 -0.20581 0.67800 -2.00000
104020196 -0.20581 0.68200 -2.00000
104020197 -0.20581 0.68600 -2.00000
104020198 -0.20581 0.69000 -2.00000
104020199 -0.20581 0.69400 -2.00000
104020200 -0.20581 0.69800 -2.00000
104020201 -0.20581 0.70200 -2.00000
104020202 -0.20581 0.70600 -2.00000
104020203 -0.20581 0.71000 -2.00000
104020204 -0.20581 0.71400 -2.00000
104020205 -0.20581 0.71800 -2.00000
104020206 -0.20581 0.72200 -2.00000
104020207 -0.20581 0.72600 -2.00000
104020208 -0.20581 0.73000 -2.00000
104020209 -0.20581 0.73400 -2.00000
104020210 -0.20581 0.73800 -2.00000
104020211 -0.20581 0.74200 -2.00000
104020212 -0.20581 0.74600 -2.00000
104020213 -0.20581 0.75000 -2.00000
104020214 -0.20581 0.75400 -2.00000
104020215 -0.20581 0.75800 -2.00000
104020216 -0.20581 0.76200 -2.00000
104020217 -0.20581 0.76600 -2.00000
104020218 -0.20581 0.77000 -2.00000
104020219 -0.20581 0.77400 -2.00000
104020220 -0.20581 0.77800 -2.00000
104020221 -0.20581 0.78200 -2.00000
104020222 -0.20581 0.78600 -2.00000
104020223 -0.20581 0.79000 -2.00000
104020224 -0.20581 0.79400 -2.00000
104020225 -0.20581 0.79800 -2.00000
104020226 -0.20581 0.80200 -2.00000
104020227 -0.20581 0.80600 -2.00000
104020228 -0.20581 0.81000 -2.00000
104020229 -0.20581 0.81400 -2.00000
104020230 -0.20581 0.81800 -2.00000
104020231 -0.20581 0.82200 -2.00000
104020232 -0.20581 0.82600 -2.00000
104020233 -0.20581 0.83000 -2.00000
104020234 -0.20581 0.83400 -2.00000
104020235 -0.20581 0.83800 -2.00000
104020236 -0.20581 0.84200 -2.00000
104020237 -0.20581 0.84600 -2.00000
104020238 -0.20581 0.85000 -2.00000
104020239 -0.20581 0.85400 -2.00000
104020240 -0.20581 0.85800 -2.00000
104020241 -0.20581 0.86200 -2.00000
104020242 -0.20581 0.86600 -2.00000
104020243 -0.20581 0.87000 -2.00000
104020244 -0.20581 0.87400 -2.00000
104020245 -0.20581 0.87800 -2.00000
104020246 -0.20581 0.88200 -2.00000
104020247 -0.20581 0.88600 -2.00000
104020248 -0.20581 0.89000 -2.00000
104020249 -0.20581 0.89400 -2.00000
104020250 -0.20581 0.89800 -2.00000
104020251 -0.20581 0.90200 -2.00000
104020252 -0.20581 0.90600 -2.00000
104020253 -0.20581 0.91000 -2.00000
104020254 -0.20581 0.91400 -2.00000
104020255 -0.20581 0.91800 -2.00000
104020256 -0.20581 0.92200 -2.00000
104020257 -0.20581 0.92600 -2.00000
104020258 -0.20581 0.93000 -2.00000
104020259 -0.20581 0.93400 -2.00000
104020260 -0.20581 0.93800 -2.00000
104020261 -0.20581 0.94200 -2.00000
104020262 -0.20581 0.94600 -2.00000
104020263 -0.20581 0.95000 -2.00000
104020264 -0.20581 0.95400 -2.00000
104020265 -0.20581 0.95800 -2.00000
104020266 -0.20581 0.96200 -2.00000
104020267 -0.20581 0.96600 -2.00000
104020268 -0.20581 0.97000 -2.00000
104020269 -0.20581 0.97400 -2.00000
104020270 -0.20581 0.97800 -2.00000
104020271 -0.20581 0.98200 -2.00000
104020272 -0.20581 0.98600 -2.00000
104020273 -0.20581 0.99000 -2.00000
104020274 -0.20581 0.99400 -2.00000
104020275 -0.20581 0.99800 -2.00000
104020276 -0.20581 1.00200 -2.00000
104020277 -0.20581 1.00600 -2.00000
104020278 -0.20581 1.01000 -2.00000
104020279 -0.20581 1.01400 -2.00000
104020280 -0.20581 1.01800 -2.00000
104020281 -0.20581 1.02200 -2.00000
104020282 -0.20581 1.02600 -2.00000
104020283 -0.20581 1.03000 -2.00000
104020284 -0.20581 1.03400 -2.00000
104020285 -0.20581 1.03800 -2.00000
104020286 -0.20581 1.04200 -2.00000
104020287 -0.20581 1.04600 -2.00000
104020288 -0.20581 1.05000 -2.00000
104020289 -0.20581 1.05400 -2.00000
104020290 -0.20581 1.05800 -2.00000
104020291 -0.20581 1.06200 -2.00000
104020292 -0.20581 1.06600 -2.00000
104020293 -0.20581 1.07000 -2.00000
104020294 -0.20581 1.07400 -2.00000
104020295 -0.20581 1.07800 -2.00000
104020296 -0.20581 1.08200 -2.00000
104020297 -0.20581 1.08600 -2.00000
104020298 -0.20581 1.09000 -2.00000
104020299 -0.20581 1.09400 -2.00000
104020300 -0.20581 1.09800 -2.00000
104020301 -0.19731 0.50200 -2.00000
104020302 -0.19731 0.50600 -2.00000
104020303 -0.19731 0.51000 -2.00000
104020304 -0.19731 0.51400 -2.00000
104020305 -0.19731 0.51800 -2.00000
104020306 -0.19731 0.52200 -2.00000
104020307 -0.19731 0.52600 -2.00000
104020308 -0.19731 0.53000 -2.00000
104020309 -0.19731 0.53400 -2.00000
104020310 -0.19731 0.53800 -2.00000
104020311 -0.19731 0.54200 -2.00000
104020312 -0.19731 0.54600 -2.00000
104020313 -0.19731 0.55000 -2.00000
104020314 -0.19731 0.55400 -2.00000
104020315 -0.19731 0.55800 -2.00000
104020316 -0.19731 0.56200 -2.00000
104020317 -0.19731 0.56600 -2.00000
104020318 -0.19731 0.57000 -2.00000
104020319 -0.19731 0.57400 -2.00000
104020320 -0.19731 0.57800 -2.00000
104020321 -0.19731 0.58200 -2.00000
104020322 -0.19731 0.58600 -2.00000
104020323 -0.19731 0.59000 -2.00000
104020324 -0.19731 0.59400 -2.00000
104020325 -0.19731 0.59800 -2.00000
104020326 -0.19731 0.60200 -2.00000
104020327 -0.19731 0.60600 -2.00000
104020328 -0.19731 0.61000 -2.00000
104020329 -0.19731 0.61400 -2.00000
104020330 -0.19731 0.61800 -2.00000
104020331 -0.19731 0.62200 -2.00000
104020332 -0.19731 0.62600 -2.00000
104020333 -0.19731 0.63000 -2.00000
104020334 -0.19731 0.63400 -2.00000
104020335 -0.19731 0.63800 -2.00000
104020336 -0.19731 0.64200 -2.00000
104020337 -0.19731 0.64600 -2.00000
104020338 -0.19731 0.65000 -2.00000
104020339 -0.19731 0.65400 -2.00000
104020340 -0.19731 0.65800 -2.00000
104020341 -0.19731 0.66200 -2.00000
104020342 -0.19731 0.66600 -2.00000
104020343 -0.19731 0.67000 -2.00000
104020344 -0.19731 0.67400 -2.00000
104020345 -0.19731 0.67800 -2.00000
104020346 -0.19731 0.68200 -2.00000
104020347 -0.19731 0.68600 -2.00000
104020348 -0.19731 0.69000 -2.00000
104020349 -0.19731 0.69400 -2.00000
104020350 -0.19731 0.69800 -2.00000
104020351 -0.19731 0.70200 -2.00000
104020352 -0.19731 0.70600 -2.00000
104020353 -0.19731 0.71000 -2.00000
104020354 -0.19731 0.71400 -2.00000
104020355 -0.19731 0.71800 -2.00000
104020356 -0.19731 0.72200 -2.00000
104020357 -0.19731 0.72600 -2.00000
104020358 -0.19731 0.73000 -2.00000
104020359 -0.19731 0.73400 -2.00000
104020360 -0.19731 0.73800 -2.00000
104020361 -0.19731 0.74200 -2.00000
104020362 -0.19731 0.74600 -2.00000
104020363 -0.19731 0.75000 -2.00000
104020364 -0.19731 0.75400 -2.00000
104020365 -0.19731 0.75800 -2.00000
104020366 -0.19731 0.76200 -2.00000
104020367 -0.19731 0.76600 -2.00000
104020368 -0.19731 0.77000 -2.00000
104020369 -0.19731 0.77400 -2.00000
104020370 -0.19731 0.77800 -2.00000
104020371 -0.19731 0.78200 -2.00000
104020372 -0.19731 0.78600 -2.00000
104020373 -0.19731 0.79000 -2.00000
104020374 -0.19731 0.79400 -2.00000
104020375 -0.19731 0.79800 -2.00000
104020376 -0.19731 0.80200 -2.00000
104020377 -0.19731 0.80600 -2.00000
104020378 -0.19731 0.81000 -2.00000
104020379 -0.19731 0.81400 -2.00000
104020380 -0.19731 0.81800 -2.00000
104020381 -0.19731 0.82200 -2.00000
104020382 -0.19731 0.82600 -2.00000
104020383 -0.19731 0.83000 -2.00000
104020384 -0.19731 0.83400 -2.00000
104020385 -0.19731 0.83800 -2.00000
104020386 -0.19731 0.84200 -2.00000
104020387 -0.19731 0.84600 -2.00000
104020388 -0.19731 0.85000 -2.00000
104020389 -0.19731 0.85400 -2.00000
104020390 -0.19731 0.85800 -2.00000
104020391 -0.19731 0.86200 -2.00000
104020392 -0.19731 0.86600 -2.00000
104020393 -0.19731 0.87000 -2.00000
104020394 -0.19731 0.87400 -2.00000
104020395 -0.19731 0.87800 -2.00000
104020396 -0.19731 0.88200 -2.00000
104020397 -0.19731 0.88600 -2.00000
104020398 -0.19731 0.89000 -2.00000
104020399 -0.19731 0.89400 -2.00000
104020400 -0.19731 0.89800 -2.00000
104020401 -0.19731 0.90200 -2.00000
104020402 -0.19731 0.90600 -2.00000
104020403 -0.19731 0.91000 -2.00000
104020404 -0.19731 0.91400 -2.00000
104020405 -0.19731 0.91800 -2.00000
104020406 -0.19731 0.92200 -2.00000
104020407 -0.19731 0.92600 -2.00000
104020408 -0.19731 0.93000 -2.00000
104020409 -0.19731 0.93400 -2.00000
104020410 -0.19731 0.93800 -2.00000
104020411 -0.19731 0.94200 -2.00000
104020412 -0.19731 0.94600 -2.00000
104020413 -0.19731 0.95000 -2.00000
104020414 -0.19731 0.95400 -2.00000
104020415 -0.19731 0.95800 -2.00000
104020416 -0.19731 0.96200 -2.00000
104020417 -0.19731 0.96600 -2.00000
104020418 -0.19731 0.97000 -2.00000
104020419 -0.19731 0.97400 -2.00000
104020420 -0.19731 0.97800 -2.00000
104020421 -0.19731 0.98200 -2.00000
104020422 -0.19731 0.98600 -2.00000
104020423 -0.19731 0.99000 -2.00000
104020424 -0.19731 0.99400 -2.00000
104020425 -0.19731 0.99800 -2.00000
104020426 -0.19731 1.00200 -2.00000
104020427 -0.19731 1.00600 -2.00000
104020428 -0.19731 1.01000 -2.00000
104020429 -0.19731 1.01400 -2.00000
104020430 -0.19731 1.01800 -2.00000
104020431 -0.19731 1.02200 -2.00000
104020432 -0.19731 1.02600 -2.00000
104020433 -0.19731 1.03000 -2.00000
104020434 -0.19731 1.03400 -2.00000
104020435 -0.19731 1.03800 -2.00000
104020436 -0.19731 1.04200 -2.00000
104020437 -0.19731 1.04600 -2.00000
104020438 -0.19731 1.05000 -2.00000
104020439 -0.19731 1.05400 -2.00000
104020440 -0.19731 1.05800 -2.00000
104020441 -0.19731 1.06200 -2.00000
104020442 -0.19731 1.06600 -2.00000
104020443 -0.19731 1.07000 -2.00000
104020444 -0.19731 1.07400 -2.00000
104020445 -0.19731 1.07800 -2.00000
104020446 -0.19731 1.08200 -2.00000
104020447 -0.19731 1.08600 -2.00000
104020448 -0.19731 1.09000 -2.00000
104020449 -0.19731 1.09400 -2.00000
104020450 -0.19731 1.09800 -2.00000
104020451 -0.18881 0.50200 -2.00000
104020452 -0.18881 0.50600 -2.00000
104020453 -0.18881 0.51000 -2.00000
104020454 -0.18881 0.51400 -2.00000
104020455 -0.18881 0.51800 -2.00000
104020456 -0.18881 0.52200 -2.00000
104020457 -0.18881 0.52600 -2.00000
104020458 -0.18881 0.53000 -2.00000
104020459 -0.18881 0.53400 -2.00000
104020460 -0.18881 0.53800 -2.00000
104020461 -0.18881 0.54200 -2.00000
104020462 -0.18881 0.54600 -2.00000
104020463 -0.18881 0.55000 -2.00000
104020464 -0.18881 0.55400 -2.00000
104020465 -0.18881 0.55800 -2.00000
104020466 -0.18881 0.56200 -2.00000
104020467 -0.18881 0.56600 -2.00000
104020468 -0.18881 0.57000 -2.00000
104020469 -0.18881 0.57400 -2.00000
104020470 -0.18881 0.57800 -2.00000
104020471 -0.18881 0.58200 -2.00000
104020472 -0.18881 0.58600 -2.00000
104020473 -0.18881 0.59000 -2.00000
104020474 -0.18881 0.59400 -2.00000
104020475 -0.18881 0.59800 -2.00000
104020476 -0.18881 0.60200 -2.00000
104020477 -0.18881 0.60600 -2.00000
104020478 -0.18881 0.61000 -2.00000
104020479 -0.18881 0.61400 -2.00000
104020480 -0.18881 0.61800 -2.00000
104020481 -0.18881 0.62200 -2.00000
104020482 -0.18881 0.62600 -2.00000
104020483 -0.18881 0.63000 -2.00000
104020484 -0.18881 0.63400 -2.00000
104020485 -0.18881 0.63800 -2.00000
104020486 -0.18881 0.64200 -2.00000
104020487 -0.18881 0.64600 -2.00000
104020488 -0.18881 0.65000 -2.00000
104020489 -0.18881 0.65400 -2.00000
104020490 -0.18881 0.65800 -2.00000
104020491 -0.18881 0.66200 -2.00000
104020492 -0.18881 0.66600 -2.00000
104020493 -0.18881 0.67000 -2.00000
104020494 -0.18881 0.67400 -2.00000
104020495 -0.18881 0.67800 -2.00000
104020496 -0.18881 0.68200 -2.00000
104020497 -0.18881 0.68600 -2.00000
104020498 -0.18881 0.69000 -2.00000
104020499 -0.18881 0.69400 -2.00000
104020500 -0.18881 0.69800 -2.00000
104020501 -0.18881 0.70200 -2.00000
104020502 -0.18881 0.70600 -2.00000
104020503 -0.18881 0.71000 -2.00000
104020504 -0.18881 0.71400 -2.00000
104020505 -0.18881 0.71800 -2.00000
104020506 -0.18881 0.72200 -2.00000
104020507 -0.18881 0.72600 -2.00000
104020508 -0.18881 0.73000 -2.00000
104020509 -0.18881 0.73400 -2.00000
104020510 -0.18881 0.73800 -2.00000
104020511 -0.18881 0.74200 -2.00000
104020512 -0.18881 0.74600 -2.00000
104020513 -0.18881 0.75000 -2.00000
104020514 -0.18881 0.75400 -2.00000
104020515 -0.18881 0.75800 -2.00000
104020516 -0.18881 0.76200 -2.00000
104020517 -0.18881 0.76600 -2.00000
104020518 -0.18881 0.77000 -2.00000
104020519 -0.18881 0.77400 -2.00000
104020520 -0.18881 0.77800 -2.00000
104020521 -0.18881 0.78200 -2.00000
104020522 -0.18881 0.78600 -2.00000
104020523 -0.18881 0.79000 -2.00000
104020524 -0.18881 0.79400 -2.00000
104020525 -0.18881 0.79800 -2.00000
104020526 -0.18881 0.80200 -2.00000
104020527 -0.18881 0.80600 -2.00000
104020528 -0.18881 0.81000 -2.00000
104020529 -0.18881 0.81400 -2.00000
104020530 -0.18881 0.81800 -2.00000
104020531 -0.18881 0.82200 -2.00000
104020532 -0.18881 0.82600 -2.00000
104020533 -0.18881 0.83000 -2.00000
104020534 -0.18881 0.83400 -2.00000
104020535 -0.18881 0.83800 -2.00000
104020536 -0.18881 0.84200 -2.00000
104020537 -0.18881 0.84600 -2.00000
104020538 -0.18881 0.85000 -2.00000
104020539 -0.18881 0.85400 -2.00000
104020540 -0.18881 0.85800 -2.00000
104020541 -0.18881 0.86200 -2.00000
104020542 -0.18881 0.86600 -2.00000
104020543 -0.18881 0.87000 -2.00000
104020544 -0.18881 0.87400 -2.00000
104020545 -0.18881 0.87800 -2.00000
104020546 -0.18881 0.88200 -2.00000
104020547 -0.18881 0.88600 -2.00000
104020548 -0.18881 0.89000 -2.00000
104020549 -0.18881 0.89400 -2.00000
104020550 -0.18881 0.89800 -2.00000
104020551 -0.18881 0.90200 -2.00000
104020552 -0.18881 0.90600 -2.00000
104020553 -0.18881 0.91000 -2.00000
104020554 -0.18881 0.91400 -2.00000
104020555 -0.18881 0.91800 -2.00000
104020556 -0.18881 0.92200 -2.00000
104020557 -0.18881 0.92600 -2.00000
104020558 -0.18881 0.93000 -2.00000
104020559 -0.18881 0.93400 -2.00000
104020560 -0.18881 0.93800 -2.00000
104020561 -0.18881 0.94200 -2.00000
104020562 -0.18881 0.94600 -2.00000
104020563 -0.18881 0.95000 -2.00000
104020564 -0.18881 0.95400 -2.00000
104020565 -0.18881 0.95800 -2.00000
104020566 -0.18881 0.96200 -2.00000
104020567 -0.18881 0.96600 -2.00000
104020568 -0.18881 0.97000 -2.00000
104020569 -0.18881 0.97400 -2.00000
104020570 -0.18881 0.97800 -2.00000
104020571 -0.18881 0.98200 -2.00000
104020572 -0.18881 0.98600 -2.00000
104020573 -0.18881 0.99000 -2.00000
104020574 -0.18881 0.99400 -2.00000
104020575 -0.18881 0.99800 -2.00000
104020576 -0.18881 1.00200 -2.00000
104020577 -0.18881 1.00600 -2.00000
104020578 -0.18881 1.01000 -2.00000
104020579 -0.18881 1.01400 -2.00000
104020580 -0.18881 1.01800 -2.00000
104020581 -0.18881 1.02200 -2.00000
104020582 -0.18881 1.02600 -2.00000
104020583 -0.18881 1.03000 -2.00000
104020584 -0.18881 1.03400 -2.00000
104020585 -0.18881 1.03800 -2.00000
104020586 -0.18881 1.04200 -2.00000
104020587 -0.18881 1.04600 -2.00000
104020588 -0.18881 1.05000 -2.00000
104020589 -0.18881 1.05400 -2.00000
104020590 -0.18881 1.05800 -2.00000
104020591 -0.18881 1.06200 -2.00000
104020592 -0.18881 1.06600 -2.00000
104020593 -0.18881 1.07000 -2.00000
104020594 -0.18881 1.07400 -2.00000
104020595 -0.18881 1.07800 -2.00000
104020596 -0.18881 1.08200 -2.00000
104020597 -0.18881 1.08600 -2.00000
104020598 -0.18881 1.09000 -2.00000
104020599 -0.18881 1.09400 -2.00000
104020600 -0.18881 1.09800 -2.00000
104020601 -0.18031 0.50200 -2.00000
104020602 -0.18031 0.50600 -2.00000
104020603 -0.18031 0.51000 -2.00000
104020604 -0.18031 0.51400 -2.00000
104020605 -0.18031 0.51800 -2.00000
104020606 -0.18031 0.52200 -2.00000
104020607 -0.18031 0.52600 -2.00000
104020608 -0.18031 0.53000 -2.00000
104020609 -0.18031 0.53400 -2.00000
104020610 -0.18031 0.53800 -2.00000
104020611 -0.18031 0.54200 -2.00000
104020612 -0.18031 0.54600 -2.00000
104020613 -0.18031 0.55000 -2.00000
104020614 -0.18031 0.55400 -2.00000
104020615 -0.18031 0.55800 -2.00000
104020616 -0.18031 0.56200 -2.00000
104020617 -0.18031 0.56600 -2.00000
104020618 -0.18031 0.57000 -2.00000
104020619 -0.18031 0.57400 -2.00000
104020620 -0.18031 0.57800 -2.00000
104020621 -0.18031 0.58200 -2.00000
104020622 -0.18031 0.58600 -2.00000
104020623 -0.18031 0.59000 -2.00000
104020624 -0.18031 0.59400 -2.00000
104020625 -0.18031 0.59800 -2.00000
104020626 -0.18031 0.60200 -2.00000
104020627 -0.18031 0.60600 -2.00000
104020628 -0.18031 0.61000 -2.00000
104020629 -0.18031 0.61400 -2.00000
104020630 -0.18031 0.61800 -2.00000
104020631 -0.18031 0.62200 -2.00000
104020632 -0.18031 0.62600 -2.00000
104020633 -0.18031 0.63000 -2.00000
104020634 -0.18031 0.63400 -2.00000
104020635 -0.18031 0.63800 -2.00000
104020636 -0.18031 0.64200 -2.00000
104020637 -0.18031 0.64600 -2.00000
104020638 -0.18031 0.65000 -2.00000
104020639 -0.18031 0.65400 -2.00000
104020640 -0.18031 0.65800 -2.00000
104020641 -0.18031 0.66200 -2.00000
104020642 -0.18031 0.66600 -2.00000
104020643 -0.18031 0.67000 -2.00000
104020644 -0.18031 0.67400 -2.00000
104020645 -0.18031 0.67800 -2.00000
104020646 -0.18031 0.68200 -2.00000
104020647 -0.18031 0.68600 -2.00000
104020648 -0.18031 0.69000 -2.00000
104020649 -0.18031 0.69400 -2.00000
104020650 -0.18031 0.69800 -2.00000
104020651 -0.18031 0.70200 -2.00000
104020652 -0.18031 0.70600 -2.00000
104020653 -0.18031 0.71000 -2.00000
104020654 -0.18031 0.71400 -2.00000
104020655 -0.18031 0.71800 -2.00000
104020656 -0.18031 0.72200 -2.00000
104020657 -0.18031 0.72600 -2.00000
104020658 -0.18031 0.73000 -2.00000
104020659 -0.18031 0.73400 -2.00000
104020660 -0.18031 0.73800 -2.00000
104020661 -0.18031 0.74200 -2.00000
104020662 -0.18031 0.74600 -2.00000
104020663 -0.18031 0.75000 -2.00000
104020664 -0.18031 0.75400 -2.00000
104020665 -0.18031 0.75800 -2.00000
104020666 -0.18031 0.76200 -2.00000
104020667 -0.18031 0.76600 -2.00000
104020668 -0.18031 0.77000 -2.00000
104020669 -0.18031 0.77400 -2.00000
104020670 -0.18031 0.77800 -2.00000
104020671 -0.18031 0.78200 -2.00000
104020672 -0.18031 0.78600 -2.00000
104020673 -0.18031 0.79000 -2.00000
104020674 -0.18031 0.79400 -2.00000
104020675 -0.18031 0.79800 -2.00000
104020676 -0.18031 0.80200 -2.00000
104020677 -0.18031 0.80600 -2.00000
104020678 -0.18031 0.81000 -2.00000
104020679 -0.18031 0.81400 -2.00000
104020680 -0.18031 0.81800 -2.00000
104020681 -0.18031 0.82200 -2.00000
104020682 -0.18031 0.82600 -2.00000
104020683 -0.18031 0.83000 -2.00000
104020684 -0.18031 0.83400 -2.00000
104020685 -0.18031 0.83800 -2.00000
104020686 -0.18031 0.84200 -2.00000
104020687 -0.18031 0.84600 -2.00000
104020688 -0.18031 0.85000 -2.00000
104020689 -0.18031 0.85400 -2.00000
104020690 -0.18031 0.85800 -2.00000
104020691 -0.18031 0.86200 -2.00000
104020692 -0.18031 0.86600 -2.00000
104020693 -0.18031 0.87000 -2.00000
104020694 -0.18031 0.87400 -2.00000
104020695 -0.18031 0.87800 -2.00000
104020696 -0.18031 0.88200 -2.00000
104020697 -0.18031 0.88600 -2.00000
104020698 -0.18031 0.89000 -2.00000
104020699 -0.18031 0.89400 -2.00000
104020700 -0.18031 0.89800 -2.00000
104020701 -0.18031 0.90200 -2.00000
104020702 -0.18031 0.90600 -2.00000
104020703 -0.18031 0.91000 -2.00000
104020704 -0.18031 0.91400 -2.00000
104020705 -0.18031 0.91800 -2.00000
104020706 -0.18031 0.92200 -2.00000
104020707 -0.18031 0.92600 -2.00000
104020708 -0.18031 0.93000 -2.00000
104020709 -0.18031 0.93400 -2.00000
104020710 -0.18031 0.93800 -2.00000
104020711 -0.18031 0.94200 -2.00000
104020712 -0.18031 0.94600 -2.00000
104020713 -0.18031 0.95000 -2.00000
104020714 -0.18031 0.95400 -2.00000
104020715 -0.18031 0.95800 -2.00000
104020716 -0.18031 0.96200 -2.00000
104020717 -0.18031 0.96600 -2.00000
104020718 -0.18031 0.97000 -2.00000
104020719 -0.18031 0.97400 -2.00000
104020720 -0.18031 0.97800 -2.00000
104020721 -0.18031 0.98200 -2.00000
104020722 -0.18031 0.98600 -2.00000
104020723 -0.18031 0.99000 -2.00000
104020724 -0.18031 0.99400 -2.00000
104020725 -0.18031 0.99800 -2.00000
104020726 -0.18031 1.00200 -2.00000
104020727 -0.18031 1.00600 -2.00000
104020728 -0.18031 1.01000 -2.00000
104020729 -0.18031 1.01400 -2.00000
104020730 -0.18031 1.01800 -2.00000
104020731 -0.18031 1.02200 -2.00000
104020732 -0.18031 1.02600 -2.00000
104020733 -0.18031 1.03000 -2.00000
104020734 -0.18031 1.03400 -2.00000
104020735 -0.18031 1.03800 -2.00000
104020736 -0.18031 1.04200 -2.00000
104020737 -0.18031 1.04600 -2.00000
104020738 -0.18031 1.05000 -2.00000
104020739 -0.18031 1.05400 -2.00000
104020740 -0.18031 1.05800 -2.00000
104020741 -0.18031 1.06200 -2.00000
104020742 -0.18031 1.06600 -2.00000
104020743 -0.18031 1.07000 -2.00000
104020744 -0.18031 1.07400 -2.00000
104020745 -0.18031 1.07800 -2.00000
104020746 -0.18031 1.08200 -2.00000
104020747 -0.18031 1.08600 -2.00000
104020748 -0.18031 1.09000 -2.00000
104020749 -0.18031 1.09400 -2.00000
104020750 -0.18031 1.09800 -2.00000
104020751 -0.17181 0.50200 -2.00000
104020752 -0.17181 0.50600 -2.00000
104020753 -0.17181 0.51000 -2.00000
104020754 -0.17181 0.51400 -2.00000
104020755 -0.17181 0.51800 -2.00000
104020756 -0.17181 0.52200 -2.00000
104020757 -0.17181 0.52600 -2.00000
104020758 -0.17181 0.53000 -2.00000
104020759 -0.17181 0.53400 -2.00000
104020760 -0.17181 0.53800 -2.00000
104020761 -0.17181 0.54200 -2.00000
104020762 -0.17181 0.54600 -2.00000
104020763 -0.17181 0.55000 -2.00000
104020764 -0.17181 0.55400 -2.00000
104020765 -0.17181 0.55800 -2.00000
104020766 -0.17181 0.56200 -2.00000
104020767 -0.17181 0.56600 -2.00000
104020768 -0.17181 0.57000 -2.00000
104020769 -0.17181 0.57400 -2.00000
104020770 -0.17181 0.57800 -2.00000
104020771 -0.17181 0.58200 -2.00000
104020772 -0.17181 0.58600 -2.00000
104020773 -0.17181 0.59000 -2.00000
104020774 -0.17181 0.59400 -2.00000
104020775 -0.17181 0.59800 -2.00000
104020776 -0.17181 0.60200 -2.00000
104020777 -0.17181 0.60600 -2.00000
104020778 -0.17181 0.61000 -2.00000
104020779 -0.17181 0.61400 -2.00000
104020780 -0.17181 0.61800 -2.00000
104020781 -0.17181 0.62200 -2.00000
104020782 -0.17181 0.62600 -2.00000
104020783 -0.17181 0.63000 -2.00000
104020784 -0.17181 0.63400 -2.00000
104020785 -0.17181 0.63800 -2.00000
104020786 -0.17181 0.64200 -2.00000
104020787 -0.17181 0.64600 -2.00000
104020788 -0.17181 0.65000 -2.00000
104020789 -0.17181 0.65400 -2.00000
104020790 -0.17181 0.65800 -2.00000
104020791 -0.17181 0.66200 -2.00000
104020792 -0.17181 0.66600 -2.00000
104020793 -0.17181 0.67000 -2.00000
104020794 -0.17181 0.67400 -2.00000
104020795 -0.17181 0.67800 -2.00000
104020796 -0.17181 0.68200 -2.00000
104020797 -0.17181 0.68600 -2.00000
104020798 -0.17181 0.69000 -2.00000
104020799 -0.17181 0.69400 -2.00000
104020800 -0.17181 0.69800 -2.00000
104020801 -0.17181 0.70200 -2.00000
104020802 -0.17181 0.70600 -2.00000
104020803 -0.17181 0.71000 -2.00000
104020804 -0.17181 0.71400 -2.00000
104020805 -0.17181 0.71800 -2.00000
104020806 -0.17181 0.72200 -2.00000
104020807 -0.17181 0.72600 -2.00000
104020808 -0.17181 0.73000 -2.00000
104020809 -0.17181 0.73400 -2.00000
104020810 -0.17181 0.73800 -2.00000
104020811 -0.17181 0.74200 -2.00000
104020812 -0.17181 0.74600 -2.00000
104020813 -0.17181 0.75000 -2.00000
104020814 -0.17181 0.75400 -2.00000
104020815 -0.17181 0.75800 -2.00000
104020816 -0.17181 0.76200 -2.00000
104020817 -0.17181 0.76600 -2.00000
104020818 -0.17181 0.77000 -2.00000
104020819 -0.17181 0.77400 -2.00000
104020820 -0.17181 0.77800 -2.00000
104020821 -0.17181 0.78200 -2.00000
104020822 -0.17181 0.78600 -2.00000
104020823 -0.17181 0.79000 -2.00000
104020824 -0.17181 0.79400 -2.00000
104020825 -0.17181 0.79800 -2.00000
104020826 -0.17181 0.80200 -2.00000
104020827 -0.17181 0.80600 -2.00000
104020828 -0.17181 0.81000 -2.00000
104020829 -0.17181 0.81400 -2.00000
104020830 -0.17181 0.81800 -2.00000
104020831 -0.17181 0.82200 -2.00000
104020832 -0.17181 0.82600 -2.00000
104020833 -0.17181 0.83000 -2.00000
104020834 -0.17181 0.83400 -2.00000
104020835 -0.17181 0.83800 -2.00000
104020836 -0.17181 0.84200 -2.00000
104020837 -0.17181 0.84600 -2.00000
104020838 -0.17181 0.85000 -2.00000
104020839 -0.17181 0.85400 -2.00000
104020840 -0.17181 0.85800 -2.00000
104020841 -0.17181 0.86200 -2.00000
104020842 -0.17181 0.86600 -2.00000
104020843 -0.17181 0.87000 -2.00000
104020844 -0.17181 0.87400 -2.00000
104020845 -0.17181 0.87800 -2.00000
104020846 -0.17181 0.88200 -2.00000
104020847 -0.17181 0.88600 -2.00000
104020848 -0.17181 0.89000 -2.00000
104020849 -0.17181 0.89400 -2.00000
104020850 -0.17181 0.89800 -2.00000
104020851 -0.17181 0.90200 -2.00000
104020852 -0.17181 0.90600 -2.00000
104020853 -0.17181 0.91000 -2.00000
104020854 -0.17181 0.91400 -2.00000
104020855 -0.17181 0.91800 -2.00000
104020856 -0.17181 0.92200 -2.00000
104020857 -0.17181 0.92600 -2.00000
104020858 -0.17181 0.93000 -2.00000
104020859 -0.17181 0.93400 -2.00000
104020860 -0.17181 0.93800 -2.00000
104020861 -0.17181 0.94200 -2.00000
104020862 -0.17181 0.94600 -2.00000
104020863 -0.17181 0.95000 -2.00000
104020864 -0.17181 0.95400 -2.00000
104020865 -0.17181 0.95800 -2.00000
104020866 -0.17181 0.96200 -2.00000
104020867 -0.17181 0.96600 -2.00000
104020868 -0.17181 0.97000 -2.00000
104020869 -0.17181 0.97400 -2.00000
104020870 -0.17181 0.97800 -2.00000
104020871 -0.17181 0.98200 -2.00000
104020872 -0.17181 0.98600 -2.00000
104020873 -0.17181 0.99000 -2.00000
104020874 -0.17181 0.99400 -2.00000
104020875 -0.17181 0.99800 -2.00000
104020876 -0.17181 1.00200 -2.00000
104020877 -0.17181 1.00600 -2.00000
104020878 -0.17181 1.01000 -2.00000
104020879 -0.17181 1.01400 -2.00000
104020880 -0.17181 1.01800 -2.00000
104020881 -0.17181 1.02200 -2.00000
104020882 -0.17181 1.02600 -2.00000
104020883 -0.17181 1.03000 -2.00000
104020884 -0.17181 1.03400 -2.00000
104020885 -0.17181 1.03800 -2.00000
104020886 -0.17181 1.04200 -2.00000
104020887 -0.17181 1.04600 -2.00000
104020888 -0.17181 1.05000 -2.00000
104020889 -0.17181 1.05400 -2.00000
104020890 -0.17181 1.05800 -2.00000
104020891 -0.17181 1.06200 -2.00000
104020892 -0.17181 1.06600 -2.00000
104020893 -0.17181 1.07000 -2.00000
104020894 -0.17181 1.07400 -2.00000
104020895 -0.17181 1.07800 -2.00000
104020896 -0.17181 1.08200 -2.00000
104020897 -0.17181 1.08600 -2.00000
104020898 -0.17181 1.09000 -2.00000
104020899 -0.17181 1.09400 -2.00000
104020900 -0.17181 1.09800 -2.00000
104020901 -0.16331 0.50200 -2.00000
104020902 -0.16331 0.50600 -2.00000
104020903 -0.16331 0.51000 -2.00000
104020904 -0.16331 0.51400 -2.00000
104020905 -0.16331 0.51800 -2.00000
104020906 -0.16331 0.52200 -2.00000
104020907 -0.16331 0.52600 -2.00000
104020908 -0.16331 0.53000 -2.00000
104020909 -0.16331 0.53400 -2.00000
104020910 -0.16331 0.53800 -2.00000
104020911 -0.16331 0.54200 -2.00000
104020912 -0.16331 0.54600 -2.00000
104020913 -0.16331 0.55000 -2.00000
104020914 -0.16331 0.55400 -2.00000
104020915 -0.16331 0.55800 -2.00000
104020916 -0.16331 0.56200 -2.00000
104020917 -0.16331 0.56600 -2.00000
104020918 -0.16331 0.57000 -2.00000
104020919 -0.16331 0.57400 -2.00000
104020920 -0.16331 0.57800 -2.00000
104020921 -0.16331 0.58200 -2.00000
104020922 -0.16331 0.58600 -2.00000
104020923 -0.16331 0.59000 -2.00000
104020924 -0.16331 0.59400 -2.00000
104020925 -0.16331 0.59800 -2.00000
104020926 -0.16331 0.60200 -2.00000
104020927 -0.16331 0.60600 -2.00000
104020928 -0.16331 0.61000 -2.00000
104020929 -0.16331 0.61400 -2.00000
104020930 -0.16331 0.61800 -2.00000
104020931 -0.16331 0.62200 -2.00000
104020932 -0.16331 0.62600 -2.00000
104020933 -0.16331 0.63000 -2.00000
104020934 -0.16331 0.63400 -2.00000
104020935 -0.16331 0.63800 -2.00000
104020936 -0.16331 0.64200 -2.00000
104020937 -0.16331 0.64600 -2.00000
104020938 -0.16331 0.65000 -2.00000
104020939 -0.16331 0.65400 -2.00000
104020940 -0.16331 0.65800 -2.00000
104020941 -0.16331 0.66200 -2.00000
104020942 -0.16331 0.66600 -2.00000
104020943 -0.16331 0.67000 -2.00000
104020944 -0.16331 0.67400 -2.00000
104020945 -0.16331 0.67800 -2.00000
104020946 -0.16331 0.68200 -2.00000
104020947 -0.16331 0.68600 -2.00000
104020948 -0.16331 0.69000 -2.00000
104020949 -0.16331 0.69400 -2.00000
104020950 -0.16331 0.69800 -2.00000
104020951 -0.16331 0.70200 -2.00000
104020952 -0.16331 0.70600 -2.00000
104020953 -0.16331 0.71000 -2.00000
104020954 -0.16331 0.71400 -2.00000
104020955 -0.16331 0.71800 -2.00000
104020956 -0.16331 0.72200 -2.00000
104020957 -0.16331 0.72600 -2.00000
104020958 -0.16331 0.73000 -2.00000
104020959 -0.16331 0.73400 -2.00000
104020960 -0.16331 0.73800 -2.00000
104020961 -0.16331 0.74200 -2.00000
104020962 -0.16331 0.74600 -2.00000
104020963 -0.16331 0.75000 -2.00000
104020964 -0.16331 0.75400 -2.00000
104020965 -0.16331 0.75800 -2.00000
104020966 -0.16331 0.76200 -2.00000
104020967 -0.16331 0.76600 -2.00000
104020968 -0.16331 0.77000 -2.00000
104020969 -0.16331 0.77400 -2.00000
104020970 -0.16331 0.77800 -2.00000
104020971 -0.16331 0.78200 -2.00000
104020972 -0.16331 0.78600 -2.00000
104020973 -0.16331 0.79000 -2.00000
104020974 -0.16331 0.79400 -2.00000
104020975 -0.16331 0.79800 -2.00000
104020976 -0.16331 0.80200 -2.00000
104020977 -0.16331 0.80600 -2.00000
104020978 -0.16331 0.81000 -2.00000
104020979 -0.16331 0.81400 -2.00000
104020980 -0.16331 0.81800 -2.00000
104020981 -0.16331 0.82200 -2.00000
104020982 -0.16331 0.82600 -2.00000
104020983 -0.16331 0.83000 -2.00000
104020984 -0.16331 0.83400 -2.00000
104020985 -0.16331 0.83800 -2.00000
104020986 -0.16331 0.84200 -2.00000
104020987 -0.16331 0.84600 -2.00000
104020988 -0.16331 0.85000 -2.00000
104020989 -0.16331 0.85400 -2.00000
104020990 -0.16331 0.85800 -2.00000
104020991 -0.16331 0.86200 -2.00000
104020992 -0.16331 0.86600 -2.00000
104020993 -0.16331 0.87000 -2.00000
104020994 -0.16331 0.87400 -2.00000
104020995 -0.16331 0.87800 -2.00000
104020996 -0.16331 0.88200 -2.00000
104020997 -0.16331 0.88600 -2.00000
104020998 -0.16331 0.89000 -2.00000
104020999 -0.16331 0.89400 -2.00000
104021000 -0.16331 0.89800 -2.00000
104021001 -0.16331 0.90200 -2.00000
104021002 -0.16331 0.90600 -2.00000
104021003 -0.16331 0.91000 -2.00000
104021004 -0.16331 0.91400 -2.00000
104021005 -0.16331 0.91800 -2.00000
104021006 -0.16331 0.92200 -2.00000
104021007 -0.16331 0.92600 -2.00000
104021008 -0.16331 0.93000 -2.00000
104021009 -0.16331 0.93400 -2.00000
104021010 -0.16331 0.93800 -2.00000
104021011 -0.16331 0.94200 -2.00000
104021012 -0.16331 0.94600 -2.00000
104021013 -0.16331 0.95000 -2.00000
104021014 -0.16331 0.95400 -2.00000
104021015 -0.16331 0.95800 -2.00000
104021016 -0.16331 0.96200 -2.00000
104021017 -0.16331 0.96600 -2.00000
104021018 -0.16331 0.97000 -2.00000
104021019 -0.16331 0.97400 -2.00000
104021020 -0.16331 0.97800 -2.00000
104021021 -0.16331 0.98200 -2.00000
104021022 -0.16331 0.98600 -2.00000
104021023 -0.16331 0.99000 -2.00000
104021024 -0.16331 0.99400 -2.00000
104021025 -0.16331 0.99800 -2.00000
104021026 -0.16331 1.00200 -2.00000
104021027 -0.16331 1.00600 -2.00000
104021028 -0.16331 1.01000 -2.00000
104021029 -0.16331 1.01400 -2.00000
104021030 -0.16331 1.01800 -2.00000
104021031 -0.16331 1.02200 -2.00000
104021032 -0.16331 1.02600 -2.00000
104021033 -0.16331 1.03000 -2.00000
104021034 -0.16331 1.03400 -2.00000
104021035 -0.16331 1.03800 -2.00000
104021036 -0.16331 1.04200 -2.00000
104021037 -0.16331 1.04600 -2.00000
104021038 -0.16331 1.05000 -2.00000
104021039 -0.16331 1.05400 -2.00000
104021040 -0.16331 1.05800 -2.00000
104021041 -0.16331 1.06200 -2.00000
104021042 -0.16331 1.06600 -2.00000
104021043 -0.16331 1.07000 -2.00000
104021044 -0.16331 1.07400 -2.00000
104021045 -0.16331 1.07800 -2.00000
104021046 -0.16331 1.08200 -2.00000
104021047 -0.16331 1.08600 -2.00000
104021048 -0.16331 1.09000 -2.00000
104021049 -0.16331 1.09400 -2.00000
104021050 -0.16331 1.09800 -2.00000
104021051 -0.15481 0.50200 -2.00000
104021052 -0.15481 0.50600 -2.00000
104021053 -0.15481 0.51000 -2.00000
104021054 -0.15481 0.51400 -2.00000
104021055 -0.15481 0.51800 -2.00000
104021056 -0.15481 0.52200 -2.00000
104021057 -0.15481 0.52600 -2.00000
104021058 -0.15481 0.53000 -2.00000
104021059 -0.15481 0.53400 -2.00000
104021060 -0.15481 0.53800 -2.00000
104021061 -0.15481 0.54200 -2.00000
104021062 -0.15481 0.54600 -2.00000
104021063 -0.15481 0.55000 -2.00000
104021064 -0.15481 0.55400 -2.00000
104021065 -0.15481 0.55800 -2.00000
104021066 -0.15481 0.56200 -2.00000
104021067 -0.15481 0.56600 -2.00000
104021068 -0.15481 0.57000 -2.00000
104021069 -0.15481 0.57400 -2.00000
104021070 -0.15481 0.57800 -2.00000
104021071 -0.15481 0.58200 -2.00000
104021072 -0.15481 0.58600 -2.00000
104021073 -0.15481 0.59000 -2.00000
104021074 -0.15481 0.59400 -2.00000
104021075 -0.15481 0.59800 -2.00000
104021076 -0.15481 0.60200 -2.00000
104021077 -0.15481 0.60600 -2.00000
104021078 -0.15481 0.61000 -2.00000
104021079 -0.15481 0.61400 -2.00000
104021080 -0.15481 0.61800 -2.00000
104021081 -0.15481 0.62200 -2.00000
104021082 -0.15481 0.62600 -2.00000
104021083 -0.15481 0.63000 -2.00000
104021084 -0.15481 0.63400 -2.00000
104021085 -0.15481 0.63800 -2.00000
104021086 -0.15481 0.64200 -2.00000
104021087 -0.15481 0.64600 -2.00000
104021088 -0.15481 0.65000 -2.00000
104021089 -0.15481 0.65400 -2.00000
104021090 -0.15481 0.65800 -2.00000
104021091 -0.15481 0.66200 -2.00000
104021092 -0.15481 0.66600 -2.00000
104021093 -0.15481 0.67000 -2.00000
104021094 -0.15481 0.67400 -2.00000
104021095 -0.15481 0.67800 -2.00000
104021096 -0.15481 0.68200 -2.00000
104021097 -0.15481 0.68600 -2.00000
104021098 -0.15481 0.69000 -2.00000
104021099 -0.15481 0.69400 -2.00000
104021100 -0.15481 0.69800 -2.00000
104021101 -0.15481 0.70200 -2.00000
104021102 -0.15481 0.70600 -2.00000
104021103 -0.15481 0.71000 -2.00000
104021104 -0.15481 0.71400 -2.00000
104021105 -0.15481 0.71800 -2.00000
104021106 -0.15481 0.72200 -2.00000
104021107 -0.15481 0.72600 -2.00000
104021108 -0.15481 0.73000 -2.00000
104021109 -0.15481 0.73400 -2.00000
104021110 -0.15481 0.73800 -2.00000
104021111 -0.15481 0.74200 -2.00000
104021112 -0.15481 0.74600 -2.00000
104021113 -0.15481 0.75000 -2.00000
104021114 -0.15481 0.75400 -2.00000
104021115 -0.15481 0.75800 -2.00000
104021116 -0.15481 0.76200 -2.00000
104021117 -0.15481 0.76600 -2.00000
104021118 -0.15481 0.77000 -2.00000
104021119 -0.15481 0.77400 -2.00000
104021120 -0.15481 0.77800 -2.00000
104021121 -0.15481 0.78200 -2.00000
104021122 -0.15481 0.78600 -2.00000
104021123 -0.15481 0.79000 -2.00000
104021124 -0.15481 0.79400 -2.00000
104021125 -0.15481 0.79800 -2.00000
104021126 -0.15481 0.80200 -2.00000
104021127 -0.15481 0.80600 -2.00000
104021128 -0.15481 0.81000 -2.00000
104021129 -0.15481 0.81400 -2.00000
104021130 -0.15481 0.81800 -2.00000
104021131 -0.15481 0.82200 -2.00000
104021132 -0.15481 0.82600 -2.00000
104021133 -0.15481 0.83000 -2.00000
104021134 -0.15481 0.83400 -2.00000
104021135 -0.15481 0.83800 -2.00000
104021136 -0.15481 0.84200 -2.00000
104021137 -0.15481 0.84600 -2.00000
104021138 -0.15481 0.85000 -2.00000
104021139 -0.15481 0.85400 -2.00000
104021140 -0.15481 0.85800 -2.00000
104021141 -0.15481 0.86200 -2.00000
104021142 -0.15481 0.86600 -2.00000
104021143 -0.15481 0.87000 -2.00000
104021144 -0.15481 0.87400 -2.00000
104021145 -0.15481 0.87800 -2.00000
104021146 -0.15481 0.88200 -2.00000
104021147 -0.15481 0.88600 -2.00000
104021148 -0.15481 0.89000 -2.00000
104021149 -0.15481 0.89400 -2.00000
104021150 -0.15481 0.89800 -2.00000
104021151 -0.15481 0.90200 -2.00000
104021152 -0.15481 0.90600 -2.00000
104021153 -0.15481 0.91000 -2.00000
104021154 -0.15481 0.91400 -2.00000
104021155 -0.15481 0.91800 -2.00000
104021156 -0.15481 0.92200 -2.00000
104021157 -0.15481 0.92600 -2.00000
104021158 -0.15481 0.93000 -2.00000
104021159 -0.15481 0.93400 -2.00000
104021160 -0.15481 0.93800 -2.00000
104021161 -0.15481 0.94200 -2.00000
104021162 -0.15481 0.94600 -2.00000
104021163 -0.15481 0.95000 -2.00000
104021164 -0.15481 0.95400 -2.00000
104021165 -0.15481 0.95800 -2.00000
104021166 -0.15481 0.96200 -2.00000
104021167 -0.15481 0.96600 -2.00000
104021168 -0.15481 0.97000 -2.00000
104021169 -0.15481 0.97400 -2.00000
104021170 -0.15481 0.97800 -2.00000
104021171 -0.15481 0.98200 -2.00000
104021172 -0.15481 0.98600 -2.00000
104021173 -0.15481 0.99000 -2.00000
104021174 -0.15481 0.99400 -2.00000
104021175 -0.15481 0.99800 -2.00000
104021176 -0.15481 1.00200 -2.00000
104021177 -0.15481 1.00600 -2.00000
104021178 -0.15481 1.01000 -2.00000
104021179 -0.15481 1.01400 -2.00000
104021180 -0.15481 1.01800 -2.00000
104021181 -0.15481 1.02200 -2.00000
104021182 -0.15481 1.02600 -2.00000
104021183 -0.15481 1.03000 -2.00000
104021184 -0.15481 1.03400 -2.00000
104021185 -0.15481 1.03800 -2.00000
104021186 -0.15481 1.04200 -2.00000
104021187 -0.15481 1.04600 -2.00000
104021188 -0.15481 1.05000 -2.00000
104021189 -0.15481 1.05400 -2.00000
104021190 -0.15481 1.05800 -2.00000
104021191 -0.15481 1.06200 -2.00000
104021192 -0.15481 1.06600 -2.00000
104021193 -0.15481 1.07000 -2.00000
104021194 -0.15481 1.07400 -2.00000
104021195 -0.15481 1.07800 -2.00000
104021196 -0.15481 1.08200 -2.00000
104021197 -0.15481 1.08600 -2.00000
104021198 -0.15481 1.09000 -2.00000
104021199 -0.15481 1.09400 -2.00000
104021200 -0.15481 1.09800 -2.00000
