# pixelID  x  y  z
104010001 -0.14631 0.50200 -2.00000
104010002 -0.14631 0.50600 -2.00000
104010003 -0.14631 0.51000 -2.00000
104010004 -0.14631 0.51400 -2.00000
104010005 -0.14631 0.51800 -2.00000
104010006 -0.14631 0.52200 -2.00000
104010007 -0.14631 0.52600 -2.00000
104010008 -0.14631 0.53000 -2.00000
104010009 -0.14631 0.53400 -2.00000
104010010 -0.14631 0.53800 -2.00000
104010011 -0.14631 0.54200 -2.00000
104010012 -0.14631 0.54600 -2.00000
104010013 -0.14631 0.55000 -2.00000
104010014 -0.14631 0.55400 -2.00000
104010015 -0.14631 0.55800 -2.00000
104010016 -0.14631 0.56200 -2.00000
104010017 -0.14631 0.56600 -2.00000
104010018 -0.14631 0.57000 -2.00000
104010019 -0.14631 0.57400 -2.00000
104010020 -0.14631 0.57800 -2.00000
104010021 -0.14631 0.58200 -2.00000
104010022 -0.14631 0.58600 -2.00000
104010023 -0.14631 0.59000 -2.00000
104010024 -0.14631 0.59400 -2.00000
104010025 -0.14631 0.59800 -2.00000
104010026 -0.14631 0.60200 -2.00000
104010027 -0.14631 0.60600 -2.00000
104010028 -0.14631 0.61000 -2.00000
104010029 -0.14631 0.61400 -2.00000
104010030 -0.14631 0.61800 -2.00000
104010031 -0.14631 0.62200 -2.00000
104010032 -0.14631 0.62600 -2.00000
104010033 -0.14631 0.63000 -2.00000
104010034 -0.14631 0.63400 -2.00000
104010035 -0.14631 0.63800 -2.00000
104010036 -0.14631 0.64200 -2.00000
104010037 -0.14631 0.64600 -2.00000
104010038 -0.14631 0.65000 -2.00000
104010039 -0.14631 0.65400 -2.00000
104010040 -0.14631 0.65800 -2.00000
104010041 -0.14631 0.66200 -2.00000
104010042 -0.14631 0.66600 -2.00000
104010043 -0.14631 0.67000 -2.00000
104010044 -0.14631 0.67400 -2.00000
104010045 -0.14631 0.67800 -2.00000
104010046 -0.14631 0.68200 -2.00000
104010047 -0.14631 0.68600 -2.00000
104010048 -0.14631 0.69000 -2.00000
104010049 -0.14631 0.69400 -2.00000
104010050 -0.14631 0.69800 -2.00000
104010051 -0.14631 0.70200 -2.00000
104010052 -0.14631 0.70600 -2.00000
104010053 -0.14631 0.71000 -2.00000
104010054 -0.14631 0.71400 -2.00000
104010055 -0.14631 0.71800 -2.00000
104010056 -0.14631 0.72200 -2.00000
104010057 -0.14631 0.72600 -2.00000
104010058 -0.14631 0.73000 -2.00000
104010059 -0.14631 0.73400 -2.00000
104010060 -0.14631 0.73800 -2.00000
104010061 -0.14631 0.74200 -2.00000
104010062 -0.14631 0.74600 -2.00000
104010063 -0.14631 0.75000 -2.00000
104010064 -0.14631 0.75400 -2.00000
104010065 -0.14631 0.75800 -2.00000
104010066 -0.14631 0.76200 -2.00000
104010067 -0.14631 0.76600 -2.00000
104010068 -0.14631 0.77000 -2.00000
104010069 -0.14631 0.77400 -2.00000
104010070 -0.14631 0.77800 -2.00000
104010071 -0.14631 0.78200 -2.00000
104010072 -0.14631 0.78600 -2.00000
104010073 -0.14631 0.79000 -2.00000
104010074 -0.14631 0.79400 -2.00000
104010075 -0.14631 0.79800 -2.00000
104010076 -0.14631 0.80200 -2.00000
104010077 -0.14631 0.80600 -2.00000
104010078 -0.14631 0.81000 -2.00000
104010079 -0.14631 0.81400 -2.00000
104010080 -0.14631 0.81800 -2.00000
104010081 -0.14631 0.82200 -2.00000
104010082 -0.14631 0.82600 -2.00000
104010083 -0.14631 0.83000 -2.00000
104010084 -0.14631 0.83400 -2.00000
104010085 -0.14631 0.83800 -2.00000
104010086 -0.14631 0.84200 -2.00000
104010087 -0.14631 0.84600 -2.00000
104010088 -0.14631 0.85000 -2.00000
104010089 -0.14631 0.85400 -2.00000
104010090 -0.14631 0.85800 -2.00000
104010091 -0.14631 0.86200 -2.00000
104010092 -0.14631 0.86600 -2.00000
104010093 -0.14631 0.87000 -2.00000
104010094 -0.14631 0.87400 -2.00000
104010095 -0.14631 0.87800 -2.00000
104010096 -0.14631 0.88200 -2.00000
104010097 -0.14631 0.88600 -2.00000
104010098 -0.14631 0.89000 -2.00000
104010099 -0.14631 0.89400 -2.00000
104010100 -0.14631 0.89800 -2.00000
104010101 -0.14631 0.90200 -2.00000
104010102 -0.14631 0.90600 -2.00000
104010103 -0.14631 0.91000 -2.00000
104010104 -0.14631 0.91400 -2.00000
104010105 -0.14631 0.91800 -2.00000
104010106 -0.14631 0.92200 -2.00000
104010107 -0.14631 0.92600 -2.00000
104010108 -0.14631 0.93000 -2.00000
104010109 -0.14631 0.93400 -2.00000
104010110 -0.14631 0.93800 -2.00000
104010111 -0.14631 0.94200 -2.00000
104010112 -0.14631 0.94600 -2.00000
104010113 -0.14631 0.95000 -2.00000
104010114 -0.14631 0.95400 -2.00000
104010115 -0.14631 0.95800 -2.00000
104010116 -0.14631 0.96200 -2.00000
104010117 -0.14631 0.96600 -2.00000
104010118 -0.14631 0.97000 -2.00000
104010119 -0.14631 0.97400 -2.00000
104010120 -0.14631 0.97800 -2.00000
104010121 -0.14631 0.98200 -2.00000
104010122 -0.14631 0.98600 -2.00000
104010123 -0.14631 0.99000 -2.00000
104010124 -0.14631 0.99400 -2.00000
104010125 -0.14631 0.99800 -2.00000
104010126 -0.14631 1.00200 -2.00000
104010127 -0.14631 1.00600 -2.00000
104010128 -0.14631 1.01000 -2.00000
104010129 -0.14631 1.01400 -2.00000
104010130 -0.14631 1.01800 -2.00000
104010131 -0.14631 1.02200 -2.00000
104010132 -0.14631 1.02600 -2.00000
104010133 -0.14631 1.03000 -2.00000
104010134 -0.14631 1.03400 -2.00000
104010135 -0.14631 1.03800 -2.00000
104010136 -0.14631 1.04200 -2.00000
104010137 -0.14631 1.04600 -2.00000
104010138 -0.14631 1.05000 -2.00000
104010139 -0.14631 1.05400 -2.00000
104010140 -0.14631 1.05800 -2.00000
104010141 -0.14631 1.06200 -2.00000
104010142 -0.14631 1.06600 -2.00000
104010143 -0.14631 1.07000 -2.00000
104010144 -0.14631 1.07400 -2.00000
104010145 -0.14631 1.07800 -2.00000
104010146 -0.14631 1.08200 -2.00000
104010147 -0.14631 1.08600 -2.00000
104010148 -0.14631 1.09000 -2.00000
104010149 -0.14631 1.09400 -2.00000
104010150 -0.14631 1.09800 -2.00000
104010151 -0.13781 0.50200 -2.00000
104010152 -0.13781 0.50600 -2.00000
104010153 -0.13781 0.51000 -2.00000
104010154 -0.13781 0.51400 -2.00000
104010155 -0.13781 0.51800 -2.00000
104010156 -0.13781 0.52200 -2.00000
104010157 -0.13781 0.52600 -2.00000
104010158 -0.13781 0.53000 -2.00000
104010159 -0.13781 0.53400 -2.00000
104010160 -0.13781 0.53800 -2.00000
104010161 -0.13781 0.54200 -2.00000
104010162 -0.13781 0.54600 -2.00000
104010163 -0.13781 0.55000 -2.00000
104010164 -0.13781 0.55400 -2.00000
104010165 -0.13781 0.55800 -2.00000
104010166 -0.13781 0.56200 -2.00000
104010167 -0.13781 0.56600 -2.00000
104010168 -0.13781 0.57000 -2.00000
104010169 -0.13781 0.57400 -2.00000
104010170 -0.13781 0.57800 -2.00000
104010171 -0.13781 0.58200 -2.00000
104010172 -0.13781 0.58600 -2.00000
104010173 -0.13781 0.59000 -2.00000
104010174 -0.13781 0.59400 -2.00000
104010175 -0.13781 0.59800 -2.00000
104010176 -0.13781 0.60200 -2.00000
104010177 -0.13781 0.60600 -2.00000
104010178 -0.13781 0.61000 -2.00000
104010179 -0.13781 0.61400 -2.00000
104010180 -0.13781 0.61800 -2.00000
104010181 -0.13781 0.62200 -2.00000
104010182 -0.13781 0.62600 -2.00000
104010183 -0.13781 0.63000 -2.00000
104010184 -0.13781 0.63400 -2.00000
104010185 -0.13781 0.63800 -2.00000
104010186 -0.13781 0.64200 -2.00000
104010187 -0.13781 0.64600 -2.00000
104010188 -0.13781 0.65000 -2.00000
104010189 -0.13781 0.65400 -2.00000
104010190 -0.13781 0.65800 -2.00000
104010191 -0.13781 0.66200 -2.00000
104010192 -0.13781 0.66600 -2.00000
104010193 -0.13781 0.67000 -2.00000
104010194 -0.13781 0.67400 -2.00000
104010195 -0.13781 0.67800 -2.00000
104010196 -0.13781 0.68200 -2.00000
104010197 -0.13781 0.68600 -2.00000
104010198 -0.13781 0.69000 -2.00000
104010199 -0.13781 0.69400 -2.00000
104010200 -0.13781 0.69800 -2.00000
104010201 -0.13781 0.70200 -2.00000
104010202 -0.13781 0.70600 -2.00000
104010203 -0.13781 0.71000 -2.00000
104010204 -0.13781 0.71400 -2.00000
104010205 -0.13781 0.71800 -2.00000
104010206 -0.13781 0.72200 -2.00000
104010207 -0.13781 0.72600 -2.00000
104010208 -0.13781 0.73000 -2.00000
104010209 -0.13781 0.73400 -2.00000
104010210 -0.13781 0.73800 -2.00000
104010211 -0.13781 0.74200 -2.00000
104010212 -0.13781 0.74600 -2.00000
104010213 -0.13781 0.75000 -2.00000
104010214 -0.13781 0.75400 -2.00000
104010215 -0.13781 0.75800 -2.00000
104010216 -0.13781 0.76200 -2.00000
104010217 -0.13781 0.76600 -2.00000
104010218 -0.13781 0.77000 -2.00000
104010219 -0.13781 0.77400 -2.00000
104010220 -0.13781 0.77800 -2.00000
104010221 -0.13781 0.78200 -2.00000
104010222 -0.13781 0.78600 -2.00000
104010223 -0.13781 0.79000 -2.00000
104010224 -0.13781 0.79400 -2.00000
104010225 -0.13781 0.79800 -2.00000
104010226 -0.13781 0.80200 -2.00000
104010227 -0.13781 0.80600 -2.00000
104010228 -0.13781 0.81000 -2.00000
104010229 -0.13781 0.81400 -2.00000
104010230 -0.13781 0.81800 -2.00000
104010231 -0.13781 0.82200 -2.00000
104010232 -0.13781 0.82600 -2.00000
104010233 -0.13781 0.83000 -2.00000
104010234 -0.13781 0.83400 -2.00000
104010235 -0.13781 0.83800 -2.00000
104010236 -0.13781 0.84200 -2.00000
104010237 -0.13781 0.84600 -2.00000
104010238 -0.13781 0.85000 -2.00000
104010239 -0.13781 0.85400 -2.00000
104010240 -0.13781 0.85800 -2.00000
104010241 -0.13781 0.86200 -2.00000
104010242 -0.13781 0.86600 -2.00000
104010243 -0.13781 0.87000 -2.00000
104010244 -0.13781 0.87400 -2.00000
104010245 -0.13781 0.87800 -2.00000
104010246 -0.13781 0.88200 -2.00000
104010247 -0.13781 0.88600 -2.00000
104010248 -0.13781 0.89000 -2.00000
104010249 -0.13781 0.89400 -2.00000
104010250 -0.13781 0.89800 -2.00000
104010251 -0.13781 0.90200 -2.00000
104010252 -0.13781 0.90600 -2.00000
104010253 -0.13781 0.91000 -2.00000
104010254 -0.13781 0.91400 -2.00000
104010255 -0.13781 0.91800 -2.00000
104010256 -0.13781 0.92200 -2.00000
104010257 -0.13781 0.92600 -2.00000
104010258 -0.13781 0.93000 -2.00000
104010259 -0.13781 0.93400 -2.00000
104010260 -0.13781 0.93800 -2.00000
104010261 -0.13781 0.94200 -2.00000
104010262 -0.13781 0.94600 -2.00000
104010263 -0.13781 0.95000 -2.00000
104010264 -0.13781 0.95400 -2.00000
104010265 -0.13781 0.95800 -2.00000
104010266 -0.13781 0.96200 -2.00000
104010267 -0.13781 0.96600 -2.00000
104010268 -0.13781 0.97000 -2.00000
104010269 -0.13781 0.97400 -2.00000
104010270 -0.13781 0.97800 -2.00000
104010271 -0.13781 0.98200 -2.00000
104010272 -0.13781 0.98600 -2.00000
104010273 -0.13781 0.99000 -2.00000
104010274 -0.13781 0.99400 -2.00000
104010275 -0.13781 0.99800 -2.00000
104010276 -0.13781 1.00200 -2.00000
104010277 -0.13781 1.00600 -2.00000
104010278 -0.13781 1.01000 -2.00000
104010279 -0.13781 1.01400 -2.00000
104010280 -0.13781 1.01800 -2.00000
104010281 -0.13781 1.02200 -2.00000
104010282 -0.13781 1.02600 -2.00000
104010283 -0.13781 1.03000 -2.00000
104010284 -0.13781 1.03400 -2.00000
104010285 -0.13781 1.03800 -2.00000
104010286 -0.13781 1.04200 -2.00000
104010287 -0.13781 1.04600 -2.00000
104010288 -0.13781 1.05000 -2.00000
104010289 -0.13781 1.05400 -2.00000
104010290 -0.13781 1.05800 -2.00000
104010291 -0.13781 1.06200 -2.00000
104010292 -0.13781 1.06600 -2.00000
104010293 -0.13781 1.07000 -2.00000
104010294 -0.13781 1.07400 -2.00000
104010295 -0.13781 1.07800 -2.00000
104010296 -0.13781 1.08200 -2.00000
104010297 -0.13781 1.08600 -2.00000
104010298 -0.13781 1.09000 -2.00000
104010299 -0.13781 1.09400 -2.00000
104010300 -0.13781 1.09800 -2.00000
104010301 -0.12931 0.50200 -2.00000
104010302 -0.12931 0.50600 -2.00000
104010303 -0.12931 0.51000 -2.00000
104010304 -0.12931 0.51400 -2.00000
104010305 -0.12931 0.51800 -2.00000
104010306 -0.12931 0.52200 -2.00000
104010307 -0.12931 0.52600 -2.00000
104010308 -0.12931 0.53000 -2.00000
104010309 -0.12931 0.53400 -2.00000
104010310 -0.12931 0.53800 -2.00000
104010311 -0.12931 0.54200 -2.00000
104010312 -0.12931 0.54600 -2.00000
104010313 -0.12931 0.55000 -2.00000
104010314 -0.12931 0.55400 -2.00000
104010315 -0.12931 0.55800 -2.00000
104010316 -0.12931 0.56200 -2.00000
104010317 -0.12931 0.56600 -2.00000
104010318 -0.12931 0.57000 -2.00000
104010319 -0.12931 0.57400 -2.00000
104010320 -0.12931 0.57800 -2.00000
104010321 -0.12931 0.58200 -2.00000
104010322 -0.12931 0.58600 -2.00000
104010323 -0.12931 0.59000 -2.00000
104010324 -0.12931 0.59400 -2.00000
104010325 -0.12931 0.59800 -2.00000
104010326 -0.12931 0.60200 -2.00000
104010327 -0.12931 0.60600 -2.00000
104010328 -0.12931 0.61000 -2.00000
104010329 -0.12931 0.61400 -2.00000
104010330 -0.12931 0.61800 -2.00000
104010331 -0.12931 0.62200 -2.00000
104010332 -0.12931 0.62600 -2.00000
104010333 -0.12931 0.63000 -2.00000
104010334 -0.12931 0.63400 -2.00000
104010335 -0.12931 0.63800 -2.00000
104010336 -0.12931 0.64200 -2.00000
104010337 -0.12931 0.64600 -2.00000
104010338 -0.12931 0.65000 -2.00000
104010339 -0.12931 0.65400 -2.00000
104010340 -0.12931 0.65800 -2.00000
104010341 -0.12931 0.66200 -2.00000
104010342 -0.12931 0.66600 -2.00000
104010343 -0.12931 0.67000 -2.00000
104010344 -0.12931 0.67400 -2.00000
104010345 -0.12931 0.67800 -2.00000
104010346 -0.12931 0.68200 -2.00000
104010347 -0.12931 0.68600 -2.00000
104010348 -0.12931 0.69000 -2.00000
104010349 -0.12931 0.69400 -2.00000
104010350 -0.12931 0.69800 -2.00000
104010351 -0.12931 0.70200 -2.00000
104010352 -0.12931 0.70600 -2.00000
104010353 -0.12931 0.71000 -2.00000
104010354 -0.12931 0.71400 -2.00000
104010355 -0.12931 0.71800 -2.00000
104010356 -0.12931 0.72200 -2.00000
104010357 -0.12931 0.72600 -2.00000
104010358 -0.12931 0.73000 -2.00000
104010359 -0.12931 0.73400 -2.00000
104010360 -0.12931 0.73800 -2.00000
104010361 -0.12931 0.74200 -2.00000
104010362 -0.12931 0.74600 -2.00000
104010363 -0.12931 0.75000 -2.00000
104010364 -0.12931 0.75400 -2.00000
104010365 -0.12931 0.75800 -2.00000
104010366 -0.12931 0.76200 -2.00000
104010367 -0.12931 0.76600 -2.00000
104010368 -0.12931 0.77000 -2.00000
104010369 -0.12931 0.77400 -2.00000
104010370 -0.12931 0.77800 -2.00000
104010371 -0.12931 0.78200 -2.00000
104010372 -0.12931 0.78600 -2.00000
104010373 -0.12931 0.79000 -2.00000
104010374 -0.12931 0.79400 -2.00000
104010375 -0.12931 0.79800 -2.00000
104010376 -0.12931 0.80200 -2.00000
104010377 -0.12931 0.80600 -2.00000
104010378 -0.12931 0.81000 -2.00000
104010379 -0.12931 0.81400 -2.00000
104010380 -0.12931 0.81800 -2.00000
104010381 -0.12931 0.82200 -2.00000
104010382 -0.12931 0.82600 -2.00000
104010383 -0.12931 0.83000 -2.00000
104010384 -0.12931 0.83400 -2.00000
104010385 -0.12931 0.83800 -2.00000
104010386 -0.12931 0.84200 -2.00000
104010387 -0.12931 0.84600 -2.00000
104010388 -0.12931 0.85000 -2.00000
104010389 -0.12931 0.85400 -2.00000
104010390 -0.12931 0.85800 -2.00000
104010391 -0.12931 0.86200 -2.00000
104010392 -0.12931 0.86600 -2.00000
104010393 -0.12931 0.87000 -2.00000
104010394 -0.12931 0.87400 -2.00000
104010395 -0.12931 0.87800 -2.00000
104010396 -0.12931 0.88200 -2.00000
104010397 -0.12931 0.88600 -2.00000
104010398 -0.12931 0.89000 -2.00000
104010399 -0.12931 0.89400 -2.00000
104010400 -0.12931 0.89800 -2.00000
104010401 -0.12931 0.90200 -2.00000
104010402 -0.12931 0.90600 -2.00000
104010403 -0.12931 0.91000 -2.00000
104010404 -0.12931 0.91400 -2.00000
104010405 -0.12931 0.91800 -2.00000
104010406 -0.12931 0.92200 -2.00000
104010407 -0.12931 0.92600 -2.00000
104010408 -0.12931 0.93000 -2.00000
104010409 -0.12931 0.93400 -2.00000
104010410 -0.12931 0.93800 -2.00000
104010411 -0.12931 0.94200 -2.00000
104010412 -0.12931 0.94600 -2.00000
104010413 -0.12931 0.95000 -2.00000
104010414 -0.12931 0.95400 -2.00000
104010415 -0.12931 0.95800 -2.00000
104010416 -0.12931 0.96200 -2.00000
104010417 -0.12931 0.96600 -2.00000
104010418 -0.12931 0.97000 -2.00000
104010419 -0.12931 0.97400 -2.00000
104010420 -0.12931 0.97800 -2.00000
104010421 -0.12931 0.98200 -2.00000
104010422 -0.12931 0.98600 -2.00000
104010423 -0.12931 0.99000 -2.00000
104010424 -0.12931 0.99400 -2.00000
104010425 -0.12931 0.99800 -2.00000
104010426 -0.12931 1.00200 -2.00000
104010427 -0.12931 1.00600 -2.00000
104010428 -0.12931 1.01000 -2.00000
104010429 -0.12931 1.01400 -2.00000
104010430 -0.12931 1.01800 -2.00000
104010431 -0.12931 1.02200 -2.00000
104010432 -0.12931 1.02600 -2.00000
104010433 -0.12931 1.03000 -2.00000
104010434 -0.12931 1.03400 -2.00000
104010435 -0.12931 1.03800 -2.00000
104010436 -0.12931 1.04200 -2.00000
104010437 -0.12931 1.04600 -2.00000
104010438 -0.12931 1.05000 -2.00000
104010439 -0.12931 1.05400 -2.00000
104010440 -0.12931 1.05800 -2.00000
104010441 -0.12931 1.06200 -2.00000
104010442 -0.12931 1.06600 -2.00000
104010443 -0.12931 1.07000 -2.00000
104010444 -0.12931 1.07400 -2.00000
104010445 -0.12931 1.07800 -2.00000
104010446 -0.12931 1.08200 -2.00000
104010447 -0.12931 1.08600 -2.00000
104010448 -0.12931 1.09000 -2.00000
104010449 -0.12931 1.09400 -2.00000
104010450 -0.12931 1.09800 -2.00000
104010451 -0.12081 0.50200 -2.00000
104010452 -0.12081 0.50600 -2.00000
104010453 -0.12081 0.51000 -2.00000
104010454 -0.12081 0.51400 -2.00000
104010455 -0.12081 0.51800 -2.00000
104010456 -0.12081 0.52200 -2.00000
104010457 -0.12081 0.52600 -2.00000
104010458 -0.12081 0.53000 -2.00000
104010459 -0.12081 0.53400 -2.00000
104010460 -0.12081 0.53800 -2.00000
104010461 -0.12081 0.54200 -2.00000
104010462 -0.12081 0.54600 -2.00000
104010463 -0.12081 0.55000 -2.00000
104010464 -0.12081 0.55400 -2.00000
104010465 -0.12081 0.55800 -2.00000
104010466 -0.12081 0.56200 -2.00000
104010467 -0.12081 0.56600 -2.00000
104010468 -0.12081 0.57000 -2.00000
104010469 -0.12081 0.57400 -2.00000
104010470 -0.12081 0.57800 -2.00000
104010471 -0.12081 0.58200 -2.00000
104010472 -0.12081 0.58600 -2.00000
104010473 -0.12081 0.59000 -2.00000
104010474 -0.12081 0.59400 -2.00000
104010475 -0.12081 0.59800 -2.00000
104010476 -0.12081 0.60200 -2.00000
104010477 -0.12081 0.60600 -2.00000
104010478 -0.12081 0.61000 -2.00000
104010479 -0.12081 0.61400 -2.00000
104010480 -0.12081 0.61800 -2.00000
104010481 -0.12081 0.62200 -2.00000
104010482 -0.12081 0.62600 -2.00000
104010483 -0.12081 0.63000 -2.00000
104010484 -0.12081 0.63400 -2.00000
104010485 -0.12081 0.63800 -2.00000
104010486 -0.12081 0.64200 -2.00000
104010487 -0.12081 0.64600 -2.00000
104010488 -0.12081 0.65000 -2.00000
104010489 -0.12081 0.65400 -2.00000
104010490 -0.12081 0.65800 -2.00000
104010491 -0.12081 0.66200 -2.00000
104010492 -0.12081 0.66600 -2.00000
104010493 -0.12081 0.67000 -2.00000
104010494 -0.12081 0.67400 -2.00000
104010495 -0.12081 0.67800 -2.00000
104010496 -0.12081 0.68200 -2.00000
104010497 -0.12081 0.68600 -2.00000
104010498 -0.12081 0.69000 -2.00000
104010499 -0.12081 0.69400 -2.00000
104010500 -0.12081 0.69800 -2.00000
104010501 -0.12081 0.70200 -2.00000
104010502 -0.12081 0.70600 -2.00000
104010503 -0.12081 0.71000 -2.00000
104010504 -0.12081 0.71400 -2.00000
104010505 -0.12081 0.71800 -2.00000
104010506 -0.12081 0.72200 -2.00000
104010507 -0.12081 0.72600 -2.00000
104010508 -0.12081 0.73000 -2.00000
104010509 -0.12081 0.73400 -2.00000
104010510 -0.12081 0.73800 -2.00000
104010511 -0.12081 0.74200 -2.00000
104010512 -0.12081 0.74600 -2.00000
104010513 -0.12081 0.75000 -2.00000
104010514 -0.12081 0.75400 -2.00000
104010515 -0.12081 0.75800 -2.00000
104010516 -0.12081 0.76200 -2.00000
104010517 -0.12081 0.76600 -2.00000
104010518 -0.12081 0.77000 -2.00000
104010519 -0.12081 0.77400 -2.00000
104010520 -0.12081 0.77800 -2.00000
104010521 -0.12081 0.78200 -2.00000
104010522 -0.12081 0.78600 -2.00000
104010523 -0.12081 0.79000 -2.00000
104010524 -0.12081 0.79400 -2.00000
104010525 -0.12081 0.79800 -2.00000
104010526 -0.12081 0.80200 -2.00000
104010527 -0.12081 0.80600 -2.00000
104010528 -0.12081 0.81000 -2.00000
104010529 -0.12081 0.81400 -2.00000
104010530 -0.12081 0.81800 -2.00000
104010531 -0.12081 0.82200 -2.00000
104010532 -0.12081 0.82600 -2.00000
104010533 -0.12081 0.83000 -2.00000
104010534 -0.12081 0.83400 -2.00000
104010535 -0.12081 0.83800 -2.00000
104010536 -0.12081 0.84200 -2.00000
104010537 -0.12081 0.84600 -2.00000
104010538 -0.12081 0.85000 -2.00000
104010539 -0.12081 0.85400 -2.00000
104010540 -0.12081 0.85800 -2.00000
104010541 -0.12081 0.86200 -2.00000
104010542 -0.12081 0.86600 -2.00000
104010543 -0.12081 0.87000 -2.00000
104010544 -0.12081 0.87400 -2.00000
104010545 -0.12081 0.87800 -2.00000
104010546 -0.12081 0.88200 -2.00000
104010547 -0.12081 0.88600 -2.00000
104010548 -0.12081 0.89000 -2.00000
104010549 -0.12081 0.89400 -2.00000
104010550 -0.12081 0.89800 -2.00000
104010551 -0.12081 0.90200 -2.00000
104010552 -0.12081 0.90600 -2.00000
104010553 -0.12081 0.91000 -2.00000
104010554 -0.12081 0.91400 -2.00000
104010555 -0.12081 0.91800 -2.00000
104010556 -0.12081 0.92200 -2.00000
104010557 -0.12081 0.92600 -2.00000
104010558 -0.12081 0.93000 -2.00000
104010559 -0.12081 0.93400 -2.00000
104010560 -0.12081 0.93800 -2.00000
104010561 -0.12081 0.94200 -2.00000
104010562 -0.12081 0.94600 -2.00000
104010563 -0.12081 0.95000 -2.00000
104010564 -0.12081 0.95400 -2.00000
104010565 -0.12081 0.95800 -2.00000
104010566 -0.12081 0.96200 -2.00000
104010567 -0.12081 0.96600 -2.00000
104010568 -0.12081 0.97000 -2.00000
104010569 -0.12081 0.97400 -2.00000
104010570 -0.12081 0.97800 -2.00000
104010571 -0.12081 0.98200 -2.00000
104010572 -0.12081 0.98600 -2.00000
104010573 -0.12081 0.99000 -2.00000
104010574 -0.12081 0.99400 -2.00000
104010575 -0.12081 0.99800 -2.00000
104010576 -0.12081 1.00200 -2.00000
104010577 -0.12081 1.00600 -2.00000
104010578 -0.12081 1.01000 -2.00000
104010579 -0.12081 1.01400 -2.00000
104010580 -0.12081 1.01800 -2.00000
104010581 -0.12081 1.02200 -2.00000
104010582 -0.12081 1.02600 -2.00000
104010583 -0.12081 1.03000 -2.00000
104010584 -0.12081 1.03400 -2.00000
104010585 -0.12081 1.03800 -2.00000
104010586 -0.12081 1.04200 -2.00000
104010587 -0.12081 1.04600 -2.00000
104010588 -0.12081 1.05000 -2.00000
104010589 -0.12081 1.05400 -2.00000
104010590 -0.12081 1.05800 -2.00000
104010591 -0.12081 1.06200 -2.00000
104010592 -0.12081 1.06600 -2.00000
104010593 -0.12081 1.07000 -2.00000
104010594 -0.12081 1.07400 -2.00000
104010595 -0.12081 1.07800 -2.00000
104010596 -0.12081 1.08200 -2.00000
104010597 -0.12081 1.08600 -2.00000
104010598 -0.12081 1.09000 -2.00000
104010599 -0.12081 1.09400 -2.00000
104010600 -0.12081 1.09800 -2.00000
104010601 -0.11231 0.50200 -2.00000
104010602 -0.11231 0.50600 -2.00000
104010603 -0.11231 0.51000 -2.00000
104010604 -0.11231 0.51400 -2.00000
104010605 -0.11231 0.51800 -2.00000
104010606 -0.11231 0.52200 -2.00000
104010607 -0.11231 0.52600 -2.00000
104010608 -0.11231 0.53000 -2.00000
104010609 -0.11231 0.53400 -2.00000
104010610 -0.11231 0.53800 -2.00000
104010611 -0.11231 0.54200 -2.00000
104010612 -0.11231 0.54600 -2.00000
104010613 -0.11231 0.55000 -2.00000
104010614 -0.11231 0.55400 -2.00000
104010615 -0.11231 0.55800 -2.00000
104010616 -0.11231 0.56200 -2.00000
104010617 -0.11231 0.56600 -2.00000
104010618 -0.11231 0.57000 -2.00000
104010619 -0.11231 0.57400 -2.00000
104010620 -0.11231 0.57800 -2.00000
104010621 -0.11231 0.58200 -2.00000
104010622 -0.11231 0.58600 -2.00000
104010623 -0.11231 0.59000 -2.00000
104010624 -0.11231 0.59400 -2.00000
104010625 -0.11231 0.59800 -2.00000
104010626 -0.11231 0.60200 -2.00000
104010627 -0.11231 0.60600 -2.00000
104010628 -0.11231 0.61000 -2.00000
104010629 -0.11231 0.61400 -2.00000
104010630 -0.11231 0.61800 -2.00000
104010631 -0.11231 0.62200 -2.00000
104010632 -0.11231 0.62600 -2.00000
104010633 -0.11231 0.63000 -2.00000
104010634 -0.11231 0.63400 -2.00000
104010635 -0.11231 0.63800 -2.00000
104010636 -0.11231 0.64200 -2.00000
104010637 -0.11231 0.64600 -2.00000
104010638 -0.11231 0.65000 -2.00000
104010639 -0.11231 0.65400 -2.00000
104010640 -0.11231 0.65800 -2.00000
104010641 -0.11231 0.66200 -2.00000
104010642 -0.11231 0.66600 -2.00000
104010643 -0.11231 0.67000 -2.00000
104010644 -0.11231 0.67400 -2.00000
104010645 -0.11231 0.67800 -2.00000
104010646 -0.11231 0.68200 -2.00000
104010647 -0.11231 0.68600 -2.00000
104010648 -0.11231 0.69000 -2.00000
104010649 -0.11231 0.69400 -2.00000
104010650 -0.11231 0.69800 -2.00000
104010651 -0.11231 0.70200 -2.00000
104010652 -0.11231 0.70600 -2.00000
104010653 -0.11231 0.71000 -2.00000
104010654 -0.11231 0.71400 -2.00000
104010655 -0.11231 0.71800 -2.00000
104010656 -0.11231 0.72200 -2.00000
104010657 -0.11231 0.72600 -2.00000
104010658 -0.11231 0.73000 -2.00000
104010659 -0.11231 0.73400 -2.00000
104010660 -0.11231 0.73800 -2.00000
104010661 -0.11231 0.74200 -2.00000
104010662 -0.11231 0.74600 -2.00000
104010663 -0.11231 0.75000 -2.00000
104010664 -0.11231 0.75400 -2.00000
104010665 -0.11231 0.75800 -2.00000
104010666 -0.11231 0.76200 -2.00000
104010667 -0.11231 0.76600 -2.00000
104010668 -0.11231 0.77000 -2.00000
104010669 -0.11231 0.77400 -2.00000
104010670 -0.11231 0.77800 -2.00000
104010671 -0.11231 0.78200 -2.00000
104010672 -0.11231 0.78600 -2.00000
104010673 -0.11231 0.79000 -2.00000
104010674 -0.11231 0.79400 -2.00000
104010675 -0.11231 0.79800 -2.00000
104010676 -0.11231 0.80200 -2.00000
104010677 -0.11231 0.80600 -2.00000
104010678 -0.11231 0.81000 -2.00000
104010679 -0.11231 0.81400 -2.00000
104010680 -0.11231 0.81800 -2.00000
104010681 -0.11231 0.82200 -2.00000
104010682 -0.11231 0.82600 -2.00000
104010683 -0.11231 0.83000 -2.00000
104010684 -0.11231 0.83400 -2.00000
104010685 -0.11231 0.83800 -2.00000
104010686 -0.11231 0.84200 -2.00000
104010687 -0.11231 0.84600 -2.00000
104010688 -0.11231 0.85000 -2.00000
104010689 -0.11231 0.85400 -2.00000
104010690 -0.11231 0.85800 -2.00000
104010691 -0.11231 0.86200 -2.00000
104010692 -0.11231 0.86600 -2.00000
104010693 -0.11231 0.87000 -2.00000
104010694 -0.11231 0.87400 -2.00000
104010695 -0.11231 0.87800 -2.00000
104010696 -0.11231 0.88200 -2.00000
104010697 -0.11231 0.88600 -2.00000
104010698 -0.11231 0.89000 -2.00000
104010699 -0.11231 0.89400 -2.00000
104010700 -0.11231 0.89800 -2.00000
104010701 -0.11231 0.90200 -2.00000
104010702 -0.11231 0.90600 -2.00000
104010703 -0.11231 0.91000 -2.00000
104010704 -0.11231 0.91400 -2.00000
104010705 -0.11231 0.91800 -2.00000
104010706 -0.11231 0.92200 -2.00000
104010707 -0.11231 0.92600 -2.00000
104010708 -0.11231 0.93000 -2.00000
104010709 -0.11231 0.93400 -2.00000
104010710 -0.11231 0.93800 -2.00000
104010711 -0.11231 0.94200 -2.00000
104010712 -0.11231 0.94600 -2.00000
104010713 -0.11231 0.95000 -2.00000
104010714 -0.11231 0.95400 -2.00000
104010715 -0.11231 0.95800 -2.00000
104010716 -0.11231 0.96200 -2.00000
104010717 -0.11231 0.96600 -2.00000
104010718 -0.11231 0.97000 -2.00000
104010719 -0.11231 0.97400 -2.00000
104010720 -0.11231 0.97800 -2.00000
104010721 -0.11231 0.98200 -2.00000
104010722 -0.11231 0.98600 -2.00000
104010723 -0.11231 0.99000 -2.00000
104010724 -0.11231 0.99400 -2.00000
104010725 -0.11231 0.99800 -2.00000
104010726 -0.11231 1.00200 -2.00000
104010727 -0.11231 1.00600 -2.00000
104010728 -0.11231 1.01000 -2.00000
104010729 -0.11231 1.01400 -2.00000
104010730 -0.11231 1.01800 -2.00000
104010731 -0.11231 1.02200 -2.00000
104010732 -0.11231 1.02600 -2.00000
104010733 -0.11231 1.03000 -2.00000
104010734 -0.11231 1.03400 -2.00000
104010735 -0.11231 1.03800 -2.00000
104010736 -0.11231 1.04200 -2.00000
104010737 -0.11231 1.04600 -2.00000
104010738 -0.11231 1.05000 -2.00000
104010739 -0.11231 1.05400 -2.00000
104010740 -0.11231 1.05800 -2.00000
104010741 -0.11231 1.06200 -2.00000
104010742 -0.11231 1.06600 -2.00000
104010743 -0.11231 1.07000 -2.00000
104010744 -0.11231 1.07400 -2.00000
104010745 -0.11231 1.07800 -2.00000
104010746 -0.11231 1.08200 -2.00000
104010747 -0.11231 1.08600 -2.00000
104010748 -0.11231 1.09000 -2.00000
104010749 -0.11231 1.09400 -2.00000
104010750 -0.11231 1.09800 -2.00000
104010751 -0.10381 0.50200 -2.00000
104010752 -0.10381 0.50600 -2.00000
104010753 -0.10381 0.51000 -2.00000
104010754 -0.10381 0.51400 -2.00000
104010755 -0.10381 0.51800 -2.00000
104010756 -0.10381 0.52200 -2.00000
104010757 -0.10381 0.52600 -2.00000
104010758 -0.10381 0.53000 -2.00000
104010759 -0.10381 0.53400 -2.00000
104010760 -0.10381 0.53800 -2.00000
104010761 -0.10381 0.54200 -2.00000
104010762 -0.10381 0.54600 -2.00000
104010763 -0.10381 0.55000 -2.00000
104010764 -0.10381 0.55400 -2.00000
104010765 -0.10381 0.55800 -2.00000
104010766 -0.10381 0.56200 -2.00000
104010767 -0.10381 0.56600 -2.00000
104010768 -0.10381 0.57000 -2.00000
104010769 -0.10381 0.57400 -2.00000
104010770 -0.10381 0.57800 -2.00000
104010771 -0.10381 0.58200 -2.00000
104010772 -0.10381 0.58600 -2.00000
104010773 -0.10381 0.59000 -2.00000
104010774 -0.10381 0.59400 -2.00000
104010775 -0.10381 0.59800 -2.00000
104010776 -0.10381 0.60200 -2.00000
104010777 -0.10381 0.60600 -2.00000
104010778 -0.10381 0.61000 -2.00000
104010779 -0.10381 0.61400 -2.00000
104010780 -0.10381 0.61800 -2.00000
104010781 -0.10381 0.62200 -2.00000
104010782 -0.10381 0.62600 -2.00000
104010783 -0.10381 0.63000 -2.00000
104010784 -0.10381 0.63400 -2.00000
104010785 -0.10381 0.63800 -2.00000
104010786 -0.10381 0.64200 -2.00000
104010787 -0.10381 0.64600 -2.00000
104010788 -0.10381 0.65000 -2.00000
104010789 -0.10381 0.65400 -2.00000
104010790 -0.10381 0.65800 -2.00000
104010791 -0.10381 0.66200 -2.00000
104010792 -0.10381 0.66600 -2.00000
104010793 -0.10381 0.67000 -2.00000
104010794 -0.10381 0.67400 -2.00000
104010795 -0.10381 0.67800 -2.00000
104010796 -0.10381 0.68200 -2.00000
104010797 -0.10381 0.68600 -2.00000
104010798 -0.10381 0.69000 -2.00000
104010799 -0.10381 0.69400 -2.00000
104010800 -0.10381 0.69800 -2.00000
104010801 -0.10381 0.70200 -2.00000
104010802 -0.10381 0.70600 -2.00000
104010803 -0.10381 0.71000 -2.00000
104010804 -0.10381 0.71400 -2.00000
104010805 -0.10381 0.71800 -2.00000
104010806 -0.10381 0.72200 -2.00000
104010807 -0.10381 0.72600 -2.00000
104010808 -0.10381 0.73000 -2.00000
104010809 -0.10381 0.73400 -2.00000
104010810 -0.10381 0.73800 -2.00000
104010811 -0.10381 0.74200 -2.00000
104010812 -0.10381 0.74600 -2.00000
104010813 -0.10381 0.75000 -2.00000
104010814 -0.10381 0.75400 -2.00000
104010815 -0.10381 0.75800 -2.00000
104010816 -0.10381 0.76200 -2.00000
104010817 -0.10381 0.76600 -2.00000
104010818 -0.10381 0.77000 -2.00000
104010819 -0.10381 0.77400 -2.00000
104010820 -0.10381 0.77800 -2.00000
104010821 -0.10381 0.78200 -2.00000
104010822 -0.10381 0.78600 -2.00000
104010823 -0.10381 0.79000 -2.00000
104010824 -0.10381 0.79400 -2.00000
104010825 -0.10381 0.79800 -2.00000
104010826 -0.10381 0.80200 -2.00000
104010827 -0.10381 0.80600 -2.00000
104010828 -0.10381 0.81000 -2.00000
104010829 -0.10381 0.81400 -2.00000
104010830 -0.10381 0.81800 -2.00000
104010831 -0.10381 0.82200 -2.00000
104010832 -0.10381 0.82600 -2.00000
104010833 -0.10381 0.83000 -2.00000
104010834 -0.10381 0.83400 -2.00000
104010835 -0.10381 0.83800 -2.00000
104010836 -0.10381 0.84200 -2.00000
104010837 -0.10381 0.84600 -2.00000
104010838 -0.10381 0.85000 -2.00000
104010839 -0.10381 0.85400 -2.00000
104010840 -0.10381 0.85800 -2.00000
104010841 -0.10381 0.86200 -2.00000
104010842 -0.10381 0.86600 -2.00000
104010843 -0.10381 0.87000 -2.00000
104010844 -0.10381 0.87400 -2.00000
104010845 -0.10381 0.87800 -2.00000
104010846 -0.10381 0.88200 -2.00000
104010847 -0.10381 0.88600 -2.00000
104010848 -0.10381 0.89000 -2.00000
104010849 -0.10381 0.89400 -2.00000
104010850 -0.10381 0.89800 -2.00000
104010851 -0.10381 0.90200 -2.00000
104010852 -0.10381 0.90600 -2.00000
104010853 -0.10381 0.91000 -2.00000
104010854 -0.10381 0.91400 -2.00000
104010855 -0.10381 0.91800 -2.00000
104010856 -0.10381 0.92200 -2.00000
104010857 -0.10381 0.92600 -2.00000
104010858 -0.10381 0.93000 -2.00000
104010859 -0.10381 0.93400 -2.00000
104010860 -0.10381 0.93800 -2.00000
104010861 -0.10381 0.94200 -2.00000
104010862 -0.10381 0.94600 -2.00000
104010863 -0.10381 0.95000 -2.00000
104010864 -0.10381 0.95400 -2.00000
104010865 -0.10381 0.95800 -2.00000
104010866 -0.10381 0.96200 -2.00000
104010867 -0.10381 0.96600 -2.00000
104010868 -0.10381 0.97000 -2.00000
104010869 -0.10381 0.97400 -2.00000
104010870 -0.10381 0.97800 -2.00000
104010871 -0.10381 0.98200 -2.00000
104010872 -0.10381 0.98600 -2.00000
104010873 -0.10381 0.99000 -2.00000
104010874 -0.10381 0.99400 -2.00000
104010875 -0.10381 0.99800 -2.00000
104010876 -0.10381 1.00200 -2.00000
104010877 -0.10381 1.00600 -2.00000
104010878 -0.10381 1.01000 -2.00000
104010879 -0.10381 1.01400 -2.00000
104010880 -0.10381 1.01800 -2.00000
104010881 -0.10381 1.02200 -2.00000
104010882 -0.10381 1.02600 -2.00000
104010883 -0.10381 1.03000 -2.00000
104010884 -0.10381 1.03400 -2.00000
104010885 -0.10381 1.03800 -2.00000
104010886 -0.10381 1.04200 -2.00000
104010887 -0.10381 1.04600 -2.00000
104010888 -0.10381 1.05000 -2.00000
104010889 -0.10381 1.05400 -2.00000
104010890 -0.10381 1.05800 -2.00000
104010891 -0.10381 1.06200 -2.00000
104010892 -0.10381 1.06600 -2.00000
104010893 -0.10381 1.07000 -2.00000
104010894 -0.10381 1.07400 -2.00000
104010895 -0.10381 1.07800 -2.00000
104010896 -0.10381 1.08200 -2.00000
104010897 -0.10381 1.08600 -2.00000
104010898 -0.10381 1.09000 -2.00000
104010899 -0.10381 1.09400 -2.00000
104010900 -0.10381 1.09800 -2.00000
104010901 -0.09531 0.50200 -2.00000
104010902 -0.09531 0.50600 -2.00000
104010903 -0.09531 0.51000 -2.00000
104010904 -0.09531 0.51400 -2.00000
104010905 -0.09531 0.51800 -2.00000
104010906 -0.09531 0.52200 -2.00000
104010907 -0.09531 0.52600 -2.00000
104010908 -0.09531 0.53000 -2.00000
104010909 -0.09531 0.53400 -2.00000
104010910 -0.09531 0.53800 -2.00000
104010911 -0.09531 0.54200 -2.00000
104010912 -0.09531 0.54600 -2.00000
104010913 -0.09531 0.55000 -2.00000
104010914 -0.09531 0.55400 -2.00000
104010915 -0.09531 0.55800 -2.00000
104010916 -0.09531 0.56200 -2.00000
104010917 -0.09531 0.56600 -2.00000
104010918 -0.09531 0.57000 -2.00000
104010919 -0.09531 0.57400 -2.00000
104010920 -0.09531 0.57800 -2.00000
104010921 -0.09531 0.58200 -2.00000
104010922 -0.09531 0.58600 -2.00000
104010923 -0.09531 0.59000 -2.00000
104010924 -0.09531 0.59400 -2.00000
104010925 -0.09531 0.59800 -2.00000
104010926 -0.09531 0.60200 -2.00000
104010927 -0.09531 0.60600 -2.00000
104010928 -0.09531 0.61000 -2.00000
104010929 -0.09531 0.61400 -2.00000
104010930 -0.09531 0.61800 -2.00000
104010931 -0.09531 0.62200 -2.00000
104010932 -0.09531 0.62600 -2.00000
104010933 -0.09531 0.63000 -2.00000
104010934 -0.09531 0.63400 -2.00000
104010935 -0.09531 0.63800 -2.00000
104010936 -0.09531 0.64200 -2.00000
104010937 -0.09531 0.64600 -2.00000
104010938 -0.09531 0.65000 -2.00000
104010939 -0.09531 0.65400 -2.00000
104010940 -0.09531 0.65800 -2.00000
104010941 -0.09531 0.66200 -2.00000
104010942 -0.09531 0.66600 -2.00000
104010943 -0.09531 0.67000 -2.00000
104010944 -0.09531 0.67400 -2.00000
104010945 -0.09531 0.67800 -2.00000
104010946 -0.09531 0.68200 -2.00000
104010947 -0.09531 0.68600 -2.00000
104010948 -0.09531 0.69000 -2.00000
104010949 -0.09531 0.69400 -2.00000
104010950 -0.09531 0.69800 -2.00000
104010951 -0.09531 0.70200 -2.00000
104010952 -0.09531 0.70600 -2.00000
104010953 -0.09531 0.71000 -2.00000
104010954 -0.09531 0.71400 -2.00000
104010955 -0.09531 0.71800 -2.00000
104010956 -0.09531 0.72200 -2.00000
104010957 -0.09531 0.72600 -2.00000
104010958 -0.09531 0.73000 -2.00000
104010959 -0.09531 0.73400 -2.00000
104010960 -0.09531 0.73800 -2.00000
104010961 -0.09531 0.74200 -2.00000
104010962 -0.09531 0.74600 -2.00000
104010963 -0.09531 0.75000 -2.00000
104010964 -0.09531 0.75400 -2.00000
104010965 -0.09531 0.75800 -2.00000
104010966 -0.09531 0.76200 -2.00000
104010967 -0.09531 0.76600 -2.00000
104010968 -0.09531 0.77000 -2.00000
104010969 -0.09531 0.77400 -2.00000
104010970 -0.09531 0.77800 -2.00000
104010971 -0.09531 0.78200 -2.00000
104010972 -0.09531 0.78600 -2.00000
104010973 -0.09531 0.79000 -2.00000
104010974 -0.09531 0.79400 -2.00000
104010975 -0.09531 0.79800 -2.00000
104010976 -0.09531 0.80200 -2.00000
104010977 -0.09531 0.80600 -2.00000
104010978 -0.09531 0.81000 -2.00000
104010979 -0.09531 0.81400 -2.00000
104010980 -0.09531 0.81800 -2.00000
104010981 -0.09531 0.82200 -2.00000
104010982 -0.09531 0.82600 -2.00000
104010983 -0.09531 0.83000 -2.00000
104010984 -0.09531 0.83400 -2.00000
104010985 -0.09531 0.83800 -2.00000
104010986 -0.09531 0.84200 -2.00000
104010987 -0.09531 0.84600 -2.00000
104010988 -0.09531 0.85000 -2.00000
104010989 -0.09531 0.85400 -2.00000
104010990 -0.09531 0.85800 -2.00000
104010991 -0.09531 0.86200 -2.00000
104010992 -0.09531 0.86600 -2.00000
104010993 -0.09531 0.87000 -2.00000
104010994 -0.09531 0.87400 -2.00000
104010995 -0.09531 0.87800 -2.00000
104010996 -0.09531 0.88200 -2.00000
104010997 -0.09531 0.88600 -2.00000
104010998 -0.09531 0.89000 -2.00000
104010999 -0.09531 0.89400 -2.00000
104011000 -0.09531 0.89800 -2.00000
104011001 -0.09531 0.90200 -2.00000
104011002 -0.09531 0.90600 -2.00000
104011003 -0.09531 0.91000 -2.00000
104011004 -0.09531 0.91400 -2.00000
104011005 -0.09531 0.91800 -2.00000
104011006 -0.09531 0.92200 -2.00000
104011007 -0.09531 0.92600 -2.00000
104011008 -0.09531 0.93000 -2.00000
104011009 -0.09531 0.93400 -2.00000
104011010 -0.09531 0.93800 -2.00000
104011011 -0.09531 0.94200 -2.00000
104011012 -0.09531 0.94600 -2.00000
104011013 -0.09531 0.95000 -2.00000
104011014 -0.09531 0.95400 -2.00000
104011015 -0.09531 0.95800 -2.00000
104011016 -0.09531 0.96200 -2.00000
104011017 -0.09531 0.96600 -2.00000
104011018 -0.09531 0.97000 -2.00000
104011019 -0.09531 0.97400 -2.00000
104011020 -0.09531 0.97800 -2.00000
104011021 -0.09531 0.98200 -2.00000
104011022 -0.09531 0.98600 -2.00000
104011023 -0.09531 0.99000 -2.00000
104011024 -0.09531 0.99400 -2.00000
104011025 -0.09531 0.99800 -2.00000
104011026 -0.09531 1.00200 -2.00000
104011027 -0.09531 1.00600 -2.00000
104011028 -0.09531 1.01000 -2.00000
104011029 -0.09531 1.01400 -2.00000
104011030 -0.09531 1.01800 -2.00000
104011031 -0.09531 1.02200 -2.00000
104011032 -0.09531 1.02600 -2.00000
104011033 -0.09531 1.03000 -2.00000
104011034 -0.09531 1.03400 -2.00000
104011035 -0.09531 1.03800 -2.00000
104011036 -0.09531 1.04200 -2.00000
104011037 -0.09531 1.04600 -2.00000
104011038 -0.09531 1.05000 -2.00000
104011039 -0.09531 1.05400 -2.00000
104011040 -0.09531 1.05800 -2.00000
104011041 -0.09531 1.06200 -2.00000
104011042 -0.09531 1.06600 -2.00000
104011043 -0.09531 1.07000 -2.00000
104011044 -0.09531 1.07400 -2.00000
104011045 -0.09531 1.07800 -2.00000
104011046 -0.09531 1.08200 -2.00000
104011047 -0.09531 1.08600 -2.00000
104011048 -0.09531 1.09000 -2.00000
104011049 -0.09531 1.09400 -2.00000
104011050 -0.09531 1.09800 -2.00000
104011051 -0.08681 0.50200 -2.00000
104011052 -0.08681 0.50600 -2.00000
104011053 -0.08681 0.51000 -2.00000
104011054 -0.08681 0.51400 -2.00000
104011055 -0.08681 0.51800 -2.00000
104011056 -0.08681 0.52200 -2.00000
104011057 -0.08681 0.52600 -2.00000
104011058 -0.08681 0.53000 -2.00000
104011059 -0.08681 0.53400 -2.00000
104011060 -0.08681 0.53800 -2.00000
104011061 -0.08681 0.54200 -2.00000
104011062 -0.08681 0.54600 -2.00000
104011063 -0.08681 0.55000 -2.00000
104011064 -0.08681 0.55400 -2.00000
104011065 -0.08681 0.55800 -2.00000
104011066 -0.08681 0.56200 -2.00000
104011067 -0.08681 0.56600 -2.00000
104011068 -0.08681 0.57000 -2.00000
104011069 -0.08681 0.57400 -2.00000
104011070 -0.08681 0.57800 -2.00000
104011071 -0.08681 0.58200 -2.00000
104011072 -0.08681 0.58600 -2.00000
104011073 -0.08681 0.59000 -2.00000
104011074 -0.08681 0.59400 -2.00000
104011075 -0.08681 0.59800 -2.00000
104011076 -0.08681 0.60200 -2.00000
104011077 -0.08681 0.60600 -2.00000
104011078 -0.08681 0.61000 -2.00000
104011079 -0.08681 0.61400 -2.00000
104011080 -0.08681 0.61800 -2.00000
104011081 -0.08681 0.62200 -2.00000
104011082 -0.08681 0.62600 -2.00000
104011083 -0.08681 0.63000 -2.00000
104011084 -0.08681 0.63400 -2.00000
104011085 -0.08681 0.63800 -2.00000
104011086 -0.08681 0.64200 -2.00000
104011087 -0.08681 0.64600 -2.00000
104011088 -0.08681 0.65000 -2.00000
104011089 -0.08681 0.65400 -2.00000
104011090 -0.08681 0.65800 -2.00000
104011091 -0.08681 0.66200 -2.00000
104011092 -0.08681 0.66600 -2.00000
104011093 -0.08681 0.67000 -2.00000
104011094 -0.08681 0.67400 -2.00000
104011095 -0.08681 0.67800 -2.00000
104011096 -0.08681 0.68200 -2.00000
104011097 -0.08681 0.68600 -2.00000
104011098 -0.08681 0.69000 -2.00000
104011099 -0.08681 0.69400 -2.00000
104011100 -0.08681 0.69800 -2.00000
104011101 -0.08681 0.70200 -2.00000
104011102 -0.08681 0.70600 -2.00000
104011103 -0.08681 0.71000 -2.00000
104011104 -0.08681 0.71400 -2.00000
104011105 -0.08681 0.71800 -2.00000
104011106 -0.08681 0.72200 -2.00000
104011107 -0.08681 0.72600 -2.00000
104011108 -0.08681 0.73000 -2.00000
104011109 -0.08681 0.73400 -2.00000
104011110 -0.08681 0.73800 -2.00000
104011111 -0.08681 0.74200 -2.00000
104011112 -0.08681 0.74600 -2.00000
104011113 -0.08681 0.75000 -2.00000
104011114 -0.08681 0.75400 -2.00000
104011115 -0.08681 0.75800 -2.00000
104011116 -0.08681 0.76200 -2.00000
104011117 -0.08681 0.76600 -2.00000
104011118 -0.08681 0.77000 -2.00000
104011119 -0.08681 0.77400 -2.00000
104011120 -0.08681 0.77800 -2.00000
104011121 -0.08681 0.78200 -2.00000
104011122 -0.08681 0.78600 -2.00000
104011123 -0.08681 0.79000 -2.00000
104011124 -0.08681 0.79400 -2.00000
104011125 -0.08681 0.79800 -2.00000
104011126 -0.08681 0.80200 -2.00000
104011127 -0.08681 0.80600 -2.00000
104011128 -0.08681 0.81000 -2.00000
104011129 -0.08681 0.81400 -2.00000
104011130 -0.08681 0.81800 -2.00000
104011131 -0.08681 0.82200 -2.00000
104011132 -0.08681 0.82600 -2.00000
104011133 -0.08681 0.83000 -2.00000
104011134 -0.08681 0.83400 -2.00000
104011135 -0.08681 0.83800 -2.00000
104011136 -0.08681 0.84200 -2.00000
104011137 -0.08681 0.84600 -2.00000
104011138 -0.08681 0.85000 -2.00000
104011139 -0.08681 0.85400 -2.00000
104011140 -0.08681 0.85800 -2.00000
104011141 -0.08681 0.86200 -2.00000
104011142 -0.08681 0.86600 -2.00000
104011143 -0.08681 0.87000 -2.00000
104011144 -0.08681 0.87400 -2.00000
104011145 -0.08681 0.87800 -2.00000
104011146 -0.08681 0.88200 -2.00000
104011147 -0.08681 0.88600 -2.00000
104011148 -0.08681 0.89000 -2.00000
104011149 -0.08681 0.89400 -2.00000
104011150 -0.08681 0.89800 -2.00000
104011151 -0.08681 0.90200 -2.00000
104011152 -0.08681 0.90600 -2.00000
104011153 -0.08681 0.91000 -2.00000
104011154 -0.08681 0.91400 -2.00000
104011155 -0.08681 0.91800 -2.00000
104011156 -0.08681 0.92200 -2.00000
104011157 -0.08681 0.92600 -2.00000
104011158 -0.08681 0.93000 -2.00000
104011159 -0.08681 0.93400 -2.00000
104011160 -0.08681 0.93800 -2.00000
104011161 -0.08681 0.94200 -2.00000
104011162 -0.08681 0.94600 -2.00000
104011163 -0.08681 0.95000 -2.00000
104011164 -0.08681 0.95400 -2.00000
104011165 -0.08681 0.95800 -2.00000
104011166 -0.08681 0.96200 -2.00000
104011167 -0.08681 0.96600 -2.00000
104011168 -0.08681 0.97000 -2.00000
104011169 -0.08681 0.97400 -2.00000
104011170 -0.08681 0.97800 -2.00000
104011171 -0.08681 0.98200 -2.00000
104011172 -0.08681 0.98600 -2.00000
104011173 -0.08681 0.99000 -2.00000
104011174 -0.08681 0.99400 -2.00000
104011175 -0.08681 0.99800 -2.00000
104011176 -0.08681 1.00200 -2.00000
104011177 -0.08681 1.00600 -2.00000
104011178 -0.08681 1.01000 -2.00000
104011179 -0.08681 1.01400 -2.00000
104011180 -0.08681 1.01800 -2.00000
104011181 -0.08681 1.02200 -2.00000
104011182 -0.08681 1.02600 -2.00000
104011183 -0.08681 1.03000 -2.00000
104011184 -0.08681 1.03400 -2.00000
104011185 -0.08681 1.03800 -2.00000
104011186 -0.08681 1.04200 -2.00000
104011187 -0.08681 1.04600 -2.00000
104011188 -0.08681 1.05000 -2.00000
104011189 -0.08681 1.05400 -2.00000
104011190 -0.08681 1.05800 -2.00000
104011191 -0.08681 1.06200 -2.00000
104011192 -0.08681 1.06600 -2.00000
104011193 -0.08681 1.07000 -2.00000
104011194 -0.08681 1.07400 -2.00000
104011195 -0.08681 1.07800 -2.00000
104011196 -0.08681 1.08200 -2.00000
104011197 -0.08681 1.08600 -2.00000
104011198 -0.08681 1.09000 -2.00000
104011199 -0.08681 1.09400 -2.00000
104011200 -0.08681 1.09800 -2.00000
