# pixelID  x  y  z
106030001 -0.28431 -1.09800 -2.00000
106030002 -0.28431 -1.09400 -2.00000
106030003 -0.28431 -1.09000 -2.00000
106030004 -0.28431 -1.08600 -2.00000
106030005 -0.28431 -1.08200 -2.00000
106030006 -0.28431 -1.07800 -2.00000
106030007 -0.28431 -1.07400 -2.00000
106030008 -0.28431 -1.07000 -2.00000
106030009 -0.28431 -1.06600 -2.00000
106030010 -0.28431 -1.06200 -2.00000
106030011 -0.28431 -1.05800 -2.00000
106030012 -0.28431 -1.05400 -2.00000
106030013 -0.28431 -1.05000 -2.00000
106030014 -0.28431 -1.04600 -2.00000
106030015 -0.28431 -1.04200 -2.00000
106030016 -0.28431 -1.03800 -2.00000
106030017 -0.28431 -1.03400 -2.00000
106030018 -0.28431 -1.03000 -2.00000
106030019 -0.28431 -1.02600 -2.00000
106030020 -0.28431 -1.02200 -2.00000
106030021 -0.28431 -1.01800 -2.00000
106030022 -0.28431 -1.01400 -2.00000
106030023 -0.28431 -1.01000 -2.00000
106030024 -0.28431 -1.00600 -2.00000
106030025 -0.28431 -1.00200 -2.00000
106030026 -0.28431 -0.99800 -2.00000
106030027 -0.28431 -0.99400 -2.00000
106030028 -0.28431 -0.99000 -2.00000
106030029 -0.28431 -0.98600 -2.00000
106030030 -0.28431 -0.98200 -2.00000
106030031 -0.28431 -0.97800 -2.00000
106030032 -0.28431 -0.97400 -2.00000
106030033 -0.28431 -0.97000 -2.00000
106030034 -0.28431 -0.96600 -2.00000
106030035 -0.28431 -0.96200 -2.00000
106030036 -0.28431 -0.95800 -2.00000
106030037 -0.28431 -0.95400 -2.00000
106030038 -0.28431 -0.95000 -2.00000
106030039 -0.28431 -0.94600 -2.00000
106030040 -0.28431 -0.94200 -2.00000
106030041 -0.28431 -0.93800 -2.00000
106030042 -0.28431 -0.93400 -2.00000
106030043 -0.28431 -0.93000 -2.00000
106030044 -0.28431 -0.92600 -2.00000
106030045 -0.28431 -0.92200 -2.00000
106030046 -0.28431 -0.91800 -2.00000
106030047 -0.28431 -0.91400 -2.00000
106030048 -0.28431 -0.91000 -2.00000
106030049 -0.28431 -0.90600 -2.00000
106030050 -0.28431 -0.90200 -2.00000
106030051 -0.28431 -0.89800 -2.00000
106030052 -0.28431 -0.89400 -2.00000
106030053 -0.28431 -0.89000 -2.00000
106030054 -0.28431 -0.88600 -2.00000
106030055 -0.28431 -0.88200 -2.00000
106030056 -0.28431 -0.87800 -2.00000
106030057 -0.28431 -0.87400 -2.00000
106030058 -0.28431 -0.87000 -2.00000
106030059 -0.28431 -0.86600 -2.00000
106030060 -0.28431 -0.86200 -2.00000
106030061 -0.28431 -0.85800 -2.00000
106030062 -0.28431 -0.85400 -2.00000
106030063 -0.28431 -0.85000 -2.00000
106030064 -0.28431 -0.84600 -2.00000
106030065 -0.28431 -0.84200 -2.00000
106030066 -0.28431 -0.83800 -2.00000
106030067 -0.28431 -0.83400 -2.00000
106030068 -0.28431 -0.83000 -2.00000
106030069 -0.28431 -0.82600 -2.00000
106030070 -0.28431 -0.82200 -2.00000
106030071 -0.28431 -0.81800 -2.00000
106030072 -0.28431 -0.81400 -2.00000
106030073 -0.28431 -0.81000 -2.00000
106030074 -0.28431 -0.80600 -2.00000
106030075 -0.28431 -0.80200 -2.00000
106030076 -0.28431 -0.79800 -2.00000
106030077 -0.28431 -0.79400 -2.00000
106030078 -0.28431 -0.79000 -2.00000
106030079 -0.28431 -0.78600 -2.00000
106030080 -0.28431 -0.78200 -2.00000
106030081 -0.28431 -0.77800 -2.00000
106030082 -0.28431 -0.77400 -2.00000
106030083 -0.28431 -0.77000 -2.00000
106030084 -0.28431 -0.76600 -2.00000
106030085 -0.28431 -0.76200 -2.00000
106030086 -0.28431 -0.75800 -2.00000
106030087 -0.28431 -0.75400 -2.00000
106030088 -0.28431 -0.75000 -2.00000
106030089 -0.28431 -0.74600 -2.00000
106030090 -0.28431 -0.74200 -2.00000
106030091 -0.28431 -0.73800 -2.00000
106030092 -0.28431 -0.73400 -2.00000
106030093 -0.28431 -0.73000 -2.00000
106030094 -0.28431 -0.72600 -2.00000
106030095 -0.28431 -0.72200 -2.00000
106030096 -0.28431 -0.71800 -2.00000
106030097 -0.28431 -0.71400 -2.00000
106030098 -0.28431 -0.71000 -2.00000
106030099 -0.28431 -0.70600 -2.00000
106030100 -0.28431 -0.70200 -2.00000
106030101 -0.28431 -0.69800 -2.00000
106030102 -0.28431 -0.69400 -2.00000
106030103 -0.28431 -0.69000 -2.00000
106030104 -0.28431 -0.68600 -2.00000
106030105 -0.28431 -0.68200 -2.00000
106030106 -0.28431 -0.67800 -2.00000
106030107 -0.28431 -0.67400 -2.00000
106030108 -0.28431 -0.67000 -2.00000
106030109 -0.28431 -0.66600 -2.00000
106030110 -0.28431 -0.66200 -2.00000
106030111 -0.28431 -0.65800 -2.00000
106030112 -0.28431 -0.65400 -2.00000
106030113 -0.28431 -0.65000 -2.00000
106030114 -0.28431 -0.64600 -2.00000
106030115 -0.28431 -0.64200 -2.00000
106030116 -0.28431 -0.63800 -2.00000
106030117 -0.28431 -0.63400 -2.00000
106030118 -0.28431 -0.63000 -2.00000
106030119 -0.28431 -0.62600 -2.00000
106030120 -0.28431 -0.62200 -2.00000
106030121 -0.28431 -0.61800 -2.00000
106030122 -0.28431 -0.61400 -2.00000
106030123 -0.28431 -0.61000 -2.00000
106030124 -0.28431 -0.60600 -2.00000
106030125 -0.28431 -0.60200 -2.00000
106030126 -0.28431 -0.59800 -2.00000
106030127 -0.28431 -0.59400 -2.00000
106030128 -0.28431 -0.59000 -2.00000
106030129 -0.28431 -0.58600 -2.00000
106030130 -0.28431 -0.58200 -2.00000
106030131 -0.28431 -0.57800 -2.00000
106030132 -0.28431 -0.57400 -2.00000
106030133 -0.28431 -0.57000 -2.00000
106030134 -0.28431 -0.56600 -2.00000
106030135 -0.28431 -0.56200 -2.00000
106030136 -0.28431 -0.55800 -2.00000
106030137 -0.28431 -0.55400 -2.00000
106030138 -0.28431 -0.55000 -2.00000
106030139 -0.28431 -0.54600 -2.00000
106030140 -0.28431 -0.54200 -2.00000
106030141 -0.28431 -0.53800 -2.00000
106030142 -0.28431 -0.53400 -2.00000
106030143 -0.28431 -0.53000 -2.00000
106030144 -0.28431 -0.52600 -2.00000
106030145 -0.28431 -0.52200 -2.00000
106030146 -0.28431 -0.51800 -2.00000
106030147 -0.28431 -0.51400 -2.00000
106030148 -0.28431 -0.51000 -2.00000
106030149 -0.28431 -0.50600 -2.00000
106030150 -0.28431 -0.50200 -2.00000
106030151 -0.27581 -1.09800 -2.00000
106030152 -0.27581 -1.09400 -2.00000
106030153 -0.27581 -1.09000 -2.00000
106030154 -0.27581 -1.08600 -2.00000
106030155 -0.27581 -1.08200 -2.00000
106030156 -0.27581 -1.07800 -2.00000
106030157 -0.27581 -1.07400 -2.00000
106030158 -0.27581 -1.07000 -2.00000
106030159 -0.27581 -1.06600 -2.00000
106030160 -0.27581 -1.06200 -2.00000
106030161 -0.27581 -1.05800 -2.00000
106030162 -0.27581 -1.05400 -2.00000
106030163 -0.27581 -1.05000 -2.00000
106030164 -0.27581 -1.04600 -2.00000
106030165 -0.27581 -1.04200 -2.00000
106030166 -0.27581 -1.03800 -2.00000
106030167 -0.27581 -1.03400 -2.00000
106030168 -0.27581 -1.03000 -2.00000
106030169 -0.27581 -1.02600 -2.00000
106030170 -0.27581 -1.02200 -2.00000
106030171 -0.27581 -1.01800 -2.00000
106030172 -0.27581 -1.01400 -2.00000
106030173 -0.27581 -1.01000 -2.00000
106030174 -0.27581 -1.00600 -2.00000
106030175 -0.27581 -1.00200 -2.00000
106030176 -0.27581 -0.99800 -2.00000
106030177 -0.27581 -0.99400 -2.00000
106030178 -0.27581 -0.99000 -2.00000
106030179 -0.27581 -0.98600 -2.00000
106030180 -0.27581 -0.98200 -2.00000
106030181 -0.27581 -0.97800 -2.00000
106030182 -0.27581 -0.97400 -2.00000
106030183 -0.27581 -0.97000 -2.00000
106030184 -0.27581 -0.96600 -2.00000
106030185 -0.27581 -0.96200 -2.00000
106030186 -0.27581 -0.95800 -2.00000
106030187 -0.27581 -0.95400 -2.00000
106030188 -0.27581 -0.95000 -2.00000
106030189 -0.27581 -0.94600 -2.00000
106030190 -0.27581 -0.94200 -2.00000
106030191 -0.27581 -0.93800 -2.00000
106030192 -0.27581 -0.93400 -2.00000
106030193 -0.27581 -0.93000 -2.00000
106030194 -0.27581 -0.92600 -2.00000
106030195 -0.27581 -0.92200 -2.00000
106030196 -0.27581 -0.91800 -2.00000
106030197 -0.27581 -0.91400 -2.00000
106030198 -0.27581 -0.91000 -2.00000
106030199 -0.27581 -0.90600 -2.00000
106030200 -0.27581 -0.90200 -2.00000
106030201 -0.27581 -0.89800 -2.00000
106030202 -0.27581 -0.89400 -2.00000
106030203 -0.27581 -0.89000 -2.00000
106030204 -0.27581 -0.88600 -2.00000
106030205 -0.27581 -0.88200 -2.00000
106030206 -0.27581 -0.87800 -2.00000
106030207 -0.27581 -0.87400 -2.00000
106030208 -0.27581 -0.87000 -2.00000
106030209 -0.27581 -0.86600 -2.00000
106030210 -0.27581 -0.86200 -2.00000
106030211 -0.27581 -0.85800 -2.00000
106030212 -0.27581 -0.85400 -2.00000
106030213 -0.27581 -0.85000 -2.00000
106030214 -0.27581 -0.84600 -2.00000
106030215 -0.27581 -0.84200 -2.00000
106030216 -0.27581 -0.83800 -2.00000
106030217 -0.27581 -0.83400 -2.00000
106030218 -0.27581 -0.83000 -2.00000
106030219 -0.27581 -0.82600 -2.00000
106030220 -0.27581 -0.82200 -2.00000
106030221 -0.27581 -0.81800 -2.00000
106030222 -0.27581 -0.81400 -2.00000
106030223 -0.27581 -0.81000 -2.00000
106030224 -0.27581 -0.80600 -2.00000
106030225 -0.27581 -0.80200 -2.00000
106030226 -0.27581 -0.79800 -2.00000
106030227 -0.27581 -0.79400 -2.00000
106030228 -0.27581 -0.79000 -2.00000
106030229 -0.27581 -0.78600 -2.00000
106030230 -0.27581 -0.78200 -2.00000
106030231 -0.27581 -0.77800 -2.00000
106030232 -0.27581 -0.77400 -2.00000
106030233 -0.27581 -0.77000 -2.00000
106030234 -0.27581 -0.76600 -2.00000
106030235 -0.27581 -0.76200 -2.00000
106030236 -0.27581 -0.75800 -2.00000
106030237 -0.27581 -0.75400 -2.00000
106030238 -0.27581 -0.75000 -2.00000
106030239 -0.27581 -0.74600 -2.00000
106030240 -0.27581 -0.74200 -2.00000
106030241 -0.27581 -0.73800 -2.00000
106030242 -0.27581 -0.73400 -2.00000
106030243 -0.27581 -0.73000 -2.00000
106030244 -0.27581 -0.72600 -2.00000
106030245 -0.27581 -0.72200 -2.00000
106030246 -0.27581 -0.71800 -2.00000
106030247 -0.27581 -0.71400 -2.00000
106030248 -0.27581 -0.71000 -2.00000
106030249 -0.27581 -0.70600 -2.00000
106030250 -0.27581 -0.70200 -2.00000
106030251 -0.27581 -0.69800 -2.00000
106030252 -0.27581 -0.69400 -2.00000
106030253 -0.27581 -0.69000 -2.00000
106030254 -0.27581 -0.68600 -2.00000
106030255 -0.27581 -0.68200 -2.00000
106030256 -0.27581 -0.67800 -2.00000
106030257 -0.27581 -0.67400 -2.00000
106030258 -0.27581 -0.67000 -2.00000
106030259 -0.27581 -0.66600 -2.00000
106030260 -0.27581 -0.66200 -2.00000
106030261 -0.27581 -0.65800 -2.00000
106030262 -0.27581 -0.65400 -2.00000
106030263 -0.27581 -0.65000 -2.00000
106030264 -0.27581 -0.64600 -2.00000
106030265 -0.27581 -0.64200 -2.00000
106030266 -0.27581 -0.63800 -2.00000
106030267 -0.27581 -0.63400 -2.00000
106030268 -0.27581 -0.63000 -2.00000
106030269 -0.27581 -0.62600 -2.00000
106030270 -0.27581 -0.62200 -2.00000
106030271 -0.27581 -0.61800 -2.00000
106030272 -0.27581 -0.61400 -2.00000
106030273 -0.27581 -0.61000 -2.00000
106030274 -0.27581 -0.60600 -2.00000
106030275 -0.27581 -0.60200 -2.00000
106030276 -0.27581 -0.59800 -2.00000
106030277 -0.27581 -0.59400 -2.00000
106030278 -0.27581 -0.59000 -2.00000
106030279 -0.27581 -0.58600 -2.00000
106030280 -0.27581 -0.58200 -2.00000
106030281 -0.27581 -0.57800 -2.00000
106030282 -0.27581 -0.57400 -2.00000
106030283 -0.27581 -0.57000 -2.00000
106030284 -0.27581 -0.56600 -2.00000
106030285 -0.27581 -0.56200 -2.00000
106030286 -0.27581 -0.55800 -2.00000
106030287 -0.27581 -0.55400 -2.00000
106030288 -0.27581 -0.55000 -2.00000
106030289 -0.27581 -0.54600 -2.00000
106030290 -0.27581 -0.54200 -2.00000
106030291 -0.27581 -0.53800 -2.00000
106030292 -0.27581 -0.53400 -2.00000
106030293 -0.27581 -0.53000 -2.00000
106030294 -0.27581 -0.52600 -2.00000
106030295 -0.27581 -0.52200 -2.00000
106030296 -0.27581 -0.51800 -2.00000
106030297 -0.27581 -0.51400 -2.00000
106030298 -0.27581 -0.51000 -2.00000
106030299 -0.27581 -0.50600 -2.00000
106030300 -0.27581 -0.50200 -2.00000
106030301 -0.26731 -1.09800 -2.00000
106030302 -0.26731 -1.09400 -2.00000
106030303 -0.26731 -1.09000 -2.00000
106030304 -0.26731 -1.08600 -2.00000
106030305 -0.26731 -1.08200 -2.00000
106030306 -0.26731 -1.07800 -2.00000
106030307 -0.26731 -1.07400 -2.00000
106030308 -0.26731 -1.07000 -2.00000
106030309 -0.26731 -1.06600 -2.00000
106030310 -0.26731 -1.06200 -2.00000
106030311 -0.26731 -1.05800 -2.00000
106030312 -0.26731 -1.05400 -2.00000
106030313 -0.26731 -1.05000 -2.00000
106030314 -0.26731 -1.04600 -2.00000
106030315 -0.26731 -1.04200 -2.00000
106030316 -0.26731 -1.03800 -2.00000
106030317 -0.26731 -1.03400 -2.00000
106030318 -0.26731 -1.03000 -2.00000
106030319 -0.26731 -1.02600 -2.00000
106030320 -0.26731 -1.02200 -2.00000
106030321 -0.26731 -1.01800 -2.00000
106030322 -0.26731 -1.01400 -2.00000
106030323 -0.26731 -1.01000 -2.00000
106030324 -0.26731 -1.00600 -2.00000
106030325 -0.26731 -1.00200 -2.00000
106030326 -0.26731 -0.99800 -2.00000
106030327 -0.26731 -0.99400 -2.00000
106030328 -0.26731 -0.99000 -2.00000
106030329 -0.26731 -0.98600 -2.00000
106030330 -0.26731 -0.98200 -2.00000
106030331 -0.26731 -0.97800 -2.00000
106030332 -0.26731 -0.97400 -2.00000
106030333 -0.26731 -0.97000 -2.00000
106030334 -0.26731 -0.96600 -2.00000
106030335 -0.26731 -0.96200 -2.00000
106030336 -0.26731 -0.95800 -2.00000
106030337 -0.26731 -0.95400 -2.00000
106030338 -0.26731 -0.95000 -2.00000
106030339 -0.26731 -0.94600 -2.00000
106030340 -0.26731 -0.94200 -2.00000
106030341 -0.26731 -0.93800 -2.00000
106030342 -0.26731 -0.93400 -2.00000
106030343 -0.26731 -0.93000 -2.00000
106030344 -0.26731 -0.92600 -2.00000
106030345 -0.26731 -0.92200 -2.00000
106030346 -0.26731 -0.91800 -2.00000
106030347 -0.26731 -0.91400 -2.00000
106030348 -0.26731 -0.91000 -2.00000
106030349 -0.26731 -0.90600 -2.00000
106030350 -0.26731 -0.90200 -2.00000
106030351 -0.26731 -0.89800 -2.00000
106030352 -0.26731 -0.89400 -2.00000
106030353 -0.26731 -0.89000 -2.00000
106030354 -0.26731 -0.88600 -2.00000
106030355 -0.26731 -0.88200 -2.00000
106030356 -0.26731 -0.87800 -2.00000
106030357 -0.26731 -0.87400 -2.00000
106030358 -0.26731 -0.87000 -2.00000
106030359 -0.26731 -0.86600 -2.00000
106030360 -0.26731 -0.86200 -2.00000
106030361 -0.26731 -0.85800 -2.00000
106030362 -0.26731 -0.85400 -2.00000
106030363 -0.26731 -0.85000 -2.00000
106030364 -0.26731 -0.84600 -2.00000
106030365 -0.26731 -0.84200 -2.00000
106030366 -0.26731 -0.83800 -2.00000
106030367 -0.26731 -0.83400 -2.00000
106030368 -0.26731 -0.83000 -2.00000
106030369 -0.26731 -0.82600 -2.00000
106030370 -0.26731 -0.82200 -2.00000
106030371 -0.26731 -0.81800 -2.00000
106030372 -0.26731 -0.81400 -2.00000
106030373 -0.26731 -0.81000 -2.00000
106030374 -0.26731 -0.80600 -2.00000
106030375 -0.26731 -0.80200 -2.00000
106030376 -0.26731 -0.79800 -2.00000
106030377 -0.26731 -0.79400 -2.00000
106030378 -0.26731 -0.79000 -2.00000
106030379 -0.26731 -0.78600 -2.00000
106030380 -0.26731 -0.78200 -2.00000
106030381 -0.26731 -0.77800 -2.00000
106030382 -0.26731 -0.77400 -2.00000
106030383 -0.26731 -0.77000 -2.00000
106030384 -0.26731 -0.76600 -2.00000
106030385 -0.26731 -0.76200 -2.00000
106030386 -0.26731 -0.75800 -2.00000
106030387 -0.26731 -0.75400 -2.00000
106030388 -0.26731 -0.75000 -2.00000
106030389 -0.26731 -0.74600 -2.00000
106030390 -0.26731 -0.74200 -2.00000
106030391 -0.26731 -0.73800 -2.00000
106030392 -0.26731 -0.73400 -2.00000
106030393 -0.26731 -0.73000 -2.00000
106030394 -0.26731 -0.72600 -2.00000
106030395 -0.26731 -0.72200 -2.00000
106030396 -0.26731 -0.71800 -2.00000
106030397 -0.26731 -0.71400 -2.00000
106030398 -0.26731 -0.71000 -2.00000
106030399 -0.26731 -0.70600 -2.00000
106030400 -0.26731 -0.70200 -2.00000
106030401 -0.26731 -0.69800 -2.00000
106030402 -0.26731 -0.69400 -2.00000
106030403 -0.26731 -0.69000 -2.00000
106030404 -0.26731 -0.68600 -2.00000
106030405 -0.26731 -0.68200 -2.00000
106030406 -0.26731 -0.67800 -2.00000
106030407 -0.26731 -0.67400 -2.00000
106030408 -0.26731 -0.67000 -2.00000
106030409 -0.26731 -0.66600 -2.00000
106030410 -0.26731 -0.66200 -2.00000
106030411 -0.26731 -0.65800 -2.00000
106030412 -0.26731 -0.65400 -2.00000
106030413 -0.26731 -0.65000 -2.00000
106030414 -0.26731 -0.64600 -2.00000
106030415 -0.26731 -0.64200 -2.00000
106030416 -0.26731 -0.63800 -2.00000
106030417 -0.26731 -0.63400 -2.00000
106030418 -0.26731 -0.63000 -2.00000
106030419 -0.26731 -0.62600 -2.00000
106030420 -0.26731 -0.62200 -2.00000
106030421 -0.26731 -0.61800 -2.00000
106030422 -0.26731 -0.61400 -2.00000
106030423 -0.26731 -0.61000 -2.00000
106030424 -0.26731 -0.60600 -2.00000
106030425 -0.26731 -0.60200 -2.00000
106030426 -0.26731 -0.59800 -2.00000
106030427 -0.26731 -0.59400 -2.00000
106030428 -0.26731 -0.59000 -2.00000
106030429 -0.26731 -0.58600 -2.00000
106030430 -0.26731 -0.58200 -2.00000
106030431 -0.26731 -0.57800 -2.00000
106030432 -0.26731 -0.57400 -2.00000
106030433 -0.26731 -0.57000 -2.00000
106030434 -0.26731 -0.56600 -2.00000
106030435 -0.26731 -0.56200 -2.00000
106030436 -0.26731 -0.55800 -2.00000
106030437 -0.26731 -0.55400 -2.00000
106030438 -0.26731 -0.55000 -2.00000
106030439 -0.26731 -0.54600 -2.00000
106030440 -0.26731 -0.54200 -2.00000
106030441 -0.26731 -0.53800 -2.00000
106030442 -0.26731 -0.53400 -2.00000
106030443 -0.26731 -0.53000 -2.00000
106030444 -0.26731 -0.52600 -2.00000
106030445 -0.26731 -0.52200 -2.00000
106030446 -0.26731 -0.51800 -2.00000
106030447 -0.26731 -0.51400 -2.00000
106030448 -0.26731 -0.51000 -2.00000
106030449 -0.26731 -0.50600 -2.00000
106030450 -0.26731 -0.50200 -2.00000
106030451 -0.25881 -1.09800 -2.00000
106030452 -0.25881 -1.09400 -2.00000
106030453 -0.25881 -1.09000 -2.00000
106030454 -0.25881 -1.08600 -2.00000
106030455 -0.25881 -1.08200 -2.00000
106030456 -0.25881 -1.07800 -2.00000
106030457 -0.25881 -1.07400 -2.00000
106030458 -0.25881 -1.07000 -2.00000
106030459 -0.25881 -1.06600 -2.00000
106030460 -0.25881 -1.06200 -2.00000
106030461 -0.25881 -1.05800 -2.00000
106030462 -0.25881 -1.05400 -2.00000
106030463 -0.25881 -1.05000 -2.00000
106030464 -0.25881 -1.04600 -2.00000
106030465 -0.25881 -1.04200 -2.00000
106030466 -0.25881 -1.03800 -2.00000
106030467 -0.25881 -1.03400 -2.00000
106030468 -0.25881 -1.03000 -2.00000
106030469 -0.25881 -1.02600 -2.00000
106030470 -0.25881 -1.02200 -2.00000
106030471 -0.25881 -1.01800 -2.00000
106030472 -0.25881 -1.01400 -2.00000
106030473 -0.25881 -1.01000 -2.00000
106030474 -0.25881 -1.00600 -2.00000
106030475 -0.25881 -1.00200 -2.00000
106030476 -0.25881 -0.99800 -2.00000
106030477 -0.25881 -0.99400 -2.00000
106030478 -0.25881 -0.99000 -2.00000
106030479 -0.25881 -0.98600 -2.00000
106030480 -0.25881 -0.98200 -2.00000
106030481 -0.25881 -0.97800 -2.00000
106030482 -0.25881 -0.97400 -2.00000
106030483 -0.25881 -0.97000 -2.00000
106030484 -0.25881 -0.96600 -2.00000
106030485 -0.25881 -0.96200 -2.00000
106030486 -0.25881 -0.95800 -2.00000
106030487 -0.25881 -0.95400 -2.00000
106030488 -0.25881 -0.95000 -2.00000
106030489 -0.25881 -0.94600 -2.00000
106030490 -0.25881 -0.94200 -2.00000
106030491 -0.25881 -0.93800 -2.00000
106030492 -0.25881 -0.93400 -2.00000
106030493 -0.25881 -0.93000 -2.00000
106030494 -0.25881 -0.92600 -2.00000
106030495 -0.25881 -0.92200 -2.00000
106030496 -0.25881 -0.91800 -2.00000
106030497 -0.25881 -0.91400 -2.00000
106030498 -0.25881 -0.91000 -2.00000
106030499 -0.25881 -0.90600 -2.00000
106030500 -0.25881 -0.90200 -2.00000
106030501 -0.25881 -0.89800 -2.00000
106030502 -0.25881 -0.89400 -2.00000
106030503 -0.25881 -0.89000 -2.00000
106030504 -0.25881 -0.88600 -2.00000
106030505 -0.25881 -0.88200 -2.00000
106030506 -0.25881 -0.87800 -2.00000
106030507 -0.25881 -0.87400 -2.00000
106030508 -0.25881 -0.87000 -2.00000
106030509 -0.25881 -0.86600 -2.00000
106030510 -0.25881 -0.86200 -2.00000
106030511 -0.25881 -0.85800 -2.00000
106030512 -0.25881 -0.85400 -2.00000
106030513 -0.25881 -0.85000 -2.00000
106030514 -0.25881 -0.84600 -2.00000
106030515 -0.25881 -0.84200 -2.00000
106030516 -0.25881 -0.83800 -2.00000
106030517 -0.25881 -0.83400 -2.00000
106030518 -0.25881 -0.83000 -2.00000
106030519 -0.25881 -0.82600 -2.00000
106030520 -0.25881 -0.82200 -2.00000
106030521 -0.25881 -0.81800 -2.00000
106030522 -0.25881 -0.81400 -2.00000
106030523 -0.25881 -0.81000 -2.00000
106030524 -0.25881 -0.80600 -2.00000
106030525 -0.25881 -0.80200 -2.00000
106030526 -0.25881 -0.79800 -2.00000
106030527 -0.25881 -0.79400 -2.00000
106030528 -0.25881 -0.79000 -2.00000
106030529 -0.25881 -0.78600 -2.00000
106030530 -0.25881 -0.78200 -2.00000
106030531 -0.25881 -0.77800 -2.00000
106030532 -0.25881 -0.77400 -2.00000
106030533 -0.25881 -0.77000 -2.00000
106030534 -0.25881 -0.76600 -2.00000
106030535 -0.25881 -0.76200 -2.00000
106030536 -0.25881 -0.75800 -2.00000
106030537 -0.25881 -0.75400 -2.00000
106030538 -0.25881 -0.75000 -2.00000
106030539 -0.25881 -0.74600 -2.00000
106030540 -0.25881 -0.74200 -2.00000
106030541 -0.25881 -0.73800 -2.00000
106030542 -0.25881 -0.73400 -2.00000
106030543 -0.25881 -0.73000 -2.00000
106030544 -0.25881 -0.72600 -2.00000
106030545 -0.25881 -0.72200 -2.00000
106030546 -0.25881 -0.71800 -2.00000
106030547 -0.25881 -0.71400 -2.00000
106030548 -0.25881 -0.71000 -2.00000
106030549 -0.25881 -0.70600 -2.00000
106030550 -0.25881 -0.70200 -2.00000
106030551 -0.25881 -0.69800 -2.00000
106030552 -0.25881 -0.69400 -2.00000
106030553 -0.25881 -0.69000 -2.00000
106030554 -0.25881 -0.68600 -2.00000
106030555 -0.25881 -0.68200 -2.00000
106030556 -0.25881 -0.67800 -2.00000
106030557 -0.25881 -0.67400 -2.00000
106030558 -0.25881 -0.67000 -2.00000
106030559 -0.25881 -0.66600 -2.00000
106030560 -0.25881 -0.66200 -2.00000
106030561 -0.25881 -0.65800 -2.00000
106030562 -0.25881 -0.65400 -2.00000
106030563 -0.25881 -0.65000 -2.00000
106030564 -0.25881 -0.64600 -2.00000
106030565 -0.25881 -0.64200 -2.00000
106030566 -0.25881 -0.63800 -2.00000
106030567 -0.25881 -0.63400 -2.00000
106030568 -0.25881 -0.63000 -2.00000
106030569 -0.25881 -0.62600 -2.00000
106030570 -0.25881 -0.62200 -2.00000
106030571 -0.25881 -0.61800 -2.00000
106030572 -0.25881 -0.61400 -2.00000
106030573 -0.25881 -0.61000 -2.00000
106030574 -0.25881 -0.60600 -2.00000
106030575 -0.25881 -0.60200 -2.00000
106030576 -0.25881 -0.59800 -2.00000
106030577 -0.25881 -0.59400 -2.00000
106030578 -0.25881 -0.59000 -2.00000
106030579 -0.25881 -0.58600 -2.00000
106030580 -0.25881 -0.58200 -2.00000
106030581 -0.25881 -0.57800 -2.00000
106030582 -0.25881 -0.57400 -2.00000
106030583 -0.25881 -0.57000 -2.00000
106030584 -0.25881 -0.56600 -2.00000
106030585 -0.25881 -0.56200 -2.00000
106030586 -0.25881 -0.55800 -2.00000
106030587 -0.25881 -0.55400 -2.00000
106030588 -0.25881 -0.55000 -2.00000
106030589 -0.25881 -0.54600 -2.00000
106030590 -0.25881 -0.54200 -2.00000
106030591 -0.25881 -0.53800 -2.00000
106030592 -0.25881 -0.53400 -2.00000
106030593 -0.25881 -0.53000 -2.00000
106030594 -0.25881 -0.52600 -2.00000
106030595 -0.25881 -0.52200 -2.00000
106030596 -0.25881 -0.51800 -2.00000
106030597 -0.25881 -0.51400 -2.00000
106030598 -0.25881 -0.51000 -2.00000
106030599 -0.25881 -0.50600 -2.00000
106030600 -0.25881 -0.50200 -2.00000
106030601 -0.25031 -1.09800 -2.00000
106030602 -0.25031 -1.09400 -2.00000
106030603 -0.25031 -1.09000 -2.00000
106030604 -0.25031 -1.08600 -2.00000
106030605 -0.25031 -1.08200 -2.00000
106030606 -0.25031 -1.07800 -2.00000
106030607 -0.25031 -1.07400 -2.00000
106030608 -0.25031 -1.07000 -2.00000
106030609 -0.25031 -1.06600 -2.00000
106030610 -0.25031 -1.06200 -2.00000
106030611 -0.25031 -1.05800 -2.00000
106030612 -0.25031 -1.05400 -2.00000
106030613 -0.25031 -1.05000 -2.00000
106030614 -0.25031 -1.04600 -2.00000
106030615 -0.25031 -1.04200 -2.00000
106030616 -0.25031 -1.03800 -2.00000
106030617 -0.25031 -1.03400 -2.00000
106030618 -0.25031 -1.03000 -2.00000
106030619 -0.25031 -1.02600 -2.00000
106030620 -0.25031 -1.02200 -2.00000
106030621 -0.25031 -1.01800 -2.00000
106030622 -0.25031 -1.01400 -2.00000
106030623 -0.25031 -1.01000 -2.00000
106030624 -0.25031 -1.00600 -2.00000
106030625 -0.25031 -1.00200 -2.00000
106030626 -0.25031 -0.99800 -2.00000
106030627 -0.25031 -0.99400 -2.00000
106030628 -0.25031 -0.99000 -2.00000
106030629 -0.25031 -0.98600 -2.00000
106030630 -0.25031 -0.98200 -2.00000
106030631 -0.25031 -0.97800 -2.00000
106030632 -0.25031 -0.97400 -2.00000
106030633 -0.25031 -0.97000 -2.00000
106030634 -0.25031 -0.96600 -2.00000
106030635 -0.25031 -0.96200 -2.00000
106030636 -0.25031 -0.95800 -2.00000
106030637 -0.25031 -0.95400 -2.00000
106030638 -0.25031 -0.95000 -2.00000
106030639 -0.25031 -0.94600 -2.00000
106030640 -0.25031 -0.94200 -2.00000
106030641 -0.25031 -0.93800 -2.00000
106030642 -0.25031 -0.93400 -2.00000
106030643 -0.25031 -0.93000 -2.00000
106030644 -0.25031 -0.92600 -2.00000
106030645 -0.25031 -0.92200 -2.00000
106030646 -0.25031 -0.91800 -2.00000
106030647 -0.25031 -0.91400 -2.00000
106030648 -0.25031 -0.91000 -2.00000
106030649 -0.25031 -0.90600 -2.00000
106030650 -0.25031 -0.90200 -2.00000
106030651 -0.25031 -0.89800 -2.00000
106030652 -0.25031 -0.89400 -2.00000
106030653 -0.25031 -0.89000 -2.00000
106030654 -0.25031 -0.88600 -2.00000
106030655 -0.25031 -0.88200 -2.00000
106030656 -0.25031 -0.87800 -2.00000
106030657 -0.25031 -0.87400 -2.00000
106030658 -0.25031 -0.87000 -2.00000
106030659 -0.25031 -0.86600 -2.00000
106030660 -0.25031 -0.86200 -2.00000
106030661 -0.25031 -0.85800 -2.00000
106030662 -0.25031 -0.85400 -2.00000
106030663 -0.25031 -0.85000 -2.00000
106030664 -0.25031 -0.84600 -2.00000
106030665 -0.25031 -0.84200 -2.00000
106030666 -0.25031 -0.83800 -2.00000
106030667 -0.25031 -0.83400 -2.00000
106030668 -0.25031 -0.83000 -2.00000
106030669 -0.25031 -0.82600 -2.00000
106030670 -0.25031 -0.82200 -2.00000
106030671 -0.25031 -0.81800 -2.00000
106030672 -0.25031 -0.81400 -2.00000
106030673 -0.25031 -0.81000 -2.00000
106030674 -0.25031 -0.80600 -2.00000
106030675 -0.25031 -0.80200 -2.00000
106030676 -0.25031 -0.79800 -2.00000
106030677 -0.25031 -0.79400 -2.00000
106030678 -0.25031 -0.79000 -2.00000
106030679 -0.25031 -0.78600 -2.00000
106030680 -0.25031 -0.78200 -2.00000
106030681 -0.25031 -0.77800 -2.00000
106030682 -0.25031 -0.77400 -2.00000
106030683 -0.25031 -0.77000 -2.00000
106030684 -0.25031 -0.76600 -2.00000
106030685 -0.25031 -0.76200 -2.00000
106030686 -0.25031 -0.75800 -2.00000
106030687 -0.25031 -0.75400 -2.00000
106030688 -0.25031 -0.75000 -2.00000
106030689 -0.25031 -0.74600 -2.00000
106030690 -0.25031 -0.74200 -2.00000
106030691 -0.25031 -0.73800 -2.00000
106030692 -0.25031 -0.73400 -2.00000
106030693 -0.25031 -0.73000 -2.00000
106030694 -0.25031 -0.72600 -2.00000
106030695 -0.25031 -0.72200 -2.00000
106030696 -0.25031 -0.71800 -2.00000
106030697 -0.25031 -0.71400 -2.00000
106030698 -0.25031 -0.71000 -2.00000
106030699 -0.25031 -0.70600 -2.00000
106030700 -0.25031 -0.70200 -2.00000
106030701 -0.25031 -0.69800 -2.00000
106030702 -0.25031 -0.69400 -2.00000
106030703 -0.25031 -0.69000 -2.00000
106030704 -0.25031 -0.68600 -2.00000
106030705 -0.25031 -0.68200 -2.00000
106030706 -0.25031 -0.67800 -2.00000
106030707 -0.25031 -0.67400 -2.00000
106030708 -0.25031 -0.67000 -2.00000
106030709 -0.25031 -0.66600 -2.00000
106030710 -0.25031 -0.66200 -2.00000
106030711 -0.25031 -0.65800 -2.00000
106030712 -0.25031 -0.65400 -2.00000
106030713 -0.25031 -0.65000 -2.00000
106030714 -0.25031 -0.64600 -2.00000
106030715 -0.25031 -0.64200 -2.00000
106030716 -0.25031 -0.63800 -2.00000
106030717 -0.25031 -0.63400 -2.00000
106030718 -0.25031 -0.63000 -2.00000
106030719 -0.25031 -0.62600 -2.00000
106030720 -0.25031 -0.62200 -2.00000
106030721 -0.25031 -0.61800 -2.00000
106030722 -0.25031 -0.61400 -2.00000
106030723 -0.25031 -0.61000 -2.00000
106030724 -0.25031 -0.60600 -2.00000
106030725 -0.25031 -0.60200 -2.00000
106030726 -0.25031 -0.59800 -2.00000
106030727 -0.25031 -0.59400 -2.00000
106030728 -0.25031 -0.59000 -2.00000
106030729 -0.25031 -0.58600 -2.00000
106030730 -0.25031 -0.58200 -2.00000
106030731 -0.25031 -0.57800 -2.00000
106030732 -0.25031 -0.57400 -2.00000
106030733 -0.25031 -0.57000 -2.00000
106030734 -0.25031 -0.56600 -2.00000
106030735 -0.25031 -0.56200 -2.00000
106030736 -0.25031 -0.55800 -2.00000
106030737 -0.25031 -0.55400 -2.00000
106030738 -0.25031 -0.55000 -2.00000
106030739 -0.25031 -0.54600 -2.00000
106030740 -0.25031 -0.54200 -2.00000
106030741 -0.25031 -0.53800 -2.00000
106030742 -0.25031 -0.53400 -2.00000
106030743 -0.25031 -0.53000 -2.00000
106030744 -0.25031 -0.52600 -2.00000
106030745 -0.25031 -0.52200 -2.00000
106030746 -0.25031 -0.51800 -2.00000
106030747 -0.25031 -0.51400 -2.00000
106030748 -0.25031 -0.51000 -2.00000
106030749 -0.25031 -0.50600 -2.00000
106030750 -0.25031 -0.50200 -2.00000
106030751 -0.24181 -1.09800 -2.00000
106030752 -0.24181 -1.09400 -2.00000
106030753 -0.24181 -1.09000 -2.00000
106030754 -0.24181 -1.08600 -2.00000
106030755 -0.24181 -1.08200 -2.00000
106030756 -0.24181 -1.07800 -2.00000
106030757 -0.24181 -1.07400 -2.00000
106030758 -0.24181 -1.07000 -2.00000
106030759 -0.24181 -1.06600 -2.00000
106030760 -0.24181 -1.06200 -2.00000
106030761 -0.24181 -1.05800 -2.00000
106030762 -0.24181 -1.05400 -2.00000
106030763 -0.24181 -1.05000 -2.00000
106030764 -0.24181 -1.04600 -2.00000
106030765 -0.24181 -1.04200 -2.00000
106030766 -0.24181 -1.03800 -2.00000
106030767 -0.24181 -1.03400 -2.00000
106030768 -0.24181 -1.03000 -2.00000
106030769 -0.24181 -1.02600 -2.00000
106030770 -0.24181 -1.02200 -2.00000
106030771 -0.24181 -1.01800 -2.00000
106030772 -0.24181 -1.01400 -2.00000
106030773 -0.24181 -1.01000 -2.00000
106030774 -0.24181 -1.00600 -2.00000
106030775 -0.24181 -1.00200 -2.00000
106030776 -0.24181 -0.99800 -2.00000
106030777 -0.24181 -0.99400 -2.00000
106030778 -0.24181 -0.99000 -2.00000
106030779 -0.24181 -0.98600 -2.00000
106030780 -0.24181 -0.98200 -2.00000
106030781 -0.24181 -0.97800 -2.00000
106030782 -0.24181 -0.97400 -2.00000
106030783 -0.24181 -0.97000 -2.00000
106030784 -0.24181 -0.96600 -2.00000
106030785 -0.24181 -0.96200 -2.00000
106030786 -0.24181 -0.95800 -2.00000
106030787 -0.24181 -0.95400 -2.00000
106030788 -0.24181 -0.95000 -2.00000
106030789 -0.24181 -0.94600 -2.00000
106030790 -0.24181 -0.94200 -2.00000
106030791 -0.24181 -0.93800 -2.00000
106030792 -0.24181 -0.93400 -2.00000
106030793 -0.24181 -0.93000 -2.00000
106030794 -0.24181 -0.92600 -2.00000
106030795 -0.24181 -0.92200 -2.00000
106030796 -0.24181 -0.91800 -2.00000
106030797 -0.24181 -0.91400 -2.00000
106030798 -0.24181 -0.91000 -2.00000
106030799 -0.24181 -0.90600 -2.00000
106030800 -0.24181 -0.90200 -2.00000
106030801 -0.24181 -0.89800 -2.00000
106030802 -0.24181 -0.89400 -2.00000
106030803 -0.24181 -0.89000 -2.00000
106030804 -0.24181 -0.88600 -2.00000
106030805 -0.24181 -0.88200 -2.00000
106030806 -0.24181 -0.87800 -2.00000
106030807 -0.24181 -0.87400 -2.00000
106030808 -0.24181 -0.87000 -2.00000
106030809 -0.24181 -0.86600 -2.00000
106030810 -0.24181 -0.86200 -2.00000
106030811 -0.24181 -0.85800 -2.00000
106030812 -0.24181 -0.85400 -2.00000
106030813 -0.24181 -0.85000 -2.00000
106030814 -0.24181 -0.84600 -2.00000
106030815 -0.24181 -0.84200 -2.00000
106030816 -0.24181 -0.83800 -2.00000
106030817 -0.24181 -0.83400 -2.00000
106030818 -0.24181 -0.83000 -2.00000
106030819 -0.24181 -0.82600 -2.00000
106030820 -0.24181 -0.82200 -2.00000
106030821 -0.24181 -0.81800 -2.00000
106030822 -0.24181 -0.81400 -2.00000
106030823 -0.24181 -0.81000 -2.00000
106030824 -0.24181 -0.80600 -2.00000
106030825 -0.24181 -0.80200 -2.00000
106030826 -0.24181 -0.79800 -2.00000
106030827 -0.24181 -0.79400 -2.00000
106030828 -0.24181 -0.79000 -2.00000
106030829 -0.24181 -0.78600 -2.00000
106030830 -0.24181 -0.78200 -2.00000
106030831 -0.24181 -0.77800 -2.00000
106030832 -0.24181 -0.77400 -2.00000
106030833 -0.24181 -0.77000 -2.00000
106030834 -0.24181 -0.76600 -2.00000
106030835 -0.24181 -0.76200 -2.00000
106030836 -0.24181 -0.75800 -2.00000
106030837 -0.24181 -0.75400 -2.00000
106030838 -0.24181 -0.75000 -2.00000
106030839 -0.24181 -0.74600 -2.00000
106030840 -0.24181 -0.74200 -2.00000
106030841 -0.24181 -0.73800 -2.00000
106030842 -0.24181 -0.73400 -2.00000
106030843 -0.24181 -0.73000 -2.00000
106030844 -0.24181 -0.72600 -2.00000
106030845 -0.24181 -0.72200 -2.00000
106030846 -0.24181 -0.71800 -2.00000
106030847 -0.24181 -0.71400 -2.00000
106030848 -0.24181 -0.71000 -2.00000
106030849 -0.24181 -0.70600 -2.00000
106030850 -0.24181 -0.70200 -2.00000
106030851 -0.24181 -0.69800 -2.00000
106030852 -0.24181 -0.69400 -2.00000
106030853 -0.24181 -0.69000 -2.00000
106030854 -0.24181 -0.68600 -2.00000
106030855 -0.24181 -0.68200 -2.00000
106030856 -0.24181 -0.67800 -2.00000
106030857 -0.24181 -0.67400 -2.00000
106030858 -0.24181 -0.67000 -2.00000
106030859 -0.24181 -0.66600 -2.00000
106030860 -0.24181 -0.66200 -2.00000
106030861 -0.24181 -0.65800 -2.00000
106030862 -0.24181 -0.65400 -2.00000
106030863 -0.24181 -0.65000 -2.00000
106030864 -0.24181 -0.64600 -2.00000
106030865 -0.24181 -0.64200 -2.00000
106030866 -0.24181 -0.63800 -2.00000
106030867 -0.24181 -0.63400 -2.00000
106030868 -0.24181 -0.63000 -2.00000
106030869 -0.24181 -0.62600 -2.00000
106030870 -0.24181 -0.62200 -2.00000
106030871 -0.24181 -0.61800 -2.00000
106030872 -0.24181 -0.61400 -2.00000
106030873 -0.24181 -0.61000 -2.00000
106030874 -0.24181 -0.60600 -2.00000
106030875 -0.24181 -0.60200 -2.00000
106030876 -0.24181 -0.59800 -2.00000
106030877 -0.24181 -0.59400 -2.00000
106030878 -0.24181 -0.59000 -2.00000
106030879 -0.24181 -0.58600 -2.00000
106030880 -0.24181 -0.58200 -2.00000
106030881 -0.24181 -0.57800 -2.00000
106030882 -0.24181 -0.57400 -2.00000
106030883 -0.24181 -0.57000 -2.00000
106030884 -0.24181 -0.56600 -2.00000
106030885 -0.24181 -0.56200 -2.00000
106030886 -0.24181 -0.55800 -2.00000
106030887 -0.24181 -0.55400 -2.00000
106030888 -0.24181 -0.55000 -2.00000
106030889 -0.24181 -0.54600 -2.00000
106030890 -0.24181 -0.54200 -2.00000
106030891 -0.24181 -0.53800 -2.00000
106030892 -0.24181 -0.53400 -2.00000
106030893 -0.24181 -0.53000 -2.00000
106030894 -0.24181 -0.52600 -2.00000
106030895 -0.24181 -0.52200 -2.00000
106030896 -0.24181 -0.51800 -2.00000
106030897 -0.24181 -0.51400 -2.00000
106030898 -0.24181 -0.51000 -2.00000
106030899 -0.24181 -0.50600 -2.00000
106030900 -0.24181 -0.50200 -2.00000
106030901 -0.23331 -1.09800 -2.00000
106030902 -0.23331 -1.09400 -2.00000
106030903 -0.23331 -1.09000 -2.00000
106030904 -0.23331 -1.08600 -2.00000
106030905 -0.23331 -1.08200 -2.00000
106030906 -0.23331 -1.07800 -2.00000
106030907 -0.23331 -1.07400 -2.00000
106030908 -0.23331 -1.07000 -2.00000
106030909 -0.23331 -1.06600 -2.00000
106030910 -0.23331 -1.06200 -2.00000
106030911 -0.23331 -1.05800 -2.00000
106030912 -0.23331 -1.05400 -2.00000
106030913 -0.23331 -1.05000 -2.00000
106030914 -0.23331 -1.04600 -2.00000
106030915 -0.23331 -1.04200 -2.00000
106030916 -0.23331 -1.03800 -2.00000
106030917 -0.23331 -1.03400 -2.00000
106030918 -0.23331 -1.03000 -2.00000
106030919 -0.23331 -1.02600 -2.00000
106030920 -0.23331 -1.02200 -2.00000
106030921 -0.23331 -1.01800 -2.00000
106030922 -0.23331 -1.01400 -2.00000
106030923 -0.23331 -1.01000 -2.00000
106030924 -0.23331 -1.00600 -2.00000
106030925 -0.23331 -1.00200 -2.00000
106030926 -0.23331 -0.99800 -2.00000
106030927 -0.23331 -0.99400 -2.00000
106030928 -0.23331 -0.99000 -2.00000
106030929 -0.23331 -0.98600 -2.00000
106030930 -0.23331 -0.98200 -2.00000
106030931 -0.23331 -0.97800 -2.00000
106030932 -0.23331 -0.97400 -2.00000
106030933 -0.23331 -0.97000 -2.00000
106030934 -0.23331 -0.96600 -2.00000
106030935 -0.23331 -0.96200 -2.00000
106030936 -0.23331 -0.95800 -2.00000
106030937 -0.23331 -0.95400 -2.00000
106030938 -0.23331 -0.95000 -2.00000
106030939 -0.23331 -0.94600 -2.00000
106030940 -0.23331 -0.94200 -2.00000
106030941 -0.23331 -0.93800 -2.00000
106030942 -0.23331 -0.93400 -2.00000
106030943 -0.23331 -0.93000 -2.00000
106030944 -0.23331 -0.92600 -2.00000
106030945 -0.23331 -0.92200 -2.00000
106030946 -0.23331 -0.91800 -2.00000
106030947 -0.23331 -0.91400 -2.00000
106030948 -0.23331 -0.91000 -2.00000
106030949 -0.23331 -0.90600 -2.00000
106030950 -0.23331 -0.90200 -2.00000
106030951 -0.23331 -0.89800 -2.00000
106030952 -0.23331 -0.89400 -2.00000
106030953 -0.23331 -0.89000 -2.00000
106030954 -0.23331 -0.88600 -2.00000
106030955 -0.23331 -0.88200 -2.00000
106030956 -0.23331 -0.87800 -2.00000
106030957 -0.23331 -0.87400 -2.00000
106030958 -0.23331 -0.87000 -2.00000
106030959 -0.23331 -0.86600 -2.00000
106030960 -0.23331 -0.86200 -2.00000
106030961 -0.23331 -0.85800 -2.00000
106030962 -0.23331 -0.85400 -2.00000
106030963 -0.23331 -0.85000 -2.00000
106030964 -0.23331 -0.84600 -2.00000
106030965 -0.23331 -0.84200 -2.00000
106030966 -0.23331 -0.83800 -2.00000
106030967 -0.23331 -0.83400 -2.00000
106030968 -0.23331 -0.83000 -2.00000
106030969 -0.23331 -0.82600 -2.00000
106030970 -0.23331 -0.82200 -2.00000
106030971 -0.23331 -0.81800 -2.00000
106030972 -0.23331 -0.81400 -2.00000
106030973 -0.23331 -0.81000 -2.00000
106030974 -0.23331 -0.80600 -2.00000
106030975 -0.23331 -0.80200 -2.00000
106030976 -0.23331 -0.79800 -2.00000
106030977 -0.23331 -0.79400 -2.00000
106030978 -0.23331 -0.79000 -2.00000
106030979 -0.23331 -0.78600 -2.00000
106030980 -0.23331 -0.78200 -2.00000
106030981 -0.23331 -0.77800 -2.00000
106030982 -0.23331 -0.77400 -2.00000
106030983 -0.23331 -0.77000 -2.00000
106030984 -0.23331 -0.76600 -2.00000
106030985 -0.23331 -0.76200 -2.00000
106030986 -0.23331 -0.75800 -2.00000
106030987 -0.23331 -0.75400 -2.00000
106030988 -0.23331 -0.75000 -2.00000
106030989 -0.23331 -0.74600 -2.00000
106030990 -0.23331 -0.74200 -2.00000
106030991 -0.23331 -0.73800 -2.00000
106030992 -0.23331 -0.73400 -2.00000
106030993 -0.23331 -0.73000 -2.00000
106030994 -0.23331 -0.72600 -2.00000
106030995 -0.23331 -0.72200 -2.00000
106030996 -0.23331 -0.71800 -2.00000
106030997 -0.23331 -0.71400 -2.00000
106030998 -0.23331 -0.71000 -2.00000
106030999 -0.23331 -0.70600 -2.00000
106031000 -0.23331 -0.70200 -2.00000
106031001 -0.23331 -0.69800 -2.00000
106031002 -0.23331 -0.69400 -2.00000
106031003 -0.23331 -0.69000 -2.00000
106031004 -0.23331 -0.68600 -2.00000
106031005 -0.23331 -0.68200 -2.00000
106031006 -0.23331 -0.67800 -2.00000
106031007 -0.23331 -0.67400 -2.00000
106031008 -0.23331 -0.67000 -2.00000
106031009 -0.23331 -0.66600 -2.00000
106031010 -0.23331 -0.66200 -2.00000
106031011 -0.23331 -0.65800 -2.00000
106031012 -0.23331 -0.65400 -2.00000
106031013 -0.23331 -0.65000 -2.00000
106031014 -0.23331 -0.64600 -2.00000
106031015 -0.23331 -0.64200 -2.00000
106031016 -0.23331 -0.63800 -2.00000
106031017 -0.23331 -0.63400 -2.00000
106031018 -0.23331 -0.63000 -2.00000
106031019 -0.23331 -0.62600 -2.00000
106031020 -0.23331 -0.62200 -2.00000
106031021 -0.23331 -0.61800 -2.00000
106031022 -0.23331 -0.61400 -2.00000
106031023 -0.23331 -0.61000 -2.00000
106031024 -0.23331 -0.60600 -2.00000
106031025 -0.23331 -0.60200 -2.00000
106031026 -0.23331 -0.59800 -2.00000
106031027 -0.23331 -0.59400 -2.00000
106031028 -0.23331 -0.59000 -2.00000
106031029 -0.23331 -0.58600 -2.00000
106031030 -0.23331 -0.58200 -2.00000
106031031 -0.23331 -0.57800 -2.00000
106031032 -0.23331 -0.57400 -2.00000
106031033 -0.23331 -0.57000 -2.00000
106031034 -0.23331 -0.56600 -2.00000
106031035 -0.23331 -0.56200 -2.00000
106031036 -0.23331 -0.55800 -2.00000
106031037 -0.23331 -0.55400 -2.00000
106031038 -0.23331 -0.55000 -2.00000
106031039 -0.23331 -0.54600 -2.00000
106031040 -0.23331 -0.54200 -2.00000
106031041 -0.23331 -0.53800 -2.00000
106031042 -0.23331 -0.53400 -2.00000
106031043 -0.23331 -0.53000 -2.00000
106031044 -0.23331 -0.52600 -2.00000
106031045 -0.23331 -0.52200 -2.00000
106031046 -0.23331 -0.51800 -2.00000
106031047 -0.23331 -0.51400 -2.00000
106031048 -0.23331 -0.51000 -2.00000
106031049 -0.23331 -0.50600 -2.00000
106031050 -0.23331 -0.50200 -2.00000
106031051 -0.22481 -1.09800 -2.00000
106031052 -0.22481 -1.09400 -2.00000
106031053 -0.22481 -1.09000 -2.00000
106031054 -0.22481 -1.08600 -2.00000
106031055 -0.22481 -1.08200 -2.00000
106031056 -0.22481 -1.07800 -2.00000
106031057 -0.22481 -1.07400 -2.00000
106031058 -0.22481 -1.07000 -2.00000
106031059 -0.22481 -1.06600 -2.00000
106031060 -0.22481 -1.06200 -2.00000
106031061 -0.22481 -1.05800 -2.00000
106031062 -0.22481 -1.05400 -2.00000
106031063 -0.22481 -1.05000 -2.00000
106031064 -0.22481 -1.04600 -2.00000
106031065 -0.22481 -1.04200 -2.00000
106031066 -0.22481 -1.03800 -2.00000
106031067 -0.22481 -1.03400 -2.00000
106031068 -0.22481 -1.03000 -2.00000
106031069 -0.22481 -1.02600 -2.00000
106031070 -0.22481 -1.02200 -2.00000
106031071 -0.22481 -1.01800 -2.00000
106031072 -0.22481 -1.01400 -2.00000
106031073 -0.22481 -1.01000 -2.00000
106031074 -0.22481 -1.00600 -2.00000
106031075 -0.22481 -1.00200 -2.00000
106031076 -0.22481 -0.99800 -2.00000
106031077 -0.22481 -0.99400 -2.00000
106031078 -0.22481 -0.99000 -2.00000
106031079 -0.22481 -0.98600 -2.00000
106031080 -0.22481 -0.98200 -2.00000
106031081 -0.22481 -0.97800 -2.00000
106031082 -0.22481 -0.97400 -2.00000
106031083 -0.22481 -0.97000 -2.00000
106031084 -0.22481 -0.96600 -2.00000
106031085 -0.22481 -0.96200 -2.00000
106031086 -0.22481 -0.95800 -2.00000
106031087 -0.22481 -0.95400 -2.00000
106031088 -0.22481 -0.95000 -2.00000
106031089 -0.22481 -0.94600 -2.00000
106031090 -0.22481 -0.94200 -2.00000
106031091 -0.22481 -0.93800 -2.00000
106031092 -0.22481 -0.93400 -2.00000
106031093 -0.22481 -0.93000 -2.00000
106031094 -0.22481 -0.92600 -2.00000
106031095 -0.22481 -0.92200 -2.00000
106031096 -0.22481 -0.91800 -2.00000
106031097 -0.22481 -0.91400 -2.00000
106031098 -0.22481 -0.91000 -2.00000
106031099 -0.22481 -0.90600 -2.00000
106031100 -0.22481 -0.90200 -2.00000
106031101 -0.22481 -0.89800 -2.00000
106031102 -0.22481 -0.89400 -2.00000
106031103 -0.22481 -0.89000 -2.00000
106031104 -0.22481 -0.88600 -2.00000
106031105 -0.22481 -0.88200 -2.00000
106031106 -0.22481 -0.87800 -2.00000
106031107 -0.22481 -0.87400 -2.00000
106031108 -0.22481 -0.87000 -2.00000
106031109 -0.22481 -0.86600 -2.00000
106031110 -0.22481 -0.86200 -2.00000
106031111 -0.22481 -0.85800 -2.00000
106031112 -0.22481 -0.85400 -2.00000
106031113 -0.22481 -0.85000 -2.00000
106031114 -0.22481 -0.84600 -2.00000
106031115 -0.22481 -0.84200 -2.00000
106031116 -0.22481 -0.83800 -2.00000
106031117 -0.22481 -0.83400 -2.00000
106031118 -0.22481 -0.83000 -2.00000
106031119 -0.22481 -0.82600 -2.00000
106031120 -0.22481 -0.82200 -2.00000
106031121 -0.22481 -0.81800 -2.00000
106031122 -0.22481 -0.81400 -2.00000
106031123 -0.22481 -0.81000 -2.00000
106031124 -0.22481 -0.80600 -2.00000
106031125 -0.22481 -0.80200 -2.00000
106031126 -0.22481 -0.79800 -2.00000
106031127 -0.22481 -0.79400 -2.00000
106031128 -0.22481 -0.79000 -2.00000
106031129 -0.22481 -0.78600 -2.00000
106031130 -0.22481 -0.78200 -2.00000
106031131 -0.22481 -0.77800 -2.00000
106031132 -0.22481 -0.77400 -2.00000
106031133 -0.22481 -0.77000 -2.00000
106031134 -0.22481 -0.76600 -2.00000
106031135 -0.22481 -0.76200 -2.00000
106031136 -0.22481 -0.75800 -2.00000
106031137 -0.22481 -0.75400 -2.00000
106031138 -0.22481 -0.75000 -2.00000
106031139 -0.22481 -0.74600 -2.00000
106031140 -0.22481 -0.74200 -2.00000
106031141 -0.22481 -0.73800 -2.00000
106031142 -0.22481 -0.73400 -2.00000
106031143 -0.22481 -0.73000 -2.00000
106031144 -0.22481 -0.72600 -2.00000
106031145 -0.22481 -0.72200 -2.00000
106031146 -0.22481 -0.71800 -2.00000
106031147 -0.22481 -0.71400 -2.00000
106031148 -0.22481 -0.71000 -2.00000
106031149 -0.22481 -0.70600 -2.00000
106031150 -0.22481 -0.70200 -2.00000
106031151 -0.22481 -0.69800 -2.00000
106031152 -0.22481 -0.69400 -2.00000
106031153 -0.22481 -0.69000 -2.00000
106031154 -0.22481 -0.68600 -2.00000
106031155 -0.22481 -0.68200 -2.00000
106031156 -0.22481 -0.67800 -2.00000
106031157 -0.22481 -0.67400 -2.00000
106031158 -0.22481 -0.67000 -2.00000
106031159 -0.22481 -0.66600 -2.00000
106031160 -0.22481 -0.66200 -2.00000
106031161 -0.22481 -0.65800 -2.00000
106031162 -0.22481 -0.65400 -2.00000
106031163 -0.22481 -0.65000 -2.00000
106031164 -0.22481 -0.64600 -2.00000
106031165 -0.22481 -0.64200 -2.00000
106031166 -0.22481 -0.63800 -2.00000
106031167 -0.22481 -0.63400 -2.00000
106031168 -0.22481 -0.63000 -2.00000
106031169 -0.22481 -0.62600 -2.00000
106031170 -0.22481 -0.62200 -2.00000
106031171 -0.22481 -0.61800 -2.00000
106031172 -0.22481 -0.61400 -2.00000
106031173 -0.22481 -0.61000 -2.00000
106031174 -0.22481 -0.60600 -2.00000
106031175 -0.22481 -0.60200 -2.00000
106031176 -0.22481 -0.59800 -2.00000
106031177 -0.22481 -0.59400 -2.00000
106031178 -0.22481 -0.59000 -2.00000
106031179 -0.22481 -0.58600 -2.00000
106031180 -0.22481 -0.58200 -2.00000
106031181 -0.22481 -0.57800 -2.00000
106031182 -0.22481 -0.57400 -2.00000
106031183 -0.22481 -0.57000 -2.00000
106031184 -0.22481 -0.56600 -2.00000
106031185 -0.22481 -0.56200 -2.00000
106031186 -0.22481 -0.55800 -2.00000
106031187 -0.22481 -0.55400 -2.00000
106031188 -0.22481 -0.55000 -2.00000
106031189 -0.22481 -0.54600 -2.00000
106031190 -0.22481 -0.54200 -2.00000
106031191 -0.22481 -0.53800 -2.00000
106031192 -0.22481 -0.53400 -2.00000
106031193 -0.22481 -0.53000 -2.00000
106031194 -0.22481 -0.52600 -2.00000
106031195 -0.22481 -0.52200 -2.00000
106031196 -0.22481 -0.51800 -2.00000
106031197 -0.22481 -0.51400 -2.00000
106031198 -0.22481 -0.51000 -2.00000
106031199 -0.22481 -0.50600 -2.00000
106031200 -0.22481 -0.50200 -2.00000
