# pixelID  x  y  z
103050001 0.56881 -1.09800 -2.00000
103050002 0.56881 -1.09400 -2.00000
103050003 0.56881 -1.09000 -2.00000
103050004 0.56881 -1.08600 -2.00000
103050005 0.56881 -1.08200 -2.00000
103050006 0.56881 -1.07800 -2.00000
103050007 0.56881 -1.07400 -2.00000
103050008 0.56881 -1.07000 -2.00000
103050009 0.56881 -1.06600 -2.00000
103050010 0.56881 -1.06200 -2.00000
103050011 0.56881 -1.05800 -2.00000
103050012 0.56881 -1.05400 -2.00000
103050013 0.56881 -1.05000 -2.00000
103050014 0.56881 -1.04600 -2.00000
103050015 0.56881 -1.04200 -2.00000
103050016 0.56881 -1.03800 -2.00000
103050017 0.56881 -1.03400 -2.00000
103050018 0.56881 -1.03000 -2.00000
103050019 0.56881 -1.02600 -2.00000
103050020 0.56881 -1.02200 -2.00000
103050021 0.56881 -1.01800 -2.00000
103050022 0.56881 -1.01400 -2.00000
103050023 0.56881 -1.01000 -2.00000
103050024 0.56881 -1.00600 -2.00000
103050025 0.56881 -1.00200 -2.00000
103050026 0.56881 -0.99800 -2.00000
103050027 0.56881 -0.99400 -2.00000
103050028 0.56881 -0.99000 -2.00000
103050029 0.56881 -0.98600 -2.00000
103050030 0.56881 -0.98200 -2.00000
103050031 0.56881 -0.97800 -2.00000
103050032 0.56881 -0.97400 -2.00000
103050033 0.56881 -0.97000 -2.00000
103050034 0.56881 -0.96600 -2.00000
103050035 0.56881 -0.96200 -2.00000
103050036 0.56881 -0.95800 -2.00000
103050037 0.56881 -0.95400 -2.00000
103050038 0.56881 -0.95000 -2.00000
103050039 0.56881 -0.94600 -2.00000
103050040 0.56881 -0.94200 -2.00000
103050041 0.56881 -0.93800 -2.00000
103050042 0.56881 -0.93400 -2.00000
103050043 0.56881 -0.93000 -2.00000
103050044 0.56881 -0.92600 -2.00000
103050045 0.56881 -0.92200 -2.00000
103050046 0.56881 -0.91800 -2.00000
103050047 0.56881 -0.91400 -2.00000
103050048 0.56881 -0.91000 -2.00000
103050049 0.56881 -0.90600 -2.00000
103050050 0.56881 -0.90200 -2.00000
103050051 0.56881 -0.89800 -2.00000
103050052 0.56881 -0.89400 -2.00000
103050053 0.56881 -0.89000 -2.00000
103050054 0.56881 -0.88600 -2.00000
103050055 0.56881 -0.88200 -2.00000
103050056 0.56881 -0.87800 -2.00000
103050057 0.56881 -0.87400 -2.00000
103050058 0.56881 -0.87000 -2.00000
103050059 0.56881 -0.86600 -2.00000
103050060 0.56881 -0.86200 -2.00000
103050061 0.56881 -0.85800 -2.00000
103050062 0.56881 -0.85400 -2.00000
103050063 0.56881 -0.85000 -2.00000
103050064 0.56881 -0.84600 -2.00000
103050065 0.56881 -0.84200 -2.00000
103050066 0.56881 -0.83800 -2.00000
103050067 0.56881 -0.83400 -2.00000
103050068 0.56881 -0.83000 -2.00000
103050069 0.56881 -0.82600 -2.00000
103050070 0.56881 -0.82200 -2.00000
103050071 0.56881 -0.81800 -2.00000
103050072 0.56881 -0.81400 -2.00000
103050073 0.56881 -0.81000 -2.00000
103050074 0.56881 -0.80600 -2.00000
103050075 0.56881 -0.80200 -2.00000
103050076 0.56881 -0.79800 -2.00000
103050077 0.56881 -0.79400 -2.00000
103050078 0.56881 -0.79000 -2.00000
103050079 0.56881 -0.78600 -2.00000
103050080 0.56881 -0.78200 -2.00000
103050081 0.56881 -0.77800 -2.00000
103050082 0.56881 -0.77400 -2.00000
103050083 0.56881 -0.77000 -2.00000
103050084 0.56881 -0.76600 -2.00000
103050085 0.56881 -0.76200 -2.00000
103050086 0.56881 -0.75800 -2.00000
103050087 0.56881 -0.75400 -2.00000
103050088 0.56881 -0.75000 -2.00000
103050089 0.56881 -0.74600 -2.00000
103050090 0.56881 -0.74200 -2.00000
103050091 0.56881 -0.73800 -2.00000
103050092 0.56881 -0.73400 -2.00000
103050093 0.56881 -0.73000 -2.00000
103050094 0.56881 -0.72600 -2.00000
103050095 0.56881 -0.72200 -2.00000
103050096 0.56881 -0.71800 -2.00000
103050097 0.56881 -0.71400 -2.00000
103050098 0.56881 -0.71000 -2.00000
103050099 0.56881 -0.70600 -2.00000
103050100 0.56881 -0.70200 -2.00000
103050101 0.56881 -0.69800 -2.00000
103050102 0.56881 -0.69400 -2.00000
103050103 0.56881 -0.69000 -2.00000
103050104 0.56881 -0.68600 -2.00000
103050105 0.56881 -0.68200 -2.00000
103050106 0.56881 -0.67800 -2.00000
103050107 0.56881 -0.67400 -2.00000
103050108 0.56881 -0.67000 -2.00000
103050109 0.56881 -0.66600 -2.00000
103050110 0.56881 -0.66200 -2.00000
103050111 0.56881 -0.65800 -2.00000
103050112 0.56881 -0.65400 -2.00000
103050113 0.56881 -0.65000 -2.00000
103050114 0.56881 -0.64600 -2.00000
103050115 0.56881 -0.64200 -2.00000
103050116 0.56881 -0.63800 -2.00000
103050117 0.56881 -0.63400 -2.00000
103050118 0.56881 -0.63000 -2.00000
103050119 0.56881 -0.62600 -2.00000
103050120 0.56881 -0.62200 -2.00000
103050121 0.56881 -0.61800 -2.00000
103050122 0.56881 -0.61400 -2.00000
103050123 0.56881 -0.61000 -2.00000
103050124 0.56881 -0.60600 -2.00000
103050125 0.56881 -0.60200 -2.00000
103050126 0.56881 -0.59800 -2.00000
103050127 0.56881 -0.59400 -2.00000
103050128 0.56881 -0.59000 -2.00000
103050129 0.56881 -0.58600 -2.00000
103050130 0.56881 -0.58200 -2.00000
103050131 0.56881 -0.57800 -2.00000
103050132 0.56881 -0.57400 -2.00000
103050133 0.56881 -0.57000 -2.00000
103050134 0.56881 -0.56600 -2.00000
103050135 0.56881 -0.56200 -2.00000
103050136 0.56881 -0.55800 -2.00000
103050137 0.56881 -0.55400 -2.00000
103050138 0.56881 -0.55000 -2.00000
103050139 0.56881 -0.54600 -2.00000
103050140 0.56881 -0.54200 -2.00000
103050141 0.56881 -0.53800 -2.00000
103050142 0.56881 -0.53400 -2.00000
103050143 0.56881 -0.53000 -2.00000
103050144 0.56881 -0.52600 -2.00000
103050145 0.56881 -0.52200 -2.00000
103050146 0.56881 -0.51800 -2.00000
103050147 0.56881 -0.51400 -2.00000
103050148 0.56881 -0.51000 -2.00000
103050149 0.56881 -0.50600 -2.00000
103050150 0.56881 -0.50200 -2.00000
103050151 0.57731 -1.09800 -2.00000
103050152 0.57731 -1.09400 -2.00000
103050153 0.57731 -1.09000 -2.00000
103050154 0.57731 -1.08600 -2.00000
103050155 0.57731 -1.08200 -2.00000
103050156 0.57731 -1.07800 -2.00000
103050157 0.57731 -1.07400 -2.00000
103050158 0.57731 -1.07000 -2.00000
103050159 0.57731 -1.06600 -2.00000
103050160 0.57731 -1.06200 -2.00000
103050161 0.57731 -1.05800 -2.00000
103050162 0.57731 -1.05400 -2.00000
103050163 0.57731 -1.05000 -2.00000
103050164 0.57731 -1.04600 -2.00000
103050165 0.57731 -1.04200 -2.00000
103050166 0.57731 -1.03800 -2.00000
103050167 0.57731 -1.03400 -2.00000
103050168 0.57731 -1.03000 -2.00000
103050169 0.57731 -1.02600 -2.00000
103050170 0.57731 -1.02200 -2.00000
103050171 0.57731 -1.01800 -2.00000
103050172 0.57731 -1.01400 -2.00000
103050173 0.57731 -1.01000 -2.00000
103050174 0.57731 -1.00600 -2.00000
103050175 0.57731 -1.00200 -2.00000
103050176 0.57731 -0.99800 -2.00000
103050177 0.57731 -0.99400 -2.00000
103050178 0.57731 -0.99000 -2.00000
103050179 0.57731 -0.98600 -2.00000
103050180 0.57731 -0.98200 -2.00000
103050181 0.57731 -0.97800 -2.00000
103050182 0.57731 -0.97400 -2.00000
103050183 0.57731 -0.97000 -2.00000
103050184 0.57731 -0.96600 -2.00000
103050185 0.57731 -0.96200 -2.00000
103050186 0.57731 -0.95800 -2.00000
103050187 0.57731 -0.95400 -2.00000
103050188 0.57731 -0.95000 -2.00000
103050189 0.57731 -0.94600 -2.00000
103050190 0.57731 -0.94200 -2.00000
103050191 0.57731 -0.93800 -2.00000
103050192 0.57731 -0.93400 -2.00000
103050193 0.57731 -0.93000 -2.00000
103050194 0.57731 -0.92600 -2.00000
103050195 0.57731 -0.92200 -2.00000
103050196 0.57731 -0.91800 -2.00000
103050197 0.57731 -0.91400 -2.00000
103050198 0.57731 -0.91000 -2.00000
103050199 0.57731 -0.90600 -2.00000
103050200 0.57731 -0.90200 -2.00000
103050201 0.57731 -0.89800 -2.00000
103050202 0.57731 -0.89400 -2.00000
103050203 0.57731 -0.89000 -2.00000
103050204 0.57731 -0.88600 -2.00000
103050205 0.57731 -0.88200 -2.00000
103050206 0.57731 -0.87800 -2.00000
103050207 0.57731 -0.87400 -2.00000
103050208 0.57731 -0.87000 -2.00000
103050209 0.57731 -0.86600 -2.00000
103050210 0.57731 -0.86200 -2.00000
103050211 0.57731 -0.85800 -2.00000
103050212 0.57731 -0.85400 -2.00000
103050213 0.57731 -0.85000 -2.00000
103050214 0.57731 -0.84600 -2.00000
103050215 0.57731 -0.84200 -2.00000
103050216 0.57731 -0.83800 -2.00000
103050217 0.57731 -0.83400 -2.00000
103050218 0.57731 -0.83000 -2.00000
103050219 0.57731 -0.82600 -2.00000
103050220 0.57731 -0.82200 -2.00000
103050221 0.57731 -0.81800 -2.00000
103050222 0.57731 -0.81400 -2.00000
103050223 0.57731 -0.81000 -2.00000
103050224 0.57731 -0.80600 -2.00000
103050225 0.57731 -0.80200 -2.00000
103050226 0.57731 -0.79800 -2.00000
103050227 0.57731 -0.79400 -2.00000
103050228 0.57731 -0.79000 -2.00000
103050229 0.57731 -0.78600 -2.00000
103050230 0.57731 -0.78200 -2.00000
103050231 0.57731 -0.77800 -2.00000
103050232 0.57731 -0.77400 -2.00000
103050233 0.57731 -0.77000 -2.00000
103050234 0.57731 -0.76600 -2.00000
103050235 0.57731 -0.76200 -2.00000
103050236 0.57731 -0.75800 -2.00000
103050237 0.57731 -0.75400 -2.00000
103050238 0.57731 -0.75000 -2.00000
103050239 0.57731 -0.74600 -2.00000
103050240 0.57731 -0.74200 -2.00000
103050241 0.57731 -0.73800 -2.00000
103050242 0.57731 -0.73400 -2.00000
103050243 0.57731 -0.73000 -2.00000
103050244 0.57731 -0.72600 -2.00000
103050245 0.57731 -0.72200 -2.00000
103050246 0.57731 -0.71800 -2.00000
103050247 0.57731 -0.71400 -2.00000
103050248 0.57731 -0.71000 -2.00000
103050249 0.57731 -0.70600 -2.00000
103050250 0.57731 -0.70200 -2.00000
103050251 0.57731 -0.69800 -2.00000
103050252 0.57731 -0.69400 -2.00000
103050253 0.57731 -0.69000 -2.00000
103050254 0.57731 -0.68600 -2.00000
103050255 0.57731 -0.68200 -2.00000
103050256 0.57731 -0.67800 -2.00000
103050257 0.57731 -0.67400 -2.00000
103050258 0.57731 -0.67000 -2.00000
103050259 0.57731 -0.66600 -2.00000
103050260 0.57731 -0.66200 -2.00000
103050261 0.57731 -0.65800 -2.00000
103050262 0.57731 -0.65400 -2.00000
103050263 0.57731 -0.65000 -2.00000
103050264 0.57731 -0.64600 -2.00000
103050265 0.57731 -0.64200 -2.00000
103050266 0.57731 -0.63800 -2.00000
103050267 0.57731 -0.63400 -2.00000
103050268 0.57731 -0.63000 -2.00000
103050269 0.57731 -0.62600 -2.00000
103050270 0.57731 -0.62200 -2.00000
103050271 0.57731 -0.61800 -2.00000
103050272 0.57731 -0.61400 -2.00000
103050273 0.57731 -0.61000 -2.00000
103050274 0.57731 -0.60600 -2.00000
103050275 0.57731 -0.60200 -2.00000
103050276 0.57731 -0.59800 -2.00000
103050277 0.57731 -0.59400 -2.00000
103050278 0.57731 -0.59000 -2.00000
103050279 0.57731 -0.58600 -2.00000
103050280 0.57731 -0.58200 -2.00000
103050281 0.57731 -0.57800 -2.00000
103050282 0.57731 -0.57400 -2.00000
103050283 0.57731 -0.57000 -2.00000
103050284 0.57731 -0.56600 -2.00000
103050285 0.57731 -0.56200 -2.00000
103050286 0.57731 -0.55800 -2.00000
103050287 0.57731 -0.55400 -2.00000
103050288 0.57731 -0.55000 -2.00000
103050289 0.57731 -0.54600 -2.00000
103050290 0.57731 -0.54200 -2.00000
103050291 0.57731 -0.53800 -2.00000
103050292 0.57731 -0.53400 -2.00000
103050293 0.57731 -0.53000 -2.00000
103050294 0.57731 -0.52600 -2.00000
103050295 0.57731 -0.52200 -2.00000
103050296 0.57731 -0.51800 -2.00000
103050297 0.57731 -0.51400 -2.00000
103050298 0.57731 -0.51000 -2.00000
103050299 0.57731 -0.50600 -2.00000
103050300 0.57731 -0.50200 -2.00000
103050301 0.58581 -1.09800 -2.00000
103050302 0.58581 -1.09400 -2.00000
103050303 0.58581 -1.09000 -2.00000
103050304 0.58581 -1.08600 -2.00000
103050305 0.58581 -1.08200 -2.00000
103050306 0.58581 -1.07800 -2.00000
103050307 0.58581 -1.07400 -2.00000
103050308 0.58581 -1.07000 -2.00000
103050309 0.58581 -1.06600 -2.00000
103050310 0.58581 -1.06200 -2.00000
103050311 0.58581 -1.05800 -2.00000
103050312 0.58581 -1.05400 -2.00000
103050313 0.58581 -1.05000 -2.00000
103050314 0.58581 -1.04600 -2.00000
103050315 0.58581 -1.04200 -2.00000
103050316 0.58581 -1.03800 -2.00000
103050317 0.58581 -1.03400 -2.00000
103050318 0.58581 -1.03000 -2.00000
103050319 0.58581 -1.02600 -2.00000
103050320 0.58581 -1.02200 -2.00000
103050321 0.58581 -1.01800 -2.00000
103050322 0.58581 -1.01400 -2.00000
103050323 0.58581 -1.01000 -2.00000
103050324 0.58581 -1.00600 -2.00000
103050325 0.58581 -1.00200 -2.00000
103050326 0.58581 -0.99800 -2.00000
103050327 0.58581 -0.99400 -2.00000
103050328 0.58581 -0.99000 -2.00000
103050329 0.58581 -0.98600 -2.00000
103050330 0.58581 -0.98200 -2.00000
103050331 0.58581 -0.97800 -2.00000
103050332 0.58581 -0.97400 -2.00000
103050333 0.58581 -0.97000 -2.00000
103050334 0.58581 -0.96600 -2.00000
103050335 0.58581 -0.96200 -2.00000
103050336 0.58581 -0.95800 -2.00000
103050337 0.58581 -0.95400 -2.00000
103050338 0.58581 -0.95000 -2.00000
103050339 0.58581 -0.94600 -2.00000
103050340 0.58581 -0.94200 -2.00000
103050341 0.58581 -0.93800 -2.00000
103050342 0.58581 -0.93400 -2.00000
103050343 0.58581 -0.93000 -2.00000
103050344 0.58581 -0.92600 -2.00000
103050345 0.58581 -0.92200 -2.00000
103050346 0.58581 -0.91800 -2.00000
103050347 0.58581 -0.91400 -2.00000
103050348 0.58581 -0.91000 -2.00000
103050349 0.58581 -0.90600 -2.00000
103050350 0.58581 -0.90200 -2.00000
103050351 0.58581 -0.89800 -2.00000
103050352 0.58581 -0.89400 -2.00000
103050353 0.58581 -0.89000 -2.00000
103050354 0.58581 -0.88600 -2.00000
103050355 0.58581 -0.88200 -2.00000
103050356 0.58581 -0.87800 -2.00000
103050357 0.58581 -0.87400 -2.00000
103050358 0.58581 -0.87000 -2.00000
103050359 0.58581 -0.86600 -2.00000
103050360 0.58581 -0.86200 -2.00000
103050361 0.58581 -0.85800 -2.00000
103050362 0.58581 -0.85400 -2.00000
103050363 0.58581 -0.85000 -2.00000
103050364 0.58581 -0.84600 -2.00000
103050365 0.58581 -0.84200 -2.00000
103050366 0.58581 -0.83800 -2.00000
103050367 0.58581 -0.83400 -2.00000
103050368 0.58581 -0.83000 -2.00000
103050369 0.58581 -0.82600 -2.00000
103050370 0.58581 -0.82200 -2.00000
103050371 0.58581 -0.81800 -2.00000
103050372 0.58581 -0.81400 -2.00000
103050373 0.58581 -0.81000 -2.00000
103050374 0.58581 -0.80600 -2.00000
103050375 0.58581 -0.80200 -2.00000
103050376 0.58581 -0.79800 -2.00000
103050377 0.58581 -0.79400 -2.00000
103050378 0.58581 -0.79000 -2.00000
103050379 0.58581 -0.78600 -2.00000
103050380 0.58581 -0.78200 -2.00000
103050381 0.58581 -0.77800 -2.00000
103050382 0.58581 -0.77400 -2.00000
103050383 0.58581 -0.77000 -2.00000
103050384 0.58581 -0.76600 -2.00000
103050385 0.58581 -0.76200 -2.00000
103050386 0.58581 -0.75800 -2.00000
103050387 0.58581 -0.75400 -2.00000
103050388 0.58581 -0.75000 -2.00000
103050389 0.58581 -0.74600 -2.00000
103050390 0.58581 -0.74200 -2.00000
103050391 0.58581 -0.73800 -2.00000
103050392 0.58581 -0.73400 -2.00000
103050393 0.58581 -0.73000 -2.00000
103050394 0.58581 -0.72600 -2.00000
103050395 0.58581 -0.72200 -2.00000
103050396 0.58581 -0.71800 -2.00000
103050397 0.58581 -0.71400 -2.00000
103050398 0.58581 -0.71000 -2.00000
103050399 0.58581 -0.70600 -2.00000
103050400 0.58581 -0.70200 -2.00000
103050401 0.58581 -0.69800 -2.00000
103050402 0.58581 -0.69400 -2.00000
103050403 0.58581 -0.69000 -2.00000
103050404 0.58581 -0.68600 -2.00000
103050405 0.58581 -0.68200 -2.00000
103050406 0.58581 -0.67800 -2.00000
103050407 0.58581 -0.67400 -2.00000
103050408 0.58581 -0.67000 -2.00000
103050409 0.58581 -0.66600 -2.00000
103050410 0.58581 -0.66200 -2.00000
103050411 0.58581 -0.65800 -2.00000
103050412 0.58581 -0.65400 -2.00000
103050413 0.58581 -0.65000 -2.00000
103050414 0.58581 -0.64600 -2.00000
103050415 0.58581 -0.64200 -2.00000
103050416 0.58581 -0.63800 -2.00000
103050417 0.58581 -0.63400 -2.00000
103050418 0.58581 -0.63000 -2.00000
103050419 0.58581 -0.62600 -2.00000
103050420 0.58581 -0.62200 -2.00000
103050421 0.58581 -0.61800 -2.00000
103050422 0.58581 -0.61400 -2.00000
103050423 0.58581 -0.61000 -2.00000
103050424 0.58581 -0.60600 -2.00000
103050425 0.58581 -0.60200 -2.00000
103050426 0.58581 -0.59800 -2.00000
103050427 0.58581 -0.59400 -2.00000
103050428 0.58581 -0.59000 -2.00000
103050429 0.58581 -0.58600 -2.00000
103050430 0.58581 -0.58200 -2.00000
103050431 0.58581 -0.57800 -2.00000
103050432 0.58581 -0.57400 -2.00000
103050433 0.58581 -0.57000 -2.00000
103050434 0.58581 -0.56600 -2.00000
103050435 0.58581 -0.56200 -2.00000
103050436 0.58581 -0.55800 -2.00000
103050437 0.58581 -0.55400 -2.00000
103050438 0.58581 -0.55000 -2.00000
103050439 0.58581 -0.54600 -2.00000
103050440 0.58581 -0.54200 -2.00000
103050441 0.58581 -0.53800 -2.00000
103050442 0.58581 -0.53400 -2.00000
103050443 0.58581 -0.53000 -2.00000
103050444 0.58581 -0.52600 -2.00000
103050445 0.58581 -0.52200 -2.00000
103050446 0.58581 -0.51800 -2.00000
103050447 0.58581 -0.51400 -2.00000
103050448 0.58581 -0.51000 -2.00000
103050449 0.58581 -0.50600 -2.00000
103050450 0.58581 -0.50200 -2.00000
103050451 0.59431 -1.09800 -2.00000
103050452 0.59431 -1.09400 -2.00000
103050453 0.59431 -1.09000 -2.00000
103050454 0.59431 -1.08600 -2.00000
103050455 0.59431 -1.08200 -2.00000
103050456 0.59431 -1.07800 -2.00000
103050457 0.59431 -1.07400 -2.00000
103050458 0.59431 -1.07000 -2.00000
103050459 0.59431 -1.06600 -2.00000
103050460 0.59431 -1.06200 -2.00000
103050461 0.59431 -1.05800 -2.00000
103050462 0.59431 -1.05400 -2.00000
103050463 0.59431 -1.05000 -2.00000
103050464 0.59431 -1.04600 -2.00000
103050465 0.59431 -1.04200 -2.00000
103050466 0.59431 -1.03800 -2.00000
103050467 0.59431 -1.03400 -2.00000
103050468 0.59431 -1.03000 -2.00000
103050469 0.59431 -1.02600 -2.00000
103050470 0.59431 -1.02200 -2.00000
103050471 0.59431 -1.01800 -2.00000
103050472 0.59431 -1.01400 -2.00000
103050473 0.59431 -1.01000 -2.00000
103050474 0.59431 -1.00600 -2.00000
103050475 0.59431 -1.00200 -2.00000
103050476 0.59431 -0.99800 -2.00000
103050477 0.59431 -0.99400 -2.00000
103050478 0.59431 -0.99000 -2.00000
103050479 0.59431 -0.98600 -2.00000
103050480 0.59431 -0.98200 -2.00000
103050481 0.59431 -0.97800 -2.00000
103050482 0.59431 -0.97400 -2.00000
103050483 0.59431 -0.97000 -2.00000
103050484 0.59431 -0.96600 -2.00000
103050485 0.59431 -0.96200 -2.00000
103050486 0.59431 -0.95800 -2.00000
103050487 0.59431 -0.95400 -2.00000
103050488 0.59431 -0.95000 -2.00000
103050489 0.59431 -0.94600 -2.00000
103050490 0.59431 -0.94200 -2.00000
103050491 0.59431 -0.93800 -2.00000
103050492 0.59431 -0.93400 -2.00000
103050493 0.59431 -0.93000 -2.00000
103050494 0.59431 -0.92600 -2.00000
103050495 0.59431 -0.92200 -2.00000
103050496 0.59431 -0.91800 -2.00000
103050497 0.59431 -0.91400 -2.00000
103050498 0.59431 -0.91000 -2.00000
103050499 0.59431 -0.90600 -2.00000
103050500 0.59431 -0.90200 -2.00000
103050501 0.59431 -0.89800 -2.00000
103050502 0.59431 -0.89400 -2.00000
103050503 0.59431 -0.89000 -2.00000
103050504 0.59431 -0.88600 -2.00000
103050505 0.59431 -0.88200 -2.00000
103050506 0.59431 -0.87800 -2.00000
103050507 0.59431 -0.87400 -2.00000
103050508 0.59431 -0.87000 -2.00000
103050509 0.59431 -0.86600 -2.00000
103050510 0.59431 -0.86200 -2.00000
103050511 0.59431 -0.85800 -2.00000
103050512 0.59431 -0.85400 -2.00000
103050513 0.59431 -0.85000 -2.00000
103050514 0.59431 -0.84600 -2.00000
103050515 0.59431 -0.84200 -2.00000
103050516 0.59431 -0.83800 -2.00000
103050517 0.59431 -0.83400 -2.00000
103050518 0.59431 -0.83000 -2.00000
103050519 0.59431 -0.82600 -2.00000
103050520 0.59431 -0.82200 -2.00000
103050521 0.59431 -0.81800 -2.00000
103050522 0.59431 -0.81400 -2.00000
103050523 0.59431 -0.81000 -2.00000
103050524 0.59431 -0.80600 -2.00000
103050525 0.59431 -0.80200 -2.00000
103050526 0.59431 -0.79800 -2.00000
103050527 0.59431 -0.79400 -2.00000
103050528 0.59431 -0.79000 -2.00000
103050529 0.59431 -0.78600 -2.00000
103050530 0.59431 -0.78200 -2.00000
103050531 0.59431 -0.77800 -2.00000
103050532 0.59431 -0.77400 -2.00000
103050533 0.59431 -0.77000 -2.00000
103050534 0.59431 -0.76600 -2.00000
103050535 0.59431 -0.76200 -2.00000
103050536 0.59431 -0.75800 -2.00000
103050537 0.59431 -0.75400 -2.00000
103050538 0.59431 -0.75000 -2.00000
103050539 0.59431 -0.74600 -2.00000
103050540 0.59431 -0.74200 -2.00000
103050541 0.59431 -0.73800 -2.00000
103050542 0.59431 -0.73400 -2.00000
103050543 0.59431 -0.73000 -2.00000
103050544 0.59431 -0.72600 -2.00000
103050545 0.59431 -0.72200 -2.00000
103050546 0.59431 -0.71800 -2.00000
103050547 0.59431 -0.71400 -2.00000
103050548 0.59431 -0.71000 -2.00000
103050549 0.59431 -0.70600 -2.00000
103050550 0.59431 -0.70200 -2.00000
103050551 0.59431 -0.69800 -2.00000
103050552 0.59431 -0.69400 -2.00000
103050553 0.59431 -0.69000 -2.00000
103050554 0.59431 -0.68600 -2.00000
103050555 0.59431 -0.68200 -2.00000
103050556 0.59431 -0.67800 -2.00000
103050557 0.59431 -0.67400 -2.00000
103050558 0.59431 -0.67000 -2.00000
103050559 0.59431 -0.66600 -2.00000
103050560 0.59431 -0.66200 -2.00000
103050561 0.59431 -0.65800 -2.00000
103050562 0.59431 -0.65400 -2.00000
103050563 0.59431 -0.65000 -2.00000
103050564 0.59431 -0.64600 -2.00000
103050565 0.59431 -0.64200 -2.00000
103050566 0.59431 -0.63800 -2.00000
103050567 0.59431 -0.63400 -2.00000
103050568 0.59431 -0.63000 -2.00000
103050569 0.59431 -0.62600 -2.00000
103050570 0.59431 -0.62200 -2.00000
103050571 0.59431 -0.61800 -2.00000
103050572 0.59431 -0.61400 -2.00000
103050573 0.59431 -0.61000 -2.00000
103050574 0.59431 -0.60600 -2.00000
103050575 0.59431 -0.60200 -2.00000
103050576 0.59431 -0.59800 -2.00000
103050577 0.59431 -0.59400 -2.00000
103050578 0.59431 -0.59000 -2.00000
103050579 0.59431 -0.58600 -2.00000
103050580 0.59431 -0.58200 -2.00000
103050581 0.59431 -0.57800 -2.00000
103050582 0.59431 -0.57400 -2.00000
103050583 0.59431 -0.57000 -2.00000
103050584 0.59431 -0.56600 -2.00000
103050585 0.59431 -0.56200 -2.00000
103050586 0.59431 -0.55800 -2.00000
103050587 0.59431 -0.55400 -2.00000
103050588 0.59431 -0.55000 -2.00000
103050589 0.59431 -0.54600 -2.00000
103050590 0.59431 -0.54200 -2.00000
103050591 0.59431 -0.53800 -2.00000
103050592 0.59431 -0.53400 -2.00000
103050593 0.59431 -0.53000 -2.00000
103050594 0.59431 -0.52600 -2.00000
103050595 0.59431 -0.52200 -2.00000
103050596 0.59431 -0.51800 -2.00000
103050597 0.59431 -0.51400 -2.00000
103050598 0.59431 -0.51000 -2.00000
103050599 0.59431 -0.50600 -2.00000
103050600 0.59431 -0.50200 -2.00000
103050601 0.60281 -1.09800 -2.00000
103050602 0.60281 -1.09400 -2.00000
103050603 0.60281 -1.09000 -2.00000
103050604 0.60281 -1.08600 -2.00000
103050605 0.60281 -1.08200 -2.00000
103050606 0.60281 -1.07800 -2.00000
103050607 0.60281 -1.07400 -2.00000
103050608 0.60281 -1.07000 -2.00000
103050609 0.60281 -1.06600 -2.00000
103050610 0.60281 -1.06200 -2.00000
103050611 0.60281 -1.05800 -2.00000
103050612 0.60281 -1.05400 -2.00000
103050613 0.60281 -1.05000 -2.00000
103050614 0.60281 -1.04600 -2.00000
103050615 0.60281 -1.04200 -2.00000
103050616 0.60281 -1.03800 -2.00000
103050617 0.60281 -1.03400 -2.00000
103050618 0.60281 -1.03000 -2.00000
103050619 0.60281 -1.02600 -2.00000
103050620 0.60281 -1.02200 -2.00000
103050621 0.60281 -1.01800 -2.00000
103050622 0.60281 -1.01400 -2.00000
103050623 0.60281 -1.01000 -2.00000
103050624 0.60281 -1.00600 -2.00000
103050625 0.60281 -1.00200 -2.00000
103050626 0.60281 -0.99800 -2.00000
103050627 0.60281 -0.99400 -2.00000
103050628 0.60281 -0.99000 -2.00000
103050629 0.60281 -0.98600 -2.00000
103050630 0.60281 -0.98200 -2.00000
103050631 0.60281 -0.97800 -2.00000
103050632 0.60281 -0.97400 -2.00000
103050633 0.60281 -0.97000 -2.00000
103050634 0.60281 -0.96600 -2.00000
103050635 0.60281 -0.96200 -2.00000
103050636 0.60281 -0.95800 -2.00000
103050637 0.60281 -0.95400 -2.00000
103050638 0.60281 -0.95000 -2.00000
103050639 0.60281 -0.94600 -2.00000
103050640 0.60281 -0.94200 -2.00000
103050641 0.60281 -0.93800 -2.00000
103050642 0.60281 -0.93400 -2.00000
103050643 0.60281 -0.93000 -2.00000
103050644 0.60281 -0.92600 -2.00000
103050645 0.60281 -0.92200 -2.00000
103050646 0.60281 -0.91800 -2.00000
103050647 0.60281 -0.91400 -2.00000
103050648 0.60281 -0.91000 -2.00000
103050649 0.60281 -0.90600 -2.00000
103050650 0.60281 -0.90200 -2.00000
103050651 0.60281 -0.89800 -2.00000
103050652 0.60281 -0.89400 -2.00000
103050653 0.60281 -0.89000 -2.00000
103050654 0.60281 -0.88600 -2.00000
103050655 0.60281 -0.88200 -2.00000
103050656 0.60281 -0.87800 -2.00000
103050657 0.60281 -0.87400 -2.00000
103050658 0.60281 -0.87000 -2.00000
103050659 0.60281 -0.86600 -2.00000
103050660 0.60281 -0.86200 -2.00000
103050661 0.60281 -0.85800 -2.00000
103050662 0.60281 -0.85400 -2.00000
103050663 0.60281 -0.85000 -2.00000
103050664 0.60281 -0.84600 -2.00000
103050665 0.60281 -0.84200 -2.00000
103050666 0.60281 -0.83800 -2.00000
103050667 0.60281 -0.83400 -2.00000
103050668 0.60281 -0.83000 -2.00000
103050669 0.60281 -0.82600 -2.00000
103050670 0.60281 -0.82200 -2.00000
103050671 0.60281 -0.81800 -2.00000
103050672 0.60281 -0.81400 -2.00000
103050673 0.60281 -0.81000 -2.00000
103050674 0.60281 -0.80600 -2.00000
103050675 0.60281 -0.80200 -2.00000
103050676 0.60281 -0.79800 -2.00000
103050677 0.60281 -0.79400 -2.00000
103050678 0.60281 -0.79000 -2.00000
103050679 0.60281 -0.78600 -2.00000
103050680 0.60281 -0.78200 -2.00000
103050681 0.60281 -0.77800 -2.00000
103050682 0.60281 -0.77400 -2.00000
103050683 0.60281 -0.77000 -2.00000
103050684 0.60281 -0.76600 -2.00000
103050685 0.60281 -0.76200 -2.00000
103050686 0.60281 -0.75800 -2.00000
103050687 0.60281 -0.75400 -2.00000
103050688 0.60281 -0.75000 -2.00000
103050689 0.60281 -0.74600 -2.00000
103050690 0.60281 -0.74200 -2.00000
103050691 0.60281 -0.73800 -2.00000
103050692 0.60281 -0.73400 -2.00000
103050693 0.60281 -0.73000 -2.00000
103050694 0.60281 -0.72600 -2.00000
103050695 0.60281 -0.72200 -2.00000
103050696 0.60281 -0.71800 -2.00000
103050697 0.60281 -0.71400 -2.00000
103050698 0.60281 -0.71000 -2.00000
103050699 0.60281 -0.70600 -2.00000
103050700 0.60281 -0.70200 -2.00000
103050701 0.60281 -0.69800 -2.00000
103050702 0.60281 -0.69400 -2.00000
103050703 0.60281 -0.69000 -2.00000
103050704 0.60281 -0.68600 -2.00000
103050705 0.60281 -0.68200 -2.00000
103050706 0.60281 -0.67800 -2.00000
103050707 0.60281 -0.67400 -2.00000
103050708 0.60281 -0.67000 -2.00000
103050709 0.60281 -0.66600 -2.00000
103050710 0.60281 -0.66200 -2.00000
103050711 0.60281 -0.65800 -2.00000
103050712 0.60281 -0.65400 -2.00000
103050713 0.60281 -0.65000 -2.00000
103050714 0.60281 -0.64600 -2.00000
103050715 0.60281 -0.64200 -2.00000
103050716 0.60281 -0.63800 -2.00000
103050717 0.60281 -0.63400 -2.00000
103050718 0.60281 -0.63000 -2.00000
103050719 0.60281 -0.62600 -2.00000
103050720 0.60281 -0.62200 -2.00000
103050721 0.60281 -0.61800 -2.00000
103050722 0.60281 -0.61400 -2.00000
103050723 0.60281 -0.61000 -2.00000
103050724 0.60281 -0.60600 -2.00000
103050725 0.60281 -0.60200 -2.00000
103050726 0.60281 -0.59800 -2.00000
103050727 0.60281 -0.59400 -2.00000
103050728 0.60281 -0.59000 -2.00000
103050729 0.60281 -0.58600 -2.00000
103050730 0.60281 -0.58200 -2.00000
103050731 0.60281 -0.57800 -2.00000
103050732 0.60281 -0.57400 -2.00000
103050733 0.60281 -0.57000 -2.00000
103050734 0.60281 -0.56600 -2.00000
103050735 0.60281 -0.56200 -2.00000
103050736 0.60281 -0.55800 -2.00000
103050737 0.60281 -0.55400 -2.00000
103050738 0.60281 -0.55000 -2.00000
103050739 0.60281 -0.54600 -2.00000
103050740 0.60281 -0.54200 -2.00000
103050741 0.60281 -0.53800 -2.00000
103050742 0.60281 -0.53400 -2.00000
103050743 0.60281 -0.53000 -2.00000
103050744 0.60281 -0.52600 -2.00000
103050745 0.60281 -0.52200 -2.00000
103050746 0.60281 -0.51800 -2.00000
103050747 0.60281 -0.51400 -2.00000
103050748 0.60281 -0.51000 -2.00000
103050749 0.60281 -0.50600 -2.00000
103050750 0.60281 -0.50200 -2.00000
103050751 0.61131 -1.09800 -2.00000
103050752 0.61131 -1.09400 -2.00000
103050753 0.61131 -1.09000 -2.00000
103050754 0.61131 -1.08600 -2.00000
103050755 0.61131 -1.08200 -2.00000
103050756 0.61131 -1.07800 -2.00000
103050757 0.61131 -1.07400 -2.00000
103050758 0.61131 -1.07000 -2.00000
103050759 0.61131 -1.06600 -2.00000
103050760 0.61131 -1.06200 -2.00000
103050761 0.61131 -1.05800 -2.00000
103050762 0.61131 -1.05400 -2.00000
103050763 0.61131 -1.05000 -2.00000
103050764 0.61131 -1.04600 -2.00000
103050765 0.61131 -1.04200 -2.00000
103050766 0.61131 -1.03800 -2.00000
103050767 0.61131 -1.03400 -2.00000
103050768 0.61131 -1.03000 -2.00000
103050769 0.61131 -1.02600 -2.00000
103050770 0.61131 -1.02200 -2.00000
103050771 0.61131 -1.01800 -2.00000
103050772 0.61131 -1.01400 -2.00000
103050773 0.61131 -1.01000 -2.00000
103050774 0.61131 -1.00600 -2.00000
103050775 0.61131 -1.00200 -2.00000
103050776 0.61131 -0.99800 -2.00000
103050777 0.61131 -0.99400 -2.00000
103050778 0.61131 -0.99000 -2.00000
103050779 0.61131 -0.98600 -2.00000
103050780 0.61131 -0.98200 -2.00000
103050781 0.61131 -0.97800 -2.00000
103050782 0.61131 -0.97400 -2.00000
103050783 0.61131 -0.97000 -2.00000
103050784 0.61131 -0.96600 -2.00000
103050785 0.61131 -0.96200 -2.00000
103050786 0.61131 -0.95800 -2.00000
103050787 0.61131 -0.95400 -2.00000
103050788 0.61131 -0.95000 -2.00000
103050789 0.61131 -0.94600 -2.00000
103050790 0.61131 -0.94200 -2.00000
103050791 0.61131 -0.93800 -2.00000
103050792 0.61131 -0.93400 -2.00000
103050793 0.61131 -0.93000 -2.00000
103050794 0.61131 -0.92600 -2.00000
103050795 0.61131 -0.92200 -2.00000
103050796 0.61131 -0.91800 -2.00000
103050797 0.61131 -0.91400 -2.00000
103050798 0.61131 -0.91000 -2.00000
103050799 0.61131 -0.90600 -2.00000
103050800 0.61131 -0.90200 -2.00000
103050801 0.61131 -0.89800 -2.00000
103050802 0.61131 -0.89400 -2.00000
103050803 0.61131 -0.89000 -2.00000
103050804 0.61131 -0.88600 -2.00000
103050805 0.61131 -0.88200 -2.00000
103050806 0.61131 -0.87800 -2.00000
103050807 0.61131 -0.87400 -2.00000
103050808 0.61131 -0.87000 -2.00000
103050809 0.61131 -0.86600 -2.00000
103050810 0.61131 -0.86200 -2.00000
103050811 0.61131 -0.85800 -2.00000
103050812 0.61131 -0.85400 -2.00000
103050813 0.61131 -0.85000 -2.00000
103050814 0.61131 -0.84600 -2.00000
103050815 0.61131 -0.84200 -2.00000
103050816 0.61131 -0.83800 -2.00000
103050817 0.61131 -0.83400 -2.00000
103050818 0.61131 -0.83000 -2.00000
103050819 0.61131 -0.82600 -2.00000
103050820 0.61131 -0.82200 -2.00000
103050821 0.61131 -0.81800 -2.00000
103050822 0.61131 -0.81400 -2.00000
103050823 0.61131 -0.81000 -2.00000
103050824 0.61131 -0.80600 -2.00000
103050825 0.61131 -0.80200 -2.00000
103050826 0.61131 -0.79800 -2.00000
103050827 0.61131 -0.79400 -2.00000
103050828 0.61131 -0.79000 -2.00000
103050829 0.61131 -0.78600 -2.00000
103050830 0.61131 -0.78200 -2.00000
103050831 0.61131 -0.77800 -2.00000
103050832 0.61131 -0.77400 -2.00000
103050833 0.61131 -0.77000 -2.00000
103050834 0.61131 -0.76600 -2.00000
103050835 0.61131 -0.76200 -2.00000
103050836 0.61131 -0.75800 -2.00000
103050837 0.61131 -0.75400 -2.00000
103050838 0.61131 -0.75000 -2.00000
103050839 0.61131 -0.74600 -2.00000
103050840 0.61131 -0.74200 -2.00000
103050841 0.61131 -0.73800 -2.00000
103050842 0.61131 -0.73400 -2.00000
103050843 0.61131 -0.73000 -2.00000
103050844 0.61131 -0.72600 -2.00000
103050845 0.61131 -0.72200 -2.00000
103050846 0.61131 -0.71800 -2.00000
103050847 0.61131 -0.71400 -2.00000
103050848 0.61131 -0.71000 -2.00000
103050849 0.61131 -0.70600 -2.00000
103050850 0.61131 -0.70200 -2.00000
103050851 0.61131 -0.69800 -2.00000
103050852 0.61131 -0.69400 -2.00000
103050853 0.61131 -0.69000 -2.00000
103050854 0.61131 -0.68600 -2.00000
103050855 0.61131 -0.68200 -2.00000
103050856 0.61131 -0.67800 -2.00000
103050857 0.61131 -0.67400 -2.00000
103050858 0.61131 -0.67000 -2.00000
103050859 0.61131 -0.66600 -2.00000
103050860 0.61131 -0.66200 -2.00000
103050861 0.61131 -0.65800 -2.00000
103050862 0.61131 -0.65400 -2.00000
103050863 0.61131 -0.65000 -2.00000
103050864 0.61131 -0.64600 -2.00000
103050865 0.61131 -0.64200 -2.00000
103050866 0.61131 -0.63800 -2.00000
103050867 0.61131 -0.63400 -2.00000
103050868 0.61131 -0.63000 -2.00000
103050869 0.61131 -0.62600 -2.00000
103050870 0.61131 -0.62200 -2.00000
103050871 0.61131 -0.61800 -2.00000
103050872 0.61131 -0.61400 -2.00000
103050873 0.61131 -0.61000 -2.00000
103050874 0.61131 -0.60600 -2.00000
103050875 0.61131 -0.60200 -2.00000
103050876 0.61131 -0.59800 -2.00000
103050877 0.61131 -0.59400 -2.00000
103050878 0.61131 -0.59000 -2.00000
103050879 0.61131 -0.58600 -2.00000
103050880 0.61131 -0.58200 -2.00000
103050881 0.61131 -0.57800 -2.00000
103050882 0.61131 -0.57400 -2.00000
103050883 0.61131 -0.57000 -2.00000
103050884 0.61131 -0.56600 -2.00000
103050885 0.61131 -0.56200 -2.00000
103050886 0.61131 -0.55800 -2.00000
103050887 0.61131 -0.55400 -2.00000
103050888 0.61131 -0.55000 -2.00000
103050889 0.61131 -0.54600 -2.00000
103050890 0.61131 -0.54200 -2.00000
103050891 0.61131 -0.53800 -2.00000
103050892 0.61131 -0.53400 -2.00000
103050893 0.61131 -0.53000 -2.00000
103050894 0.61131 -0.52600 -2.00000
103050895 0.61131 -0.52200 -2.00000
103050896 0.61131 -0.51800 -2.00000
103050897 0.61131 -0.51400 -2.00000
103050898 0.61131 -0.51000 -2.00000
103050899 0.61131 -0.50600 -2.00000
103050900 0.61131 -0.50200 -2.00000
103050901 0.61981 -1.09800 -2.00000
103050902 0.61981 -1.09400 -2.00000
103050903 0.61981 -1.09000 -2.00000
103050904 0.61981 -1.08600 -2.00000
103050905 0.61981 -1.08200 -2.00000
103050906 0.61981 -1.07800 -2.00000
103050907 0.61981 -1.07400 -2.00000
103050908 0.61981 -1.07000 -2.00000
103050909 0.61981 -1.06600 -2.00000
103050910 0.61981 -1.06200 -2.00000
103050911 0.61981 -1.05800 -2.00000
103050912 0.61981 -1.05400 -2.00000
103050913 0.61981 -1.05000 -2.00000
103050914 0.61981 -1.04600 -2.00000
103050915 0.61981 -1.04200 -2.00000
103050916 0.61981 -1.03800 -2.00000
103050917 0.61981 -1.03400 -2.00000
103050918 0.61981 -1.03000 -2.00000
103050919 0.61981 -1.02600 -2.00000
103050920 0.61981 -1.02200 -2.00000
103050921 0.61981 -1.01800 -2.00000
103050922 0.61981 -1.01400 -2.00000
103050923 0.61981 -1.01000 -2.00000
103050924 0.61981 -1.00600 -2.00000
103050925 0.61981 -1.00200 -2.00000
103050926 0.61981 -0.99800 -2.00000
103050927 0.61981 -0.99400 -2.00000
103050928 0.61981 -0.99000 -2.00000
103050929 0.61981 -0.98600 -2.00000
103050930 0.61981 -0.98200 -2.00000
103050931 0.61981 -0.97800 -2.00000
103050932 0.61981 -0.97400 -2.00000
103050933 0.61981 -0.97000 -2.00000
103050934 0.61981 -0.96600 -2.00000
103050935 0.61981 -0.96200 -2.00000
103050936 0.61981 -0.95800 -2.00000
103050937 0.61981 -0.95400 -2.00000
103050938 0.61981 -0.95000 -2.00000
103050939 0.61981 -0.94600 -2.00000
103050940 0.61981 -0.94200 -2.00000
103050941 0.61981 -0.93800 -2.00000
103050942 0.61981 -0.93400 -2.00000
103050943 0.61981 -0.93000 -2.00000
103050944 0.61981 -0.92600 -2.00000
103050945 0.61981 -0.92200 -2.00000
103050946 0.61981 -0.91800 -2.00000
103050947 0.61981 -0.91400 -2.00000
103050948 0.61981 -0.91000 -2.00000
103050949 0.61981 -0.90600 -2.00000
103050950 0.61981 -0.90200 -2.00000
103050951 0.61981 -0.89800 -2.00000
103050952 0.61981 -0.89400 -2.00000
103050953 0.61981 -0.89000 -2.00000
103050954 0.61981 -0.88600 -2.00000
103050955 0.61981 -0.88200 -2.00000
103050956 0.61981 -0.87800 -2.00000
103050957 0.61981 -0.87400 -2.00000
103050958 0.61981 -0.87000 -2.00000
103050959 0.61981 -0.86600 -2.00000
103050960 0.61981 -0.86200 -2.00000
103050961 0.61981 -0.85800 -2.00000
103050962 0.61981 -0.85400 -2.00000
103050963 0.61981 -0.85000 -2.00000
103050964 0.61981 -0.84600 -2.00000
103050965 0.61981 -0.84200 -2.00000
103050966 0.61981 -0.83800 -2.00000
103050967 0.61981 -0.83400 -2.00000
103050968 0.61981 -0.83000 -2.00000
103050969 0.61981 -0.82600 -2.00000
103050970 0.61981 -0.82200 -2.00000
103050971 0.61981 -0.81800 -2.00000
103050972 0.61981 -0.81400 -2.00000
103050973 0.61981 -0.81000 -2.00000
103050974 0.61981 -0.80600 -2.00000
103050975 0.61981 -0.80200 -2.00000
103050976 0.61981 -0.79800 -2.00000
103050977 0.61981 -0.79400 -2.00000
103050978 0.61981 -0.79000 -2.00000
103050979 0.61981 -0.78600 -2.00000
103050980 0.61981 -0.78200 -2.00000
103050981 0.61981 -0.77800 -2.00000
103050982 0.61981 -0.77400 -2.00000
103050983 0.61981 -0.77000 -2.00000
103050984 0.61981 -0.76600 -2.00000
103050985 0.61981 -0.76200 -2.00000
103050986 0.61981 -0.75800 -2.00000
103050987 0.61981 -0.75400 -2.00000
103050988 0.61981 -0.75000 -2.00000
103050989 0.61981 -0.74600 -2.00000
103050990 0.61981 -0.74200 -2.00000
103050991 0.61981 -0.73800 -2.00000
103050992 0.61981 -0.73400 -2.00000
103050993 0.61981 -0.73000 -2.00000
103050994 0.61981 -0.72600 -2.00000
103050995 0.61981 -0.72200 -2.00000
103050996 0.61981 -0.71800 -2.00000
103050997 0.61981 -0.71400 -2.00000
103050998 0.61981 -0.71000 -2.00000
103050999 0.61981 -0.70600 -2.00000
103051000 0.61981 -0.70200 -2.00000
103051001 0.61981 -0.69800 -2.00000
103051002 0.61981 -0.69400 -2.00000
103051003 0.61981 -0.69000 -2.00000
103051004 0.61981 -0.68600 -2.00000
103051005 0.61981 -0.68200 -2.00000
103051006 0.61981 -0.67800 -2.00000
103051007 0.61981 -0.67400 -2.00000
103051008 0.61981 -0.67000 -2.00000
103051009 0.61981 -0.66600 -2.00000
103051010 0.61981 -0.66200 -2.00000
103051011 0.61981 -0.65800 -2.00000
103051012 0.61981 -0.65400 -2.00000
103051013 0.61981 -0.65000 -2.00000
103051014 0.61981 -0.64600 -2.00000
103051015 0.61981 -0.64200 -2.00000
103051016 0.61981 -0.63800 -2.00000
103051017 0.61981 -0.63400 -2.00000
103051018 0.61981 -0.63000 -2.00000
103051019 0.61981 -0.62600 -2.00000
103051020 0.61981 -0.62200 -2.00000
103051021 0.61981 -0.61800 -2.00000
103051022 0.61981 -0.61400 -2.00000
103051023 0.61981 -0.61000 -2.00000
103051024 0.61981 -0.60600 -2.00000
103051025 0.61981 -0.60200 -2.00000
103051026 0.61981 -0.59800 -2.00000
103051027 0.61981 -0.59400 -2.00000
103051028 0.61981 -0.59000 -2.00000
103051029 0.61981 -0.58600 -2.00000
103051030 0.61981 -0.58200 -2.00000
103051031 0.61981 -0.57800 -2.00000
103051032 0.61981 -0.57400 -2.00000
103051033 0.61981 -0.57000 -2.00000
103051034 0.61981 -0.56600 -2.00000
103051035 0.61981 -0.56200 -2.00000
103051036 0.61981 -0.55800 -2.00000
103051037 0.61981 -0.55400 -2.00000
103051038 0.61981 -0.55000 -2.00000
103051039 0.61981 -0.54600 -2.00000
103051040 0.61981 -0.54200 -2.00000
103051041 0.61981 -0.53800 -2.00000
103051042 0.61981 -0.53400 -2.00000
103051043 0.61981 -0.53000 -2.00000
103051044 0.61981 -0.52600 -2.00000
103051045 0.61981 -0.52200 -2.00000
103051046 0.61981 -0.51800 -2.00000
103051047 0.61981 -0.51400 -2.00000
103051048 0.61981 -0.51000 -2.00000
103051049 0.61981 -0.50600 -2.00000
103051050 0.61981 -0.50200 -2.00000
103051051 0.62831 -1.09800 -2.00000
103051052 0.62831 -1.09400 -2.00000
103051053 0.62831 -1.09000 -2.00000
103051054 0.62831 -1.08600 -2.00000
103051055 0.62831 -1.08200 -2.00000
103051056 0.62831 -1.07800 -2.00000
103051057 0.62831 -1.07400 -2.00000
103051058 0.62831 -1.07000 -2.00000
103051059 0.62831 -1.06600 -2.00000
103051060 0.62831 -1.06200 -2.00000
103051061 0.62831 -1.05800 -2.00000
103051062 0.62831 -1.05400 -2.00000
103051063 0.62831 -1.05000 -2.00000
103051064 0.62831 -1.04600 -2.00000
103051065 0.62831 -1.04200 -2.00000
103051066 0.62831 -1.03800 -2.00000
103051067 0.62831 -1.03400 -2.00000
103051068 0.62831 -1.03000 -2.00000
103051069 0.62831 -1.02600 -2.00000
103051070 0.62831 -1.02200 -2.00000
103051071 0.62831 -1.01800 -2.00000
103051072 0.62831 -1.01400 -2.00000
103051073 0.62831 -1.01000 -2.00000
103051074 0.62831 -1.00600 -2.00000
103051075 0.62831 -1.00200 -2.00000
103051076 0.62831 -0.99800 -2.00000
103051077 0.62831 -0.99400 -2.00000
103051078 0.62831 -0.99000 -2.00000
103051079 0.62831 -0.98600 -2.00000
103051080 0.62831 -0.98200 -2.00000
103051081 0.62831 -0.97800 -2.00000
103051082 0.62831 -0.97400 -2.00000
103051083 0.62831 -0.97000 -2.00000
103051084 0.62831 -0.96600 -2.00000
103051085 0.62831 -0.96200 -2.00000
103051086 0.62831 -0.95800 -2.00000
103051087 0.62831 -0.95400 -2.00000
103051088 0.62831 -0.95000 -2.00000
103051089 0.62831 -0.94600 -2.00000
103051090 0.62831 -0.94200 -2.00000
103051091 0.62831 -0.93800 -2.00000
103051092 0.62831 -0.93400 -2.00000
103051093 0.62831 -0.93000 -2.00000
103051094 0.62831 -0.92600 -2.00000
103051095 0.62831 -0.92200 -2.00000
103051096 0.62831 -0.91800 -2.00000
103051097 0.62831 -0.91400 -2.00000
103051098 0.62831 -0.91000 -2.00000
103051099 0.62831 -0.90600 -2.00000
103051100 0.62831 -0.90200 -2.00000
103051101 0.62831 -0.89800 -2.00000
103051102 0.62831 -0.89400 -2.00000
103051103 0.62831 -0.89000 -2.00000
103051104 0.62831 -0.88600 -2.00000
103051105 0.62831 -0.88200 -2.00000
103051106 0.62831 -0.87800 -2.00000
103051107 0.62831 -0.87400 -2.00000
103051108 0.62831 -0.87000 -2.00000
103051109 0.62831 -0.86600 -2.00000
103051110 0.62831 -0.86200 -2.00000
103051111 0.62831 -0.85800 -2.00000
103051112 0.62831 -0.85400 -2.00000
103051113 0.62831 -0.85000 -2.00000
103051114 0.62831 -0.84600 -2.00000
103051115 0.62831 -0.84200 -2.00000
103051116 0.62831 -0.83800 -2.00000
103051117 0.62831 -0.83400 -2.00000
103051118 0.62831 -0.83000 -2.00000
103051119 0.62831 -0.82600 -2.00000
103051120 0.62831 -0.82200 -2.00000
103051121 0.62831 -0.81800 -2.00000
103051122 0.62831 -0.81400 -2.00000
103051123 0.62831 -0.81000 -2.00000
103051124 0.62831 -0.80600 -2.00000
103051125 0.62831 -0.80200 -2.00000
103051126 0.62831 -0.79800 -2.00000
103051127 0.62831 -0.79400 -2.00000
103051128 0.62831 -0.79000 -2.00000
103051129 0.62831 -0.78600 -2.00000
103051130 0.62831 -0.78200 -2.00000
103051131 0.62831 -0.77800 -2.00000
103051132 0.62831 -0.77400 -2.00000
103051133 0.62831 -0.77000 -2.00000
103051134 0.62831 -0.76600 -2.00000
103051135 0.62831 -0.76200 -2.00000
103051136 0.62831 -0.75800 -2.00000
103051137 0.62831 -0.75400 -2.00000
103051138 0.62831 -0.75000 -2.00000
103051139 0.62831 -0.74600 -2.00000
103051140 0.62831 -0.74200 -2.00000
103051141 0.62831 -0.73800 -2.00000
103051142 0.62831 -0.73400 -2.00000
103051143 0.62831 -0.73000 -2.00000
103051144 0.62831 -0.72600 -2.00000
103051145 0.62831 -0.72200 -2.00000
103051146 0.62831 -0.71800 -2.00000
103051147 0.62831 -0.71400 -2.00000
103051148 0.62831 -0.71000 -2.00000
103051149 0.62831 -0.70600 -2.00000
103051150 0.62831 -0.70200 -2.00000
103051151 0.62831 -0.69800 -2.00000
103051152 0.62831 -0.69400 -2.00000
103051153 0.62831 -0.69000 -2.00000
103051154 0.62831 -0.68600 -2.00000
103051155 0.62831 -0.68200 -2.00000
103051156 0.62831 -0.67800 -2.00000
103051157 0.62831 -0.67400 -2.00000
103051158 0.62831 -0.67000 -2.00000
103051159 0.62831 -0.66600 -2.00000
103051160 0.62831 -0.66200 -2.00000
103051161 0.62831 -0.65800 -2.00000
103051162 0.62831 -0.65400 -2.00000
103051163 0.62831 -0.65000 -2.00000
103051164 0.62831 -0.64600 -2.00000
103051165 0.62831 -0.64200 -2.00000
103051166 0.62831 -0.63800 -2.00000
103051167 0.62831 -0.63400 -2.00000
103051168 0.62831 -0.63000 -2.00000
103051169 0.62831 -0.62600 -2.00000
103051170 0.62831 -0.62200 -2.00000
103051171 0.62831 -0.61800 -2.00000
103051172 0.62831 -0.61400 -2.00000
103051173 0.62831 -0.61000 -2.00000
103051174 0.62831 -0.60600 -2.00000
103051175 0.62831 -0.60200 -2.00000
103051176 0.62831 -0.59800 -2.00000
103051177 0.62831 -0.59400 -2.00000
103051178 0.62831 -0.59000 -2.00000
103051179 0.62831 -0.58600 -2.00000
103051180 0.62831 -0.58200 -2.00000
103051181 0.62831 -0.57800 -2.00000
103051182 0.62831 -0.57400 -2.00000
103051183 0.62831 -0.57000 -2.00000
103051184 0.62831 -0.56600 -2.00000
103051185 0.62831 -0.56200 -2.00000
103051186 0.62831 -0.55800 -2.00000
103051187 0.62831 -0.55400 -2.00000
103051188 0.62831 -0.55000 -2.00000
103051189 0.62831 -0.54600 -2.00000
103051190 0.62831 -0.54200 -2.00000
103051191 0.62831 -0.53800 -2.00000
103051192 0.62831 -0.53400 -2.00000
103051193 0.62831 -0.53000 -2.00000
103051194 0.62831 -0.52600 -2.00000
103051195 0.62831 -0.52200 -2.00000
103051196 0.62831 -0.51800 -2.00000
103051197 0.62831 -0.51400 -2.00000
103051198 0.62831 -0.51000 -2.00000
103051199 0.62831 -0.50600 -2.00000
103051200 0.62831 -0.50200 -2.00000
