# pixelID  x  y  z
112030001 1.08549 -0.50725 0.56338
112030002 1.08300 -0.50725 0.56651
112030003 1.08050 -0.50725 0.56964
112030004 1.07801 -0.50725 0.57276
112030005 1.07552 -0.50725 0.57589
112030006 1.07302 -0.50725 0.57902
112030007 1.07053 -0.50725 0.58215
112030008 1.06804 -0.50725 0.58528
112030009 1.06555 -0.50725 0.58840
112030010 1.06305 -0.50725 0.59153
112030011 1.06056 -0.50725 0.59466
112030012 1.05807 -0.50725 0.59779
112030013 1.05557 -0.50725 0.60092
112030014 1.05308 -0.50725 0.60404
112030015 1.05059 -0.50725 0.60717
112030016 1.04809 -0.50725 0.61030
112030017 1.04560 -0.50725 0.61343
112030018 1.04311 -0.50725 0.61656
112030019 1.04061 -0.50725 0.61968
112030020 1.03812 -0.50725 0.62281
112030021 1.03563 -0.50725 0.62594
112030022 1.03314 -0.50725 0.62907
112030023 1.03064 -0.50725 0.63220
112030024 1.02815 -0.50725 0.63532
112030025 1.02566 -0.50725 0.63845
112030026 1.02316 -0.50725 0.64158
112030027 1.02067 -0.50725 0.64471
112030028 1.01818 -0.50725 0.64784
112030029 1.01568 -0.50725 0.65097
112030030 1.01319 -0.50725 0.65409
112030031 1.01070 -0.50725 0.65722
112030032 1.00821 -0.50725 0.66035
112030033 1.00571 -0.50725 0.66348
112030034 1.00322 -0.50725 0.66661
112030035 1.00073 -0.50725 0.66973
112030036 0.99823 -0.50725 0.67286
112030037 0.99574 -0.50725 0.67599
112030038 0.99325 -0.50725 0.67912
112030039 0.99075 -0.50725 0.68225
112030040 0.98826 -0.50725 0.68537
112030041 0.98577 -0.50725 0.68850
112030042 0.98327 -0.50725 0.69163
112030043 0.98078 -0.50725 0.69476
112030044 0.97829 -0.50725 0.69789
112030045 0.97580 -0.50725 0.70101
112030046 0.97330 -0.50725 0.70414
112030047 0.97081 -0.50725 0.70727
112030048 0.96832 -0.50725 0.71040
112030049 0.96582 -0.50725 0.71353
112030050 0.96333 -0.50725 0.71665
112030051 0.96084 -0.50725 0.71978
112030052 0.95834 -0.50725 0.72291
112030053 0.95585 -0.50725 0.72604
112030054 0.95336 -0.50725 0.72917
112030055 0.95086 -0.50725 0.73229
112030056 0.94837 -0.50725 0.73542
112030057 0.94588 -0.50725 0.73855
112030058 0.94339 -0.50725 0.74168
112030059 0.94089 -0.50725 0.74481
112030060 0.93840 -0.50725 0.74793
112030061 0.93591 -0.50725 0.75106
112030062 0.93341 -0.50725 0.75419
112030063 0.93092 -0.50725 0.75732
112030064 0.92843 -0.50725 0.76045
112030065 0.92593 -0.50725 0.76357
112030066 0.92344 -0.50725 0.76670
112030067 0.92095 -0.50725 0.76983
112030068 0.91845 -0.50725 0.77296
112030069 0.91596 -0.50725 0.77609
112030070 0.91347 -0.50725 0.77921
112030071 0.91098 -0.50725 0.78234
112030072 0.90848 -0.50725 0.78547
112030073 0.90599 -0.50725 0.78860
112030074 0.90350 -0.50725 0.79173
112030075 0.90100 -0.50725 0.79486
112030076 0.89851 -0.50725 0.79798
112030077 0.89602 -0.50725 0.80111
112030078 0.89352 -0.50725 0.80424
112030079 0.89103 -0.50725 0.80737
112030080 0.88854 -0.50725 0.81050
112030081 0.88605 -0.50725 0.81362
112030082 0.88355 -0.50725 0.81675
112030083 0.88106 -0.50725 0.81988
112030084 0.87857 -0.50725 0.82301
112030085 0.87607 -0.50725 0.82614
112030086 0.87358 -0.50725 0.82926
112030087 0.87109 -0.50725 0.83239
112030088 0.86859 -0.50725 0.83552
112030089 0.86610 -0.50725 0.83865
112030090 0.86361 -0.50725 0.84178
112030091 0.86111 -0.50725 0.84490
112030092 0.85862 -0.50725 0.84803
112030093 0.85613 -0.50725 0.85116
112030094 0.85364 -0.50725 0.85429
112030095 0.85114 -0.50725 0.85742
112030096 0.84865 -0.50725 0.86054
112030097 0.84616 -0.50725 0.86367
112030098 0.84366 -0.50725 0.86680
112030099 0.84117 -0.50725 0.86993
112030100 0.83868 -0.50725 0.87306
112030101 0.83618 -0.50725 0.87618
112030102 0.83369 -0.50725 0.87931
112030103 0.83120 -0.50725 0.88244
112030104 0.82870 -0.50725 0.88557
112030105 0.82621 -0.50725 0.88870
112030106 0.82372 -0.50725 0.89182
112030107 0.82123 -0.50725 0.89495
112030108 0.81873 -0.50725 0.89808
112030109 0.81624 -0.50725 0.90121
112030110 0.81375 -0.50725 0.90434
112030111 0.81125 -0.50725 0.90746
112030112 0.80876 -0.50725 0.91059
112030113 0.80627 -0.50725 0.91372
112030114 0.80377 -0.50725 0.91685
112030115 0.80128 -0.50725 0.91998
112030116 0.79879 -0.50725 0.92310
112030117 0.79629 -0.50725 0.92623
112030118 0.79380 -0.50725 0.92936
112030119 0.79131 -0.50725 0.93249
112030120 0.78882 -0.50725 0.93562
112030121 0.78632 -0.50725 0.93874
112030122 0.78383 -0.50725 0.94187
112030123 0.78134 -0.50725 0.94500
112030124 0.77884 -0.50725 0.94813
112030125 0.77635 -0.50725 0.95126
112030126 0.77386 -0.50725 0.95439
112030127 0.77136 -0.50725 0.95751
112030128 0.76887 -0.50725 0.96064
112030129 0.76638 -0.50725 0.96377
112030130 0.76388 -0.50725 0.96690
112030131 0.76139 -0.50725 0.97003
112030132 0.75890 -0.50725 0.97315
112030133 0.75641 -0.50725 0.97628
112030134 0.75391 -0.50725 0.97941
112030135 0.75142 -0.50725 0.98254
112030136 0.74893 -0.50725 0.98567
112030137 0.74643 -0.50725 0.98879
112030138 0.74394 -0.50725 0.99192
112030139 0.74145 -0.50725 0.99505
112030140 0.73895 -0.50725 0.99818
112030141 0.73646 -0.50725 1.00131
112030142 0.73397 -0.50725 1.00443
112030143 0.73148 -0.50725 1.00756
112030144 0.72898 -0.50725 1.01069
112030145 0.72649 -0.50725 1.01382
112030146 0.72400 -0.50725 1.01695
112030147 0.72150 -0.50725 1.02007
112030148 0.71901 -0.50725 1.02320
112030149 0.71652 -0.50725 1.02633
112030150 0.71402 -0.50725 1.02946
112030151 1.08549 -0.49375 0.56338
112030152 1.08300 -0.49375 0.56651
112030153 1.08050 -0.49375 0.56964
112030154 1.07801 -0.49375 0.57276
112030155 1.07552 -0.49375 0.57589
112030156 1.07302 -0.49375 0.57902
112030157 1.07053 -0.49375 0.58215
112030158 1.06804 -0.49375 0.58528
112030159 1.06555 -0.49375 0.58840
112030160 1.06305 -0.49375 0.59153
112030161 1.06056 -0.49375 0.59466
112030162 1.05807 -0.49375 0.59779
112030163 1.05557 -0.49375 0.60092
112030164 1.05308 -0.49375 0.60404
112030165 1.05059 -0.49375 0.60717
112030166 1.04809 -0.49375 0.61030
112030167 1.04560 -0.49375 0.61343
112030168 1.04311 -0.49375 0.61656
112030169 1.04061 -0.49375 0.61968
112030170 1.03812 -0.49375 0.62281
112030171 1.03563 -0.49375 0.62594
112030172 1.03314 -0.49375 0.62907
112030173 1.03064 -0.49375 0.63220
112030174 1.02815 -0.49375 0.63532
112030175 1.02566 -0.49375 0.63845
112030176 1.02316 -0.49375 0.64158
112030177 1.02067 -0.49375 0.64471
112030178 1.01818 -0.49375 0.64784
112030179 1.01568 -0.49375 0.65097
112030180 1.01319 -0.49375 0.65409
112030181 1.01070 -0.49375 0.65722
112030182 1.00821 -0.49375 0.66035
112030183 1.00571 -0.49375 0.66348
112030184 1.00322 -0.49375 0.66661
112030185 1.00073 -0.49375 0.66973
112030186 0.99823 -0.49375 0.67286
112030187 0.99574 -0.49375 0.67599
112030188 0.99325 -0.49375 0.67912
112030189 0.99075 -0.49375 0.68225
112030190 0.98826 -0.49375 0.68537
112030191 0.98577 -0.49375 0.68850
112030192 0.98327 -0.49375 0.69163
112030193 0.98078 -0.49375 0.69476
112030194 0.97829 -0.49375 0.69789
112030195 0.97580 -0.49375 0.70101
112030196 0.97330 -0.49375 0.70414
112030197 0.97081 -0.49375 0.70727
112030198 0.96832 -0.49375 0.71040
112030199 0.96582 -0.49375 0.71353
112030200 0.96333 -0.49375 0.71665
112030201 0.96084 -0.49375 0.71978
112030202 0.95834 -0.49375 0.72291
112030203 0.95585 -0.49375 0.72604
112030204 0.95336 -0.49375 0.72917
112030205 0.95086 -0.49375 0.73229
112030206 0.94837 -0.49375 0.73542
112030207 0.94588 -0.49375 0.73855
112030208 0.94339 -0.49375 0.74168
112030209 0.94089 -0.49375 0.74481
112030210 0.93840 -0.49375 0.74793
112030211 0.93591 -0.49375 0.75106
112030212 0.93341 -0.49375 0.75419
112030213 0.93092 -0.49375 0.75732
112030214 0.92843 -0.49375 0.76045
112030215 0.92593 -0.49375 0.76357
112030216 0.92344 -0.49375 0.76670
112030217 0.92095 -0.49375 0.76983
112030218 0.91845 -0.49375 0.77296
112030219 0.91596 -0.49375 0.77609
112030220 0.91347 -0.49375 0.77921
112030221 0.91098 -0.49375 0.78234
112030222 0.90848 -0.49375 0.78547
112030223 0.90599 -0.49375 0.78860
112030224 0.90350 -0.49375 0.79173
112030225 0.90100 -0.49375 0.79486
112030226 0.89851 -0.49375 0.79798
112030227 0.89602 -0.49375 0.80111
112030228 0.89352 -0.49375 0.80424
112030229 0.89103 -0.49375 0.80737
112030230 0.88854 -0.49375 0.81050
112030231 0.88605 -0.49375 0.81362
112030232 0.88355 -0.49375 0.81675
112030233 0.88106 -0.49375 0.81988
112030234 0.87857 -0.49375 0.82301
112030235 0.87607 -0.49375 0.82614
112030236 0.87358 -0.49375 0.82926
112030237 0.87109 -0.49375 0.83239
112030238 0.86859 -0.49375 0.83552
112030239 0.86610 -0.49375 0.83865
112030240 0.86361 -0.49375 0.84178
112030241 0.86111 -0.49375 0.84490
112030242 0.85862 -0.49375 0.84803
112030243 0.85613 -0.49375 0.85116
112030244 0.85364 -0.49375 0.85429
112030245 0.85114 -0.49375 0.85742
112030246 0.84865 -0.49375 0.86054
112030247 0.84616 -0.49375 0.86367
112030248 0.84366 -0.49375 0.86680
112030249 0.84117 -0.49375 0.86993
112030250 0.83868 -0.49375 0.87306
112030251 0.83618 -0.49375 0.87618
112030252 0.83369 -0.49375 0.87931
112030253 0.83120 -0.49375 0.88244
112030254 0.82870 -0.49375 0.88557
112030255 0.82621 -0.49375 0.88870
112030256 0.82372 -0.49375 0.89182
112030257 0.82123 -0.49375 0.89495
112030258 0.81873 -0.49375 0.89808
112030259 0.81624 -0.49375 0.90121
112030260 0.81375 -0.49375 0.90434
112030261 0.81125 -0.49375 0.90746
112030262 0.80876 -0.49375 0.91059
112030263 0.80627 -0.49375 0.91372
112030264 0.80377 -0.49375 0.91685
112030265 0.80128 -0.49375 0.91998
112030266 0.79879 -0.49375 0.92310
112030267 0.79629 -0.49375 0.92623
112030268 0.79380 -0.49375 0.92936
112030269 0.79131 -0.49375 0.93249
112030270 0.78882 -0.49375 0.93562
112030271 0.78632 -0.49375 0.93874
112030272 0.78383 -0.49375 0.94187
112030273 0.78134 -0.49375 0.94500
112030274 0.77884 -0.49375 0.94813
112030275 0.77635 -0.49375 0.95126
112030276 0.77386 -0.49375 0.95439
112030277 0.77136 -0.49375 0.95751
112030278 0.76887 -0.49375 0.96064
112030279 0.76638 -0.49375 0.96377
112030280 0.76388 -0.49375 0.96690
112030281 0.76139 -0.49375 0.97003
112030282 0.75890 -0.49375 0.97315
112030283 0.75641 -0.49375 0.97628
112030284 0.75391 -0.49375 0.97941
112030285 0.75142 -0.49375 0.98254
112030286 0.74893 -0.49375 0.98567
112030287 0.74643 -0.49375 0.98879
112030288 0.74394 -0.49375 0.99192
112030289 0.74145 -0.49375 0.99505
112030290 0.73895 -0.49375 0.99818
112030291 0.73646 -0.49375 1.00131
112030292 0.73397 -0.49375 1.00443
112030293 0.73148 -0.49375 1.00756
112030294 0.72898 -0.49375 1.01069
112030295 0.72649 -0.49375 1.01382
112030296 0.72400 -0.49375 1.01695
112030297 0.72150 -0.49375 1.02007
112030298 0.71901 -0.49375 1.02320
112030299 0.71652 -0.49375 1.02633
112030300 0.71402 -0.49375 1.02946
112030301 1.08549 -0.48025 0.56338
112030302 1.08300 -0.48025 0.56651
112030303 1.08050 -0.48025 0.56964
112030304 1.07801 -0.48025 0.57276
112030305 1.07552 -0.48025 0.57589
112030306 1.07302 -0.48025 0.57902
112030307 1.07053 -0.48025 0.58215
112030308 1.06804 -0.48025 0.58528
112030309 1.06555 -0.48025 0.58840
112030310 1.06305 -0.48025 0.59153
112030311 1.06056 -0.48025 0.59466
112030312 1.05807 -0.48025 0.59779
112030313 1.05557 -0.48025 0.60092
112030314 1.05308 -0.48025 0.60404
112030315 1.05059 -0.48025 0.60717
112030316 1.04809 -0.48025 0.61030
112030317 1.04560 -0.48025 0.61343
112030318 1.04311 -0.48025 0.61656
112030319 1.04061 -0.48025 0.61968
112030320 1.03812 -0.48025 0.62281
112030321 1.03563 -0.48025 0.62594
112030322 1.03314 -0.48025 0.62907
112030323 1.03064 -0.48025 0.63220
112030324 1.02815 -0.48025 0.63532
112030325 1.02566 -0.48025 0.63845
112030326 1.02316 -0.48025 0.64158
112030327 1.02067 -0.48025 0.64471
112030328 1.01818 -0.48025 0.64784
112030329 1.01568 -0.48025 0.65097
112030330 1.01319 -0.48025 0.65409
112030331 1.01070 -0.48025 0.65722
112030332 1.00821 -0.48025 0.66035
112030333 1.00571 -0.48025 0.66348
112030334 1.00322 -0.48025 0.66661
112030335 1.00073 -0.48025 0.66973
112030336 0.99823 -0.48025 0.67286
112030337 0.99574 -0.48025 0.67599
112030338 0.99325 -0.48025 0.67912
112030339 0.99075 -0.48025 0.68225
112030340 0.98826 -0.48025 0.68537
112030341 0.98577 -0.48025 0.68850
112030342 0.98327 -0.48025 0.69163
112030343 0.98078 -0.48025 0.69476
112030344 0.97829 -0.48025 0.69789
112030345 0.97580 -0.48025 0.70101
112030346 0.97330 -0.48025 0.70414
112030347 0.97081 -0.48025 0.70727
112030348 0.96832 -0.48025 0.71040
112030349 0.96582 -0.48025 0.71353
112030350 0.96333 -0.48025 0.71665
112030351 0.96084 -0.48025 0.71978
112030352 0.95834 -0.48025 0.72291
112030353 0.95585 -0.48025 0.72604
112030354 0.95336 -0.48025 0.72917
112030355 0.95086 -0.48025 0.73229
112030356 0.94837 -0.48025 0.73542
112030357 0.94588 -0.48025 0.73855
112030358 0.94339 -0.48025 0.74168
112030359 0.94089 -0.48025 0.74481
112030360 0.93840 -0.48025 0.74793
112030361 0.93591 -0.48025 0.75106
112030362 0.93341 -0.48025 0.75419
112030363 0.93092 -0.48025 0.75732
112030364 0.92843 -0.48025 0.76045
112030365 0.92593 -0.48025 0.76357
112030366 0.92344 -0.48025 0.76670
112030367 0.92095 -0.48025 0.76983
112030368 0.91845 -0.48025 0.77296
112030369 0.91596 -0.48025 0.77609
112030370 0.91347 -0.48025 0.77921
112030371 0.91098 -0.48025 0.78234
112030372 0.90848 -0.48025 0.78547
112030373 0.90599 -0.48025 0.78860
112030374 0.90350 -0.48025 0.79173
112030375 0.90100 -0.48025 0.79486
112030376 0.89851 -0.48025 0.79798
112030377 0.89602 -0.48025 0.80111
112030378 0.89352 -0.48025 0.80424
112030379 0.89103 -0.48025 0.80737
112030380 0.88854 -0.48025 0.81050
112030381 0.88605 -0.48025 0.81362
112030382 0.88355 -0.48025 0.81675
112030383 0.88106 -0.48025 0.81988
112030384 0.87857 -0.48025 0.82301
112030385 0.87607 -0.48025 0.82614
112030386 0.87358 -0.48025 0.82926
112030387 0.87109 -0.48025 0.83239
112030388 0.86859 -0.48025 0.83552
112030389 0.86610 -0.48025 0.83865
112030390 0.86361 -0.48025 0.84178
112030391 0.86111 -0.48025 0.84490
112030392 0.85862 -0.48025 0.84803
112030393 0.85613 -0.48025 0.85116
112030394 0.85364 -0.48025 0.85429
112030395 0.85114 -0.48025 0.85742
112030396 0.84865 -0.48025 0.86054
112030397 0.84616 -0.48025 0.86367
112030398 0.84366 -0.48025 0.86680
112030399 0.84117 -0.48025 0.86993
112030400 0.83868 -0.48025 0.87306
112030401 0.83618 -0.48025 0.87618
112030402 0.83369 -0.48025 0.87931
112030403 0.83120 -0.48025 0.88244
112030404 0.82870 -0.48025 0.88557
112030405 0.82621 -0.48025 0.88870
112030406 0.82372 -0.48025 0.89182
112030407 0.82123 -0.48025 0.89495
112030408 0.81873 -0.48025 0.89808
112030409 0.81624 -0.48025 0.90121
112030410 0.81375 -0.48025 0.90434
112030411 0.81125 -0.48025 0.90746
112030412 0.80876 -0.48025 0.91059
112030413 0.80627 -0.48025 0.91372
112030414 0.80377 -0.48025 0.91685
112030415 0.80128 -0.48025 0.91998
112030416 0.79879 -0.48025 0.92310
112030417 0.79629 -0.48025 0.92623
112030418 0.79380 -0.48025 0.92936
112030419 0.79131 -0.48025 0.93249
112030420 0.78882 -0.48025 0.93562
112030421 0.78632 -0.48025 0.93874
112030422 0.78383 -0.48025 0.94187
112030423 0.78134 -0.48025 0.94500
112030424 0.77884 -0.48025 0.94813
112030425 0.77635 -0.48025 0.95126
112030426 0.77386 -0.48025 0.95439
112030427 0.77136 -0.48025 0.95751
112030428 0.76887 -0.48025 0.96064
112030429 0.76638 -0.48025 0.96377
112030430 0.76388 -0.48025 0.96690
112030431 0.76139 -0.48025 0.97003
112030432 0.75890 -0.48025 0.97315
112030433 0.75641 -0.48025 0.97628
112030434 0.75391 -0.48025 0.97941
112030435 0.75142 -0.48025 0.98254
112030436 0.74893 -0.48025 0.98567
112030437 0.74643 -0.48025 0.98879
112030438 0.74394 -0.48025 0.99192
112030439 0.74145 -0.48025 0.99505
112030440 0.73895 -0.48025 0.99818
112030441 0.73646 -0.48025 1.00131
112030442 0.73397 -0.48025 1.00443
112030443 0.73148 -0.48025 1.00756
112030444 0.72898 -0.48025 1.01069
112030445 0.72649 -0.48025 1.01382
112030446 0.72400 -0.48025 1.01695
112030447 0.72150 -0.48025 1.02007
112030448 0.71901 -0.48025 1.02320
112030449 0.71652 -0.48025 1.02633
112030450 0.71402 -0.48025 1.02946
112030451 1.08549 -0.46675 0.56338
112030452 1.08300 -0.46675 0.56651
112030453 1.08050 -0.46675 0.56964
112030454 1.07801 -0.46675 0.57276
112030455 1.07552 -0.46675 0.57589
112030456 1.07302 -0.46675 0.57902
112030457 1.07053 -0.46675 0.58215
112030458 1.06804 -0.46675 0.58528
112030459 1.06555 -0.46675 0.58840
112030460 1.06305 -0.46675 0.59153
112030461 1.06056 -0.46675 0.59466
112030462 1.05807 -0.46675 0.59779
112030463 1.05557 -0.46675 0.60092
112030464 1.05308 -0.46675 0.60404
112030465 1.05059 -0.46675 0.60717
112030466 1.04809 -0.46675 0.61030
112030467 1.04560 -0.46675 0.61343
112030468 1.04311 -0.46675 0.61656
112030469 1.04061 -0.46675 0.61968
112030470 1.03812 -0.46675 0.62281
112030471 1.03563 -0.46675 0.62594
112030472 1.03314 -0.46675 0.62907
112030473 1.03064 -0.46675 0.63220
112030474 1.02815 -0.46675 0.63532
112030475 1.02566 -0.46675 0.63845
112030476 1.02316 -0.46675 0.64158
112030477 1.02067 -0.46675 0.64471
112030478 1.01818 -0.46675 0.64784
112030479 1.01568 -0.46675 0.65097
112030480 1.01319 -0.46675 0.65409
112030481 1.01070 -0.46675 0.65722
112030482 1.00821 -0.46675 0.66035
112030483 1.00571 -0.46675 0.66348
112030484 1.00322 -0.46675 0.66661
112030485 1.00073 -0.46675 0.66973
112030486 0.99823 -0.46675 0.67286
112030487 0.99574 -0.46675 0.67599
112030488 0.99325 -0.46675 0.67912
112030489 0.99075 -0.46675 0.68225
112030490 0.98826 -0.46675 0.68537
112030491 0.98577 -0.46675 0.68850
112030492 0.98327 -0.46675 0.69163
112030493 0.98078 -0.46675 0.69476
112030494 0.97829 -0.46675 0.69789
112030495 0.97580 -0.46675 0.70101
112030496 0.97330 -0.46675 0.70414
112030497 0.97081 -0.46675 0.70727
112030498 0.96832 -0.46675 0.71040
112030499 0.96582 -0.46675 0.71353
112030500 0.96333 -0.46675 0.71665
112030501 0.96084 -0.46675 0.71978
112030502 0.95834 -0.46675 0.72291
112030503 0.95585 -0.46675 0.72604
112030504 0.95336 -0.46675 0.72917
112030505 0.95086 -0.46675 0.73229
112030506 0.94837 -0.46675 0.73542
112030507 0.94588 -0.46675 0.73855
112030508 0.94339 -0.46675 0.74168
112030509 0.94089 -0.46675 0.74481
112030510 0.93840 -0.46675 0.74793
112030511 0.93591 -0.46675 0.75106
112030512 0.93341 -0.46675 0.75419
112030513 0.93092 -0.46675 0.75732
112030514 0.92843 -0.46675 0.76045
112030515 0.92593 -0.46675 0.76357
112030516 0.92344 -0.46675 0.76670
112030517 0.92095 -0.46675 0.76983
112030518 0.91845 -0.46675 0.77296
112030519 0.91596 -0.46675 0.77609
112030520 0.91347 -0.46675 0.77921
112030521 0.91098 -0.46675 0.78234
112030522 0.90848 -0.46675 0.78547
112030523 0.90599 -0.46675 0.78860
112030524 0.90350 -0.46675 0.79173
112030525 0.90100 -0.46675 0.79486
112030526 0.89851 -0.46675 0.79798
112030527 0.89602 -0.46675 0.80111
112030528 0.89352 -0.46675 0.80424
112030529 0.89103 -0.46675 0.80737
112030530 0.88854 -0.46675 0.81050
112030531 0.88605 -0.46675 0.81362
112030532 0.88355 -0.46675 0.81675
112030533 0.88106 -0.46675 0.81988
112030534 0.87857 -0.46675 0.82301
112030535 0.87607 -0.46675 0.82614
112030536 0.87358 -0.46675 0.82926
112030537 0.87109 -0.46675 0.83239
112030538 0.86859 -0.46675 0.83552
112030539 0.86610 -0.46675 0.83865
112030540 0.86361 -0.46675 0.84178
112030541 0.86111 -0.46675 0.84490
112030542 0.85862 -0.46675 0.84803
112030543 0.85613 -0.46675 0.85116
112030544 0.85364 -0.46675 0.85429
112030545 0.85114 -0.46675 0.85742
112030546 0.84865 -0.46675 0.86054
112030547 0.84616 -0.46675 0.86367
112030548 0.84366 -0.46675 0.86680
112030549 0.84117 -0.46675 0.86993
112030550 0.83868 -0.46675 0.87306
112030551 0.83618 -0.46675 0.87618
112030552 0.83369 -0.46675 0.87931
112030553 0.83120 -0.46675 0.88244
112030554 0.82870 -0.46675 0.88557
112030555 0.82621 -0.46675 0.88870
112030556 0.82372 -0.46675 0.89182
112030557 0.82123 -0.46675 0.89495
112030558 0.81873 -0.46675 0.89808
112030559 0.81624 -0.46675 0.90121
112030560 0.81375 -0.46675 0.90434
112030561 0.81125 -0.46675 0.90746
112030562 0.80876 -0.46675 0.91059
112030563 0.80627 -0.46675 0.91372
112030564 0.80377 -0.46675 0.91685
112030565 0.80128 -0.46675 0.91998
112030566 0.79879 -0.46675 0.92310
112030567 0.79629 -0.46675 0.92623
112030568 0.79380 -0.46675 0.92936
112030569 0.79131 -0.46675 0.93249
112030570 0.78882 -0.46675 0.93562
112030571 0.78632 -0.46675 0.93874
112030572 0.78383 -0.46675 0.94187
112030573 0.78134 -0.46675 0.94500
112030574 0.77884 -0.46675 0.94813
112030575 0.77635 -0.46675 0.95126
112030576 0.77386 -0.46675 0.95439
112030577 0.77136 -0.46675 0.95751
112030578 0.76887 -0.46675 0.96064
112030579 0.76638 -0.46675 0.96377
112030580 0.76388 -0.46675 0.96690
112030581 0.76139 -0.46675 0.97003
112030582 0.75890 -0.46675 0.97315
112030583 0.75641 -0.46675 0.97628
112030584 0.75391 -0.46675 0.97941
112030585 0.75142 -0.46675 0.98254
112030586 0.74893 -0.46675 0.98567
112030587 0.74643 -0.46675 0.98879
112030588 0.74394 -0.46675 0.99192
112030589 0.74145 -0.46675 0.99505
112030590 0.73895 -0.46675 0.99818
112030591 0.73646 -0.46675 1.00131
112030592 0.73397 -0.46675 1.00443
112030593 0.73148 -0.46675 1.00756
112030594 0.72898 -0.46675 1.01069
112030595 0.72649 -0.46675 1.01382
112030596 0.72400 -0.46675 1.01695
112030597 0.72150 -0.46675 1.02007
112030598 0.71901 -0.46675 1.02320
112030599 0.71652 -0.46675 1.02633
112030600 0.71402 -0.46675 1.02946
112030601 1.08549 -0.45325 0.56338
112030602 1.08300 -0.45325 0.56651
112030603 1.08050 -0.45325 0.56964
112030604 1.07801 -0.45325 0.57276
112030605 1.07552 -0.45325 0.57589
112030606 1.07302 -0.45325 0.57902
112030607 1.07053 -0.45325 0.58215
112030608 1.06804 -0.45325 0.58528
112030609 1.06555 -0.45325 0.58840
112030610 1.06305 -0.45325 0.59153
112030611 1.06056 -0.45325 0.59466
112030612 1.05807 -0.45325 0.59779
112030613 1.05557 -0.45325 0.60092
112030614 1.05308 -0.45325 0.60404
112030615 1.05059 -0.45325 0.60717
112030616 1.04809 -0.45325 0.61030
112030617 1.04560 -0.45325 0.61343
112030618 1.04311 -0.45325 0.61656
112030619 1.04061 -0.45325 0.61968
112030620 1.03812 -0.45325 0.62281
112030621 1.03563 -0.45325 0.62594
112030622 1.03314 -0.45325 0.62907
112030623 1.03064 -0.45325 0.63220
112030624 1.02815 -0.45325 0.63532
112030625 1.02566 -0.45325 0.63845
112030626 1.02316 -0.45325 0.64158
112030627 1.02067 -0.45325 0.64471
112030628 1.01818 -0.45325 0.64784
112030629 1.01568 -0.45325 0.65097
112030630 1.01319 -0.45325 0.65409
112030631 1.01070 -0.45325 0.65722
112030632 1.00821 -0.45325 0.66035
112030633 1.00571 -0.45325 0.66348
112030634 1.00322 -0.45325 0.66661
112030635 1.00073 -0.45325 0.66973
112030636 0.99823 -0.45325 0.67286
112030637 0.99574 -0.45325 0.67599
112030638 0.99325 -0.45325 0.67912
112030639 0.99075 -0.45325 0.68225
112030640 0.98826 -0.45325 0.68537
112030641 0.98577 -0.45325 0.68850
112030642 0.98327 -0.45325 0.69163
112030643 0.98078 -0.45325 0.69476
112030644 0.97829 -0.45325 0.69789
112030645 0.97580 -0.45325 0.70101
112030646 0.97330 -0.45325 0.70414
112030647 0.97081 -0.45325 0.70727
112030648 0.96832 -0.45325 0.71040
112030649 0.96582 -0.45325 0.71353
112030650 0.96333 -0.45325 0.71665
112030651 0.96084 -0.45325 0.71978
112030652 0.95834 -0.45325 0.72291
112030653 0.95585 -0.45325 0.72604
112030654 0.95336 -0.45325 0.72917
112030655 0.95086 -0.45325 0.73229
112030656 0.94837 -0.45325 0.73542
112030657 0.94588 -0.45325 0.73855
112030658 0.94339 -0.45325 0.74168
112030659 0.94089 -0.45325 0.74481
112030660 0.93840 -0.45325 0.74793
112030661 0.93591 -0.45325 0.75106
112030662 0.93341 -0.45325 0.75419
112030663 0.93092 -0.45325 0.75732
112030664 0.92843 -0.45325 0.76045
112030665 0.92593 -0.45325 0.76357
112030666 0.92344 -0.45325 0.76670
112030667 0.92095 -0.45325 0.76983
112030668 0.91845 -0.45325 0.77296
112030669 0.91596 -0.45325 0.77609
112030670 0.91347 -0.45325 0.77921
112030671 0.91098 -0.45325 0.78234
112030672 0.90848 -0.45325 0.78547
112030673 0.90599 -0.45325 0.78860
112030674 0.90350 -0.45325 0.79173
112030675 0.90100 -0.45325 0.79486
112030676 0.89851 -0.45325 0.79798
112030677 0.89602 -0.45325 0.80111
112030678 0.89352 -0.45325 0.80424
112030679 0.89103 -0.45325 0.80737
112030680 0.88854 -0.45325 0.81050
112030681 0.88605 -0.45325 0.81362
112030682 0.88355 -0.45325 0.81675
112030683 0.88106 -0.45325 0.81988
112030684 0.87857 -0.45325 0.82301
112030685 0.87607 -0.45325 0.82614
112030686 0.87358 -0.45325 0.82926
112030687 0.87109 -0.45325 0.83239
112030688 0.86859 -0.45325 0.83552
112030689 0.86610 -0.45325 0.83865
112030690 0.86361 -0.45325 0.84178
112030691 0.86111 -0.45325 0.84490
112030692 0.85862 -0.45325 0.84803
112030693 0.85613 -0.45325 0.85116
112030694 0.85364 -0.45325 0.85429
112030695 0.85114 -0.45325 0.85742
112030696 0.84865 -0.45325 0.86054
112030697 0.84616 -0.45325 0.86367
112030698 0.84366 -0.45325 0.86680
112030699 0.84117 -0.45325 0.86993
112030700 0.83868 -0.45325 0.87306
112030701 0.83618 -0.45325 0.87618
112030702 0.83369 -0.45325 0.87931
112030703 0.83120 -0.45325 0.88244
112030704 0.82870 -0.45325 0.88557
112030705 0.82621 -0.45325 0.88870
112030706 0.82372 -0.45325 0.89182
112030707 0.82123 -0.45325 0.89495
112030708 0.81873 -0.45325 0.89808
112030709 0.81624 -0.45325 0.90121
112030710 0.81375 -0.45325 0.90434
112030711 0.81125 -0.45325 0.90746
112030712 0.80876 -0.45325 0.91059
112030713 0.80627 -0.45325 0.91372
112030714 0.80377 -0.45325 0.91685
112030715 0.80128 -0.45325 0.91998
112030716 0.79879 -0.45325 0.92310
112030717 0.79629 -0.45325 0.92623
112030718 0.79380 -0.45325 0.92936
112030719 0.79131 -0.45325 0.93249
112030720 0.78882 -0.45325 0.93562
112030721 0.78632 -0.45325 0.93874
112030722 0.78383 -0.45325 0.94187
112030723 0.78134 -0.45325 0.94500
112030724 0.77884 -0.45325 0.94813
112030725 0.77635 -0.45325 0.95126
112030726 0.77386 -0.45325 0.95439
112030727 0.77136 -0.45325 0.95751
112030728 0.76887 -0.45325 0.96064
112030729 0.76638 -0.45325 0.96377
112030730 0.76388 -0.45325 0.96690
112030731 0.76139 -0.45325 0.97003
112030732 0.75890 -0.45325 0.97315
112030733 0.75641 -0.45325 0.97628
112030734 0.75391 -0.45325 0.97941
112030735 0.75142 -0.45325 0.98254
112030736 0.74893 -0.45325 0.98567
112030737 0.74643 -0.45325 0.98879
112030738 0.74394 -0.45325 0.99192
112030739 0.74145 -0.45325 0.99505
112030740 0.73895 -0.45325 0.99818
112030741 0.73646 -0.45325 1.00131
112030742 0.73397 -0.45325 1.00443
112030743 0.73148 -0.45325 1.00756
112030744 0.72898 -0.45325 1.01069
112030745 0.72649 -0.45325 1.01382
112030746 0.72400 -0.45325 1.01695
112030747 0.72150 -0.45325 1.02007
112030748 0.71901 -0.45325 1.02320
112030749 0.71652 -0.45325 1.02633
112030750 0.71402 -0.45325 1.02946
112030751 1.08549 -0.43975 0.56338
112030752 1.08300 -0.43975 0.56651
112030753 1.08050 -0.43975 0.56964
112030754 1.07801 -0.43975 0.57276
112030755 1.07552 -0.43975 0.57589
112030756 1.07302 -0.43975 0.57902
112030757 1.07053 -0.43975 0.58215
112030758 1.06804 -0.43975 0.58528
112030759 1.06555 -0.43975 0.58840
112030760 1.06305 -0.43975 0.59153
112030761 1.06056 -0.43975 0.59466
112030762 1.05807 -0.43975 0.59779
112030763 1.05557 -0.43975 0.60092
112030764 1.05308 -0.43975 0.60404
112030765 1.05059 -0.43975 0.60717
112030766 1.04809 -0.43975 0.61030
112030767 1.04560 -0.43975 0.61343
112030768 1.04311 -0.43975 0.61656
112030769 1.04061 -0.43975 0.61968
112030770 1.03812 -0.43975 0.62281
112030771 1.03563 -0.43975 0.62594
112030772 1.03314 -0.43975 0.62907
112030773 1.03064 -0.43975 0.63220
112030774 1.02815 -0.43975 0.63532
112030775 1.02566 -0.43975 0.63845
112030776 1.02316 -0.43975 0.64158
112030777 1.02067 -0.43975 0.64471
112030778 1.01818 -0.43975 0.64784
112030779 1.01568 -0.43975 0.65097
112030780 1.01319 -0.43975 0.65409
112030781 1.01070 -0.43975 0.65722
112030782 1.00821 -0.43975 0.66035
112030783 1.00571 -0.43975 0.66348
112030784 1.00322 -0.43975 0.66661
112030785 1.00073 -0.43975 0.66973
112030786 0.99823 -0.43975 0.67286
112030787 0.99574 -0.43975 0.67599
112030788 0.99325 -0.43975 0.67912
112030789 0.99075 -0.43975 0.68225
112030790 0.98826 -0.43975 0.68537
112030791 0.98577 -0.43975 0.68850
112030792 0.98327 -0.43975 0.69163
112030793 0.98078 -0.43975 0.69476
112030794 0.97829 -0.43975 0.69789
112030795 0.97580 -0.43975 0.70101
112030796 0.97330 -0.43975 0.70414
112030797 0.97081 -0.43975 0.70727
112030798 0.96832 -0.43975 0.71040
112030799 0.96582 -0.43975 0.71353
112030800 0.96333 -0.43975 0.71665
112030801 0.96084 -0.43975 0.71978
112030802 0.95834 -0.43975 0.72291
112030803 0.95585 -0.43975 0.72604
112030804 0.95336 -0.43975 0.72917
112030805 0.95086 -0.43975 0.73229
112030806 0.94837 -0.43975 0.73542
112030807 0.94588 -0.43975 0.73855
112030808 0.94339 -0.43975 0.74168
112030809 0.94089 -0.43975 0.74481
112030810 0.93840 -0.43975 0.74793
112030811 0.93591 -0.43975 0.75106
112030812 0.93341 -0.43975 0.75419
112030813 0.93092 -0.43975 0.75732
112030814 0.92843 -0.43975 0.76045
112030815 0.92593 -0.43975 0.76357
112030816 0.92344 -0.43975 0.76670
112030817 0.92095 -0.43975 0.76983
112030818 0.91845 -0.43975 0.77296
112030819 0.91596 -0.43975 0.77609
112030820 0.91347 -0.43975 0.77921
112030821 0.91098 -0.43975 0.78234
112030822 0.90848 -0.43975 0.78547
112030823 0.90599 -0.43975 0.78860
112030824 0.90350 -0.43975 0.79173
112030825 0.90100 -0.43975 0.79486
112030826 0.89851 -0.43975 0.79798
112030827 0.89602 -0.43975 0.80111
112030828 0.89352 -0.43975 0.80424
112030829 0.89103 -0.43975 0.80737
112030830 0.88854 -0.43975 0.81050
112030831 0.88605 -0.43975 0.81362
112030832 0.88355 -0.43975 0.81675
112030833 0.88106 -0.43975 0.81988
112030834 0.87857 -0.43975 0.82301
112030835 0.87607 -0.43975 0.82614
112030836 0.87358 -0.43975 0.82926
112030837 0.87109 -0.43975 0.83239
112030838 0.86859 -0.43975 0.83552
112030839 0.86610 -0.43975 0.83865
112030840 0.86361 -0.43975 0.84178
112030841 0.86111 -0.43975 0.84490
112030842 0.85862 -0.43975 0.84803
112030843 0.85613 -0.43975 0.85116
112030844 0.85364 -0.43975 0.85429
112030845 0.85114 -0.43975 0.85742
112030846 0.84865 -0.43975 0.86054
112030847 0.84616 -0.43975 0.86367
112030848 0.84366 -0.43975 0.86680
112030849 0.84117 -0.43975 0.86993
112030850 0.83868 -0.43975 0.87306
112030851 0.83618 -0.43975 0.87618
112030852 0.83369 -0.43975 0.87931
112030853 0.83120 -0.43975 0.88244
112030854 0.82870 -0.43975 0.88557
112030855 0.82621 -0.43975 0.88870
112030856 0.82372 -0.43975 0.89182
112030857 0.82123 -0.43975 0.89495
112030858 0.81873 -0.43975 0.89808
112030859 0.81624 -0.43975 0.90121
112030860 0.81375 -0.43975 0.90434
112030861 0.81125 -0.43975 0.90746
112030862 0.80876 -0.43975 0.91059
112030863 0.80627 -0.43975 0.91372
112030864 0.80377 -0.43975 0.91685
112030865 0.80128 -0.43975 0.91998
112030866 0.79879 -0.43975 0.92310
112030867 0.79629 -0.43975 0.92623
112030868 0.79380 -0.43975 0.92936
112030869 0.79131 -0.43975 0.93249
112030870 0.78882 -0.43975 0.93562
112030871 0.78632 -0.43975 0.93874
112030872 0.78383 -0.43975 0.94187
112030873 0.78134 -0.43975 0.94500
112030874 0.77884 -0.43975 0.94813
112030875 0.77635 -0.43975 0.95126
112030876 0.77386 -0.43975 0.95439
112030877 0.77136 -0.43975 0.95751
112030878 0.76887 -0.43975 0.96064
112030879 0.76638 -0.43975 0.96377
112030880 0.76388 -0.43975 0.96690
112030881 0.76139 -0.43975 0.97003
112030882 0.75890 -0.43975 0.97315
112030883 0.75641 -0.43975 0.97628
112030884 0.75391 -0.43975 0.97941
112030885 0.75142 -0.43975 0.98254
112030886 0.74893 -0.43975 0.98567
112030887 0.74643 -0.43975 0.98879
112030888 0.74394 -0.43975 0.99192
112030889 0.74145 -0.43975 0.99505
112030890 0.73895 -0.43975 0.99818
112030891 0.73646 -0.43975 1.00131
112030892 0.73397 -0.43975 1.00443
112030893 0.73148 -0.43975 1.00756
112030894 0.72898 -0.43975 1.01069
112030895 0.72649 -0.43975 1.01382
112030896 0.72400 -0.43975 1.01695
112030897 0.72150 -0.43975 1.02007
112030898 0.71901 -0.43975 1.02320
112030899 0.71652 -0.43975 1.02633
112030900 0.71402 -0.43975 1.02946
112030901 1.08549 -0.42625 0.56338
112030902 1.08300 -0.42625 0.56651
112030903 1.08050 -0.42625 0.56964
112030904 1.07801 -0.42625 0.57276
112030905 1.07552 -0.42625 0.57589
112030906 1.07302 -0.42625 0.57902
112030907 1.07053 -0.42625 0.58215
112030908 1.06804 -0.42625 0.58528
112030909 1.06555 -0.42625 0.58840
112030910 1.06305 -0.42625 0.59153
112030911 1.06056 -0.42625 0.59466
112030912 1.05807 -0.42625 0.59779
112030913 1.05557 -0.42625 0.60092
112030914 1.05308 -0.42625 0.60404
112030915 1.05059 -0.42625 0.60717
112030916 1.04809 -0.42625 0.61030
112030917 1.04560 -0.42625 0.61343
112030918 1.04311 -0.42625 0.61656
112030919 1.04061 -0.42625 0.61968
112030920 1.03812 -0.42625 0.62281
112030921 1.03563 -0.42625 0.62594
112030922 1.03314 -0.42625 0.62907
112030923 1.03064 -0.42625 0.63220
112030924 1.02815 -0.42625 0.63532
112030925 1.02566 -0.42625 0.63845
112030926 1.02316 -0.42625 0.64158
112030927 1.02067 -0.42625 0.64471
112030928 1.01818 -0.42625 0.64784
112030929 1.01568 -0.42625 0.65097
112030930 1.01319 -0.42625 0.65409
112030931 1.01070 -0.42625 0.65722
112030932 1.00821 -0.42625 0.66035
112030933 1.00571 -0.42625 0.66348
112030934 1.00322 -0.42625 0.66661
112030935 1.00073 -0.42625 0.66973
112030936 0.99823 -0.42625 0.67286
112030937 0.99574 -0.42625 0.67599
112030938 0.99325 -0.42625 0.67912
112030939 0.99075 -0.42625 0.68225
112030940 0.98826 -0.42625 0.68537
112030941 0.98577 -0.42625 0.68850
112030942 0.98327 -0.42625 0.69163
112030943 0.98078 -0.42625 0.69476
112030944 0.97829 -0.42625 0.69789
112030945 0.97580 -0.42625 0.70101
112030946 0.97330 -0.42625 0.70414
112030947 0.97081 -0.42625 0.70727
112030948 0.96832 -0.42625 0.71040
112030949 0.96582 -0.42625 0.71353
112030950 0.96333 -0.42625 0.71665
112030951 0.96084 -0.42625 0.71978
112030952 0.95834 -0.42625 0.72291
112030953 0.95585 -0.42625 0.72604
112030954 0.95336 -0.42625 0.72917
112030955 0.95086 -0.42625 0.73229
112030956 0.94837 -0.42625 0.73542
112030957 0.94588 -0.42625 0.73855
112030958 0.94339 -0.42625 0.74168
112030959 0.94089 -0.42625 0.74481
112030960 0.93840 -0.42625 0.74793
112030961 0.93591 -0.42625 0.75106
112030962 0.93341 -0.42625 0.75419
112030963 0.93092 -0.42625 0.75732
112030964 0.92843 -0.42625 0.76045
112030965 0.92593 -0.42625 0.76357
112030966 0.92344 -0.42625 0.76670
112030967 0.92095 -0.42625 0.76983
112030968 0.91845 -0.42625 0.77296
112030969 0.91596 -0.42625 0.77609
112030970 0.91347 -0.42625 0.77921
112030971 0.91098 -0.42625 0.78234
112030972 0.90848 -0.42625 0.78547
112030973 0.90599 -0.42625 0.78860
112030974 0.90350 -0.42625 0.79173
112030975 0.90100 -0.42625 0.79486
112030976 0.89851 -0.42625 0.79798
112030977 0.89602 -0.42625 0.80111
112030978 0.89352 -0.42625 0.80424
112030979 0.89103 -0.42625 0.80737
112030980 0.88854 -0.42625 0.81050
112030981 0.88605 -0.42625 0.81362
112030982 0.88355 -0.42625 0.81675
112030983 0.88106 -0.42625 0.81988
112030984 0.87857 -0.42625 0.82301
112030985 0.87607 -0.42625 0.82614
112030986 0.87358 -0.42625 0.82926
112030987 0.87109 -0.42625 0.83239
112030988 0.86859 -0.42625 0.83552
112030989 0.86610 -0.42625 0.83865
112030990 0.86361 -0.42625 0.84178
112030991 0.86111 -0.42625 0.84490
112030992 0.85862 -0.42625 0.84803
112030993 0.85613 -0.42625 0.85116
112030994 0.85364 -0.42625 0.85429
112030995 0.85114 -0.42625 0.85742
112030996 0.84865 -0.42625 0.86054
112030997 0.84616 -0.42625 0.86367
112030998 0.84366 -0.42625 0.86680
112030999 0.84117 -0.42625 0.86993
112031000 0.83868 -0.42625 0.87306
112031001 0.83618 -0.42625 0.87618
112031002 0.83369 -0.42625 0.87931
112031003 0.83120 -0.42625 0.88244
112031004 0.82870 -0.42625 0.88557
112031005 0.82621 -0.42625 0.88870
112031006 0.82372 -0.42625 0.89182
112031007 0.82123 -0.42625 0.89495
112031008 0.81873 -0.42625 0.89808
112031009 0.81624 -0.42625 0.90121
112031010 0.81375 -0.42625 0.90434
112031011 0.81125 -0.42625 0.90746
112031012 0.80876 -0.42625 0.91059
112031013 0.80627 -0.42625 0.91372
112031014 0.80377 -0.42625 0.91685
112031015 0.80128 -0.42625 0.91998
112031016 0.79879 -0.42625 0.92310
112031017 0.79629 -0.42625 0.92623
112031018 0.79380 -0.42625 0.92936
112031019 0.79131 -0.42625 0.93249
112031020 0.78882 -0.42625 0.93562
112031021 0.78632 -0.42625 0.93874
112031022 0.78383 -0.42625 0.94187
112031023 0.78134 -0.42625 0.94500
112031024 0.77884 -0.42625 0.94813
112031025 0.77635 -0.42625 0.95126
112031026 0.77386 -0.42625 0.95439
112031027 0.77136 -0.42625 0.95751
112031028 0.76887 -0.42625 0.96064
112031029 0.76638 -0.42625 0.96377
112031030 0.76388 -0.42625 0.96690
112031031 0.76139 -0.42625 0.97003
112031032 0.75890 -0.42625 0.97315
112031033 0.75641 -0.42625 0.97628
112031034 0.75391 -0.42625 0.97941
112031035 0.75142 -0.42625 0.98254
112031036 0.74893 -0.42625 0.98567
112031037 0.74643 -0.42625 0.98879
112031038 0.74394 -0.42625 0.99192
112031039 0.74145 -0.42625 0.99505
112031040 0.73895 -0.42625 0.99818
112031041 0.73646 -0.42625 1.00131
112031042 0.73397 -0.42625 1.00443
112031043 0.73148 -0.42625 1.00756
112031044 0.72898 -0.42625 1.01069
112031045 0.72649 -0.42625 1.01382
112031046 0.72400 -0.42625 1.01695
112031047 0.72150 -0.42625 1.02007
112031048 0.71901 -0.42625 1.02320
112031049 0.71652 -0.42625 1.02633
112031050 0.71402 -0.42625 1.02946
112031051 1.08549 -0.41275 0.56338
112031052 1.08300 -0.41275 0.56651
112031053 1.08050 -0.41275 0.56964
112031054 1.07801 -0.41275 0.57276
112031055 1.07552 -0.41275 0.57589
112031056 1.07302 -0.41275 0.57902
112031057 1.07053 -0.41275 0.58215
112031058 1.06804 -0.41275 0.58528
112031059 1.06555 -0.41275 0.58840
112031060 1.06305 -0.41275 0.59153
112031061 1.06056 -0.41275 0.59466
112031062 1.05807 -0.41275 0.59779
112031063 1.05557 -0.41275 0.60092
112031064 1.05308 -0.41275 0.60404
112031065 1.05059 -0.41275 0.60717
112031066 1.04809 -0.41275 0.61030
112031067 1.04560 -0.41275 0.61343
112031068 1.04311 -0.41275 0.61656
112031069 1.04061 -0.41275 0.61968
112031070 1.03812 -0.41275 0.62281
112031071 1.03563 -0.41275 0.62594
112031072 1.03314 -0.41275 0.62907
112031073 1.03064 -0.41275 0.63220
112031074 1.02815 -0.41275 0.63532
112031075 1.02566 -0.41275 0.63845
112031076 1.02316 -0.41275 0.64158
112031077 1.02067 -0.41275 0.64471
112031078 1.01818 -0.41275 0.64784
112031079 1.01568 -0.41275 0.65097
112031080 1.01319 -0.41275 0.65409
112031081 1.01070 -0.41275 0.65722
112031082 1.00821 -0.41275 0.66035
112031083 1.00571 -0.41275 0.66348
112031084 1.00322 -0.41275 0.66661
112031085 1.00073 -0.41275 0.66973
112031086 0.99823 -0.41275 0.67286
112031087 0.99574 -0.41275 0.67599
112031088 0.99325 -0.41275 0.67912
112031089 0.99075 -0.41275 0.68225
112031090 0.98826 -0.41275 0.68537
112031091 0.98577 -0.41275 0.68850
112031092 0.98327 -0.41275 0.69163
112031093 0.98078 -0.41275 0.69476
112031094 0.97829 -0.41275 0.69789
112031095 0.97580 -0.41275 0.70101
112031096 0.97330 -0.41275 0.70414
112031097 0.97081 -0.41275 0.70727
112031098 0.96832 -0.41275 0.71040
112031099 0.96582 -0.41275 0.71353
112031100 0.96333 -0.41275 0.71665
112031101 0.96084 -0.41275 0.71978
112031102 0.95834 -0.41275 0.72291
112031103 0.95585 -0.41275 0.72604
112031104 0.95336 -0.41275 0.72917
112031105 0.95086 -0.41275 0.73229
112031106 0.94837 -0.41275 0.73542
112031107 0.94588 -0.41275 0.73855
112031108 0.94339 -0.41275 0.74168
112031109 0.94089 -0.41275 0.74481
112031110 0.93840 -0.41275 0.74793
112031111 0.93591 -0.41275 0.75106
112031112 0.93341 -0.41275 0.75419
112031113 0.93092 -0.41275 0.75732
112031114 0.92843 -0.41275 0.76045
112031115 0.92593 -0.41275 0.76357
112031116 0.92344 -0.41275 0.76670
112031117 0.92095 -0.41275 0.76983
112031118 0.91845 -0.41275 0.77296
112031119 0.91596 -0.41275 0.77609
112031120 0.91347 -0.41275 0.77921
112031121 0.91098 -0.41275 0.78234
112031122 0.90848 -0.41275 0.78547
112031123 0.90599 -0.41275 0.78860
112031124 0.90350 -0.41275 0.79173
112031125 0.90100 -0.41275 0.79486
112031126 0.89851 -0.41275 0.79798
112031127 0.89602 -0.41275 0.80111
112031128 0.89352 -0.41275 0.80424
112031129 0.89103 -0.41275 0.80737
112031130 0.88854 -0.41275 0.81050
112031131 0.88605 -0.41275 0.81362
112031132 0.88355 -0.41275 0.81675
112031133 0.88106 -0.41275 0.81988
112031134 0.87857 -0.41275 0.82301
112031135 0.87607 -0.41275 0.82614
112031136 0.87358 -0.41275 0.82926
112031137 0.87109 -0.41275 0.83239
112031138 0.86859 -0.41275 0.83552
112031139 0.86610 -0.41275 0.83865
112031140 0.86361 -0.41275 0.84178
112031141 0.86111 -0.41275 0.84490
112031142 0.85862 -0.41275 0.84803
112031143 0.85613 -0.41275 0.85116
112031144 0.85364 -0.41275 0.85429
112031145 0.85114 -0.41275 0.85742
112031146 0.84865 -0.41275 0.86054
112031147 0.84616 -0.41275 0.86367
112031148 0.84366 -0.41275 0.86680
112031149 0.84117 -0.41275 0.86993
112031150 0.83868 -0.41275 0.87306
112031151 0.83618 -0.41275 0.87618
112031152 0.83369 -0.41275 0.87931
112031153 0.83120 -0.41275 0.88244
112031154 0.82870 -0.41275 0.88557
112031155 0.82621 -0.41275 0.88870
112031156 0.82372 -0.41275 0.89182
112031157 0.82123 -0.41275 0.89495
112031158 0.81873 -0.41275 0.89808
112031159 0.81624 -0.41275 0.90121
112031160 0.81375 -0.41275 0.90434
112031161 0.81125 -0.41275 0.90746
112031162 0.80876 -0.41275 0.91059
112031163 0.80627 -0.41275 0.91372
112031164 0.80377 -0.41275 0.91685
112031165 0.80128 -0.41275 0.91998
112031166 0.79879 -0.41275 0.92310
112031167 0.79629 -0.41275 0.92623
112031168 0.79380 -0.41275 0.92936
112031169 0.79131 -0.41275 0.93249
112031170 0.78882 -0.41275 0.93562
112031171 0.78632 -0.41275 0.93874
112031172 0.78383 -0.41275 0.94187
112031173 0.78134 -0.41275 0.94500
112031174 0.77884 -0.41275 0.94813
112031175 0.77635 -0.41275 0.95126
112031176 0.77386 -0.41275 0.95439
112031177 0.77136 -0.41275 0.95751
112031178 0.76887 -0.41275 0.96064
112031179 0.76638 -0.41275 0.96377
112031180 0.76388 -0.41275 0.96690
112031181 0.76139 -0.41275 0.97003
112031182 0.75890 -0.41275 0.97315
112031183 0.75641 -0.41275 0.97628
112031184 0.75391 -0.41275 0.97941
112031185 0.75142 -0.41275 0.98254
112031186 0.74893 -0.41275 0.98567
112031187 0.74643 -0.41275 0.98879
112031188 0.74394 -0.41275 0.99192
112031189 0.74145 -0.41275 0.99505
112031190 0.73895 -0.41275 0.99818
112031191 0.73646 -0.41275 1.00131
112031192 0.73397 -0.41275 1.00443
112031193 0.73148 -0.41275 1.00756
112031194 0.72898 -0.41275 1.01069
112031195 0.72649 -0.41275 1.01382
112031196 0.72400 -0.41275 1.01695
112031197 0.72150 -0.41275 1.02007
112031198 0.71901 -0.41275 1.02320
112031199 0.71652 -0.41275 1.02633
112031200 0.71402 -0.41275 1.02946
