# pixelID  x  y  z
101120001 0.08681 0.50200 -2.00000
101120002 0.08681 0.50600 -2.00000
101120003 0.08681 0.51000 -2.00000
101120004 0.08681 0.51400 -2.00000
101120005 0.08681 0.51800 -2.00000
101120006 0.08681 0.52200 -2.00000
101120007 0.08681 0.52600 -2.00000
101120008 0.08681 0.53000 -2.00000
101120009 0.08681 0.53400 -2.00000
101120010 0.08681 0.53800 -2.00000
101120011 0.08681 0.54200 -2.00000
101120012 0.08681 0.54600 -2.00000
101120013 0.08681 0.55000 -2.00000
101120014 0.08681 0.55400 -2.00000
101120015 0.08681 0.55800 -2.00000
101120016 0.08681 0.56200 -2.00000
101120017 0.08681 0.56600 -2.00000
101120018 0.08681 0.57000 -2.00000
101120019 0.08681 0.57400 -2.00000
101120020 0.08681 0.57800 -2.00000
101120021 0.08681 0.58200 -2.00000
101120022 0.08681 0.58600 -2.00000
101120023 0.08681 0.59000 -2.00000
101120024 0.08681 0.59400 -2.00000
101120025 0.08681 0.59800 -2.00000
101120026 0.08681 0.60200 -2.00000
101120027 0.08681 0.60600 -2.00000
101120028 0.08681 0.61000 -2.00000
101120029 0.08681 0.61400 -2.00000
101120030 0.08681 0.61800 -2.00000
101120031 0.08681 0.62200 -2.00000
101120032 0.08681 0.62600 -2.00000
101120033 0.08681 0.63000 -2.00000
101120034 0.08681 0.63400 -2.00000
101120035 0.08681 0.63800 -2.00000
101120036 0.08681 0.64200 -2.00000
101120037 0.08681 0.64600 -2.00000
101120038 0.08681 0.65000 -2.00000
101120039 0.08681 0.65400 -2.00000
101120040 0.08681 0.65800 -2.00000
101120041 0.08681 0.66200 -2.00000
101120042 0.08681 0.66600 -2.00000
101120043 0.08681 0.67000 -2.00000
101120044 0.08681 0.67400 -2.00000
101120045 0.08681 0.67800 -2.00000
101120046 0.08681 0.68200 -2.00000
101120047 0.08681 0.68600 -2.00000
101120048 0.08681 0.69000 -2.00000
101120049 0.08681 0.69400 -2.00000
101120050 0.08681 0.69800 -2.00000
101120051 0.08681 0.70200 -2.00000
101120052 0.08681 0.70600 -2.00000
101120053 0.08681 0.71000 -2.00000
101120054 0.08681 0.71400 -2.00000
101120055 0.08681 0.71800 -2.00000
101120056 0.08681 0.72200 -2.00000
101120057 0.08681 0.72600 -2.00000
101120058 0.08681 0.73000 -2.00000
101120059 0.08681 0.73400 -2.00000
101120060 0.08681 0.73800 -2.00000
101120061 0.08681 0.74200 -2.00000
101120062 0.08681 0.74600 -2.00000
101120063 0.08681 0.75000 -2.00000
101120064 0.08681 0.75400 -2.00000
101120065 0.08681 0.75800 -2.00000
101120066 0.08681 0.76200 -2.00000
101120067 0.08681 0.76600 -2.00000
101120068 0.08681 0.77000 -2.00000
101120069 0.08681 0.77400 -2.00000
101120070 0.08681 0.77800 -2.00000
101120071 0.08681 0.78200 -2.00000
101120072 0.08681 0.78600 -2.00000
101120073 0.08681 0.79000 -2.00000
101120074 0.08681 0.79400 -2.00000
101120075 0.08681 0.79800 -2.00000
101120076 0.08681 0.80200 -2.00000
101120077 0.08681 0.80600 -2.00000
101120078 0.08681 0.81000 -2.00000
101120079 0.08681 0.81400 -2.00000
101120080 0.08681 0.81800 -2.00000
101120081 0.08681 0.82200 -2.00000
101120082 0.08681 0.82600 -2.00000
101120083 0.08681 0.83000 -2.00000
101120084 0.08681 0.83400 -2.00000
101120085 0.08681 0.83800 -2.00000
101120086 0.08681 0.84200 -2.00000
101120087 0.08681 0.84600 -2.00000
101120088 0.08681 0.85000 -2.00000
101120089 0.08681 0.85400 -2.00000
101120090 0.08681 0.85800 -2.00000
101120091 0.08681 0.86200 -2.00000
101120092 0.08681 0.86600 -2.00000
101120093 0.08681 0.87000 -2.00000
101120094 0.08681 0.87400 -2.00000
101120095 0.08681 0.87800 -2.00000
101120096 0.08681 0.88200 -2.00000
101120097 0.08681 0.88600 -2.00000
101120098 0.08681 0.89000 -2.00000
101120099 0.08681 0.89400 -2.00000
101120100 0.08681 0.89800 -2.00000
101120101 0.08681 0.90200 -2.00000
101120102 0.08681 0.90600 -2.00000
101120103 0.08681 0.91000 -2.00000
101120104 0.08681 0.91400 -2.00000
101120105 0.08681 0.91800 -2.00000
101120106 0.08681 0.92200 -2.00000
101120107 0.08681 0.92600 -2.00000
101120108 0.08681 0.93000 -2.00000
101120109 0.08681 0.93400 -2.00000
101120110 0.08681 0.93800 -2.00000
101120111 0.08681 0.94200 -2.00000
101120112 0.08681 0.94600 -2.00000
101120113 0.08681 0.95000 -2.00000
101120114 0.08681 0.95400 -2.00000
101120115 0.08681 0.95800 -2.00000
101120116 0.08681 0.96200 -2.00000
101120117 0.08681 0.96600 -2.00000
101120118 0.08681 0.97000 -2.00000
101120119 0.08681 0.97400 -2.00000
101120120 0.08681 0.97800 -2.00000
101120121 0.08681 0.98200 -2.00000
101120122 0.08681 0.98600 -2.00000
101120123 0.08681 0.99000 -2.00000
101120124 0.08681 0.99400 -2.00000
101120125 0.08681 0.99800 -2.00000
101120126 0.08681 1.00200 -2.00000
101120127 0.08681 1.00600 -2.00000
101120128 0.08681 1.01000 -2.00000
101120129 0.08681 1.01400 -2.00000
101120130 0.08681 1.01800 -2.00000
101120131 0.08681 1.02200 -2.00000
101120132 0.08681 1.02600 -2.00000
101120133 0.08681 1.03000 -2.00000
101120134 0.08681 1.03400 -2.00000
101120135 0.08681 1.03800 -2.00000
101120136 0.08681 1.04200 -2.00000
101120137 0.08681 1.04600 -2.00000
101120138 0.08681 1.05000 -2.00000
101120139 0.08681 1.05400 -2.00000
101120140 0.08681 1.05800 -2.00000
101120141 0.08681 1.06200 -2.00000
101120142 0.08681 1.06600 -2.00000
101120143 0.08681 1.07000 -2.00000
101120144 0.08681 1.07400 -2.00000
101120145 0.08681 1.07800 -2.00000
101120146 0.08681 1.08200 -2.00000
101120147 0.08681 1.08600 -2.00000
101120148 0.08681 1.09000 -2.00000
101120149 0.08681 1.09400 -2.00000
101120150 0.08681 1.09800 -2.00000
101120151 0.09531 0.50200 -2.00000
101120152 0.09531 0.50600 -2.00000
101120153 0.09531 0.51000 -2.00000
101120154 0.09531 0.51400 -2.00000
101120155 0.09531 0.51800 -2.00000
101120156 0.09531 0.52200 -2.00000
101120157 0.09531 0.52600 -2.00000
101120158 0.09531 0.53000 -2.00000
101120159 0.09531 0.53400 -2.00000
101120160 0.09531 0.53800 -2.00000
101120161 0.09531 0.54200 -2.00000
101120162 0.09531 0.54600 -2.00000
101120163 0.09531 0.55000 -2.00000
101120164 0.09531 0.55400 -2.00000
101120165 0.09531 0.55800 -2.00000
101120166 0.09531 0.56200 -2.00000
101120167 0.09531 0.56600 -2.00000
101120168 0.09531 0.57000 -2.00000
101120169 0.09531 0.57400 -2.00000
101120170 0.09531 0.57800 -2.00000
101120171 0.09531 0.58200 -2.00000
101120172 0.09531 0.58600 -2.00000
101120173 0.09531 0.59000 -2.00000
101120174 0.09531 0.59400 -2.00000
101120175 0.09531 0.59800 -2.00000
101120176 0.09531 0.60200 -2.00000
101120177 0.09531 0.60600 -2.00000
101120178 0.09531 0.61000 -2.00000
101120179 0.09531 0.61400 -2.00000
101120180 0.09531 0.61800 -2.00000
101120181 0.09531 0.62200 -2.00000
101120182 0.09531 0.62600 -2.00000
101120183 0.09531 0.63000 -2.00000
101120184 0.09531 0.63400 -2.00000
101120185 0.09531 0.63800 -2.00000
101120186 0.09531 0.64200 -2.00000
101120187 0.09531 0.64600 -2.00000
101120188 0.09531 0.65000 -2.00000
101120189 0.09531 0.65400 -2.00000
101120190 0.09531 0.65800 -2.00000
101120191 0.09531 0.66200 -2.00000
101120192 0.09531 0.66600 -2.00000
101120193 0.09531 0.67000 -2.00000
101120194 0.09531 0.67400 -2.00000
101120195 0.09531 0.67800 -2.00000
101120196 0.09531 0.68200 -2.00000
101120197 0.09531 0.68600 -2.00000
101120198 0.09531 0.69000 -2.00000
101120199 0.09531 0.69400 -2.00000
101120200 0.09531 0.69800 -2.00000
101120201 0.09531 0.70200 -2.00000
101120202 0.09531 0.70600 -2.00000
101120203 0.09531 0.71000 -2.00000
101120204 0.09531 0.71400 -2.00000
101120205 0.09531 0.71800 -2.00000
101120206 0.09531 0.72200 -2.00000
101120207 0.09531 0.72600 -2.00000
101120208 0.09531 0.73000 -2.00000
101120209 0.09531 0.73400 -2.00000
101120210 0.09531 0.73800 -2.00000
101120211 0.09531 0.74200 -2.00000
101120212 0.09531 0.74600 -2.00000
101120213 0.09531 0.75000 -2.00000
101120214 0.09531 0.75400 -2.00000
101120215 0.09531 0.75800 -2.00000
101120216 0.09531 0.76200 -2.00000
101120217 0.09531 0.76600 -2.00000
101120218 0.09531 0.77000 -2.00000
101120219 0.09531 0.77400 -2.00000
101120220 0.09531 0.77800 -2.00000
101120221 0.09531 0.78200 -2.00000
101120222 0.09531 0.78600 -2.00000
101120223 0.09531 0.79000 -2.00000
101120224 0.09531 0.79400 -2.00000
101120225 0.09531 0.79800 -2.00000
101120226 0.09531 0.80200 -2.00000
101120227 0.09531 0.80600 -2.00000
101120228 0.09531 0.81000 -2.00000
101120229 0.09531 0.81400 -2.00000
101120230 0.09531 0.81800 -2.00000
101120231 0.09531 0.82200 -2.00000
101120232 0.09531 0.82600 -2.00000
101120233 0.09531 0.83000 -2.00000
101120234 0.09531 0.83400 -2.00000
101120235 0.09531 0.83800 -2.00000
101120236 0.09531 0.84200 -2.00000
101120237 0.09531 0.84600 -2.00000
101120238 0.09531 0.85000 -2.00000
101120239 0.09531 0.85400 -2.00000
101120240 0.09531 0.85800 -2.00000
101120241 0.09531 0.86200 -2.00000
101120242 0.09531 0.86600 -2.00000
101120243 0.09531 0.87000 -2.00000
101120244 0.09531 0.87400 -2.00000
101120245 0.09531 0.87800 -2.00000
101120246 0.09531 0.88200 -2.00000
101120247 0.09531 0.88600 -2.00000
101120248 0.09531 0.89000 -2.00000
101120249 0.09531 0.89400 -2.00000
101120250 0.09531 0.89800 -2.00000
101120251 0.09531 0.90200 -2.00000
101120252 0.09531 0.90600 -2.00000
101120253 0.09531 0.91000 -2.00000
101120254 0.09531 0.91400 -2.00000
101120255 0.09531 0.91800 -2.00000
101120256 0.09531 0.92200 -2.00000
101120257 0.09531 0.92600 -2.00000
101120258 0.09531 0.93000 -2.00000
101120259 0.09531 0.93400 -2.00000
101120260 0.09531 0.93800 -2.00000
101120261 0.09531 0.94200 -2.00000
101120262 0.09531 0.94600 -2.00000
101120263 0.09531 0.95000 -2.00000
101120264 0.09531 0.95400 -2.00000
101120265 0.09531 0.95800 -2.00000
101120266 0.09531 0.96200 -2.00000
101120267 0.09531 0.96600 -2.00000
101120268 0.09531 0.97000 -2.00000
101120269 0.09531 0.97400 -2.00000
101120270 0.09531 0.97800 -2.00000
101120271 0.09531 0.98200 -2.00000
101120272 0.09531 0.98600 -2.00000
101120273 0.09531 0.99000 -2.00000
101120274 0.09531 0.99400 -2.00000
101120275 0.09531 0.99800 -2.00000
101120276 0.09531 1.00200 -2.00000
101120277 0.09531 1.00600 -2.00000
101120278 0.09531 1.01000 -2.00000
101120279 0.09531 1.01400 -2.00000
101120280 0.09531 1.01800 -2.00000
101120281 0.09531 1.02200 -2.00000
101120282 0.09531 1.02600 -2.00000
101120283 0.09531 1.03000 -2.00000
101120284 0.09531 1.03400 -2.00000
101120285 0.09531 1.03800 -2.00000
101120286 0.09531 1.04200 -2.00000
101120287 0.09531 1.04600 -2.00000
101120288 0.09531 1.05000 -2.00000
101120289 0.09531 1.05400 -2.00000
101120290 0.09531 1.05800 -2.00000
101120291 0.09531 1.06200 -2.00000
101120292 0.09531 1.06600 -2.00000
101120293 0.09531 1.07000 -2.00000
101120294 0.09531 1.07400 -2.00000
101120295 0.09531 1.07800 -2.00000
101120296 0.09531 1.08200 -2.00000
101120297 0.09531 1.08600 -2.00000
101120298 0.09531 1.09000 -2.00000
101120299 0.09531 1.09400 -2.00000
101120300 0.09531 1.09800 -2.00000
101120301 0.10381 0.50200 -2.00000
101120302 0.10381 0.50600 -2.00000
101120303 0.10381 0.51000 -2.00000
101120304 0.10381 0.51400 -2.00000
101120305 0.10381 0.51800 -2.00000
101120306 0.10381 0.52200 -2.00000
101120307 0.10381 0.52600 -2.00000
101120308 0.10381 0.53000 -2.00000
101120309 0.10381 0.53400 -2.00000
101120310 0.10381 0.53800 -2.00000
101120311 0.10381 0.54200 -2.00000
101120312 0.10381 0.54600 -2.00000
101120313 0.10381 0.55000 -2.00000
101120314 0.10381 0.55400 -2.00000
101120315 0.10381 0.55800 -2.00000
101120316 0.10381 0.56200 -2.00000
101120317 0.10381 0.56600 -2.00000
101120318 0.10381 0.57000 -2.00000
101120319 0.10381 0.57400 -2.00000
101120320 0.10381 0.57800 -2.00000
101120321 0.10381 0.58200 -2.00000
101120322 0.10381 0.58600 -2.00000
101120323 0.10381 0.59000 -2.00000
101120324 0.10381 0.59400 -2.00000
101120325 0.10381 0.59800 -2.00000
101120326 0.10381 0.60200 -2.00000
101120327 0.10381 0.60600 -2.00000
101120328 0.10381 0.61000 -2.00000
101120329 0.10381 0.61400 -2.00000
101120330 0.10381 0.61800 -2.00000
101120331 0.10381 0.62200 -2.00000
101120332 0.10381 0.62600 -2.00000
101120333 0.10381 0.63000 -2.00000
101120334 0.10381 0.63400 -2.00000
101120335 0.10381 0.63800 -2.00000
101120336 0.10381 0.64200 -2.00000
101120337 0.10381 0.64600 -2.00000
101120338 0.10381 0.65000 -2.00000
101120339 0.10381 0.65400 -2.00000
101120340 0.10381 0.65800 -2.00000
101120341 0.10381 0.66200 -2.00000
101120342 0.10381 0.66600 -2.00000
101120343 0.10381 0.67000 -2.00000
101120344 0.10381 0.67400 -2.00000
101120345 0.10381 0.67800 -2.00000
101120346 0.10381 0.68200 -2.00000
101120347 0.10381 0.68600 -2.00000
101120348 0.10381 0.69000 -2.00000
101120349 0.10381 0.69400 -2.00000
101120350 0.10381 0.69800 -2.00000
101120351 0.10381 0.70200 -2.00000
101120352 0.10381 0.70600 -2.00000
101120353 0.10381 0.71000 -2.00000
101120354 0.10381 0.71400 -2.00000
101120355 0.10381 0.71800 -2.00000
101120356 0.10381 0.72200 -2.00000
101120357 0.10381 0.72600 -2.00000
101120358 0.10381 0.73000 -2.00000
101120359 0.10381 0.73400 -2.00000
101120360 0.10381 0.73800 -2.00000
101120361 0.10381 0.74200 -2.00000
101120362 0.10381 0.74600 -2.00000
101120363 0.10381 0.75000 -2.00000
101120364 0.10381 0.75400 -2.00000
101120365 0.10381 0.75800 -2.00000
101120366 0.10381 0.76200 -2.00000
101120367 0.10381 0.76600 -2.00000
101120368 0.10381 0.77000 -2.00000
101120369 0.10381 0.77400 -2.00000
101120370 0.10381 0.77800 -2.00000
101120371 0.10381 0.78200 -2.00000
101120372 0.10381 0.78600 -2.00000
101120373 0.10381 0.79000 -2.00000
101120374 0.10381 0.79400 -2.00000
101120375 0.10381 0.79800 -2.00000
101120376 0.10381 0.80200 -2.00000
101120377 0.10381 0.80600 -2.00000
101120378 0.10381 0.81000 -2.00000
101120379 0.10381 0.81400 -2.00000
101120380 0.10381 0.81800 -2.00000
101120381 0.10381 0.82200 -2.00000
101120382 0.10381 0.82600 -2.00000
101120383 0.10381 0.83000 -2.00000
101120384 0.10381 0.83400 -2.00000
101120385 0.10381 0.83800 -2.00000
101120386 0.10381 0.84200 -2.00000
101120387 0.10381 0.84600 -2.00000
101120388 0.10381 0.85000 -2.00000
101120389 0.10381 0.85400 -2.00000
101120390 0.10381 0.85800 -2.00000
101120391 0.10381 0.86200 -2.00000
101120392 0.10381 0.86600 -2.00000
101120393 0.10381 0.87000 -2.00000
101120394 0.10381 0.87400 -2.00000
101120395 0.10381 0.87800 -2.00000
101120396 0.10381 0.88200 -2.00000
101120397 0.10381 0.88600 -2.00000
101120398 0.10381 0.89000 -2.00000
101120399 0.10381 0.89400 -2.00000
101120400 0.10381 0.89800 -2.00000
101120401 0.10381 0.90200 -2.00000
101120402 0.10381 0.90600 -2.00000
101120403 0.10381 0.91000 -2.00000
101120404 0.10381 0.91400 -2.00000
101120405 0.10381 0.91800 -2.00000
101120406 0.10381 0.92200 -2.00000
101120407 0.10381 0.92600 -2.00000
101120408 0.10381 0.93000 -2.00000
101120409 0.10381 0.93400 -2.00000
101120410 0.10381 0.93800 -2.00000
101120411 0.10381 0.94200 -2.00000
101120412 0.10381 0.94600 -2.00000
101120413 0.10381 0.95000 -2.00000
101120414 0.10381 0.95400 -2.00000
101120415 0.10381 0.95800 -2.00000
101120416 0.10381 0.96200 -2.00000
101120417 0.10381 0.96600 -2.00000
101120418 0.10381 0.97000 -2.00000
101120419 0.10381 0.97400 -2.00000
101120420 0.10381 0.97800 -2.00000
101120421 0.10381 0.98200 -2.00000
101120422 0.10381 0.98600 -2.00000
101120423 0.10381 0.99000 -2.00000
101120424 0.10381 0.99400 -2.00000
101120425 0.10381 0.99800 -2.00000
101120426 0.10381 1.00200 -2.00000
101120427 0.10381 1.00600 -2.00000
101120428 0.10381 1.01000 -2.00000
101120429 0.10381 1.01400 -2.00000
101120430 0.10381 1.01800 -2.00000
101120431 0.10381 1.02200 -2.00000
101120432 0.10381 1.02600 -2.00000
101120433 0.10381 1.03000 -2.00000
101120434 0.10381 1.03400 -2.00000
101120435 0.10381 1.03800 -2.00000
101120436 0.10381 1.04200 -2.00000
101120437 0.10381 1.04600 -2.00000
101120438 0.10381 1.05000 -2.00000
101120439 0.10381 1.05400 -2.00000
101120440 0.10381 1.05800 -2.00000
101120441 0.10381 1.06200 -2.00000
101120442 0.10381 1.06600 -2.00000
101120443 0.10381 1.07000 -2.00000
101120444 0.10381 1.07400 -2.00000
101120445 0.10381 1.07800 -2.00000
101120446 0.10381 1.08200 -2.00000
101120447 0.10381 1.08600 -2.00000
101120448 0.10381 1.09000 -2.00000
101120449 0.10381 1.09400 -2.00000
101120450 0.10381 1.09800 -2.00000
101120451 0.11231 0.50200 -2.00000
101120452 0.11231 0.50600 -2.00000
101120453 0.11231 0.51000 -2.00000
101120454 0.11231 0.51400 -2.00000
101120455 0.11231 0.51800 -2.00000
101120456 0.11231 0.52200 -2.00000
101120457 0.11231 0.52600 -2.00000
101120458 0.11231 0.53000 -2.00000
101120459 0.11231 0.53400 -2.00000
101120460 0.11231 0.53800 -2.00000
101120461 0.11231 0.54200 -2.00000
101120462 0.11231 0.54600 -2.00000
101120463 0.11231 0.55000 -2.00000
101120464 0.11231 0.55400 -2.00000
101120465 0.11231 0.55800 -2.00000
101120466 0.11231 0.56200 -2.00000
101120467 0.11231 0.56600 -2.00000
101120468 0.11231 0.57000 -2.00000
101120469 0.11231 0.57400 -2.00000
101120470 0.11231 0.57800 -2.00000
101120471 0.11231 0.58200 -2.00000
101120472 0.11231 0.58600 -2.00000
101120473 0.11231 0.59000 -2.00000
101120474 0.11231 0.59400 -2.00000
101120475 0.11231 0.59800 -2.00000
101120476 0.11231 0.60200 -2.00000
101120477 0.11231 0.60600 -2.00000
101120478 0.11231 0.61000 -2.00000
101120479 0.11231 0.61400 -2.00000
101120480 0.11231 0.61800 -2.00000
101120481 0.11231 0.62200 -2.00000
101120482 0.11231 0.62600 -2.00000
101120483 0.11231 0.63000 -2.00000
101120484 0.11231 0.63400 -2.00000
101120485 0.11231 0.63800 -2.00000
101120486 0.11231 0.64200 -2.00000
101120487 0.11231 0.64600 -2.00000
101120488 0.11231 0.65000 -2.00000
101120489 0.11231 0.65400 -2.00000
101120490 0.11231 0.65800 -2.00000
101120491 0.11231 0.66200 -2.00000
101120492 0.11231 0.66600 -2.00000
101120493 0.11231 0.67000 -2.00000
101120494 0.11231 0.67400 -2.00000
101120495 0.11231 0.67800 -2.00000
101120496 0.11231 0.68200 -2.00000
101120497 0.11231 0.68600 -2.00000
101120498 0.11231 0.69000 -2.00000
101120499 0.11231 0.69400 -2.00000
101120500 0.11231 0.69800 -2.00000
101120501 0.11231 0.70200 -2.00000
101120502 0.11231 0.70600 -2.00000
101120503 0.11231 0.71000 -2.00000
101120504 0.11231 0.71400 -2.00000
101120505 0.11231 0.71800 -2.00000
101120506 0.11231 0.72200 -2.00000
101120507 0.11231 0.72600 -2.00000
101120508 0.11231 0.73000 -2.00000
101120509 0.11231 0.73400 -2.00000
101120510 0.11231 0.73800 -2.00000
101120511 0.11231 0.74200 -2.00000
101120512 0.11231 0.74600 -2.00000
101120513 0.11231 0.75000 -2.00000
101120514 0.11231 0.75400 -2.00000
101120515 0.11231 0.75800 -2.00000
101120516 0.11231 0.76200 -2.00000
101120517 0.11231 0.76600 -2.00000
101120518 0.11231 0.77000 -2.00000
101120519 0.11231 0.77400 -2.00000
101120520 0.11231 0.77800 -2.00000
101120521 0.11231 0.78200 -2.00000
101120522 0.11231 0.78600 -2.00000
101120523 0.11231 0.79000 -2.00000
101120524 0.11231 0.79400 -2.00000
101120525 0.11231 0.79800 -2.00000
101120526 0.11231 0.80200 -2.00000
101120527 0.11231 0.80600 -2.00000
101120528 0.11231 0.81000 -2.00000
101120529 0.11231 0.81400 -2.00000
101120530 0.11231 0.81800 -2.00000
101120531 0.11231 0.82200 -2.00000
101120532 0.11231 0.82600 -2.00000
101120533 0.11231 0.83000 -2.00000
101120534 0.11231 0.83400 -2.00000
101120535 0.11231 0.83800 -2.00000
101120536 0.11231 0.84200 -2.00000
101120537 0.11231 0.84600 -2.00000
101120538 0.11231 0.85000 -2.00000
101120539 0.11231 0.85400 -2.00000
101120540 0.11231 0.85800 -2.00000
101120541 0.11231 0.86200 -2.00000
101120542 0.11231 0.86600 -2.00000
101120543 0.11231 0.87000 -2.00000
101120544 0.11231 0.87400 -2.00000
101120545 0.11231 0.87800 -2.00000
101120546 0.11231 0.88200 -2.00000
101120547 0.11231 0.88600 -2.00000
101120548 0.11231 0.89000 -2.00000
101120549 0.11231 0.89400 -2.00000
101120550 0.11231 0.89800 -2.00000
101120551 0.11231 0.90200 -2.00000
101120552 0.11231 0.90600 -2.00000
101120553 0.11231 0.91000 -2.00000
101120554 0.11231 0.91400 -2.00000
101120555 0.11231 0.91800 -2.00000
101120556 0.11231 0.92200 -2.00000
101120557 0.11231 0.92600 -2.00000
101120558 0.11231 0.93000 -2.00000
101120559 0.11231 0.93400 -2.00000
101120560 0.11231 0.93800 -2.00000
101120561 0.11231 0.94200 -2.00000
101120562 0.11231 0.94600 -2.00000
101120563 0.11231 0.95000 -2.00000
101120564 0.11231 0.95400 -2.00000
101120565 0.11231 0.95800 -2.00000
101120566 0.11231 0.96200 -2.00000
101120567 0.11231 0.96600 -2.00000
101120568 0.11231 0.97000 -2.00000
101120569 0.11231 0.97400 -2.00000
101120570 0.11231 0.97800 -2.00000
101120571 0.11231 0.98200 -2.00000
101120572 0.11231 0.98600 -2.00000
101120573 0.11231 0.99000 -2.00000
101120574 0.11231 0.99400 -2.00000
101120575 0.11231 0.99800 -2.00000
101120576 0.11231 1.00200 -2.00000
101120577 0.11231 1.00600 -2.00000
101120578 0.11231 1.01000 -2.00000
101120579 0.11231 1.01400 -2.00000
101120580 0.11231 1.01800 -2.00000
101120581 0.11231 1.02200 -2.00000
101120582 0.11231 1.02600 -2.00000
101120583 0.11231 1.03000 -2.00000
101120584 0.11231 1.03400 -2.00000
101120585 0.11231 1.03800 -2.00000
101120586 0.11231 1.04200 -2.00000
101120587 0.11231 1.04600 -2.00000
101120588 0.11231 1.05000 -2.00000
101120589 0.11231 1.05400 -2.00000
101120590 0.11231 1.05800 -2.00000
101120591 0.11231 1.06200 -2.00000
101120592 0.11231 1.06600 -2.00000
101120593 0.11231 1.07000 -2.00000
101120594 0.11231 1.07400 -2.00000
101120595 0.11231 1.07800 -2.00000
101120596 0.11231 1.08200 -2.00000
101120597 0.11231 1.08600 -2.00000
101120598 0.11231 1.09000 -2.00000
101120599 0.11231 1.09400 -2.00000
101120600 0.11231 1.09800 -2.00000
101120601 0.12081 0.50200 -2.00000
101120602 0.12081 0.50600 -2.00000
101120603 0.12081 0.51000 -2.00000
101120604 0.12081 0.51400 -2.00000
101120605 0.12081 0.51800 -2.00000
101120606 0.12081 0.52200 -2.00000
101120607 0.12081 0.52600 -2.00000
101120608 0.12081 0.53000 -2.00000
101120609 0.12081 0.53400 -2.00000
101120610 0.12081 0.53800 -2.00000
101120611 0.12081 0.54200 -2.00000
101120612 0.12081 0.54600 -2.00000
101120613 0.12081 0.55000 -2.00000
101120614 0.12081 0.55400 -2.00000
101120615 0.12081 0.55800 -2.00000
101120616 0.12081 0.56200 -2.00000
101120617 0.12081 0.56600 -2.00000
101120618 0.12081 0.57000 -2.00000
101120619 0.12081 0.57400 -2.00000
101120620 0.12081 0.57800 -2.00000
101120621 0.12081 0.58200 -2.00000
101120622 0.12081 0.58600 -2.00000
101120623 0.12081 0.59000 -2.00000
101120624 0.12081 0.59400 -2.00000
101120625 0.12081 0.59800 -2.00000
101120626 0.12081 0.60200 -2.00000
101120627 0.12081 0.60600 -2.00000
101120628 0.12081 0.61000 -2.00000
101120629 0.12081 0.61400 -2.00000
101120630 0.12081 0.61800 -2.00000
101120631 0.12081 0.62200 -2.00000
101120632 0.12081 0.62600 -2.00000
101120633 0.12081 0.63000 -2.00000
101120634 0.12081 0.63400 -2.00000
101120635 0.12081 0.63800 -2.00000
101120636 0.12081 0.64200 -2.00000
101120637 0.12081 0.64600 -2.00000
101120638 0.12081 0.65000 -2.00000
101120639 0.12081 0.65400 -2.00000
101120640 0.12081 0.65800 -2.00000
101120641 0.12081 0.66200 -2.00000
101120642 0.12081 0.66600 -2.00000
101120643 0.12081 0.67000 -2.00000
101120644 0.12081 0.67400 -2.00000
101120645 0.12081 0.67800 -2.00000
101120646 0.12081 0.68200 -2.00000
101120647 0.12081 0.68600 -2.00000
101120648 0.12081 0.69000 -2.00000
101120649 0.12081 0.69400 -2.00000
101120650 0.12081 0.69800 -2.00000
101120651 0.12081 0.70200 -2.00000
101120652 0.12081 0.70600 -2.00000
101120653 0.12081 0.71000 -2.00000
101120654 0.12081 0.71400 -2.00000
101120655 0.12081 0.71800 -2.00000
101120656 0.12081 0.72200 -2.00000
101120657 0.12081 0.72600 -2.00000
101120658 0.12081 0.73000 -2.00000
101120659 0.12081 0.73400 -2.00000
101120660 0.12081 0.73800 -2.00000
101120661 0.12081 0.74200 -2.00000
101120662 0.12081 0.74600 -2.00000
101120663 0.12081 0.75000 -2.00000
101120664 0.12081 0.75400 -2.00000
101120665 0.12081 0.75800 -2.00000
101120666 0.12081 0.76200 -2.00000
101120667 0.12081 0.76600 -2.00000
101120668 0.12081 0.77000 -2.00000
101120669 0.12081 0.77400 -2.00000
101120670 0.12081 0.77800 -2.00000
101120671 0.12081 0.78200 -2.00000
101120672 0.12081 0.78600 -2.00000
101120673 0.12081 0.79000 -2.00000
101120674 0.12081 0.79400 -2.00000
101120675 0.12081 0.79800 -2.00000
101120676 0.12081 0.80200 -2.00000
101120677 0.12081 0.80600 -2.00000
101120678 0.12081 0.81000 -2.00000
101120679 0.12081 0.81400 -2.00000
101120680 0.12081 0.81800 -2.00000
101120681 0.12081 0.82200 -2.00000
101120682 0.12081 0.82600 -2.00000
101120683 0.12081 0.83000 -2.00000
101120684 0.12081 0.83400 -2.00000
101120685 0.12081 0.83800 -2.00000
101120686 0.12081 0.84200 -2.00000
101120687 0.12081 0.84600 -2.00000
101120688 0.12081 0.85000 -2.00000
101120689 0.12081 0.85400 -2.00000
101120690 0.12081 0.85800 -2.00000
101120691 0.12081 0.86200 -2.00000
101120692 0.12081 0.86600 -2.00000
101120693 0.12081 0.87000 -2.00000
101120694 0.12081 0.87400 -2.00000
101120695 0.12081 0.87800 -2.00000
101120696 0.12081 0.88200 -2.00000
101120697 0.12081 0.88600 -2.00000
101120698 0.12081 0.89000 -2.00000
101120699 0.12081 0.89400 -2.00000
101120700 0.12081 0.89800 -2.00000
101120701 0.12081 0.90200 -2.00000
101120702 0.12081 0.90600 -2.00000
101120703 0.12081 0.91000 -2.00000
101120704 0.12081 0.91400 -2.00000
101120705 0.12081 0.91800 -2.00000
101120706 0.12081 0.92200 -2.00000
101120707 0.12081 0.92600 -2.00000
101120708 0.12081 0.93000 -2.00000
101120709 0.12081 0.93400 -2.00000
101120710 0.12081 0.93800 -2.00000
101120711 0.12081 0.94200 -2.00000
101120712 0.12081 0.94600 -2.00000
101120713 0.12081 0.95000 -2.00000
101120714 0.12081 0.95400 -2.00000
101120715 0.12081 0.95800 -2.00000
101120716 0.12081 0.96200 -2.00000
101120717 0.12081 0.96600 -2.00000
101120718 0.12081 0.97000 -2.00000
101120719 0.12081 0.97400 -2.00000
101120720 0.12081 0.97800 -2.00000
101120721 0.12081 0.98200 -2.00000
101120722 0.12081 0.98600 -2.00000
101120723 0.12081 0.99000 -2.00000
101120724 0.12081 0.99400 -2.00000
101120725 0.12081 0.99800 -2.00000
101120726 0.12081 1.00200 -2.00000
101120727 0.12081 1.00600 -2.00000
101120728 0.12081 1.01000 -2.00000
101120729 0.12081 1.01400 -2.00000
101120730 0.12081 1.01800 -2.00000
101120731 0.12081 1.02200 -2.00000
101120732 0.12081 1.02600 -2.00000
101120733 0.12081 1.03000 -2.00000
101120734 0.12081 1.03400 -2.00000
101120735 0.12081 1.03800 -2.00000
101120736 0.12081 1.04200 -2.00000
101120737 0.12081 1.04600 -2.00000
101120738 0.12081 1.05000 -2.00000
101120739 0.12081 1.05400 -2.00000
101120740 0.12081 1.05800 -2.00000
101120741 0.12081 1.06200 -2.00000
101120742 0.12081 1.06600 -2.00000
101120743 0.12081 1.07000 -2.00000
101120744 0.12081 1.07400 -2.00000
101120745 0.12081 1.07800 -2.00000
101120746 0.12081 1.08200 -2.00000
101120747 0.12081 1.08600 -2.00000
101120748 0.12081 1.09000 -2.00000
101120749 0.12081 1.09400 -2.00000
101120750 0.12081 1.09800 -2.00000
101120751 0.12931 0.50200 -2.00000
101120752 0.12931 0.50600 -2.00000
101120753 0.12931 0.51000 -2.00000
101120754 0.12931 0.51400 -2.00000
101120755 0.12931 0.51800 -2.00000
101120756 0.12931 0.52200 -2.00000
101120757 0.12931 0.52600 -2.00000
101120758 0.12931 0.53000 -2.00000
101120759 0.12931 0.53400 -2.00000
101120760 0.12931 0.53800 -2.00000
101120761 0.12931 0.54200 -2.00000
101120762 0.12931 0.54600 -2.00000
101120763 0.12931 0.55000 -2.00000
101120764 0.12931 0.55400 -2.00000
101120765 0.12931 0.55800 -2.00000
101120766 0.12931 0.56200 -2.00000
101120767 0.12931 0.56600 -2.00000
101120768 0.12931 0.57000 -2.00000
101120769 0.12931 0.57400 -2.00000
101120770 0.12931 0.57800 -2.00000
101120771 0.12931 0.58200 -2.00000
101120772 0.12931 0.58600 -2.00000
101120773 0.12931 0.59000 -2.00000
101120774 0.12931 0.59400 -2.00000
101120775 0.12931 0.59800 -2.00000
101120776 0.12931 0.60200 -2.00000
101120777 0.12931 0.60600 -2.00000
101120778 0.12931 0.61000 -2.00000
101120779 0.12931 0.61400 -2.00000
101120780 0.12931 0.61800 -2.00000
101120781 0.12931 0.62200 -2.00000
101120782 0.12931 0.62600 -2.00000
101120783 0.12931 0.63000 -2.00000
101120784 0.12931 0.63400 -2.00000
101120785 0.12931 0.63800 -2.00000
101120786 0.12931 0.64200 -2.00000
101120787 0.12931 0.64600 -2.00000
101120788 0.12931 0.65000 -2.00000
101120789 0.12931 0.65400 -2.00000
101120790 0.12931 0.65800 -2.00000
101120791 0.12931 0.66200 -2.00000
101120792 0.12931 0.66600 -2.00000
101120793 0.12931 0.67000 -2.00000
101120794 0.12931 0.67400 -2.00000
101120795 0.12931 0.67800 -2.00000
101120796 0.12931 0.68200 -2.00000
101120797 0.12931 0.68600 -2.00000
101120798 0.12931 0.69000 -2.00000
101120799 0.12931 0.69400 -2.00000
101120800 0.12931 0.69800 -2.00000
101120801 0.12931 0.70200 -2.00000
101120802 0.12931 0.70600 -2.00000
101120803 0.12931 0.71000 -2.00000
101120804 0.12931 0.71400 -2.00000
101120805 0.12931 0.71800 -2.00000
101120806 0.12931 0.72200 -2.00000
101120807 0.12931 0.72600 -2.00000
101120808 0.12931 0.73000 -2.00000
101120809 0.12931 0.73400 -2.00000
101120810 0.12931 0.73800 -2.00000
101120811 0.12931 0.74200 -2.00000
101120812 0.12931 0.74600 -2.00000
101120813 0.12931 0.75000 -2.00000
101120814 0.12931 0.75400 -2.00000
101120815 0.12931 0.75800 -2.00000
101120816 0.12931 0.76200 -2.00000
101120817 0.12931 0.76600 -2.00000
101120818 0.12931 0.77000 -2.00000
101120819 0.12931 0.77400 -2.00000
101120820 0.12931 0.77800 -2.00000
101120821 0.12931 0.78200 -2.00000
101120822 0.12931 0.78600 -2.00000
101120823 0.12931 0.79000 -2.00000
101120824 0.12931 0.79400 -2.00000
101120825 0.12931 0.79800 -2.00000
101120826 0.12931 0.80200 -2.00000
101120827 0.12931 0.80600 -2.00000
101120828 0.12931 0.81000 -2.00000
101120829 0.12931 0.81400 -2.00000
101120830 0.12931 0.81800 -2.00000
101120831 0.12931 0.82200 -2.00000
101120832 0.12931 0.82600 -2.00000
101120833 0.12931 0.83000 -2.00000
101120834 0.12931 0.83400 -2.00000
101120835 0.12931 0.83800 -2.00000
101120836 0.12931 0.84200 -2.00000
101120837 0.12931 0.84600 -2.00000
101120838 0.12931 0.85000 -2.00000
101120839 0.12931 0.85400 -2.00000
101120840 0.12931 0.85800 -2.00000
101120841 0.12931 0.86200 -2.00000
101120842 0.12931 0.86600 -2.00000
101120843 0.12931 0.87000 -2.00000
101120844 0.12931 0.87400 -2.00000
101120845 0.12931 0.87800 -2.00000
101120846 0.12931 0.88200 -2.00000
101120847 0.12931 0.88600 -2.00000
101120848 0.12931 0.89000 -2.00000
101120849 0.12931 0.89400 -2.00000
101120850 0.12931 0.89800 -2.00000
101120851 0.12931 0.90200 -2.00000
101120852 0.12931 0.90600 -2.00000
101120853 0.12931 0.91000 -2.00000
101120854 0.12931 0.91400 -2.00000
101120855 0.12931 0.91800 -2.00000
101120856 0.12931 0.92200 -2.00000
101120857 0.12931 0.92600 -2.00000
101120858 0.12931 0.93000 -2.00000
101120859 0.12931 0.93400 -2.00000
101120860 0.12931 0.93800 -2.00000
101120861 0.12931 0.94200 -2.00000
101120862 0.12931 0.94600 -2.00000
101120863 0.12931 0.95000 -2.00000
101120864 0.12931 0.95400 -2.00000
101120865 0.12931 0.95800 -2.00000
101120866 0.12931 0.96200 -2.00000
101120867 0.12931 0.96600 -2.00000
101120868 0.12931 0.97000 -2.00000
101120869 0.12931 0.97400 -2.00000
101120870 0.12931 0.97800 -2.00000
101120871 0.12931 0.98200 -2.00000
101120872 0.12931 0.98600 -2.00000
101120873 0.12931 0.99000 -2.00000
101120874 0.12931 0.99400 -2.00000
101120875 0.12931 0.99800 -2.00000
101120876 0.12931 1.00200 -2.00000
101120877 0.12931 1.00600 -2.00000
101120878 0.12931 1.01000 -2.00000
101120879 0.12931 1.01400 -2.00000
101120880 0.12931 1.01800 -2.00000
101120881 0.12931 1.02200 -2.00000
101120882 0.12931 1.02600 -2.00000
101120883 0.12931 1.03000 -2.00000
101120884 0.12931 1.03400 -2.00000
101120885 0.12931 1.03800 -2.00000
101120886 0.12931 1.04200 -2.00000
101120887 0.12931 1.04600 -2.00000
101120888 0.12931 1.05000 -2.00000
101120889 0.12931 1.05400 -2.00000
101120890 0.12931 1.05800 -2.00000
101120891 0.12931 1.06200 -2.00000
101120892 0.12931 1.06600 -2.00000
101120893 0.12931 1.07000 -2.00000
101120894 0.12931 1.07400 -2.00000
101120895 0.12931 1.07800 -2.00000
101120896 0.12931 1.08200 -2.00000
101120897 0.12931 1.08600 -2.00000
101120898 0.12931 1.09000 -2.00000
101120899 0.12931 1.09400 -2.00000
101120900 0.12931 1.09800 -2.00000
101120901 0.13781 0.50200 -2.00000
101120902 0.13781 0.50600 -2.00000
101120903 0.13781 0.51000 -2.00000
101120904 0.13781 0.51400 -2.00000
101120905 0.13781 0.51800 -2.00000
101120906 0.13781 0.52200 -2.00000
101120907 0.13781 0.52600 -2.00000
101120908 0.13781 0.53000 -2.00000
101120909 0.13781 0.53400 -2.00000
101120910 0.13781 0.53800 -2.00000
101120911 0.13781 0.54200 -2.00000
101120912 0.13781 0.54600 -2.00000
101120913 0.13781 0.55000 -2.00000
101120914 0.13781 0.55400 -2.00000
101120915 0.13781 0.55800 -2.00000
101120916 0.13781 0.56200 -2.00000
101120917 0.13781 0.56600 -2.00000
101120918 0.13781 0.57000 -2.00000
101120919 0.13781 0.57400 -2.00000
101120920 0.13781 0.57800 -2.00000
101120921 0.13781 0.58200 -2.00000
101120922 0.13781 0.58600 -2.00000
101120923 0.13781 0.59000 -2.00000
101120924 0.13781 0.59400 -2.00000
101120925 0.13781 0.59800 -2.00000
101120926 0.13781 0.60200 -2.00000
101120927 0.13781 0.60600 -2.00000
101120928 0.13781 0.61000 -2.00000
101120929 0.13781 0.61400 -2.00000
101120930 0.13781 0.61800 -2.00000
101120931 0.13781 0.62200 -2.00000
101120932 0.13781 0.62600 -2.00000
101120933 0.13781 0.63000 -2.00000
101120934 0.13781 0.63400 -2.00000
101120935 0.13781 0.63800 -2.00000
101120936 0.13781 0.64200 -2.00000
101120937 0.13781 0.64600 -2.00000
101120938 0.13781 0.65000 -2.00000
101120939 0.13781 0.65400 -2.00000
101120940 0.13781 0.65800 -2.00000
101120941 0.13781 0.66200 -2.00000
101120942 0.13781 0.66600 -2.00000
101120943 0.13781 0.67000 -2.00000
101120944 0.13781 0.67400 -2.00000
101120945 0.13781 0.67800 -2.00000
101120946 0.13781 0.68200 -2.00000
101120947 0.13781 0.68600 -2.00000
101120948 0.13781 0.69000 -2.00000
101120949 0.13781 0.69400 -2.00000
101120950 0.13781 0.69800 -2.00000
101120951 0.13781 0.70200 -2.00000
101120952 0.13781 0.70600 -2.00000
101120953 0.13781 0.71000 -2.00000
101120954 0.13781 0.71400 -2.00000
101120955 0.13781 0.71800 -2.00000
101120956 0.13781 0.72200 -2.00000
101120957 0.13781 0.72600 -2.00000
101120958 0.13781 0.73000 -2.00000
101120959 0.13781 0.73400 -2.00000
101120960 0.13781 0.73800 -2.00000
101120961 0.13781 0.74200 -2.00000
101120962 0.13781 0.74600 -2.00000
101120963 0.13781 0.75000 -2.00000
101120964 0.13781 0.75400 -2.00000
101120965 0.13781 0.75800 -2.00000
101120966 0.13781 0.76200 -2.00000
101120967 0.13781 0.76600 -2.00000
101120968 0.13781 0.77000 -2.00000
101120969 0.13781 0.77400 -2.00000
101120970 0.13781 0.77800 -2.00000
101120971 0.13781 0.78200 -2.00000
101120972 0.13781 0.78600 -2.00000
101120973 0.13781 0.79000 -2.00000
101120974 0.13781 0.79400 -2.00000
101120975 0.13781 0.79800 -2.00000
101120976 0.13781 0.80200 -2.00000
101120977 0.13781 0.80600 -2.00000
101120978 0.13781 0.81000 -2.00000
101120979 0.13781 0.81400 -2.00000
101120980 0.13781 0.81800 -2.00000
101120981 0.13781 0.82200 -2.00000
101120982 0.13781 0.82600 -2.00000
101120983 0.13781 0.83000 -2.00000
101120984 0.13781 0.83400 -2.00000
101120985 0.13781 0.83800 -2.00000
101120986 0.13781 0.84200 -2.00000
101120987 0.13781 0.84600 -2.00000
101120988 0.13781 0.85000 -2.00000
101120989 0.13781 0.85400 -2.00000
101120990 0.13781 0.85800 -2.00000
101120991 0.13781 0.86200 -2.00000
101120992 0.13781 0.86600 -2.00000
101120993 0.13781 0.87000 -2.00000
101120994 0.13781 0.87400 -2.00000
101120995 0.13781 0.87800 -2.00000
101120996 0.13781 0.88200 -2.00000
101120997 0.13781 0.88600 -2.00000
101120998 0.13781 0.89000 -2.00000
101120999 0.13781 0.89400 -2.00000
101121000 0.13781 0.89800 -2.00000
101121001 0.13781 0.90200 -2.00000
101121002 0.13781 0.90600 -2.00000
101121003 0.13781 0.91000 -2.00000
101121004 0.13781 0.91400 -2.00000
101121005 0.13781 0.91800 -2.00000
101121006 0.13781 0.92200 -2.00000
101121007 0.13781 0.92600 -2.00000
101121008 0.13781 0.93000 -2.00000
101121009 0.13781 0.93400 -2.00000
101121010 0.13781 0.93800 -2.00000
101121011 0.13781 0.94200 -2.00000
101121012 0.13781 0.94600 -2.00000
101121013 0.13781 0.95000 -2.00000
101121014 0.13781 0.95400 -2.00000
101121015 0.13781 0.95800 -2.00000
101121016 0.13781 0.96200 -2.00000
101121017 0.13781 0.96600 -2.00000
101121018 0.13781 0.97000 -2.00000
101121019 0.13781 0.97400 -2.00000
101121020 0.13781 0.97800 -2.00000
101121021 0.13781 0.98200 -2.00000
101121022 0.13781 0.98600 -2.00000
101121023 0.13781 0.99000 -2.00000
101121024 0.13781 0.99400 -2.00000
101121025 0.13781 0.99800 -2.00000
101121026 0.13781 1.00200 -2.00000
101121027 0.13781 1.00600 -2.00000
101121028 0.13781 1.01000 -2.00000
101121029 0.13781 1.01400 -2.00000
101121030 0.13781 1.01800 -2.00000
101121031 0.13781 1.02200 -2.00000
101121032 0.13781 1.02600 -2.00000
101121033 0.13781 1.03000 -2.00000
101121034 0.13781 1.03400 -2.00000
101121035 0.13781 1.03800 -2.00000
101121036 0.13781 1.04200 -2.00000
101121037 0.13781 1.04600 -2.00000
101121038 0.13781 1.05000 -2.00000
101121039 0.13781 1.05400 -2.00000
101121040 0.13781 1.05800 -2.00000
101121041 0.13781 1.06200 -2.00000
101121042 0.13781 1.06600 -2.00000
101121043 0.13781 1.07000 -2.00000
101121044 0.13781 1.07400 -2.00000
101121045 0.13781 1.07800 -2.00000
101121046 0.13781 1.08200 -2.00000
101121047 0.13781 1.08600 -2.00000
101121048 0.13781 1.09000 -2.00000
101121049 0.13781 1.09400 -2.00000
101121050 0.13781 1.09800 -2.00000
101121051 0.14631 0.50200 -2.00000
101121052 0.14631 0.50600 -2.00000
101121053 0.14631 0.51000 -2.00000
101121054 0.14631 0.51400 -2.00000
101121055 0.14631 0.51800 -2.00000
101121056 0.14631 0.52200 -2.00000
101121057 0.14631 0.52600 -2.00000
101121058 0.14631 0.53000 -2.00000
101121059 0.14631 0.53400 -2.00000
101121060 0.14631 0.53800 -2.00000
101121061 0.14631 0.54200 -2.00000
101121062 0.14631 0.54600 -2.00000
101121063 0.14631 0.55000 -2.00000
101121064 0.14631 0.55400 -2.00000
101121065 0.14631 0.55800 -2.00000
101121066 0.14631 0.56200 -2.00000
101121067 0.14631 0.56600 -2.00000
101121068 0.14631 0.57000 -2.00000
101121069 0.14631 0.57400 -2.00000
101121070 0.14631 0.57800 -2.00000
101121071 0.14631 0.58200 -2.00000
101121072 0.14631 0.58600 -2.00000
101121073 0.14631 0.59000 -2.00000
101121074 0.14631 0.59400 -2.00000
101121075 0.14631 0.59800 -2.00000
101121076 0.14631 0.60200 -2.00000
101121077 0.14631 0.60600 -2.00000
101121078 0.14631 0.61000 -2.00000
101121079 0.14631 0.61400 -2.00000
101121080 0.14631 0.61800 -2.00000
101121081 0.14631 0.62200 -2.00000
101121082 0.14631 0.62600 -2.00000
101121083 0.14631 0.63000 -2.00000
101121084 0.14631 0.63400 -2.00000
101121085 0.14631 0.63800 -2.00000
101121086 0.14631 0.64200 -2.00000
101121087 0.14631 0.64600 -2.00000
101121088 0.14631 0.65000 -2.00000
101121089 0.14631 0.65400 -2.00000
101121090 0.14631 0.65800 -2.00000
101121091 0.14631 0.66200 -2.00000
101121092 0.14631 0.66600 -2.00000
101121093 0.14631 0.67000 -2.00000
101121094 0.14631 0.67400 -2.00000
101121095 0.14631 0.67800 -2.00000
101121096 0.14631 0.68200 -2.00000
101121097 0.14631 0.68600 -2.00000
101121098 0.14631 0.69000 -2.00000
101121099 0.14631 0.69400 -2.00000
101121100 0.14631 0.69800 -2.00000
101121101 0.14631 0.70200 -2.00000
101121102 0.14631 0.70600 -2.00000
101121103 0.14631 0.71000 -2.00000
101121104 0.14631 0.71400 -2.00000
101121105 0.14631 0.71800 -2.00000
101121106 0.14631 0.72200 -2.00000
101121107 0.14631 0.72600 -2.00000
101121108 0.14631 0.73000 -2.00000
101121109 0.14631 0.73400 -2.00000
101121110 0.14631 0.73800 -2.00000
101121111 0.14631 0.74200 -2.00000
101121112 0.14631 0.74600 -2.00000
101121113 0.14631 0.75000 -2.00000
101121114 0.14631 0.75400 -2.00000
101121115 0.14631 0.75800 -2.00000
101121116 0.14631 0.76200 -2.00000
101121117 0.14631 0.76600 -2.00000
101121118 0.14631 0.77000 -2.00000
101121119 0.14631 0.77400 -2.00000
101121120 0.14631 0.77800 -2.00000
101121121 0.14631 0.78200 -2.00000
101121122 0.14631 0.78600 -2.00000
101121123 0.14631 0.79000 -2.00000
101121124 0.14631 0.79400 -2.00000
101121125 0.14631 0.79800 -2.00000
101121126 0.14631 0.80200 -2.00000
101121127 0.14631 0.80600 -2.00000
101121128 0.14631 0.81000 -2.00000
101121129 0.14631 0.81400 -2.00000
101121130 0.14631 0.81800 -2.00000
101121131 0.14631 0.82200 -2.00000
101121132 0.14631 0.82600 -2.00000
101121133 0.14631 0.83000 -2.00000
101121134 0.14631 0.83400 -2.00000
101121135 0.14631 0.83800 -2.00000
101121136 0.14631 0.84200 -2.00000
101121137 0.14631 0.84600 -2.00000
101121138 0.14631 0.85000 -2.00000
101121139 0.14631 0.85400 -2.00000
101121140 0.14631 0.85800 -2.00000
101121141 0.14631 0.86200 -2.00000
101121142 0.14631 0.86600 -2.00000
101121143 0.14631 0.87000 -2.00000
101121144 0.14631 0.87400 -2.00000
101121145 0.14631 0.87800 -2.00000
101121146 0.14631 0.88200 -2.00000
101121147 0.14631 0.88600 -2.00000
101121148 0.14631 0.89000 -2.00000
101121149 0.14631 0.89400 -2.00000
101121150 0.14631 0.89800 -2.00000
101121151 0.14631 0.90200 -2.00000
101121152 0.14631 0.90600 -2.00000
101121153 0.14631 0.91000 -2.00000
101121154 0.14631 0.91400 -2.00000
101121155 0.14631 0.91800 -2.00000
101121156 0.14631 0.92200 -2.00000
101121157 0.14631 0.92600 -2.00000
101121158 0.14631 0.93000 -2.00000
101121159 0.14631 0.93400 -2.00000
101121160 0.14631 0.93800 -2.00000
101121161 0.14631 0.94200 -2.00000
101121162 0.14631 0.94600 -2.00000
101121163 0.14631 0.95000 -2.00000
101121164 0.14631 0.95400 -2.00000
101121165 0.14631 0.95800 -2.00000
101121166 0.14631 0.96200 -2.00000
101121167 0.14631 0.96600 -2.00000
101121168 0.14631 0.97000 -2.00000
101121169 0.14631 0.97400 -2.00000
101121170 0.14631 0.97800 -2.00000
101121171 0.14631 0.98200 -2.00000
101121172 0.14631 0.98600 -2.00000
101121173 0.14631 0.99000 -2.00000
101121174 0.14631 0.99400 -2.00000
101121175 0.14631 0.99800 -2.00000
101121176 0.14631 1.00200 -2.00000
101121177 0.14631 1.00600 -2.00000
101121178 0.14631 1.01000 -2.00000
101121179 0.14631 1.01400 -2.00000
101121180 0.14631 1.01800 -2.00000
101121181 0.14631 1.02200 -2.00000
101121182 0.14631 1.02600 -2.00000
101121183 0.14631 1.03000 -2.00000
101121184 0.14631 1.03400 -2.00000
101121185 0.14631 1.03800 -2.00000
101121186 0.14631 1.04200 -2.00000
101121187 0.14631 1.04600 -2.00000
101121188 0.14631 1.05000 -2.00000
101121189 0.14631 1.05400 -2.00000
101121190 0.14631 1.05800 -2.00000
101121191 0.14631 1.06200 -2.00000
101121192 0.14631 1.06600 -2.00000
101121193 0.14631 1.07000 -2.00000
101121194 0.14631 1.07400 -2.00000
101121195 0.14631 1.07800 -2.00000
101121196 0.14631 1.08200 -2.00000
101121197 0.14631 1.08600 -2.00000
101121198 0.14631 1.09000 -2.00000
101121199 0.14631 1.09400 -2.00000
101121200 0.14631 1.09800 -2.00000
