# pixelID  x  y  z
107090001 -1.14293 0.30275 -0.51241
107090002 -1.14106 0.30275 -0.51595
107090003 -1.13920 0.30275 -0.51949
107090004 -1.13733 0.30275 -0.52303
107090005 -1.13547 0.30275 -0.52656
107090006 -1.13360 0.30275 -0.53010
107090007 -1.13174 0.30275 -0.53364
107090008 -1.12987 0.30275 -0.53718
107090009 -1.12801 0.30275 -0.54072
107090010 -1.12614 0.30275 -0.54426
107090011 -1.12428 0.30275 -0.54779
107090012 -1.12241 0.30275 -0.55133
107090013 -1.12054 0.30275 -0.55487
107090014 -1.11868 0.30275 -0.55841
107090015 -1.11681 0.30275 -0.56195
107090016 -1.11495 0.30275 -0.56549
107090017 -1.11308 0.30275 -0.56902
107090018 -1.11122 0.30275 -0.57256
107090019 -1.10935 0.30275 -0.57610
107090020 -1.10749 0.30275 -0.57964
107090021 -1.10562 0.30275 -0.58318
107090022 -1.10376 0.30275 -0.58672
107090023 -1.10189 0.30275 -0.59025
107090024 -1.10003 0.30275 -0.59379
107090025 -1.09816 0.30275 -0.59733
107090026 -1.09629 0.30275 -0.60087
107090027 -1.09443 0.30275 -0.60441
107090028 -1.09256 0.30275 -0.60795
107090029 -1.09070 0.30275 -0.61148
107090030 -1.08883 0.30275 -0.61502
107090031 -1.08697 0.30275 -0.61856
107090032 -1.08510 0.30275 -0.62210
107090033 -1.08324 0.30275 -0.62564
107090034 -1.08137 0.30275 -0.62918
107090035 -1.07951 0.30275 -0.63272
107090036 -1.07764 0.30275 -0.63625
107090037 -1.07577 0.30275 -0.63979
107090038 -1.07391 0.30275 -0.64333
107090039 -1.07204 0.30275 -0.64687
107090040 -1.07018 0.30275 -0.65041
107090041 -1.06831 0.30275 -0.65395
107090042 -1.06645 0.30275 -0.65748
107090043 -1.06458 0.30275 -0.66102
107090044 -1.06272 0.30275 -0.66456
107090045 -1.06085 0.30275 -0.66810
107090046 -1.05899 0.30275 -0.67164
107090047 -1.05712 0.30275 -0.67518
107090048 -1.05526 0.30275 -0.67871
107090049 -1.05339 0.30275 -0.68225
107090050 -1.05152 0.30275 -0.68579
107090051 -1.04966 0.30275 -0.68933
107090052 -1.04779 0.30275 -0.69287
107090053 -1.04593 0.30275 -0.69641
107090054 -1.04406 0.30275 -0.69994
107090055 -1.04220 0.30275 -0.70348
107090056 -1.04033 0.30275 -0.70702
107090057 -1.03847 0.30275 -0.71056
107090058 -1.03660 0.30275 -0.71410
107090059 -1.03474 0.30275 -0.71764
107090060 -1.03287 0.30275 -0.72117
107090061 -1.03100 0.30275 -0.72471
107090062 -1.02914 0.30275 -0.72825
107090063 -1.02727 0.30275 -0.73179
107090064 -1.02541 0.30275 -0.73533
107090065 -1.02354 0.30275 -0.73887
107090066 -1.02168 0.30275 -0.74241
107090067 -1.01981 0.30275 -0.74594
107090068 -1.01795 0.30275 -0.74948
107090069 -1.01608 0.30275 -0.75302
107090070 -1.01422 0.30275 -0.75656
107090071 -1.01235 0.30275 -0.76010
107090072 -1.01048 0.30275 -0.76364
107090073 -1.00862 0.30275 -0.76717
107090074 -1.00675 0.30275 -0.77071
107090075 -1.00489 0.30275 -0.77425
107090076 -1.00302 0.30275 -0.77779
107090077 -1.00116 0.30275 -0.78133
107090078 -0.99929 0.30275 -0.78487
107090079 -0.99743 0.30275 -0.78840
107090080 -0.99556 0.30275 -0.79194
107090081 -0.99370 0.30275 -0.79548
107090082 -0.99183 0.30275 -0.79902
107090083 -0.98997 0.30275 -0.80256
107090084 -0.98810 0.30275 -0.80610
107090085 -0.98623 0.30275 -0.80963
107090086 -0.98437 0.30275 -0.81317
107090087 -0.98250 0.30275 -0.81671
107090088 -0.98064 0.30275 -0.82025
107090089 -0.97877 0.30275 -0.82379
107090090 -0.97691 0.30275 -0.82733
107090091 -0.97504 0.30275 -0.83087
107090092 -0.97318 0.30275 -0.83440
107090093 -0.97131 0.30275 -0.83794
107090094 -0.96945 0.30275 -0.84148
107090095 -0.96758 0.30275 -0.84502
107090096 -0.96571 0.30275 -0.84856
107090097 -0.96385 0.30275 -0.85210
107090098 -0.96198 0.30275 -0.85563
107090099 -0.96012 0.30275 -0.85917
107090100 -0.95825 0.30275 -0.86271
107090101 -0.95639 0.30275 -0.86625
107090102 -0.95452 0.30275 -0.86979
107090103 -0.95266 0.30275 -0.87333
107090104 -0.95079 0.30275 -0.87686
107090105 -0.94893 0.30275 -0.88040
107090106 -0.94706 0.30275 -0.88394
107090107 -0.94520 0.30275 -0.88748
107090108 -0.94333 0.30275 -0.89102
107090109 -0.94146 0.30275 -0.89456
107090110 -0.93960 0.30275 -0.89809
107090111 -0.93773 0.30275 -0.90163
107090112 -0.93587 0.30275 -0.90517
107090113 -0.93400 0.30275 -0.90871
107090114 -0.93214 0.30275 -0.91225
107090115 -0.93027 0.30275 -0.91579
107090116 -0.92841 0.30275 -0.91932
107090117 -0.92654 0.30275 -0.92286
107090118 -0.92468 0.30275 -0.92640
107090119 -0.92281 0.30275 -0.92994
107090120 -0.92094 0.30275 -0.93348
107090121 -0.91908 0.30275 -0.93702
107090122 -0.91721 0.30275 -0.94056
107090123 -0.91535 0.30275 -0.94409
107090124 -0.91348 0.30275 -0.94763
107090125 -0.91162 0.30275 -0.95117
107090126 -0.90975 0.30275 -0.95471
107090127 -0.90789 0.30275 -0.95825
107090128 -0.90602 0.30275 -0.96179
107090129 -0.90416 0.30275 -0.96532
107090130 -0.90229 0.30275 -0.96886
107090131 -0.90043 0.30275 -0.97240
107090132 -0.89856 0.30275 -0.97594
107090133 -0.89669 0.30275 -0.97948
107090134 -0.89483 0.30275 -0.98302
107090135 -0.89296 0.30275 -0.98655
107090136 -0.89110 0.30275 -0.99009
107090137 -0.88923 0.30275 -0.99363
107090138 -0.88737 0.30275 -0.99717
107090139 -0.88550 0.30275 -1.00071
107090140 -0.88364 0.30275 -1.00425
107090141 -0.88177 0.30275 -1.00778
107090142 -0.87991 0.30275 -1.01132
107090143 -0.87804 0.30275 -1.01486
107090144 -0.87617 0.30275 -1.01840
107090145 -0.87431 0.30275 -1.02194
107090146 -0.87244 0.30275 -1.02548
107090147 -0.87058 0.30275 -1.02901
107090148 -0.86871 0.30275 -1.03255
107090149 -0.86685 0.30275 -1.03609
107090150 -0.86498 0.30275 -1.03963
107090151 -1.14293 0.31625 -0.51241
107090152 -1.14106 0.31625 -0.51595
107090153 -1.13920 0.31625 -0.51949
107090154 -1.13733 0.31625 -0.52303
107090155 -1.13547 0.31625 -0.52656
107090156 -1.13360 0.31625 -0.53010
107090157 -1.13174 0.31625 -0.53364
107090158 -1.12987 0.31625 -0.53718
107090159 -1.12801 0.31625 -0.54072
107090160 -1.12614 0.31625 -0.54426
107090161 -1.12428 0.31625 -0.54779
107090162 -1.12241 0.31625 -0.55133
107090163 -1.12054 0.31625 -0.55487
107090164 -1.11868 0.31625 -0.55841
107090165 -1.11681 0.31625 -0.56195
107090166 -1.11495 0.31625 -0.56549
107090167 -1.11308 0.31625 -0.56902
107090168 -1.11122 0.31625 -0.57256
107090169 -1.10935 0.31625 -0.57610
107090170 -1.10749 0.31625 -0.57964
107090171 -1.10562 0.31625 -0.58318
107090172 -1.10376 0.31625 -0.58672
107090173 -1.10189 0.31625 -0.59025
107090174 -1.10003 0.31625 -0.59379
107090175 -1.09816 0.31625 -0.59733
107090176 -1.09629 0.31625 -0.60087
107090177 -1.09443 0.31625 -0.60441
107090178 -1.09256 0.31625 -0.60795
107090179 -1.09070 0.31625 -0.61148
107090180 -1.08883 0.31625 -0.61502
107090181 -1.08697 0.31625 -0.61856
107090182 -1.08510 0.31625 -0.62210
107090183 -1.08324 0.31625 -0.62564
107090184 -1.08137 0.31625 -0.62918
107090185 -1.07951 0.31625 -0.63272
107090186 -1.07764 0.31625 -0.63625
107090187 -1.07577 0.31625 -0.63979
107090188 -1.07391 0.31625 -0.64333
107090189 -1.07204 0.31625 -0.64687
107090190 -1.07018 0.31625 -0.65041
107090191 -1.06831 0.31625 -0.65395
107090192 -1.06645 0.31625 -0.65748
107090193 -1.06458 0.31625 -0.66102
107090194 -1.06272 0.31625 -0.66456
107090195 -1.06085 0.31625 -0.66810
107090196 -1.05899 0.31625 -0.67164
107090197 -1.05712 0.31625 -0.67518
107090198 -1.05526 0.31625 -0.67871
107090199 -1.05339 0.31625 -0.68225
107090200 -1.05152 0.31625 -0.68579
107090201 -1.04966 0.31625 -0.68933
107090202 -1.04779 0.31625 -0.69287
107090203 -1.04593 0.31625 -0.69641
107090204 -1.04406 0.31625 -0.69994
107090205 -1.04220 0.31625 -0.70348
107090206 -1.04033 0.31625 -0.70702
107090207 -1.03847 0.31625 -0.71056
107090208 -1.03660 0.31625 -0.71410
107090209 -1.03474 0.31625 -0.71764
107090210 -1.03287 0.31625 -0.72117
107090211 -1.03100 0.31625 -0.72471
107090212 -1.02914 0.31625 -0.72825
107090213 -1.02727 0.31625 -0.73179
107090214 -1.02541 0.31625 -0.73533
107090215 -1.02354 0.31625 -0.73887
107090216 -1.02168 0.31625 -0.74241
107090217 -1.01981 0.31625 -0.74594
107090218 -1.01795 0.31625 -0.74948
107090219 -1.01608 0.31625 -0.75302
107090220 -1.01422 0.31625 -0.75656
107090221 -1.01235 0.31625 -0.76010
107090222 -1.01048 0.31625 -0.76364
107090223 -1.00862 0.31625 -0.76717
107090224 -1.00675 0.31625 -0.77071
107090225 -1.00489 0.31625 -0.77425
107090226 -1.00302 0.31625 -0.77779
107090227 -1.00116 0.31625 -0.78133
107090228 -0.99929 0.31625 -0.78487
107090229 -0.99743 0.31625 -0.78840
107090230 -0.99556 0.31625 -0.79194
107090231 -0.99370 0.31625 -0.79548
107090232 -0.99183 0.31625 -0.79902
107090233 -0.98997 0.31625 -0.80256
107090234 -0.98810 0.31625 -0.80610
107090235 -0.98623 0.31625 -0.80963
107090236 -0.98437 0.31625 -0.81317
107090237 -0.98250 0.31625 -0.81671
107090238 -0.98064 0.31625 -0.82025
107090239 -0.97877 0.31625 -0.82379
107090240 -0.97691 0.31625 -0.82733
107090241 -0.97504 0.31625 -0.83087
107090242 -0.97318 0.31625 -0.83440
107090243 -0.97131 0.31625 -0.83794
107090244 -0.96945 0.31625 -0.84148
107090245 -0.96758 0.31625 -0.84502
107090246 -0.96571 0.31625 -0.84856
107090247 -0.96385 0.31625 -0.85210
107090248 -0.96198 0.31625 -0.85563
107090249 -0.96012 0.31625 -0.85917
107090250 -0.95825 0.31625 -0.86271
107090251 -0.95639 0.31625 -0.86625
107090252 -0.95452 0.31625 -0.86979
107090253 -0.95266 0.31625 -0.87333
107090254 -0.95079 0.31625 -0.87686
107090255 -0.94893 0.31625 -0.88040
107090256 -0.94706 0.31625 -0.88394
107090257 -0.94520 0.31625 -0.88748
107090258 -0.94333 0.31625 -0.89102
107090259 -0.94146 0.31625 -0.89456
107090260 -0.93960 0.31625 -0.89809
107090261 -0.93773 0.31625 -0.90163
107090262 -0.93587 0.31625 -0.90517
107090263 -0.93400 0.31625 -0.90871
107090264 -0.93214 0.31625 -0.91225
107090265 -0.93027 0.31625 -0.91579
107090266 -0.92841 0.31625 -0.91932
107090267 -0.92654 0.31625 -0.92286
107090268 -0.92468 0.31625 -0.92640
107090269 -0.92281 0.31625 -0.92994
107090270 -0.92094 0.31625 -0.93348
107090271 -0.91908 0.31625 -0.93702
107090272 -0.91721 0.31625 -0.94056
107090273 -0.91535 0.31625 -0.94409
107090274 -0.91348 0.31625 -0.94763
107090275 -0.91162 0.31625 -0.95117
107090276 -0.90975 0.31625 -0.95471
107090277 -0.90789 0.31625 -0.95825
107090278 -0.90602 0.31625 -0.96179
107090279 -0.90416 0.31625 -0.96532
107090280 -0.90229 0.31625 -0.96886
107090281 -0.90043 0.31625 -0.97240
107090282 -0.89856 0.31625 -0.97594
107090283 -0.89669 0.31625 -0.97948
107090284 -0.89483 0.31625 -0.98302
107090285 -0.89296 0.31625 -0.98655
107090286 -0.89110 0.31625 -0.99009
107090287 -0.88923 0.31625 -0.99363
107090288 -0.88737 0.31625 -0.99717
107090289 -0.88550 0.31625 -1.00071
107090290 -0.88364 0.31625 -1.00425
107090291 -0.88177 0.31625 -1.00778
107090292 -0.87991 0.31625 -1.01132
107090293 -0.87804 0.31625 -1.01486
107090294 -0.87617 0.31625 -1.01840
107090295 -0.87431 0.31625 -1.02194
107090296 -0.87244 0.31625 -1.02548
107090297 -0.87058 0.31625 -1.02901
107090298 -0.86871 0.31625 -1.03255
107090299 -0.86685 0.31625 -1.03609
107090300 -0.86498 0.31625 -1.03963
107090301 -1.14293 0.32975 -0.51241
107090302 -1.14106 0.32975 -0.51595
107090303 -1.13920 0.32975 -0.51949
107090304 -1.13733 0.32975 -0.52303
107090305 -1.13547 0.32975 -0.52656
107090306 -1.13360 0.32975 -0.53010
107090307 -1.13174 0.32975 -0.53364
107090308 -1.12987 0.32975 -0.53718
107090309 -1.12801 0.32975 -0.54072
107090310 -1.12614 0.32975 -0.54426
107090311 -1.12428 0.32975 -0.54779
107090312 -1.12241 0.32975 -0.55133
107090313 -1.12054 0.32975 -0.55487
107090314 -1.11868 0.32975 -0.55841
107090315 -1.11681 0.32975 -0.56195
107090316 -1.11495 0.32975 -0.56549
107090317 -1.11308 0.32975 -0.56902
107090318 -1.11122 0.32975 -0.57256
107090319 -1.10935 0.32975 -0.57610
107090320 -1.10749 0.32975 -0.57964
107090321 -1.10562 0.32975 -0.58318
107090322 -1.10376 0.32975 -0.58672
107090323 -1.10189 0.32975 -0.59025
107090324 -1.10003 0.32975 -0.59379
107090325 -1.09816 0.32975 -0.59733
107090326 -1.09629 0.32975 -0.60087
107090327 -1.09443 0.32975 -0.60441
107090328 -1.09256 0.32975 -0.60795
107090329 -1.09070 0.32975 -0.61148
107090330 -1.08883 0.32975 -0.61502
107090331 -1.08697 0.32975 -0.61856
107090332 -1.08510 0.32975 -0.62210
107090333 -1.08324 0.32975 -0.62564
107090334 -1.08137 0.32975 -0.62918
107090335 -1.07951 0.32975 -0.63272
107090336 -1.07764 0.32975 -0.63625
107090337 -1.07577 0.32975 -0.63979
107090338 -1.07391 0.32975 -0.64333
107090339 -1.07204 0.32975 -0.64687
107090340 -1.07018 0.32975 -0.65041
107090341 -1.06831 0.32975 -0.65395
107090342 -1.06645 0.32975 -0.65748
107090343 -1.06458 0.32975 -0.66102
107090344 -1.06272 0.32975 -0.66456
107090345 -1.06085 0.32975 -0.66810
107090346 -1.05899 0.32975 -0.67164
107090347 -1.05712 0.32975 -0.67518
107090348 -1.05526 0.32975 -0.67871
107090349 -1.05339 0.32975 -0.68225
107090350 -1.05152 0.32975 -0.68579
107090351 -1.04966 0.32975 -0.68933
107090352 -1.04779 0.32975 -0.69287
107090353 -1.04593 0.32975 -0.69641
107090354 -1.04406 0.32975 -0.69994
107090355 -1.04220 0.32975 -0.70348
107090356 -1.04033 0.32975 -0.70702
107090357 -1.03847 0.32975 -0.71056
107090358 -1.03660 0.32975 -0.71410
107090359 -1.03474 0.32975 -0.71764
107090360 -1.03287 0.32975 -0.72117
107090361 -1.03100 0.32975 -0.72471
107090362 -1.02914 0.32975 -0.72825
107090363 -1.02727 0.32975 -0.73179
107090364 -1.02541 0.32975 -0.73533
107090365 -1.02354 0.32975 -0.73887
107090366 -1.02168 0.32975 -0.74241
107090367 -1.01981 0.32975 -0.74594
107090368 -1.01795 0.32975 -0.74948
107090369 -1.01608 0.32975 -0.75302
107090370 -1.01422 0.32975 -0.75656
107090371 -1.01235 0.32975 -0.76010
107090372 -1.01048 0.32975 -0.76364
107090373 -1.00862 0.32975 -0.76717
107090374 -1.00675 0.32975 -0.77071
107090375 -1.00489 0.32975 -0.77425
107090376 -1.00302 0.32975 -0.77779
107090377 -1.00116 0.32975 -0.78133
107090378 -0.99929 0.32975 -0.78487
107090379 -0.99743 0.32975 -0.78840
107090380 -0.99556 0.32975 -0.79194
107090381 -0.99370 0.32975 -0.79548
107090382 -0.99183 0.32975 -0.79902
107090383 -0.98997 0.32975 -0.80256
107090384 -0.98810 0.32975 -0.80610
107090385 -0.98623 0.32975 -0.80963
107090386 -0.98437 0.32975 -0.81317
107090387 -0.98250 0.32975 -0.81671
107090388 -0.98064 0.32975 -0.82025
107090389 -0.97877 0.32975 -0.82379
107090390 -0.97691 0.32975 -0.82733
107090391 -0.97504 0.32975 -0.83087
107090392 -0.97318 0.32975 -0.83440
107090393 -0.97131 0.32975 -0.83794
107090394 -0.96945 0.32975 -0.84148
107090395 -0.96758 0.32975 -0.84502
107090396 -0.96571 0.32975 -0.84856
107090397 -0.96385 0.32975 -0.85210
107090398 -0.96198 0.32975 -0.85563
107090399 -0.96012 0.32975 -0.85917
107090400 -0.95825 0.32975 -0.86271
107090401 -0.95639 0.32975 -0.86625
107090402 -0.95452 0.32975 -0.86979
107090403 -0.95266 0.32975 -0.87333
107090404 -0.95079 0.32975 -0.87686
107090405 -0.94893 0.32975 -0.88040
107090406 -0.94706 0.32975 -0.88394
107090407 -0.94520 0.32975 -0.88748
107090408 -0.94333 0.32975 -0.89102
107090409 -0.94146 0.32975 -0.89456
107090410 -0.93960 0.32975 -0.89809
107090411 -0.93773 0.32975 -0.90163
107090412 -0.93587 0.32975 -0.90517
107090413 -0.93400 0.32975 -0.90871
107090414 -0.93214 0.32975 -0.91225
107090415 -0.93027 0.32975 -0.91579
107090416 -0.92841 0.32975 -0.91932
107090417 -0.92654 0.32975 -0.92286
107090418 -0.92468 0.32975 -0.92640
107090419 -0.92281 0.32975 -0.92994
107090420 -0.92094 0.32975 -0.93348
107090421 -0.91908 0.32975 -0.93702
107090422 -0.91721 0.32975 -0.94056
107090423 -0.91535 0.32975 -0.94409
107090424 -0.91348 0.32975 -0.94763
107090425 -0.91162 0.32975 -0.95117
107090426 -0.90975 0.32975 -0.95471
107090427 -0.90789 0.32975 -0.95825
107090428 -0.90602 0.32975 -0.96179
107090429 -0.90416 0.32975 -0.96532
107090430 -0.90229 0.32975 -0.96886
107090431 -0.90043 0.32975 -0.97240
107090432 -0.89856 0.32975 -0.97594
107090433 -0.89669 0.32975 -0.97948
107090434 -0.89483 0.32975 -0.98302
107090435 -0.89296 0.32975 -0.98655
107090436 -0.89110 0.32975 -0.99009
107090437 -0.88923 0.32975 -0.99363
107090438 -0.88737 0.32975 -0.99717
107090439 -0.88550 0.32975 -1.00071
107090440 -0.88364 0.32975 -1.00425
107090441 -0.88177 0.32975 -1.00778
107090442 -0.87991 0.32975 -1.01132
107090443 -0.87804 0.32975 -1.01486
107090444 -0.87617 0.32975 -1.01840
107090445 -0.87431 0.32975 -1.02194
107090446 -0.87244 0.32975 -1.02548
107090447 -0.87058 0.32975 -1.02901
107090448 -0.86871 0.32975 -1.03255
107090449 -0.86685 0.32975 -1.03609
107090450 -0.86498 0.32975 -1.03963
107090451 -1.14293 0.34325 -0.51241
107090452 -1.14106 0.34325 -0.51595
107090453 -1.13920 0.34325 -0.51949
107090454 -1.13733 0.34325 -0.52303
107090455 -1.13547 0.34325 -0.52656
107090456 -1.13360 0.34325 -0.53010
107090457 -1.13174 0.34325 -0.53364
107090458 -1.12987 0.34325 -0.53718
107090459 -1.12801 0.34325 -0.54072
107090460 -1.12614 0.34325 -0.54426
107090461 -1.12428 0.34325 -0.54779
107090462 -1.12241 0.34325 -0.55133
107090463 -1.12054 0.34325 -0.55487
107090464 -1.11868 0.34325 -0.55841
107090465 -1.11681 0.34325 -0.56195
107090466 -1.11495 0.34325 -0.56549
107090467 -1.11308 0.34325 -0.56902
107090468 -1.11122 0.34325 -0.57256
107090469 -1.10935 0.34325 -0.57610
107090470 -1.10749 0.34325 -0.57964
107090471 -1.10562 0.34325 -0.58318
107090472 -1.10376 0.34325 -0.58672
107090473 -1.10189 0.34325 -0.59025
107090474 -1.10003 0.34325 -0.59379
107090475 -1.09816 0.34325 -0.59733
107090476 -1.09629 0.34325 -0.60087
107090477 -1.09443 0.34325 -0.60441
107090478 -1.09256 0.34325 -0.60795
107090479 -1.09070 0.34325 -0.61148
107090480 -1.08883 0.34325 -0.61502
107090481 -1.08697 0.34325 -0.61856
107090482 -1.08510 0.34325 -0.62210
107090483 -1.08324 0.34325 -0.62564
107090484 -1.08137 0.34325 -0.62918
107090485 -1.07951 0.34325 -0.63272
107090486 -1.07764 0.34325 -0.63625
107090487 -1.07577 0.34325 -0.63979
107090488 -1.07391 0.34325 -0.64333
107090489 -1.07204 0.34325 -0.64687
107090490 -1.07018 0.34325 -0.65041
107090491 -1.06831 0.34325 -0.65395
107090492 -1.06645 0.34325 -0.65748
107090493 -1.06458 0.34325 -0.66102
107090494 -1.06272 0.34325 -0.66456
107090495 -1.06085 0.34325 -0.66810
107090496 -1.05899 0.34325 -0.67164
107090497 -1.05712 0.34325 -0.67518
107090498 -1.05526 0.34325 -0.67871
107090499 -1.05339 0.34325 -0.68225
107090500 -1.05152 0.34325 -0.68579
107090501 -1.04966 0.34325 -0.68933
107090502 -1.04779 0.34325 -0.69287
107090503 -1.04593 0.34325 -0.69641
107090504 -1.04406 0.34325 -0.69994
107090505 -1.04220 0.34325 -0.70348
107090506 -1.04033 0.34325 -0.70702
107090507 -1.03847 0.34325 -0.71056
107090508 -1.03660 0.34325 -0.71410
107090509 -1.03474 0.34325 -0.71764
107090510 -1.03287 0.34325 -0.72117
107090511 -1.03100 0.34325 -0.72471
107090512 -1.02914 0.34325 -0.72825
107090513 -1.02727 0.34325 -0.73179
107090514 -1.02541 0.34325 -0.73533
107090515 -1.02354 0.34325 -0.73887
107090516 -1.02168 0.34325 -0.74241
107090517 -1.01981 0.34325 -0.74594
107090518 -1.01795 0.34325 -0.74948
107090519 -1.01608 0.34325 -0.75302
107090520 -1.01422 0.34325 -0.75656
107090521 -1.01235 0.34325 -0.76010
107090522 -1.01048 0.34325 -0.76364
107090523 -1.00862 0.34325 -0.76717
107090524 -1.00675 0.34325 -0.77071
107090525 -1.00489 0.34325 -0.77425
107090526 -1.00302 0.34325 -0.77779
107090527 -1.00116 0.34325 -0.78133
107090528 -0.99929 0.34325 -0.78487
107090529 -0.99743 0.34325 -0.78840
107090530 -0.99556 0.34325 -0.79194
107090531 -0.99370 0.34325 -0.79548
107090532 -0.99183 0.34325 -0.79902
107090533 -0.98997 0.34325 -0.80256
107090534 -0.98810 0.34325 -0.80610
107090535 -0.98623 0.34325 -0.80963
107090536 -0.98437 0.34325 -0.81317
107090537 -0.98250 0.34325 -0.81671
107090538 -0.98064 0.34325 -0.82025
107090539 -0.97877 0.34325 -0.82379
107090540 -0.97691 0.34325 -0.82733
107090541 -0.97504 0.34325 -0.83087
107090542 -0.97318 0.34325 -0.83440
107090543 -0.97131 0.34325 -0.83794
107090544 -0.96945 0.34325 -0.84148
107090545 -0.96758 0.34325 -0.84502
107090546 -0.96571 0.34325 -0.84856
107090547 -0.96385 0.34325 -0.85210
107090548 -0.96198 0.34325 -0.85563
107090549 -0.96012 0.34325 -0.85917
107090550 -0.95825 0.34325 -0.86271
107090551 -0.95639 0.34325 -0.86625
107090552 -0.95452 0.34325 -0.86979
107090553 -0.95266 0.34325 -0.87333
107090554 -0.95079 0.34325 -0.87686
107090555 -0.94893 0.34325 -0.88040
107090556 -0.94706 0.34325 -0.88394
107090557 -0.94520 0.34325 -0.88748
107090558 -0.94333 0.34325 -0.89102
107090559 -0.94146 0.34325 -0.89456
107090560 -0.93960 0.34325 -0.89809
107090561 -0.93773 0.34325 -0.90163
107090562 -0.93587 0.34325 -0.90517
107090563 -0.93400 0.34325 -0.90871
107090564 -0.93214 0.34325 -0.91225
107090565 -0.93027 0.34325 -0.91579
107090566 -0.92841 0.34325 -0.91932
107090567 -0.92654 0.34325 -0.92286
107090568 -0.92468 0.34325 -0.92640
107090569 -0.92281 0.34325 -0.92994
107090570 -0.92094 0.34325 -0.93348
107090571 -0.91908 0.34325 -0.93702
107090572 -0.91721 0.34325 -0.94056
107090573 -0.91535 0.34325 -0.94409
107090574 -0.91348 0.34325 -0.94763
107090575 -0.91162 0.34325 -0.95117
107090576 -0.90975 0.34325 -0.95471
107090577 -0.90789 0.34325 -0.95825
107090578 -0.90602 0.34325 -0.96179
107090579 -0.90416 0.34325 -0.96532
107090580 -0.90229 0.34325 -0.96886
107090581 -0.90043 0.34325 -0.97240
107090582 -0.89856 0.34325 -0.97594
107090583 -0.89669 0.34325 -0.97948
107090584 -0.89483 0.34325 -0.98302
107090585 -0.89296 0.34325 -0.98655
107090586 -0.89110 0.34325 -0.99009
107090587 -0.88923 0.34325 -0.99363
107090588 -0.88737 0.34325 -0.99717
107090589 -0.88550 0.34325 -1.00071
107090590 -0.88364 0.34325 -1.00425
107090591 -0.88177 0.34325 -1.00778
107090592 -0.87991 0.34325 -1.01132
107090593 -0.87804 0.34325 -1.01486
107090594 -0.87617 0.34325 -1.01840
107090595 -0.87431 0.34325 -1.02194
107090596 -0.87244 0.34325 -1.02548
107090597 -0.87058 0.34325 -1.02901
107090598 -0.86871 0.34325 -1.03255
107090599 -0.86685 0.34325 -1.03609
107090600 -0.86498 0.34325 -1.03963
107090601 -1.14293 0.35675 -0.51241
107090602 -1.14106 0.35675 -0.51595
107090603 -1.13920 0.35675 -0.51949
107090604 -1.13733 0.35675 -0.52303
107090605 -1.13547 0.35675 -0.52656
107090606 -1.13360 0.35675 -0.53010
107090607 -1.13174 0.35675 -0.53364
107090608 -1.12987 0.35675 -0.53718
107090609 -1.12801 0.35675 -0.54072
107090610 -1.12614 0.35675 -0.54426
107090611 -1.12428 0.35675 -0.54779
107090612 -1.12241 0.35675 -0.55133
107090613 -1.12054 0.35675 -0.55487
107090614 -1.11868 0.35675 -0.55841
107090615 -1.11681 0.35675 -0.56195
107090616 -1.11495 0.35675 -0.56549
107090617 -1.11308 0.35675 -0.56902
107090618 -1.11122 0.35675 -0.57256
107090619 -1.10935 0.35675 -0.57610
107090620 -1.10749 0.35675 -0.57964
107090621 -1.10562 0.35675 -0.58318
107090622 -1.10376 0.35675 -0.58672
107090623 -1.10189 0.35675 -0.59025
107090624 -1.10003 0.35675 -0.59379
107090625 -1.09816 0.35675 -0.59733
107090626 -1.09629 0.35675 -0.60087
107090627 -1.09443 0.35675 -0.60441
107090628 -1.09256 0.35675 -0.60795
107090629 -1.09070 0.35675 -0.61148
107090630 -1.08883 0.35675 -0.61502
107090631 -1.08697 0.35675 -0.61856
107090632 -1.08510 0.35675 -0.62210
107090633 -1.08324 0.35675 -0.62564
107090634 -1.08137 0.35675 -0.62918
107090635 -1.07951 0.35675 -0.63272
107090636 -1.07764 0.35675 -0.63625
107090637 -1.07577 0.35675 -0.63979
107090638 -1.07391 0.35675 -0.64333
107090639 -1.07204 0.35675 -0.64687
107090640 -1.07018 0.35675 -0.65041
107090641 -1.06831 0.35675 -0.65395
107090642 -1.06645 0.35675 -0.65748
107090643 -1.06458 0.35675 -0.66102
107090644 -1.06272 0.35675 -0.66456
107090645 -1.06085 0.35675 -0.66810
107090646 -1.05899 0.35675 -0.67164
107090647 -1.05712 0.35675 -0.67518
107090648 -1.05526 0.35675 -0.67871
107090649 -1.05339 0.35675 -0.68225
107090650 -1.05152 0.35675 -0.68579
107090651 -1.04966 0.35675 -0.68933
107090652 -1.04779 0.35675 -0.69287
107090653 -1.04593 0.35675 -0.69641
107090654 -1.04406 0.35675 -0.69994
107090655 -1.04220 0.35675 -0.70348
107090656 -1.04033 0.35675 -0.70702
107090657 -1.03847 0.35675 -0.71056
107090658 -1.03660 0.35675 -0.71410
107090659 -1.03474 0.35675 -0.71764
107090660 -1.03287 0.35675 -0.72117
107090661 -1.03100 0.35675 -0.72471
107090662 -1.02914 0.35675 -0.72825
107090663 -1.02727 0.35675 -0.73179
107090664 -1.02541 0.35675 -0.73533
107090665 -1.02354 0.35675 -0.73887
107090666 -1.02168 0.35675 -0.74241
107090667 -1.01981 0.35675 -0.74594
107090668 -1.01795 0.35675 -0.74948
107090669 -1.01608 0.35675 -0.75302
107090670 -1.01422 0.35675 -0.75656
107090671 -1.01235 0.35675 -0.76010
107090672 -1.01048 0.35675 -0.76364
107090673 -1.00862 0.35675 -0.76717
107090674 -1.00675 0.35675 -0.77071
107090675 -1.00489 0.35675 -0.77425
107090676 -1.00302 0.35675 -0.77779
107090677 -1.00116 0.35675 -0.78133
107090678 -0.99929 0.35675 -0.78487
107090679 -0.99743 0.35675 -0.78840
107090680 -0.99556 0.35675 -0.79194
107090681 -0.99370 0.35675 -0.79548
107090682 -0.99183 0.35675 -0.79902
107090683 -0.98997 0.35675 -0.80256
107090684 -0.98810 0.35675 -0.80610
107090685 -0.98623 0.35675 -0.80963
107090686 -0.98437 0.35675 -0.81317
107090687 -0.98250 0.35675 -0.81671
107090688 -0.98064 0.35675 -0.82025
107090689 -0.97877 0.35675 -0.82379
107090690 -0.97691 0.35675 -0.82733
107090691 -0.97504 0.35675 -0.83087
107090692 -0.97318 0.35675 -0.83440
107090693 -0.97131 0.35675 -0.83794
107090694 -0.96945 0.35675 -0.84148
107090695 -0.96758 0.35675 -0.84502
107090696 -0.96571 0.35675 -0.84856
107090697 -0.96385 0.35675 -0.85210
107090698 -0.96198 0.35675 -0.85563
107090699 -0.96012 0.35675 -0.85917
107090700 -0.95825 0.35675 -0.86271
107090701 -0.95639 0.35675 -0.86625
107090702 -0.95452 0.35675 -0.86979
107090703 -0.95266 0.35675 -0.87333
107090704 -0.95079 0.35675 -0.87686
107090705 -0.94893 0.35675 -0.88040
107090706 -0.94706 0.35675 -0.88394
107090707 -0.94520 0.35675 -0.88748
107090708 -0.94333 0.35675 -0.89102
107090709 -0.94146 0.35675 -0.89456
107090710 -0.93960 0.35675 -0.89809
107090711 -0.93773 0.35675 -0.90163
107090712 -0.93587 0.35675 -0.90517
107090713 -0.93400 0.35675 -0.90871
107090714 -0.93214 0.35675 -0.91225
107090715 -0.93027 0.35675 -0.91579
107090716 -0.92841 0.35675 -0.91932
107090717 -0.92654 0.35675 -0.92286
107090718 -0.92468 0.35675 -0.92640
107090719 -0.92281 0.35675 -0.92994
107090720 -0.92094 0.35675 -0.93348
107090721 -0.91908 0.35675 -0.93702
107090722 -0.91721 0.35675 -0.94056
107090723 -0.91535 0.35675 -0.94409
107090724 -0.91348 0.35675 -0.94763
107090725 -0.91162 0.35675 -0.95117
107090726 -0.90975 0.35675 -0.95471
107090727 -0.90789 0.35675 -0.95825
107090728 -0.90602 0.35675 -0.96179
107090729 -0.90416 0.35675 -0.96532
107090730 -0.90229 0.35675 -0.96886
107090731 -0.90043 0.35675 -0.97240
107090732 -0.89856 0.35675 -0.97594
107090733 -0.89669 0.35675 -0.97948
107090734 -0.89483 0.35675 -0.98302
107090735 -0.89296 0.35675 -0.98655
107090736 -0.89110 0.35675 -0.99009
107090737 -0.88923 0.35675 -0.99363
107090738 -0.88737 0.35675 -0.99717
107090739 -0.88550 0.35675 -1.00071
107090740 -0.88364 0.35675 -1.00425
107090741 -0.88177 0.35675 -1.00778
107090742 -0.87991 0.35675 -1.01132
107090743 -0.87804 0.35675 -1.01486
107090744 -0.87617 0.35675 -1.01840
107090745 -0.87431 0.35675 -1.02194
107090746 -0.87244 0.35675 -1.02548
107090747 -0.87058 0.35675 -1.02901
107090748 -0.86871 0.35675 -1.03255
107090749 -0.86685 0.35675 -1.03609
107090750 -0.86498 0.35675 -1.03963
107090751 -1.14293 0.37025 -0.51241
107090752 -1.14106 0.37025 -0.51595
107090753 -1.13920 0.37025 -0.51949
107090754 -1.13733 0.37025 -0.52303
107090755 -1.13547 0.37025 -0.52656
107090756 -1.13360 0.37025 -0.53010
107090757 -1.13174 0.37025 -0.53364
107090758 -1.12987 0.37025 -0.53718
107090759 -1.12801 0.37025 -0.54072
107090760 -1.12614 0.37025 -0.54426
107090761 -1.12428 0.37025 -0.54779
107090762 -1.12241 0.37025 -0.55133
107090763 -1.12054 0.37025 -0.55487
107090764 -1.11868 0.37025 -0.55841
107090765 -1.11681 0.37025 -0.56195
107090766 -1.11495 0.37025 -0.56549
107090767 -1.11308 0.37025 -0.56902
107090768 -1.11122 0.37025 -0.57256
107090769 -1.10935 0.37025 -0.57610
107090770 -1.10749 0.37025 -0.57964
107090771 -1.10562 0.37025 -0.58318
107090772 -1.10376 0.37025 -0.58672
107090773 -1.10189 0.37025 -0.59025
107090774 -1.10003 0.37025 -0.59379
107090775 -1.09816 0.37025 -0.59733
107090776 -1.09629 0.37025 -0.60087
107090777 -1.09443 0.37025 -0.60441
107090778 -1.09256 0.37025 -0.60795
107090779 -1.09070 0.37025 -0.61148
107090780 -1.08883 0.37025 -0.61502
107090781 -1.08697 0.37025 -0.61856
107090782 -1.08510 0.37025 -0.62210
107090783 -1.08324 0.37025 -0.62564
107090784 -1.08137 0.37025 -0.62918
107090785 -1.07951 0.37025 -0.63272
107090786 -1.07764 0.37025 -0.63625
107090787 -1.07577 0.37025 -0.63979
107090788 -1.07391 0.37025 -0.64333
107090789 -1.07204 0.37025 -0.64687
107090790 -1.07018 0.37025 -0.65041
107090791 -1.06831 0.37025 -0.65395
107090792 -1.06645 0.37025 -0.65748
107090793 -1.06458 0.37025 -0.66102
107090794 -1.06272 0.37025 -0.66456
107090795 -1.06085 0.37025 -0.66810
107090796 -1.05899 0.37025 -0.67164
107090797 -1.05712 0.37025 -0.67518
107090798 -1.05526 0.37025 -0.67871
107090799 -1.05339 0.37025 -0.68225
107090800 -1.05152 0.37025 -0.68579
107090801 -1.04966 0.37025 -0.68933
107090802 -1.04779 0.37025 -0.69287
107090803 -1.04593 0.37025 -0.69641
107090804 -1.04406 0.37025 -0.69994
107090805 -1.04220 0.37025 -0.70348
107090806 -1.04033 0.37025 -0.70702
107090807 -1.03847 0.37025 -0.71056
107090808 -1.03660 0.37025 -0.71410
107090809 -1.03474 0.37025 -0.71764
107090810 -1.03287 0.37025 -0.72117
107090811 -1.03100 0.37025 -0.72471
107090812 -1.02914 0.37025 -0.72825
107090813 -1.02727 0.37025 -0.73179
107090814 -1.02541 0.37025 -0.73533
107090815 -1.02354 0.37025 -0.73887
107090816 -1.02168 0.37025 -0.74241
107090817 -1.01981 0.37025 -0.74594
107090818 -1.01795 0.37025 -0.74948
107090819 -1.01608 0.37025 -0.75302
107090820 -1.01422 0.37025 -0.75656
107090821 -1.01235 0.37025 -0.76010
107090822 -1.01048 0.37025 -0.76364
107090823 -1.00862 0.37025 -0.76717
107090824 -1.00675 0.37025 -0.77071
107090825 -1.00489 0.37025 -0.77425
107090826 -1.00302 0.37025 -0.77779
107090827 -1.00116 0.37025 -0.78133
107090828 -0.99929 0.37025 -0.78487
107090829 -0.99743 0.37025 -0.78840
107090830 -0.99556 0.37025 -0.79194
107090831 -0.99370 0.37025 -0.79548
107090832 -0.99183 0.37025 -0.79902
107090833 -0.98997 0.37025 -0.80256
107090834 -0.98810 0.37025 -0.80610
107090835 -0.98623 0.37025 -0.80963
107090836 -0.98437 0.37025 -0.81317
107090837 -0.98250 0.37025 -0.81671
107090838 -0.98064 0.37025 -0.82025
107090839 -0.97877 0.37025 -0.82379
107090840 -0.97691 0.37025 -0.82733
107090841 -0.97504 0.37025 -0.83087
107090842 -0.97318 0.37025 -0.83440
107090843 -0.97131 0.37025 -0.83794
107090844 -0.96945 0.37025 -0.84148
107090845 -0.96758 0.37025 -0.84502
107090846 -0.96571 0.37025 -0.84856
107090847 -0.96385 0.37025 -0.85210
107090848 -0.96198 0.37025 -0.85563
107090849 -0.96012 0.37025 -0.85917
107090850 -0.95825 0.37025 -0.86271
107090851 -0.95639 0.37025 -0.86625
107090852 -0.95452 0.37025 -0.86979
107090853 -0.95266 0.37025 -0.87333
107090854 -0.95079 0.37025 -0.87686
107090855 -0.94893 0.37025 -0.88040
107090856 -0.94706 0.37025 -0.88394
107090857 -0.94520 0.37025 -0.88748
107090858 -0.94333 0.37025 -0.89102
107090859 -0.94146 0.37025 -0.89456
107090860 -0.93960 0.37025 -0.89809
107090861 -0.93773 0.37025 -0.90163
107090862 -0.93587 0.37025 -0.90517
107090863 -0.93400 0.37025 -0.90871
107090864 -0.93214 0.37025 -0.91225
107090865 -0.93027 0.37025 -0.91579
107090866 -0.92841 0.37025 -0.91932
107090867 -0.92654 0.37025 -0.92286
107090868 -0.92468 0.37025 -0.92640
107090869 -0.92281 0.37025 -0.92994
107090870 -0.92094 0.37025 -0.93348
107090871 -0.91908 0.37025 -0.93702
107090872 -0.91721 0.37025 -0.94056
107090873 -0.91535 0.37025 -0.94409
107090874 -0.91348 0.37025 -0.94763
107090875 -0.91162 0.37025 -0.95117
107090876 -0.90975 0.37025 -0.95471
107090877 -0.90789 0.37025 -0.95825
107090878 -0.90602 0.37025 -0.96179
107090879 -0.90416 0.37025 -0.96532
107090880 -0.90229 0.37025 -0.96886
107090881 -0.90043 0.37025 -0.97240
107090882 -0.89856 0.37025 -0.97594
107090883 -0.89669 0.37025 -0.97948
107090884 -0.89483 0.37025 -0.98302
107090885 -0.89296 0.37025 -0.98655
107090886 -0.89110 0.37025 -0.99009
107090887 -0.88923 0.37025 -0.99363
107090888 -0.88737 0.37025 -0.99717
107090889 -0.88550 0.37025 -1.00071
107090890 -0.88364 0.37025 -1.00425
107090891 -0.88177 0.37025 -1.00778
107090892 -0.87991 0.37025 -1.01132
107090893 -0.87804 0.37025 -1.01486
107090894 -0.87617 0.37025 -1.01840
107090895 -0.87431 0.37025 -1.02194
107090896 -0.87244 0.37025 -1.02548
107090897 -0.87058 0.37025 -1.02901
107090898 -0.86871 0.37025 -1.03255
107090899 -0.86685 0.37025 -1.03609
107090900 -0.86498 0.37025 -1.03963
107090901 -1.14293 0.38375 -0.51241
107090902 -1.14106 0.38375 -0.51595
107090903 -1.13920 0.38375 -0.51949
107090904 -1.13733 0.38375 -0.52303
107090905 -1.13547 0.38375 -0.52656
107090906 -1.13360 0.38375 -0.53010
107090907 -1.13174 0.38375 -0.53364
107090908 -1.12987 0.38375 -0.53718
107090909 -1.12801 0.38375 -0.54072
107090910 -1.12614 0.38375 -0.54426
107090911 -1.12428 0.38375 -0.54779
107090912 -1.12241 0.38375 -0.55133
107090913 -1.12054 0.38375 -0.55487
107090914 -1.11868 0.38375 -0.55841
107090915 -1.11681 0.38375 -0.56195
107090916 -1.11495 0.38375 -0.56549
107090917 -1.11308 0.38375 -0.56902
107090918 -1.11122 0.38375 -0.57256
107090919 -1.10935 0.38375 -0.57610
107090920 -1.10749 0.38375 -0.57964
107090921 -1.10562 0.38375 -0.58318
107090922 -1.10376 0.38375 -0.58672
107090923 -1.10189 0.38375 -0.59025
107090924 -1.10003 0.38375 -0.59379
107090925 -1.09816 0.38375 -0.59733
107090926 -1.09629 0.38375 -0.60087
107090927 -1.09443 0.38375 -0.60441
107090928 -1.09256 0.38375 -0.60795
107090929 -1.09070 0.38375 -0.61148
107090930 -1.08883 0.38375 -0.61502
107090931 -1.08697 0.38375 -0.61856
107090932 -1.08510 0.38375 -0.62210
107090933 -1.08324 0.38375 -0.62564
107090934 -1.08137 0.38375 -0.62918
107090935 -1.07951 0.38375 -0.63272
107090936 -1.07764 0.38375 -0.63625
107090937 -1.07577 0.38375 -0.63979
107090938 -1.07391 0.38375 -0.64333
107090939 -1.07204 0.38375 -0.64687
107090940 -1.07018 0.38375 -0.65041
107090941 -1.06831 0.38375 -0.65395
107090942 -1.06645 0.38375 -0.65748
107090943 -1.06458 0.38375 -0.66102
107090944 -1.06272 0.38375 -0.66456
107090945 -1.06085 0.38375 -0.66810
107090946 -1.05899 0.38375 -0.67164
107090947 -1.05712 0.38375 -0.67518
107090948 -1.05526 0.38375 -0.67871
107090949 -1.05339 0.38375 -0.68225
107090950 -1.05152 0.38375 -0.68579
107090951 -1.04966 0.38375 -0.68933
107090952 -1.04779 0.38375 -0.69287
107090953 -1.04593 0.38375 -0.69641
107090954 -1.04406 0.38375 -0.69994
107090955 -1.04220 0.38375 -0.70348
107090956 -1.04033 0.38375 -0.70702
107090957 -1.03847 0.38375 -0.71056
107090958 -1.03660 0.38375 -0.71410
107090959 -1.03474 0.38375 -0.71764
107090960 -1.03287 0.38375 -0.72117
107090961 -1.03100 0.38375 -0.72471
107090962 -1.02914 0.38375 -0.72825
107090963 -1.02727 0.38375 -0.73179
107090964 -1.02541 0.38375 -0.73533
107090965 -1.02354 0.38375 -0.73887
107090966 -1.02168 0.38375 -0.74241
107090967 -1.01981 0.38375 -0.74594
107090968 -1.01795 0.38375 -0.74948
107090969 -1.01608 0.38375 -0.75302
107090970 -1.01422 0.38375 -0.75656
107090971 -1.01235 0.38375 -0.76010
107090972 -1.01048 0.38375 -0.76364
107090973 -1.00862 0.38375 -0.76717
107090974 -1.00675 0.38375 -0.77071
107090975 -1.00489 0.38375 -0.77425
107090976 -1.00302 0.38375 -0.77779
107090977 -1.00116 0.38375 -0.78133
107090978 -0.99929 0.38375 -0.78487
107090979 -0.99743 0.38375 -0.78840
107090980 -0.99556 0.38375 -0.79194
107090981 -0.99370 0.38375 -0.79548
107090982 -0.99183 0.38375 -0.79902
107090983 -0.98997 0.38375 -0.80256
107090984 -0.98810 0.38375 -0.80610
107090985 -0.98623 0.38375 -0.80963
107090986 -0.98437 0.38375 -0.81317
107090987 -0.98250 0.38375 -0.81671
107090988 -0.98064 0.38375 -0.82025
107090989 -0.97877 0.38375 -0.82379
107090990 -0.97691 0.38375 -0.82733
107090991 -0.97504 0.38375 -0.83087
107090992 -0.97318 0.38375 -0.83440
107090993 -0.97131 0.38375 -0.83794
107090994 -0.96945 0.38375 -0.84148
107090995 -0.96758 0.38375 -0.84502
107090996 -0.96571 0.38375 -0.84856
107090997 -0.96385 0.38375 -0.85210
107090998 -0.96198 0.38375 -0.85563
107090999 -0.96012 0.38375 -0.85917
107091000 -0.95825 0.38375 -0.86271
107091001 -0.95639 0.38375 -0.86625
107091002 -0.95452 0.38375 -0.86979
107091003 -0.95266 0.38375 -0.87333
107091004 -0.95079 0.38375 -0.87686
107091005 -0.94893 0.38375 -0.88040
107091006 -0.94706 0.38375 -0.88394
107091007 -0.94520 0.38375 -0.88748
107091008 -0.94333 0.38375 -0.89102
107091009 -0.94146 0.38375 -0.89456
107091010 -0.93960 0.38375 -0.89809
107091011 -0.93773 0.38375 -0.90163
107091012 -0.93587 0.38375 -0.90517
107091013 -0.93400 0.38375 -0.90871
107091014 -0.93214 0.38375 -0.91225
107091015 -0.93027 0.38375 -0.91579
107091016 -0.92841 0.38375 -0.91932
107091017 -0.92654 0.38375 -0.92286
107091018 -0.92468 0.38375 -0.92640
107091019 -0.92281 0.38375 -0.92994
107091020 -0.92094 0.38375 -0.93348
107091021 -0.91908 0.38375 -0.93702
107091022 -0.91721 0.38375 -0.94056
107091023 -0.91535 0.38375 -0.94409
107091024 -0.91348 0.38375 -0.94763
107091025 -0.91162 0.38375 -0.95117
107091026 -0.90975 0.38375 -0.95471
107091027 -0.90789 0.38375 -0.95825
107091028 -0.90602 0.38375 -0.96179
107091029 -0.90416 0.38375 -0.96532
107091030 -0.90229 0.38375 -0.96886
107091031 -0.90043 0.38375 -0.97240
107091032 -0.89856 0.38375 -0.97594
107091033 -0.89669 0.38375 -0.97948
107091034 -0.89483 0.38375 -0.98302
107091035 -0.89296 0.38375 -0.98655
107091036 -0.89110 0.38375 -0.99009
107091037 -0.88923 0.38375 -0.99363
107091038 -0.88737 0.38375 -0.99717
107091039 -0.88550 0.38375 -1.00071
107091040 -0.88364 0.38375 -1.00425
107091041 -0.88177 0.38375 -1.00778
107091042 -0.87991 0.38375 -1.01132
107091043 -0.87804 0.38375 -1.01486
107091044 -0.87617 0.38375 -1.01840
107091045 -0.87431 0.38375 -1.02194
107091046 -0.87244 0.38375 -1.02548
107091047 -0.87058 0.38375 -1.02901
107091048 -0.86871 0.38375 -1.03255
107091049 -0.86685 0.38375 -1.03609
107091050 -0.86498 0.38375 -1.03963
107091051 -1.14293 0.39725 -0.51241
107091052 -1.14106 0.39725 -0.51595
107091053 -1.13920 0.39725 -0.51949
107091054 -1.13733 0.39725 -0.52303
107091055 -1.13547 0.39725 -0.52656
107091056 -1.13360 0.39725 -0.53010
107091057 -1.13174 0.39725 -0.53364
107091058 -1.12987 0.39725 -0.53718
107091059 -1.12801 0.39725 -0.54072
107091060 -1.12614 0.39725 -0.54426
107091061 -1.12428 0.39725 -0.54779
107091062 -1.12241 0.39725 -0.55133
107091063 -1.12054 0.39725 -0.55487
107091064 -1.11868 0.39725 -0.55841
107091065 -1.11681 0.39725 -0.56195
107091066 -1.11495 0.39725 -0.56549
107091067 -1.11308 0.39725 -0.56902
107091068 -1.11122 0.39725 -0.57256
107091069 -1.10935 0.39725 -0.57610
107091070 -1.10749 0.39725 -0.57964
107091071 -1.10562 0.39725 -0.58318
107091072 -1.10376 0.39725 -0.58672
107091073 -1.10189 0.39725 -0.59025
107091074 -1.10003 0.39725 -0.59379
107091075 -1.09816 0.39725 -0.59733
107091076 -1.09629 0.39725 -0.60087
107091077 -1.09443 0.39725 -0.60441
107091078 -1.09256 0.39725 -0.60795
107091079 -1.09070 0.39725 -0.61148
107091080 -1.08883 0.39725 -0.61502
107091081 -1.08697 0.39725 -0.61856
107091082 -1.08510 0.39725 -0.62210
107091083 -1.08324 0.39725 -0.62564
107091084 -1.08137 0.39725 -0.62918
107091085 -1.07951 0.39725 -0.63272
107091086 -1.07764 0.39725 -0.63625
107091087 -1.07577 0.39725 -0.63979
107091088 -1.07391 0.39725 -0.64333
107091089 -1.07204 0.39725 -0.64687
107091090 -1.07018 0.39725 -0.65041
107091091 -1.06831 0.39725 -0.65395
107091092 -1.06645 0.39725 -0.65748
107091093 -1.06458 0.39725 -0.66102
107091094 -1.06272 0.39725 -0.66456
107091095 -1.06085 0.39725 -0.66810
107091096 -1.05899 0.39725 -0.67164
107091097 -1.05712 0.39725 -0.67518
107091098 -1.05526 0.39725 -0.67871
107091099 -1.05339 0.39725 -0.68225
107091100 -1.05152 0.39725 -0.68579
107091101 -1.04966 0.39725 -0.68933
107091102 -1.04779 0.39725 -0.69287
107091103 -1.04593 0.39725 -0.69641
107091104 -1.04406 0.39725 -0.69994
107091105 -1.04220 0.39725 -0.70348
107091106 -1.04033 0.39725 -0.70702
107091107 -1.03847 0.39725 -0.71056
107091108 -1.03660 0.39725 -0.71410
107091109 -1.03474 0.39725 -0.71764
107091110 -1.03287 0.39725 -0.72117
107091111 -1.03100 0.39725 -0.72471
107091112 -1.02914 0.39725 -0.72825
107091113 -1.02727 0.39725 -0.73179
107091114 -1.02541 0.39725 -0.73533
107091115 -1.02354 0.39725 -0.73887
107091116 -1.02168 0.39725 -0.74241
107091117 -1.01981 0.39725 -0.74594
107091118 -1.01795 0.39725 -0.74948
107091119 -1.01608 0.39725 -0.75302
107091120 -1.01422 0.39725 -0.75656
107091121 -1.01235 0.39725 -0.76010
107091122 -1.01048 0.39725 -0.76364
107091123 -1.00862 0.39725 -0.76717
107091124 -1.00675 0.39725 -0.77071
107091125 -1.00489 0.39725 -0.77425
107091126 -1.00302 0.39725 -0.77779
107091127 -1.00116 0.39725 -0.78133
107091128 -0.99929 0.39725 -0.78487
107091129 -0.99743 0.39725 -0.78840
107091130 -0.99556 0.39725 -0.79194
107091131 -0.99370 0.39725 -0.79548
107091132 -0.99183 0.39725 -0.79902
107091133 -0.98997 0.39725 -0.80256
107091134 -0.98810 0.39725 -0.80610
107091135 -0.98623 0.39725 -0.80963
107091136 -0.98437 0.39725 -0.81317
107091137 -0.98250 0.39725 -0.81671
107091138 -0.98064 0.39725 -0.82025
107091139 -0.97877 0.39725 -0.82379
107091140 -0.97691 0.39725 -0.82733
107091141 -0.97504 0.39725 -0.83087
107091142 -0.97318 0.39725 -0.83440
107091143 -0.97131 0.39725 -0.83794
107091144 -0.96945 0.39725 -0.84148
107091145 -0.96758 0.39725 -0.84502
107091146 -0.96571 0.39725 -0.84856
107091147 -0.96385 0.39725 -0.85210
107091148 -0.96198 0.39725 -0.85563
107091149 -0.96012 0.39725 -0.85917
107091150 -0.95825 0.39725 -0.86271
107091151 -0.95639 0.39725 -0.86625
107091152 -0.95452 0.39725 -0.86979
107091153 -0.95266 0.39725 -0.87333
107091154 -0.95079 0.39725 -0.87686
107091155 -0.94893 0.39725 -0.88040
107091156 -0.94706 0.39725 -0.88394
107091157 -0.94520 0.39725 -0.88748
107091158 -0.94333 0.39725 -0.89102
107091159 -0.94146 0.39725 -0.89456
107091160 -0.93960 0.39725 -0.89809
107091161 -0.93773 0.39725 -0.90163
107091162 -0.93587 0.39725 -0.90517
107091163 -0.93400 0.39725 -0.90871
107091164 -0.93214 0.39725 -0.91225
107091165 -0.93027 0.39725 -0.91579
107091166 -0.92841 0.39725 -0.91932
107091167 -0.92654 0.39725 -0.92286
107091168 -0.92468 0.39725 -0.92640
107091169 -0.92281 0.39725 -0.92994
107091170 -0.92094 0.39725 -0.93348
107091171 -0.91908 0.39725 -0.93702
107091172 -0.91721 0.39725 -0.94056
107091173 -0.91535 0.39725 -0.94409
107091174 -0.91348 0.39725 -0.94763
107091175 -0.91162 0.39725 -0.95117
107091176 -0.90975 0.39725 -0.95471
107091177 -0.90789 0.39725 -0.95825
107091178 -0.90602 0.39725 -0.96179
107091179 -0.90416 0.39725 -0.96532
107091180 -0.90229 0.39725 -0.96886
107091181 -0.90043 0.39725 -0.97240
107091182 -0.89856 0.39725 -0.97594
107091183 -0.89669 0.39725 -0.97948
107091184 -0.89483 0.39725 -0.98302
107091185 -0.89296 0.39725 -0.98655
107091186 -0.89110 0.39725 -0.99009
107091187 -0.88923 0.39725 -0.99363
107091188 -0.88737 0.39725 -0.99717
107091189 -0.88550 0.39725 -1.00071
107091190 -0.88364 0.39725 -1.00425
107091191 -0.88177 0.39725 -1.00778
107091192 -0.87991 0.39725 -1.01132
107091193 -0.87804 0.39725 -1.01486
107091194 -0.87617 0.39725 -1.01840
107091195 -0.87431 0.39725 -1.02194
107091196 -0.87244 0.39725 -1.02548
107091197 -0.87058 0.39725 -1.02901
107091198 -0.86871 0.39725 -1.03255
107091199 -0.86685 0.39725 -1.03609
107091200 -0.86498 0.39725 -1.03963
