# pixelID  x  y  z
112060001 1.08549 -0.10225 0.56338
112060002 1.08300 -0.10225 0.56651
112060003 1.08050 -0.10225 0.56964
112060004 1.07801 -0.10225 0.57276
112060005 1.07552 -0.10225 0.57589
112060006 1.07302 -0.10225 0.57902
112060007 1.07053 -0.10225 0.58215
112060008 1.06804 -0.10225 0.58528
112060009 1.06555 -0.10225 0.58840
112060010 1.06305 -0.10225 0.59153
112060011 1.06056 -0.10225 0.59466
112060012 1.05807 -0.10225 0.59779
112060013 1.05557 -0.10225 0.60092
112060014 1.05308 -0.10225 0.60404
112060015 1.05059 -0.10225 0.60717
112060016 1.04809 -0.10225 0.61030
112060017 1.04560 -0.10225 0.61343
112060018 1.04311 -0.10225 0.61656
112060019 1.04061 -0.10225 0.61968
112060020 1.03812 -0.10225 0.62281
112060021 1.03563 -0.10225 0.62594
112060022 1.03314 -0.10225 0.62907
112060023 1.03064 -0.10225 0.63220
112060024 1.02815 -0.10225 0.63532
112060025 1.02566 -0.10225 0.63845
112060026 1.02316 -0.10225 0.64158
112060027 1.02067 -0.10225 0.64471
112060028 1.01818 -0.10225 0.64784
112060029 1.01568 -0.10225 0.65097
112060030 1.01319 -0.10225 0.65409
112060031 1.01070 -0.10225 0.65722
112060032 1.00821 -0.10225 0.66035
112060033 1.00571 -0.10225 0.66348
112060034 1.00322 -0.10225 0.66661
112060035 1.00073 -0.10225 0.66973
112060036 0.99823 -0.10225 0.67286
112060037 0.99574 -0.10225 0.67599
112060038 0.99325 -0.10225 0.67912
112060039 0.99075 -0.10225 0.68225
112060040 0.98826 -0.10225 0.68537
112060041 0.98577 -0.10225 0.68850
112060042 0.98327 -0.10225 0.69163
112060043 0.98078 -0.10225 0.69476
112060044 0.97829 -0.10225 0.69789
112060045 0.97580 -0.10225 0.70101
112060046 0.97330 -0.10225 0.70414
112060047 0.97081 -0.10225 0.70727
112060048 0.96832 -0.10225 0.71040
112060049 0.96582 -0.10225 0.71353
112060050 0.96333 -0.10225 0.71665
112060051 0.96084 -0.10225 0.71978
112060052 0.95834 -0.10225 0.72291
112060053 0.95585 -0.10225 0.72604
112060054 0.95336 -0.10225 0.72917
112060055 0.95086 -0.10225 0.73229
112060056 0.94837 -0.10225 0.73542
112060057 0.94588 -0.10225 0.73855
112060058 0.94339 -0.10225 0.74168
112060059 0.94089 -0.10225 0.74481
112060060 0.93840 -0.10225 0.74793
112060061 0.93591 -0.10225 0.75106
112060062 0.93341 -0.10225 0.75419
112060063 0.93092 -0.10225 0.75732
112060064 0.92843 -0.10225 0.76045
112060065 0.92593 -0.10225 0.76357
112060066 0.92344 -0.10225 0.76670
112060067 0.92095 -0.10225 0.76983
112060068 0.91845 -0.10225 0.77296
112060069 0.91596 -0.10225 0.77609
112060070 0.91347 -0.10225 0.77921
112060071 0.91098 -0.10225 0.78234
112060072 0.90848 -0.10225 0.78547
112060073 0.90599 -0.10225 0.78860
112060074 0.90350 -0.10225 0.79173
112060075 0.90100 -0.10225 0.79486
112060076 0.89851 -0.10225 0.79798
112060077 0.89602 -0.10225 0.80111
112060078 0.89352 -0.10225 0.80424
112060079 0.89103 -0.10225 0.80737
112060080 0.88854 -0.10225 0.81050
112060081 0.88605 -0.10225 0.81362
112060082 0.88355 -0.10225 0.81675
112060083 0.88106 -0.10225 0.81988
112060084 0.87857 -0.10225 0.82301
112060085 0.87607 -0.10225 0.82614
112060086 0.87358 -0.10225 0.82926
112060087 0.87109 -0.10225 0.83239
112060088 0.86859 -0.10225 0.83552
112060089 0.86610 -0.10225 0.83865
112060090 0.86361 -0.10225 0.84178
112060091 0.86111 -0.10225 0.84490
112060092 0.85862 -0.10225 0.84803
112060093 0.85613 -0.10225 0.85116
112060094 0.85364 -0.10225 0.85429
112060095 0.85114 -0.10225 0.85742
112060096 0.84865 -0.10225 0.86054
112060097 0.84616 -0.10225 0.86367
112060098 0.84366 -0.10225 0.86680
112060099 0.84117 -0.10225 0.86993
112060100 0.83868 -0.10225 0.87306
112060101 0.83618 -0.10225 0.87618
112060102 0.83369 -0.10225 0.87931
112060103 0.83120 -0.10225 0.88244
112060104 0.82870 -0.10225 0.88557
112060105 0.82621 -0.10225 0.88870
112060106 0.82372 -0.10225 0.89182
112060107 0.82123 -0.10225 0.89495
112060108 0.81873 -0.10225 0.89808
112060109 0.81624 -0.10225 0.90121
112060110 0.81375 -0.10225 0.90434
112060111 0.81125 -0.10225 0.90746
112060112 0.80876 -0.10225 0.91059
112060113 0.80627 -0.10225 0.91372
112060114 0.80377 -0.10225 0.91685
112060115 0.80128 -0.10225 0.91998
112060116 0.79879 -0.10225 0.92310
112060117 0.79629 -0.10225 0.92623
112060118 0.79380 -0.10225 0.92936
112060119 0.79131 -0.10225 0.93249
112060120 0.78882 -0.10225 0.93562
112060121 0.78632 -0.10225 0.93874
112060122 0.78383 -0.10225 0.94187
112060123 0.78134 -0.10225 0.94500
112060124 0.77884 -0.10225 0.94813
112060125 0.77635 -0.10225 0.95126
112060126 0.77386 -0.10225 0.95439
112060127 0.77136 -0.10225 0.95751
112060128 0.76887 -0.10225 0.96064
112060129 0.76638 -0.10225 0.96377
112060130 0.76388 -0.10225 0.96690
112060131 0.76139 -0.10225 0.97003
112060132 0.75890 -0.10225 0.97315
112060133 0.75641 -0.10225 0.97628
112060134 0.75391 -0.10225 0.97941
112060135 0.75142 -0.10225 0.98254
112060136 0.74893 -0.10225 0.98567
112060137 0.74643 -0.10225 0.98879
112060138 0.74394 -0.10225 0.99192
112060139 0.74145 -0.10225 0.99505
112060140 0.73895 -0.10225 0.99818
112060141 0.73646 -0.10225 1.00131
112060142 0.73397 -0.10225 1.00443
112060143 0.73148 -0.10225 1.00756
112060144 0.72898 -0.10225 1.01069
112060145 0.72649 -0.10225 1.01382
112060146 0.72400 -0.10225 1.01695
112060147 0.72150 -0.10225 1.02007
112060148 0.71901 -0.10225 1.02320
112060149 0.71652 -0.10225 1.02633
112060150 0.71402 -0.10225 1.02946
112060151 1.08549 -0.08875 0.56338
112060152 1.08300 -0.08875 0.56651
112060153 1.08050 -0.08875 0.56964
112060154 1.07801 -0.08875 0.57276
112060155 1.07552 -0.08875 0.57589
112060156 1.07302 -0.08875 0.57902
112060157 1.07053 -0.08875 0.58215
112060158 1.06804 -0.08875 0.58528
112060159 1.06555 -0.08875 0.58840
112060160 1.06305 -0.08875 0.59153
112060161 1.06056 -0.08875 0.59466
112060162 1.05807 -0.08875 0.59779
112060163 1.05557 -0.08875 0.60092
112060164 1.05308 -0.08875 0.60404
112060165 1.05059 -0.08875 0.60717
112060166 1.04809 -0.08875 0.61030
112060167 1.04560 -0.08875 0.61343
112060168 1.04311 -0.08875 0.61656
112060169 1.04061 -0.08875 0.61968
112060170 1.03812 -0.08875 0.62281
112060171 1.03563 -0.08875 0.62594
112060172 1.03314 -0.08875 0.62907
112060173 1.03064 -0.08875 0.63220
112060174 1.02815 -0.08875 0.63532
112060175 1.02566 -0.08875 0.63845
112060176 1.02316 -0.08875 0.64158
112060177 1.02067 -0.08875 0.64471
112060178 1.01818 -0.08875 0.64784
112060179 1.01568 -0.08875 0.65097
112060180 1.01319 -0.08875 0.65409
112060181 1.01070 -0.08875 0.65722
112060182 1.00821 -0.08875 0.66035
112060183 1.00571 -0.08875 0.66348
112060184 1.00322 -0.08875 0.66661
112060185 1.00073 -0.08875 0.66973
112060186 0.99823 -0.08875 0.67286
112060187 0.99574 -0.08875 0.67599
112060188 0.99325 -0.08875 0.67912
112060189 0.99075 -0.08875 0.68225
112060190 0.98826 -0.08875 0.68537
112060191 0.98577 -0.08875 0.68850
112060192 0.98327 -0.08875 0.69163
112060193 0.98078 -0.08875 0.69476
112060194 0.97829 -0.08875 0.69789
112060195 0.97580 -0.08875 0.70101
112060196 0.97330 -0.08875 0.70414
112060197 0.97081 -0.08875 0.70727
112060198 0.96832 -0.08875 0.71040
112060199 0.96582 -0.08875 0.71353
112060200 0.96333 -0.08875 0.71665
112060201 0.96084 -0.08875 0.71978
112060202 0.95834 -0.08875 0.72291
112060203 0.95585 -0.08875 0.72604
112060204 0.95336 -0.08875 0.72917
112060205 0.95086 -0.08875 0.73229
112060206 0.94837 -0.08875 0.73542
112060207 0.94588 -0.08875 0.73855
112060208 0.94339 -0.08875 0.74168
112060209 0.94089 -0.08875 0.74481
112060210 0.93840 -0.08875 0.74793
112060211 0.93591 -0.08875 0.75106
112060212 0.93341 -0.08875 0.75419
112060213 0.93092 -0.08875 0.75732
112060214 0.92843 -0.08875 0.76045
112060215 0.92593 -0.08875 0.76357
112060216 0.92344 -0.08875 0.76670
112060217 0.92095 -0.08875 0.76983
112060218 0.91845 -0.08875 0.77296
112060219 0.91596 -0.08875 0.77609
112060220 0.91347 -0.08875 0.77921
112060221 0.91098 -0.08875 0.78234
112060222 0.90848 -0.08875 0.78547
112060223 0.90599 -0.08875 0.78860
112060224 0.90350 -0.08875 0.79173
112060225 0.90100 -0.08875 0.79486
112060226 0.89851 -0.08875 0.79798
112060227 0.89602 -0.08875 0.80111
112060228 0.89352 -0.08875 0.80424
112060229 0.89103 -0.08875 0.80737
112060230 0.88854 -0.08875 0.81050
112060231 0.88605 -0.08875 0.81362
112060232 0.88355 -0.08875 0.81675
112060233 0.88106 -0.08875 0.81988
112060234 0.87857 -0.08875 0.82301
112060235 0.87607 -0.08875 0.82614
112060236 0.87358 -0.08875 0.82926
112060237 0.87109 -0.08875 0.83239
112060238 0.86859 -0.08875 0.83552
112060239 0.86610 -0.08875 0.83865
112060240 0.86361 -0.08875 0.84178
112060241 0.86111 -0.08875 0.84490
112060242 0.85862 -0.08875 0.84803
112060243 0.85613 -0.08875 0.85116
112060244 0.85364 -0.08875 0.85429
112060245 0.85114 -0.08875 0.85742
112060246 0.84865 -0.08875 0.86054
112060247 0.84616 -0.08875 0.86367
112060248 0.84366 -0.08875 0.86680
112060249 0.84117 -0.08875 0.86993
112060250 0.83868 -0.08875 0.87306
112060251 0.83618 -0.08875 0.87618
112060252 0.83369 -0.08875 0.87931
112060253 0.83120 -0.08875 0.88244
112060254 0.82870 -0.08875 0.88557
112060255 0.82621 -0.08875 0.88870
112060256 0.82372 -0.08875 0.89182
112060257 0.82123 -0.08875 0.89495
112060258 0.81873 -0.08875 0.89808
112060259 0.81624 -0.08875 0.90121
112060260 0.81375 -0.08875 0.90434
112060261 0.81125 -0.08875 0.90746
112060262 0.80876 -0.08875 0.91059
112060263 0.80627 -0.08875 0.91372
112060264 0.80377 -0.08875 0.91685
112060265 0.80128 -0.08875 0.91998
112060266 0.79879 -0.08875 0.92310
112060267 0.79629 -0.08875 0.92623
112060268 0.79380 -0.08875 0.92936
112060269 0.79131 -0.08875 0.93249
112060270 0.78882 -0.08875 0.93562
112060271 0.78632 -0.08875 0.93874
112060272 0.78383 -0.08875 0.94187
112060273 0.78134 -0.08875 0.94500
112060274 0.77884 -0.08875 0.94813
112060275 0.77635 -0.08875 0.95126
112060276 0.77386 -0.08875 0.95439
112060277 0.77136 -0.08875 0.95751
112060278 0.76887 -0.08875 0.96064
112060279 0.76638 -0.08875 0.96377
112060280 0.76388 -0.08875 0.96690
112060281 0.76139 -0.08875 0.97003
112060282 0.75890 -0.08875 0.97315
112060283 0.75641 -0.08875 0.97628
112060284 0.75391 -0.08875 0.97941
112060285 0.75142 -0.08875 0.98254
112060286 0.74893 -0.08875 0.98567
112060287 0.74643 -0.08875 0.98879
112060288 0.74394 -0.08875 0.99192
112060289 0.74145 -0.08875 0.99505
112060290 0.73895 -0.08875 0.99818
112060291 0.73646 -0.08875 1.00131
112060292 0.73397 -0.08875 1.00443
112060293 0.73148 -0.08875 1.00756
112060294 0.72898 -0.08875 1.01069
112060295 0.72649 -0.08875 1.01382
112060296 0.72400 -0.08875 1.01695
112060297 0.72150 -0.08875 1.02007
112060298 0.71901 -0.08875 1.02320
112060299 0.71652 -0.08875 1.02633
112060300 0.71402 -0.08875 1.02946
112060301 1.08549 -0.07525 0.56338
112060302 1.08300 -0.07525 0.56651
112060303 1.08050 -0.07525 0.56964
112060304 1.07801 -0.07525 0.57276
112060305 1.07552 -0.07525 0.57589
112060306 1.07302 -0.07525 0.57902
112060307 1.07053 -0.07525 0.58215
112060308 1.06804 -0.07525 0.58528
112060309 1.06555 -0.07525 0.58840
112060310 1.06305 -0.07525 0.59153
112060311 1.06056 -0.07525 0.59466
112060312 1.05807 -0.07525 0.59779
112060313 1.05557 -0.07525 0.60092
112060314 1.05308 -0.07525 0.60404
112060315 1.05059 -0.07525 0.60717
112060316 1.04809 -0.07525 0.61030
112060317 1.04560 -0.07525 0.61343
112060318 1.04311 -0.07525 0.61656
112060319 1.04061 -0.07525 0.61968
112060320 1.03812 -0.07525 0.62281
112060321 1.03563 -0.07525 0.62594
112060322 1.03314 -0.07525 0.62907
112060323 1.03064 -0.07525 0.63220
112060324 1.02815 -0.07525 0.63532
112060325 1.02566 -0.07525 0.63845
112060326 1.02316 -0.07525 0.64158
112060327 1.02067 -0.07525 0.64471
112060328 1.01818 -0.07525 0.64784
112060329 1.01568 -0.07525 0.65097
112060330 1.01319 -0.07525 0.65409
112060331 1.01070 -0.07525 0.65722
112060332 1.00821 -0.07525 0.66035
112060333 1.00571 -0.07525 0.66348
112060334 1.00322 -0.07525 0.66661
112060335 1.00073 -0.07525 0.66973
112060336 0.99823 -0.07525 0.67286
112060337 0.99574 -0.07525 0.67599
112060338 0.99325 -0.07525 0.67912
112060339 0.99075 -0.07525 0.68225
112060340 0.98826 -0.07525 0.68537
112060341 0.98577 -0.07525 0.68850
112060342 0.98327 -0.07525 0.69163
112060343 0.98078 -0.07525 0.69476
112060344 0.97829 -0.07525 0.69789
112060345 0.97580 -0.07525 0.70101
112060346 0.97330 -0.07525 0.70414
112060347 0.97081 -0.07525 0.70727
112060348 0.96832 -0.07525 0.71040
112060349 0.96582 -0.07525 0.71353
112060350 0.96333 -0.07525 0.71665
112060351 0.96084 -0.07525 0.71978
112060352 0.95834 -0.07525 0.72291
112060353 0.95585 -0.07525 0.72604
112060354 0.95336 -0.07525 0.72917
112060355 0.95086 -0.07525 0.73229
112060356 0.94837 -0.07525 0.73542
112060357 0.94588 -0.07525 0.73855
112060358 0.94339 -0.07525 0.74168
112060359 0.94089 -0.07525 0.74481
112060360 0.93840 -0.07525 0.74793
112060361 0.93591 -0.07525 0.75106
112060362 0.93341 -0.07525 0.75419
112060363 0.93092 -0.07525 0.75732
112060364 0.92843 -0.07525 0.76045
112060365 0.92593 -0.07525 0.76357
112060366 0.92344 -0.07525 0.76670
112060367 0.92095 -0.07525 0.76983
112060368 0.91845 -0.07525 0.77296
112060369 0.91596 -0.07525 0.77609
112060370 0.91347 -0.07525 0.77921
112060371 0.91098 -0.07525 0.78234
112060372 0.90848 -0.07525 0.78547
112060373 0.90599 -0.07525 0.78860
112060374 0.90350 -0.07525 0.79173
112060375 0.90100 -0.07525 0.79486
112060376 0.89851 -0.07525 0.79798
112060377 0.89602 -0.07525 0.80111
112060378 0.89352 -0.07525 0.80424
112060379 0.89103 -0.07525 0.80737
112060380 0.88854 -0.07525 0.81050
112060381 0.88605 -0.07525 0.81362
112060382 0.88355 -0.07525 0.81675
112060383 0.88106 -0.07525 0.81988
112060384 0.87857 -0.07525 0.82301
112060385 0.87607 -0.07525 0.82614
112060386 0.87358 -0.07525 0.82926
112060387 0.87109 -0.07525 0.83239
112060388 0.86859 -0.07525 0.83552
112060389 0.86610 -0.07525 0.83865
112060390 0.86361 -0.07525 0.84178
112060391 0.86111 -0.07525 0.84490
112060392 0.85862 -0.07525 0.84803
112060393 0.85613 -0.07525 0.85116
112060394 0.85364 -0.07525 0.85429
112060395 0.85114 -0.07525 0.85742
112060396 0.84865 -0.07525 0.86054
112060397 0.84616 -0.07525 0.86367
112060398 0.84366 -0.07525 0.86680
112060399 0.84117 -0.07525 0.86993
112060400 0.83868 -0.07525 0.87306
112060401 0.83618 -0.07525 0.87618
112060402 0.83369 -0.07525 0.87931
112060403 0.83120 -0.07525 0.88244
112060404 0.82870 -0.07525 0.88557
112060405 0.82621 -0.07525 0.88870
112060406 0.82372 -0.07525 0.89182
112060407 0.82123 -0.07525 0.89495
112060408 0.81873 -0.07525 0.89808
112060409 0.81624 -0.07525 0.90121
112060410 0.81375 -0.07525 0.90434
112060411 0.81125 -0.07525 0.90746
112060412 0.80876 -0.07525 0.91059
112060413 0.80627 -0.07525 0.91372
112060414 0.80377 -0.07525 0.91685
112060415 0.80128 -0.07525 0.91998
112060416 0.79879 -0.07525 0.92310
112060417 0.79629 -0.07525 0.92623
112060418 0.79380 -0.07525 0.92936
112060419 0.79131 -0.07525 0.93249
112060420 0.78882 -0.07525 0.93562
112060421 0.78632 -0.07525 0.93874
112060422 0.78383 -0.07525 0.94187
112060423 0.78134 -0.07525 0.94500
112060424 0.77884 -0.07525 0.94813
112060425 0.77635 -0.07525 0.95126
112060426 0.77386 -0.07525 0.95439
112060427 0.77136 -0.07525 0.95751
112060428 0.76887 -0.07525 0.96064
112060429 0.76638 -0.07525 0.96377
112060430 0.76388 -0.07525 0.96690
112060431 0.76139 -0.07525 0.97003
112060432 0.75890 -0.07525 0.97315
112060433 0.75641 -0.07525 0.97628
112060434 0.75391 -0.07525 0.97941
112060435 0.75142 -0.07525 0.98254
112060436 0.74893 -0.07525 0.98567
112060437 0.74643 -0.07525 0.98879
112060438 0.74394 -0.07525 0.99192
112060439 0.74145 -0.07525 0.99505
112060440 0.73895 -0.07525 0.99818
112060441 0.73646 -0.07525 1.00131
112060442 0.73397 -0.07525 1.00443
112060443 0.73148 -0.07525 1.00756
112060444 0.72898 -0.07525 1.01069
112060445 0.72649 -0.07525 1.01382
112060446 0.72400 -0.07525 1.01695
112060447 0.72150 -0.07525 1.02007
112060448 0.71901 -0.07525 1.02320
112060449 0.71652 -0.07525 1.02633
112060450 0.71402 -0.07525 1.02946
112060451 1.08549 -0.06175 0.56338
112060452 1.08300 -0.06175 0.56651
112060453 1.08050 -0.06175 0.56964
112060454 1.07801 -0.06175 0.57276
112060455 1.07552 -0.06175 0.57589
112060456 1.07302 -0.06175 0.57902
112060457 1.07053 -0.06175 0.58215
112060458 1.06804 -0.06175 0.58528
112060459 1.06555 -0.06175 0.58840
112060460 1.06305 -0.06175 0.59153
112060461 1.06056 -0.06175 0.59466
112060462 1.05807 -0.06175 0.59779
112060463 1.05557 -0.06175 0.60092
112060464 1.05308 -0.06175 0.60404
112060465 1.05059 -0.06175 0.60717
112060466 1.04809 -0.06175 0.61030
112060467 1.04560 -0.06175 0.61343
112060468 1.04311 -0.06175 0.61656
112060469 1.04061 -0.06175 0.61968
112060470 1.03812 -0.06175 0.62281
112060471 1.03563 -0.06175 0.62594
112060472 1.03314 -0.06175 0.62907
112060473 1.03064 -0.06175 0.63220
112060474 1.02815 -0.06175 0.63532
112060475 1.02566 -0.06175 0.63845
112060476 1.02316 -0.06175 0.64158
112060477 1.02067 -0.06175 0.64471
112060478 1.01818 -0.06175 0.64784
112060479 1.01568 -0.06175 0.65097
112060480 1.01319 -0.06175 0.65409
112060481 1.01070 -0.06175 0.65722
112060482 1.00821 -0.06175 0.66035
112060483 1.00571 -0.06175 0.66348
112060484 1.00322 -0.06175 0.66661
112060485 1.00073 -0.06175 0.66973
112060486 0.99823 -0.06175 0.67286
112060487 0.99574 -0.06175 0.67599
112060488 0.99325 -0.06175 0.67912
112060489 0.99075 -0.06175 0.68225
112060490 0.98826 -0.06175 0.68537
112060491 0.98577 -0.06175 0.68850
112060492 0.98327 -0.06175 0.69163
112060493 0.98078 -0.06175 0.69476
112060494 0.97829 -0.06175 0.69789
112060495 0.97580 -0.06175 0.70101
112060496 0.97330 -0.06175 0.70414
112060497 0.97081 -0.06175 0.70727
112060498 0.96832 -0.06175 0.71040
112060499 0.96582 -0.06175 0.71353
112060500 0.96333 -0.06175 0.71665
112060501 0.96084 -0.06175 0.71978
112060502 0.95834 -0.06175 0.72291
112060503 0.95585 -0.06175 0.72604
112060504 0.95336 -0.06175 0.72917
112060505 0.95086 -0.06175 0.73229
112060506 0.94837 -0.06175 0.73542
112060507 0.94588 -0.06175 0.73855
112060508 0.94339 -0.06175 0.74168
112060509 0.94089 -0.06175 0.74481
112060510 0.93840 -0.06175 0.74793
112060511 0.93591 -0.06175 0.75106
112060512 0.93341 -0.06175 0.75419
112060513 0.93092 -0.06175 0.75732
112060514 0.92843 -0.06175 0.76045
112060515 0.92593 -0.06175 0.76357
112060516 0.92344 -0.06175 0.76670
112060517 0.92095 -0.06175 0.76983
112060518 0.91845 -0.06175 0.77296
112060519 0.91596 -0.06175 0.77609
112060520 0.91347 -0.06175 0.77921
112060521 0.91098 -0.06175 0.78234
112060522 0.90848 -0.06175 0.78547
112060523 0.90599 -0.06175 0.78860
112060524 0.90350 -0.06175 0.79173
112060525 0.90100 -0.06175 0.79486
112060526 0.89851 -0.06175 0.79798
112060527 0.89602 -0.06175 0.80111
112060528 0.89352 -0.06175 0.80424
112060529 0.89103 -0.06175 0.80737
112060530 0.88854 -0.06175 0.81050
112060531 0.88605 -0.06175 0.81362
112060532 0.88355 -0.06175 0.81675
112060533 0.88106 -0.06175 0.81988
112060534 0.87857 -0.06175 0.82301
112060535 0.87607 -0.06175 0.82614
112060536 0.87358 -0.06175 0.82926
112060537 0.87109 -0.06175 0.83239
112060538 0.86859 -0.06175 0.83552
112060539 0.86610 -0.06175 0.83865
112060540 0.86361 -0.06175 0.84178
112060541 0.86111 -0.06175 0.84490
112060542 0.85862 -0.06175 0.84803
112060543 0.85613 -0.06175 0.85116
112060544 0.85364 -0.06175 0.85429
112060545 0.85114 -0.06175 0.85742
112060546 0.84865 -0.06175 0.86054
112060547 0.84616 -0.06175 0.86367
112060548 0.84366 -0.06175 0.86680
112060549 0.84117 -0.06175 0.86993
112060550 0.83868 -0.06175 0.87306
112060551 0.83618 -0.06175 0.87618
112060552 0.83369 -0.06175 0.87931
112060553 0.83120 -0.06175 0.88244
112060554 0.82870 -0.06175 0.88557
112060555 0.82621 -0.06175 0.88870
112060556 0.82372 -0.06175 0.89182
112060557 0.82123 -0.06175 0.89495
112060558 0.81873 -0.06175 0.89808
112060559 0.81624 -0.06175 0.90121
112060560 0.81375 -0.06175 0.90434
112060561 0.81125 -0.06175 0.90746
112060562 0.80876 -0.06175 0.91059
112060563 0.80627 -0.06175 0.91372
112060564 0.80377 -0.06175 0.91685
112060565 0.80128 -0.06175 0.91998
112060566 0.79879 -0.06175 0.92310
112060567 0.79629 -0.06175 0.92623
112060568 0.79380 -0.06175 0.92936
112060569 0.79131 -0.06175 0.93249
112060570 0.78882 -0.06175 0.93562
112060571 0.78632 -0.06175 0.93874
112060572 0.78383 -0.06175 0.94187
112060573 0.78134 -0.06175 0.94500
112060574 0.77884 -0.06175 0.94813
112060575 0.77635 -0.06175 0.95126
112060576 0.77386 -0.06175 0.95439
112060577 0.77136 -0.06175 0.95751
112060578 0.76887 -0.06175 0.96064
112060579 0.76638 -0.06175 0.96377
112060580 0.76388 -0.06175 0.96690
112060581 0.76139 -0.06175 0.97003
112060582 0.75890 -0.06175 0.97315
112060583 0.75641 -0.06175 0.97628
112060584 0.75391 -0.06175 0.97941
112060585 0.75142 -0.06175 0.98254
112060586 0.74893 -0.06175 0.98567
112060587 0.74643 -0.06175 0.98879
112060588 0.74394 -0.06175 0.99192
112060589 0.74145 -0.06175 0.99505
112060590 0.73895 -0.06175 0.99818
112060591 0.73646 -0.06175 1.00131
112060592 0.73397 -0.06175 1.00443
112060593 0.73148 -0.06175 1.00756
112060594 0.72898 -0.06175 1.01069
112060595 0.72649 -0.06175 1.01382
112060596 0.72400 -0.06175 1.01695
112060597 0.72150 -0.06175 1.02007
112060598 0.71901 -0.06175 1.02320
112060599 0.71652 -0.06175 1.02633
112060600 0.71402 -0.06175 1.02946
112060601 1.08549 -0.04825 0.56338
112060602 1.08300 -0.04825 0.56651
112060603 1.08050 -0.04825 0.56964
112060604 1.07801 -0.04825 0.57276
112060605 1.07552 -0.04825 0.57589
112060606 1.07302 -0.04825 0.57902
112060607 1.07053 -0.04825 0.58215
112060608 1.06804 -0.04825 0.58528
112060609 1.06555 -0.04825 0.58840
112060610 1.06305 -0.04825 0.59153
112060611 1.06056 -0.04825 0.59466
112060612 1.05807 -0.04825 0.59779
112060613 1.05557 -0.04825 0.60092
112060614 1.05308 -0.04825 0.60404
112060615 1.05059 -0.04825 0.60717
112060616 1.04809 -0.04825 0.61030
112060617 1.04560 -0.04825 0.61343
112060618 1.04311 -0.04825 0.61656
112060619 1.04061 -0.04825 0.61968
112060620 1.03812 -0.04825 0.62281
112060621 1.03563 -0.04825 0.62594
112060622 1.03314 -0.04825 0.62907
112060623 1.03064 -0.04825 0.63220
112060624 1.02815 -0.04825 0.63532
112060625 1.02566 -0.04825 0.63845
112060626 1.02316 -0.04825 0.64158
112060627 1.02067 -0.04825 0.64471
112060628 1.01818 -0.04825 0.64784
112060629 1.01568 -0.04825 0.65097
112060630 1.01319 -0.04825 0.65409
112060631 1.01070 -0.04825 0.65722
112060632 1.00821 -0.04825 0.66035
112060633 1.00571 -0.04825 0.66348
112060634 1.00322 -0.04825 0.66661
112060635 1.00073 -0.04825 0.66973
112060636 0.99823 -0.04825 0.67286
112060637 0.99574 -0.04825 0.67599
112060638 0.99325 -0.04825 0.67912
112060639 0.99075 -0.04825 0.68225
112060640 0.98826 -0.04825 0.68537
112060641 0.98577 -0.04825 0.68850
112060642 0.98327 -0.04825 0.69163
112060643 0.98078 -0.04825 0.69476
112060644 0.97829 -0.04825 0.69789
112060645 0.97580 -0.04825 0.70101
112060646 0.97330 -0.04825 0.70414
112060647 0.97081 -0.04825 0.70727
112060648 0.96832 -0.04825 0.71040
112060649 0.96582 -0.04825 0.71353
112060650 0.96333 -0.04825 0.71665
112060651 0.96084 -0.04825 0.71978
112060652 0.95834 -0.04825 0.72291
112060653 0.95585 -0.04825 0.72604
112060654 0.95336 -0.04825 0.72917
112060655 0.95086 -0.04825 0.73229
112060656 0.94837 -0.04825 0.73542
112060657 0.94588 -0.04825 0.73855
112060658 0.94339 -0.04825 0.74168
112060659 0.94089 -0.04825 0.74481
112060660 0.93840 -0.04825 0.74793
112060661 0.93591 -0.04825 0.75106
112060662 0.93341 -0.04825 0.75419
112060663 0.93092 -0.04825 0.75732
112060664 0.92843 -0.04825 0.76045
112060665 0.92593 -0.04825 0.76357
112060666 0.92344 -0.04825 0.76670
112060667 0.92095 -0.04825 0.76983
112060668 0.91845 -0.04825 0.77296
112060669 0.91596 -0.04825 0.77609
112060670 0.91347 -0.04825 0.77921
112060671 0.91098 -0.04825 0.78234
112060672 0.90848 -0.04825 0.78547
112060673 0.90599 -0.04825 0.78860
112060674 0.90350 -0.04825 0.79173
112060675 0.90100 -0.04825 0.79486
112060676 0.89851 -0.04825 0.79798
112060677 0.89602 -0.04825 0.80111
112060678 0.89352 -0.04825 0.80424
112060679 0.89103 -0.04825 0.80737
112060680 0.88854 -0.04825 0.81050
112060681 0.88605 -0.04825 0.81362
112060682 0.88355 -0.04825 0.81675
112060683 0.88106 -0.04825 0.81988
112060684 0.87857 -0.04825 0.82301
112060685 0.87607 -0.04825 0.82614
112060686 0.87358 -0.04825 0.82926
112060687 0.87109 -0.04825 0.83239
112060688 0.86859 -0.04825 0.83552
112060689 0.86610 -0.04825 0.83865
112060690 0.86361 -0.04825 0.84178
112060691 0.86111 -0.04825 0.84490
112060692 0.85862 -0.04825 0.84803
112060693 0.85613 -0.04825 0.85116
112060694 0.85364 -0.04825 0.85429
112060695 0.85114 -0.04825 0.85742
112060696 0.84865 -0.04825 0.86054
112060697 0.84616 -0.04825 0.86367
112060698 0.84366 -0.04825 0.86680
112060699 0.84117 -0.04825 0.86993
112060700 0.83868 -0.04825 0.87306
112060701 0.83618 -0.04825 0.87618
112060702 0.83369 -0.04825 0.87931
112060703 0.83120 -0.04825 0.88244
112060704 0.82870 -0.04825 0.88557
112060705 0.82621 -0.04825 0.88870
112060706 0.82372 -0.04825 0.89182
112060707 0.82123 -0.04825 0.89495
112060708 0.81873 -0.04825 0.89808
112060709 0.81624 -0.04825 0.90121
112060710 0.81375 -0.04825 0.90434
112060711 0.81125 -0.04825 0.90746
112060712 0.80876 -0.04825 0.91059
112060713 0.80627 -0.04825 0.91372
112060714 0.80377 -0.04825 0.91685
112060715 0.80128 -0.04825 0.91998
112060716 0.79879 -0.04825 0.92310
112060717 0.79629 -0.04825 0.92623
112060718 0.79380 -0.04825 0.92936
112060719 0.79131 -0.04825 0.93249
112060720 0.78882 -0.04825 0.93562
112060721 0.78632 -0.04825 0.93874
112060722 0.78383 -0.04825 0.94187
112060723 0.78134 -0.04825 0.94500
112060724 0.77884 -0.04825 0.94813
112060725 0.77635 -0.04825 0.95126
112060726 0.77386 -0.04825 0.95439
112060727 0.77136 -0.04825 0.95751
112060728 0.76887 -0.04825 0.96064
112060729 0.76638 -0.04825 0.96377
112060730 0.76388 -0.04825 0.96690
112060731 0.76139 -0.04825 0.97003
112060732 0.75890 -0.04825 0.97315
112060733 0.75641 -0.04825 0.97628
112060734 0.75391 -0.04825 0.97941
112060735 0.75142 -0.04825 0.98254
112060736 0.74893 -0.04825 0.98567
112060737 0.74643 -0.04825 0.98879
112060738 0.74394 -0.04825 0.99192
112060739 0.74145 -0.04825 0.99505
112060740 0.73895 -0.04825 0.99818
112060741 0.73646 -0.04825 1.00131
112060742 0.73397 -0.04825 1.00443
112060743 0.73148 -0.04825 1.00756
112060744 0.72898 -0.04825 1.01069
112060745 0.72649 -0.04825 1.01382
112060746 0.72400 -0.04825 1.01695
112060747 0.72150 -0.04825 1.02007
112060748 0.71901 -0.04825 1.02320
112060749 0.71652 -0.04825 1.02633
112060750 0.71402 -0.04825 1.02946
112060751 1.08549 -0.03475 0.56338
112060752 1.08300 -0.03475 0.56651
112060753 1.08050 -0.03475 0.56964
112060754 1.07801 -0.03475 0.57276
112060755 1.07552 -0.03475 0.57589
112060756 1.07302 -0.03475 0.57902
112060757 1.07053 -0.03475 0.58215
112060758 1.06804 -0.03475 0.58528
112060759 1.06555 -0.03475 0.58840
112060760 1.06305 -0.03475 0.59153
112060761 1.06056 -0.03475 0.59466
112060762 1.05807 -0.03475 0.59779
112060763 1.05557 -0.03475 0.60092
112060764 1.05308 -0.03475 0.60404
112060765 1.05059 -0.03475 0.60717
112060766 1.04809 -0.03475 0.61030
112060767 1.04560 -0.03475 0.61343
112060768 1.04311 -0.03475 0.61656
112060769 1.04061 -0.03475 0.61968
112060770 1.03812 -0.03475 0.62281
112060771 1.03563 -0.03475 0.62594
112060772 1.03314 -0.03475 0.62907
112060773 1.03064 -0.03475 0.63220
112060774 1.02815 -0.03475 0.63532
112060775 1.02566 -0.03475 0.63845
112060776 1.02316 -0.03475 0.64158
112060777 1.02067 -0.03475 0.64471
112060778 1.01818 -0.03475 0.64784
112060779 1.01568 -0.03475 0.65097
112060780 1.01319 -0.03475 0.65409
112060781 1.01070 -0.03475 0.65722
112060782 1.00821 -0.03475 0.66035
112060783 1.00571 -0.03475 0.66348
112060784 1.00322 -0.03475 0.66661
112060785 1.00073 -0.03475 0.66973
112060786 0.99823 -0.03475 0.67286
112060787 0.99574 -0.03475 0.67599
112060788 0.99325 -0.03475 0.67912
112060789 0.99075 -0.03475 0.68225
112060790 0.98826 -0.03475 0.68537
112060791 0.98577 -0.03475 0.68850
112060792 0.98327 -0.03475 0.69163
112060793 0.98078 -0.03475 0.69476
112060794 0.97829 -0.03475 0.69789
112060795 0.97580 -0.03475 0.70101
112060796 0.97330 -0.03475 0.70414
112060797 0.97081 -0.03475 0.70727
112060798 0.96832 -0.03475 0.71040
112060799 0.96582 -0.03475 0.71353
112060800 0.96333 -0.03475 0.71665
112060801 0.96084 -0.03475 0.71978
112060802 0.95834 -0.03475 0.72291
112060803 0.95585 -0.03475 0.72604
112060804 0.95336 -0.03475 0.72917
112060805 0.95086 -0.03475 0.73229
112060806 0.94837 -0.03475 0.73542
112060807 0.94588 -0.03475 0.73855
112060808 0.94339 -0.03475 0.74168
112060809 0.94089 -0.03475 0.74481
112060810 0.93840 -0.03475 0.74793
112060811 0.93591 -0.03475 0.75106
112060812 0.93341 -0.03475 0.75419
112060813 0.93092 -0.03475 0.75732
112060814 0.92843 -0.03475 0.76045
112060815 0.92593 -0.03475 0.76357
112060816 0.92344 -0.03475 0.76670
112060817 0.92095 -0.03475 0.76983
112060818 0.91845 -0.03475 0.77296
112060819 0.91596 -0.03475 0.77609
112060820 0.91347 -0.03475 0.77921
112060821 0.91098 -0.03475 0.78234
112060822 0.90848 -0.03475 0.78547
112060823 0.90599 -0.03475 0.78860
112060824 0.90350 -0.03475 0.79173
112060825 0.90100 -0.03475 0.79486
112060826 0.89851 -0.03475 0.79798
112060827 0.89602 -0.03475 0.80111
112060828 0.89352 -0.03475 0.80424
112060829 0.89103 -0.03475 0.80737
112060830 0.88854 -0.03475 0.81050
112060831 0.88605 -0.03475 0.81362
112060832 0.88355 -0.03475 0.81675
112060833 0.88106 -0.03475 0.81988
112060834 0.87857 -0.03475 0.82301
112060835 0.87607 -0.03475 0.82614
112060836 0.87358 -0.03475 0.82926
112060837 0.87109 -0.03475 0.83239
112060838 0.86859 -0.03475 0.83552
112060839 0.86610 -0.03475 0.83865
112060840 0.86361 -0.03475 0.84178
112060841 0.86111 -0.03475 0.84490
112060842 0.85862 -0.03475 0.84803
112060843 0.85613 -0.03475 0.85116
112060844 0.85364 -0.03475 0.85429
112060845 0.85114 -0.03475 0.85742
112060846 0.84865 -0.03475 0.86054
112060847 0.84616 -0.03475 0.86367
112060848 0.84366 -0.03475 0.86680
112060849 0.84117 -0.03475 0.86993
112060850 0.83868 -0.03475 0.87306
112060851 0.83618 -0.03475 0.87618
112060852 0.83369 -0.03475 0.87931
112060853 0.83120 -0.03475 0.88244
112060854 0.82870 -0.03475 0.88557
112060855 0.82621 -0.03475 0.88870
112060856 0.82372 -0.03475 0.89182
112060857 0.82123 -0.03475 0.89495
112060858 0.81873 -0.03475 0.89808
112060859 0.81624 -0.03475 0.90121
112060860 0.81375 -0.03475 0.90434
112060861 0.81125 -0.03475 0.90746
112060862 0.80876 -0.03475 0.91059
112060863 0.80627 -0.03475 0.91372
112060864 0.80377 -0.03475 0.91685
112060865 0.80128 -0.03475 0.91998
112060866 0.79879 -0.03475 0.92310
112060867 0.79629 -0.03475 0.92623
112060868 0.79380 -0.03475 0.92936
112060869 0.79131 -0.03475 0.93249
112060870 0.78882 -0.03475 0.93562
112060871 0.78632 -0.03475 0.93874
112060872 0.78383 -0.03475 0.94187
112060873 0.78134 -0.03475 0.94500
112060874 0.77884 -0.03475 0.94813
112060875 0.77635 -0.03475 0.95126
112060876 0.77386 -0.03475 0.95439
112060877 0.77136 -0.03475 0.95751
112060878 0.76887 -0.03475 0.96064
112060879 0.76638 -0.03475 0.96377
112060880 0.76388 -0.03475 0.96690
112060881 0.76139 -0.03475 0.97003
112060882 0.75890 -0.03475 0.97315
112060883 0.75641 -0.03475 0.97628
112060884 0.75391 -0.03475 0.97941
112060885 0.75142 -0.03475 0.98254
112060886 0.74893 -0.03475 0.98567
112060887 0.74643 -0.03475 0.98879
112060888 0.74394 -0.03475 0.99192
112060889 0.74145 -0.03475 0.99505
112060890 0.73895 -0.03475 0.99818
112060891 0.73646 -0.03475 1.00131
112060892 0.73397 -0.03475 1.00443
112060893 0.73148 -0.03475 1.00756
112060894 0.72898 -0.03475 1.01069
112060895 0.72649 -0.03475 1.01382
112060896 0.72400 -0.03475 1.01695
112060897 0.72150 -0.03475 1.02007
112060898 0.71901 -0.03475 1.02320
112060899 0.71652 -0.03475 1.02633
112060900 0.71402 -0.03475 1.02946
112060901 1.08549 -0.02125 0.56338
112060902 1.08300 -0.02125 0.56651
112060903 1.08050 -0.02125 0.56964
112060904 1.07801 -0.02125 0.57276
112060905 1.07552 -0.02125 0.57589
112060906 1.07302 -0.02125 0.57902
112060907 1.07053 -0.02125 0.58215
112060908 1.06804 -0.02125 0.58528
112060909 1.06555 -0.02125 0.58840
112060910 1.06305 -0.02125 0.59153
112060911 1.06056 -0.02125 0.59466
112060912 1.05807 -0.02125 0.59779
112060913 1.05557 -0.02125 0.60092
112060914 1.05308 -0.02125 0.60404
112060915 1.05059 -0.02125 0.60717
112060916 1.04809 -0.02125 0.61030
112060917 1.04560 -0.02125 0.61343
112060918 1.04311 -0.02125 0.61656
112060919 1.04061 -0.02125 0.61968
112060920 1.03812 -0.02125 0.62281
112060921 1.03563 -0.02125 0.62594
112060922 1.03314 -0.02125 0.62907
112060923 1.03064 -0.02125 0.63220
112060924 1.02815 -0.02125 0.63532
112060925 1.02566 -0.02125 0.63845
112060926 1.02316 -0.02125 0.64158
112060927 1.02067 -0.02125 0.64471
112060928 1.01818 -0.02125 0.64784
112060929 1.01568 -0.02125 0.65097
112060930 1.01319 -0.02125 0.65409
112060931 1.01070 -0.02125 0.65722
112060932 1.00821 -0.02125 0.66035
112060933 1.00571 -0.02125 0.66348
112060934 1.00322 -0.02125 0.66661
112060935 1.00073 -0.02125 0.66973
112060936 0.99823 -0.02125 0.67286
112060937 0.99574 -0.02125 0.67599
112060938 0.99325 -0.02125 0.67912
112060939 0.99075 -0.02125 0.68225
112060940 0.98826 -0.02125 0.68537
112060941 0.98577 -0.02125 0.68850
112060942 0.98327 -0.02125 0.69163
112060943 0.98078 -0.02125 0.69476
112060944 0.97829 -0.02125 0.69789
112060945 0.97580 -0.02125 0.70101
112060946 0.97330 -0.02125 0.70414
112060947 0.97081 -0.02125 0.70727
112060948 0.96832 -0.02125 0.71040
112060949 0.96582 -0.02125 0.71353
112060950 0.96333 -0.02125 0.71665
112060951 0.96084 -0.02125 0.71978
112060952 0.95834 -0.02125 0.72291
112060953 0.95585 -0.02125 0.72604
112060954 0.95336 -0.02125 0.72917
112060955 0.95086 -0.02125 0.73229
112060956 0.94837 -0.02125 0.73542
112060957 0.94588 -0.02125 0.73855
112060958 0.94339 -0.02125 0.74168
112060959 0.94089 -0.02125 0.74481
112060960 0.93840 -0.02125 0.74793
112060961 0.93591 -0.02125 0.75106
112060962 0.93341 -0.02125 0.75419
112060963 0.93092 -0.02125 0.75732
112060964 0.92843 -0.02125 0.76045
112060965 0.92593 -0.02125 0.76357
112060966 0.92344 -0.02125 0.76670
112060967 0.92095 -0.02125 0.76983
112060968 0.91845 -0.02125 0.77296
112060969 0.91596 -0.02125 0.77609
112060970 0.91347 -0.02125 0.77921
112060971 0.91098 -0.02125 0.78234
112060972 0.90848 -0.02125 0.78547
112060973 0.90599 -0.02125 0.78860
112060974 0.90350 -0.02125 0.79173
112060975 0.90100 -0.02125 0.79486
112060976 0.89851 -0.02125 0.79798
112060977 0.89602 -0.02125 0.80111
112060978 0.89352 -0.02125 0.80424
112060979 0.89103 -0.02125 0.80737
112060980 0.88854 -0.02125 0.81050
112060981 0.88605 -0.02125 0.81362
112060982 0.88355 -0.02125 0.81675
112060983 0.88106 -0.02125 0.81988
112060984 0.87857 -0.02125 0.82301
112060985 0.87607 -0.02125 0.82614
112060986 0.87358 -0.02125 0.82926
112060987 0.87109 -0.02125 0.83239
112060988 0.86859 -0.02125 0.83552
112060989 0.86610 -0.02125 0.83865
112060990 0.86361 -0.02125 0.84178
112060991 0.86111 -0.02125 0.84490
112060992 0.85862 -0.02125 0.84803
112060993 0.85613 -0.02125 0.85116
112060994 0.85364 -0.02125 0.85429
112060995 0.85114 -0.02125 0.85742
112060996 0.84865 -0.02125 0.86054
112060997 0.84616 -0.02125 0.86367
112060998 0.84366 -0.02125 0.86680
112060999 0.84117 -0.02125 0.86993
112061000 0.83868 -0.02125 0.87306
112061001 0.83618 -0.02125 0.87618
112061002 0.83369 -0.02125 0.87931
112061003 0.83120 -0.02125 0.88244
112061004 0.82870 -0.02125 0.88557
112061005 0.82621 -0.02125 0.88870
112061006 0.82372 -0.02125 0.89182
112061007 0.82123 -0.02125 0.89495
112061008 0.81873 -0.02125 0.89808
112061009 0.81624 -0.02125 0.90121
112061010 0.81375 -0.02125 0.90434
112061011 0.81125 -0.02125 0.90746
112061012 0.80876 -0.02125 0.91059
112061013 0.80627 -0.02125 0.91372
112061014 0.80377 -0.02125 0.91685
112061015 0.80128 -0.02125 0.91998
112061016 0.79879 -0.02125 0.92310
112061017 0.79629 -0.02125 0.92623
112061018 0.79380 -0.02125 0.92936
112061019 0.79131 -0.02125 0.93249
112061020 0.78882 -0.02125 0.93562
112061021 0.78632 -0.02125 0.93874
112061022 0.78383 -0.02125 0.94187
112061023 0.78134 -0.02125 0.94500
112061024 0.77884 -0.02125 0.94813
112061025 0.77635 -0.02125 0.95126
112061026 0.77386 -0.02125 0.95439
112061027 0.77136 -0.02125 0.95751
112061028 0.76887 -0.02125 0.96064
112061029 0.76638 -0.02125 0.96377
112061030 0.76388 -0.02125 0.96690
112061031 0.76139 -0.02125 0.97003
112061032 0.75890 -0.02125 0.97315
112061033 0.75641 -0.02125 0.97628
112061034 0.75391 -0.02125 0.97941
112061035 0.75142 -0.02125 0.98254
112061036 0.74893 -0.02125 0.98567
112061037 0.74643 -0.02125 0.98879
112061038 0.74394 -0.02125 0.99192
112061039 0.74145 -0.02125 0.99505
112061040 0.73895 -0.02125 0.99818
112061041 0.73646 -0.02125 1.00131
112061042 0.73397 -0.02125 1.00443
112061043 0.73148 -0.02125 1.00756
112061044 0.72898 -0.02125 1.01069
112061045 0.72649 -0.02125 1.01382
112061046 0.72400 -0.02125 1.01695
112061047 0.72150 -0.02125 1.02007
112061048 0.71901 -0.02125 1.02320
112061049 0.71652 -0.02125 1.02633
112061050 0.71402 -0.02125 1.02946
112061051 1.08549 -0.00775 0.56338
112061052 1.08300 -0.00775 0.56651
112061053 1.08050 -0.00775 0.56964
112061054 1.07801 -0.00775 0.57276
112061055 1.07552 -0.00775 0.57589
112061056 1.07302 -0.00775 0.57902
112061057 1.07053 -0.00775 0.58215
112061058 1.06804 -0.00775 0.58528
112061059 1.06555 -0.00775 0.58840
112061060 1.06305 -0.00775 0.59153
112061061 1.06056 -0.00775 0.59466
112061062 1.05807 -0.00775 0.59779
112061063 1.05557 -0.00775 0.60092
112061064 1.05308 -0.00775 0.60404
112061065 1.05059 -0.00775 0.60717
112061066 1.04809 -0.00775 0.61030
112061067 1.04560 -0.00775 0.61343
112061068 1.04311 -0.00775 0.61656
112061069 1.04061 -0.00775 0.61968
112061070 1.03812 -0.00775 0.62281
112061071 1.03563 -0.00775 0.62594
112061072 1.03314 -0.00775 0.62907
112061073 1.03064 -0.00775 0.63220
112061074 1.02815 -0.00775 0.63532
112061075 1.02566 -0.00775 0.63845
112061076 1.02316 -0.00775 0.64158
112061077 1.02067 -0.00775 0.64471
112061078 1.01818 -0.00775 0.64784
112061079 1.01568 -0.00775 0.65097
112061080 1.01319 -0.00775 0.65409
112061081 1.01070 -0.00775 0.65722
112061082 1.00821 -0.00775 0.66035
112061083 1.00571 -0.00775 0.66348
112061084 1.00322 -0.00775 0.66661
112061085 1.00073 -0.00775 0.66973
112061086 0.99823 -0.00775 0.67286
112061087 0.99574 -0.00775 0.67599
112061088 0.99325 -0.00775 0.67912
112061089 0.99075 -0.00775 0.68225
112061090 0.98826 -0.00775 0.68537
112061091 0.98577 -0.00775 0.68850
112061092 0.98327 -0.00775 0.69163
112061093 0.98078 -0.00775 0.69476
112061094 0.97829 -0.00775 0.69789
112061095 0.97580 -0.00775 0.70101
112061096 0.97330 -0.00775 0.70414
112061097 0.97081 -0.00775 0.70727
112061098 0.96832 -0.00775 0.71040
112061099 0.96582 -0.00775 0.71353
112061100 0.96333 -0.00775 0.71665
112061101 0.96084 -0.00775 0.71978
112061102 0.95834 -0.00775 0.72291
112061103 0.95585 -0.00775 0.72604
112061104 0.95336 -0.00775 0.72917
112061105 0.95086 -0.00775 0.73229
112061106 0.94837 -0.00775 0.73542
112061107 0.94588 -0.00775 0.73855
112061108 0.94339 -0.00775 0.74168
112061109 0.94089 -0.00775 0.74481
112061110 0.93840 -0.00775 0.74793
112061111 0.93591 -0.00775 0.75106
112061112 0.93341 -0.00775 0.75419
112061113 0.93092 -0.00775 0.75732
112061114 0.92843 -0.00775 0.76045
112061115 0.92593 -0.00775 0.76357
112061116 0.92344 -0.00775 0.76670
112061117 0.92095 -0.00775 0.76983
112061118 0.91845 -0.00775 0.77296
112061119 0.91596 -0.00775 0.77609
112061120 0.91347 -0.00775 0.77921
112061121 0.91098 -0.00775 0.78234
112061122 0.90848 -0.00775 0.78547
112061123 0.90599 -0.00775 0.78860
112061124 0.90350 -0.00775 0.79173
112061125 0.90100 -0.00775 0.79486
112061126 0.89851 -0.00775 0.79798
112061127 0.89602 -0.00775 0.80111
112061128 0.89352 -0.00775 0.80424
112061129 0.89103 -0.00775 0.80737
112061130 0.88854 -0.00775 0.81050
112061131 0.88605 -0.00775 0.81362
112061132 0.88355 -0.00775 0.81675
112061133 0.88106 -0.00775 0.81988
112061134 0.87857 -0.00775 0.82301
112061135 0.87607 -0.00775 0.82614
112061136 0.87358 -0.00775 0.82926
112061137 0.87109 -0.00775 0.83239
112061138 0.86859 -0.00775 0.83552
112061139 0.86610 -0.00775 0.83865
112061140 0.86361 -0.00775 0.84178
112061141 0.86111 -0.00775 0.84490
112061142 0.85862 -0.00775 0.84803
112061143 0.85613 -0.00775 0.85116
112061144 0.85364 -0.00775 0.85429
112061145 0.85114 -0.00775 0.85742
112061146 0.84865 -0.00775 0.86054
112061147 0.84616 -0.00775 0.86367
112061148 0.84366 -0.00775 0.86680
112061149 0.84117 -0.00775 0.86993
112061150 0.83868 -0.00775 0.87306
112061151 0.83618 -0.00775 0.87618
112061152 0.83369 -0.00775 0.87931
112061153 0.83120 -0.00775 0.88244
112061154 0.82870 -0.00775 0.88557
112061155 0.82621 -0.00775 0.88870
112061156 0.82372 -0.00775 0.89182
112061157 0.82123 -0.00775 0.89495
112061158 0.81873 -0.00775 0.89808
112061159 0.81624 -0.00775 0.90121
112061160 0.81375 -0.00775 0.90434
112061161 0.81125 -0.00775 0.90746
112061162 0.80876 -0.00775 0.91059
112061163 0.80627 -0.00775 0.91372
112061164 0.80377 -0.00775 0.91685
112061165 0.80128 -0.00775 0.91998
112061166 0.79879 -0.00775 0.92310
112061167 0.79629 -0.00775 0.92623
112061168 0.79380 -0.00775 0.92936
112061169 0.79131 -0.00775 0.93249
112061170 0.78882 -0.00775 0.93562
112061171 0.78632 -0.00775 0.93874
112061172 0.78383 -0.00775 0.94187
112061173 0.78134 -0.00775 0.94500
112061174 0.77884 -0.00775 0.94813
112061175 0.77635 -0.00775 0.95126
112061176 0.77386 -0.00775 0.95439
112061177 0.77136 -0.00775 0.95751
112061178 0.76887 -0.00775 0.96064
112061179 0.76638 -0.00775 0.96377
112061180 0.76388 -0.00775 0.96690
112061181 0.76139 -0.00775 0.97003
112061182 0.75890 -0.00775 0.97315
112061183 0.75641 -0.00775 0.97628
112061184 0.75391 -0.00775 0.97941
112061185 0.75142 -0.00775 0.98254
112061186 0.74893 -0.00775 0.98567
112061187 0.74643 -0.00775 0.98879
112061188 0.74394 -0.00775 0.99192
112061189 0.74145 -0.00775 0.99505
112061190 0.73895 -0.00775 0.99818
112061191 0.73646 -0.00775 1.00131
112061192 0.73397 -0.00775 1.00443
112061193 0.73148 -0.00775 1.00756
112061194 0.72898 -0.00775 1.01069
112061195 0.72649 -0.00775 1.01382
112061196 0.72400 -0.00775 1.01695
112061197 0.72150 -0.00775 1.02007
112061198 0.71901 -0.00775 1.02320
112061199 0.71652 -0.00775 1.02633
112061200 0.71402 -0.00775 1.02946
