# pixelID  x  y  z
105060001 -0.49031 -0.29800 -2.00000
105060002 -0.49031 -0.29400 -2.00000
105060003 -0.49031 -0.29000 -2.00000
105060004 -0.49031 -0.28600 -2.00000
105060005 -0.49031 -0.28200 -2.00000
105060006 -0.49031 -0.27800 -2.00000
105060007 -0.49031 -0.27400 -2.00000
105060008 -0.49031 -0.27000 -2.00000
105060009 -0.49031 -0.26600 -2.00000
105060010 -0.49031 -0.26200 -2.00000
105060011 -0.49031 -0.25800 -2.00000
105060012 -0.49031 -0.25400 -2.00000
105060013 -0.49031 -0.25000 -2.00000
105060014 -0.49031 -0.24600 -2.00000
105060015 -0.49031 -0.24200 -2.00000
105060016 -0.49031 -0.23800 -2.00000
105060017 -0.49031 -0.23400 -2.00000
105060018 -0.49031 -0.23000 -2.00000
105060019 -0.49031 -0.22600 -2.00000
105060020 -0.49031 -0.22200 -2.00000
105060021 -0.49031 -0.21800 -2.00000
105060022 -0.49031 -0.21400 -2.00000
105060023 -0.49031 -0.21000 -2.00000
105060024 -0.49031 -0.20600 -2.00000
105060025 -0.49031 -0.20200 -2.00000
105060026 -0.49031 -0.19800 -2.00000
105060027 -0.49031 -0.19400 -2.00000
105060028 -0.49031 -0.19000 -2.00000
105060029 -0.49031 -0.18600 -2.00000
105060030 -0.49031 -0.18200 -2.00000
105060031 -0.49031 -0.17800 -2.00000
105060032 -0.49031 -0.17400 -2.00000
105060033 -0.49031 -0.17000 -2.00000
105060034 -0.49031 -0.16600 -2.00000
105060035 -0.49031 -0.16200 -2.00000
105060036 -0.49031 -0.15800 -2.00000
105060037 -0.49031 -0.15400 -2.00000
105060038 -0.49031 -0.15000 -2.00000
105060039 -0.49031 -0.14600 -2.00000
105060040 -0.49031 -0.14200 -2.00000
105060041 -0.49031 -0.13800 -2.00000
105060042 -0.49031 -0.13400 -2.00000
105060043 -0.49031 -0.13000 -2.00000
105060044 -0.49031 -0.12600 -2.00000
105060045 -0.49031 -0.12200 -2.00000
105060046 -0.49031 -0.11800 -2.00000
105060047 -0.49031 -0.11400 -2.00000
105060048 -0.49031 -0.11000 -2.00000
105060049 -0.49031 -0.10600 -2.00000
105060050 -0.49031 -0.10200 -2.00000
105060051 -0.49031 -0.09800 -2.00000
105060052 -0.49031 -0.09400 -2.00000
105060053 -0.49031 -0.09000 -2.00000
105060054 -0.49031 -0.08600 -2.00000
105060055 -0.49031 -0.08200 -2.00000
105060056 -0.49031 -0.07800 -2.00000
105060057 -0.49031 -0.07400 -2.00000
105060058 -0.49031 -0.07000 -2.00000
105060059 -0.49031 -0.06600 -2.00000
105060060 -0.49031 -0.06200 -2.00000
105060061 -0.49031 -0.05800 -2.00000
105060062 -0.49031 -0.05400 -2.00000
105060063 -0.49031 -0.05000 -2.00000
105060064 -0.49031 -0.04600 -2.00000
105060065 -0.49031 -0.04200 -2.00000
105060066 -0.49031 -0.03800 -2.00000
105060067 -0.49031 -0.03400 -2.00000
105060068 -0.49031 -0.03000 -2.00000
105060069 -0.49031 -0.02600 -2.00000
105060070 -0.49031 -0.02200 -2.00000
105060071 -0.49031 -0.01800 -2.00000
105060072 -0.49031 -0.01400 -2.00000
105060073 -0.49031 -0.01000 -2.00000
105060074 -0.49031 -0.00600 -2.00000
105060075 -0.49031 -0.00200 -2.00000
105060076 -0.49031 0.00200 -2.00000
105060077 -0.49031 0.00600 -2.00000
105060078 -0.49031 0.01000 -2.00000
105060079 -0.49031 0.01400 -2.00000
105060080 -0.49031 0.01800 -2.00000
105060081 -0.49031 0.02200 -2.00000
105060082 -0.49031 0.02600 -2.00000
105060083 -0.49031 0.03000 -2.00000
105060084 -0.49031 0.03400 -2.00000
105060085 -0.49031 0.03800 -2.00000
105060086 -0.49031 0.04200 -2.00000
105060087 -0.49031 0.04600 -2.00000
105060088 -0.49031 0.05000 -2.00000
105060089 -0.49031 0.05400 -2.00000
105060090 -0.49031 0.05800 -2.00000
105060091 -0.49031 0.06200 -2.00000
105060092 -0.49031 0.06600 -2.00000
105060093 -0.49031 0.07000 -2.00000
105060094 -0.49031 0.07400 -2.00000
105060095 -0.49031 0.07800 -2.00000
105060096 -0.49031 0.08200 -2.00000
105060097 -0.49031 0.08600 -2.00000
105060098 -0.49031 0.09000 -2.00000
105060099 -0.49031 0.09400 -2.00000
105060100 -0.49031 0.09800 -2.00000
105060101 -0.49031 0.10200 -2.00000
105060102 -0.49031 0.10600 -2.00000
105060103 -0.49031 0.11000 -2.00000
105060104 -0.49031 0.11400 -2.00000
105060105 -0.49031 0.11800 -2.00000
105060106 -0.49031 0.12200 -2.00000
105060107 -0.49031 0.12600 -2.00000
105060108 -0.49031 0.13000 -2.00000
105060109 -0.49031 0.13400 -2.00000
105060110 -0.49031 0.13800 -2.00000
105060111 -0.49031 0.14200 -2.00000
105060112 -0.49031 0.14600 -2.00000
105060113 -0.49031 0.15000 -2.00000
105060114 -0.49031 0.15400 -2.00000
105060115 -0.49031 0.15800 -2.00000
105060116 -0.49031 0.16200 -2.00000
105060117 -0.49031 0.16600 -2.00000
105060118 -0.49031 0.17000 -2.00000
105060119 -0.49031 0.17400 -2.00000
105060120 -0.49031 0.17800 -2.00000
105060121 -0.49031 0.18200 -2.00000
105060122 -0.49031 0.18600 -2.00000
105060123 -0.49031 0.19000 -2.00000
105060124 -0.49031 0.19400 -2.00000
105060125 -0.49031 0.19800 -2.00000
105060126 -0.49031 0.20200 -2.00000
105060127 -0.49031 0.20600 -2.00000
105060128 -0.49031 0.21000 -2.00000
105060129 -0.49031 0.21400 -2.00000
105060130 -0.49031 0.21800 -2.00000
105060131 -0.49031 0.22200 -2.00000
105060132 -0.49031 0.22600 -2.00000
105060133 -0.49031 0.23000 -2.00000
105060134 -0.49031 0.23400 -2.00000
105060135 -0.49031 0.23800 -2.00000
105060136 -0.49031 0.24200 -2.00000
105060137 -0.49031 0.24600 -2.00000
105060138 -0.49031 0.25000 -2.00000
105060139 -0.49031 0.25400 -2.00000
105060140 -0.49031 0.25800 -2.00000
105060141 -0.49031 0.26200 -2.00000
105060142 -0.49031 0.26600 -2.00000
105060143 -0.49031 0.27000 -2.00000
105060144 -0.49031 0.27400 -2.00000
105060145 -0.49031 0.27800 -2.00000
105060146 -0.49031 0.28200 -2.00000
105060147 -0.49031 0.28600 -2.00000
105060148 -0.49031 0.29000 -2.00000
105060149 -0.49031 0.29400 -2.00000
105060150 -0.49031 0.29800 -2.00000
105060151 -0.48181 -0.29800 -2.00000
105060152 -0.48181 -0.29400 -2.00000
105060153 -0.48181 -0.29000 -2.00000
105060154 -0.48181 -0.28600 -2.00000
105060155 -0.48181 -0.28200 -2.00000
105060156 -0.48181 -0.27800 -2.00000
105060157 -0.48181 -0.27400 -2.00000
105060158 -0.48181 -0.27000 -2.00000
105060159 -0.48181 -0.26600 -2.00000
105060160 -0.48181 -0.26200 -2.00000
105060161 -0.48181 -0.25800 -2.00000
105060162 -0.48181 -0.25400 -2.00000
105060163 -0.48181 -0.25000 -2.00000
105060164 -0.48181 -0.24600 -2.00000
105060165 -0.48181 -0.24200 -2.00000
105060166 -0.48181 -0.23800 -2.00000
105060167 -0.48181 -0.23400 -2.00000
105060168 -0.48181 -0.23000 -2.00000
105060169 -0.48181 -0.22600 -2.00000
105060170 -0.48181 -0.22200 -2.00000
105060171 -0.48181 -0.21800 -2.00000
105060172 -0.48181 -0.21400 -2.00000
105060173 -0.48181 -0.21000 -2.00000
105060174 -0.48181 -0.20600 -2.00000
105060175 -0.48181 -0.20200 -2.00000
105060176 -0.48181 -0.19800 -2.00000
105060177 -0.48181 -0.19400 -2.00000
105060178 -0.48181 -0.19000 -2.00000
105060179 -0.48181 -0.18600 -2.00000
105060180 -0.48181 -0.18200 -2.00000
105060181 -0.48181 -0.17800 -2.00000
105060182 -0.48181 -0.17400 -2.00000
105060183 -0.48181 -0.17000 -2.00000
105060184 -0.48181 -0.16600 -2.00000
105060185 -0.48181 -0.16200 -2.00000
105060186 -0.48181 -0.15800 -2.00000
105060187 -0.48181 -0.15400 -2.00000
105060188 -0.48181 -0.15000 -2.00000
105060189 -0.48181 -0.14600 -2.00000
105060190 -0.48181 -0.14200 -2.00000
105060191 -0.48181 -0.13800 -2.00000
105060192 -0.48181 -0.13400 -2.00000
105060193 -0.48181 -0.13000 -2.00000
105060194 -0.48181 -0.12600 -2.00000
105060195 -0.48181 -0.12200 -2.00000
105060196 -0.48181 -0.11800 -2.00000
105060197 -0.48181 -0.11400 -2.00000
105060198 -0.48181 -0.11000 -2.00000
105060199 -0.48181 -0.10600 -2.00000
105060200 -0.48181 -0.10200 -2.00000
105060201 -0.48181 -0.09800 -2.00000
105060202 -0.48181 -0.09400 -2.00000
105060203 -0.48181 -0.09000 -2.00000
105060204 -0.48181 -0.08600 -2.00000
105060205 -0.48181 -0.08200 -2.00000
105060206 -0.48181 -0.07800 -2.00000
105060207 -0.48181 -0.07400 -2.00000
105060208 -0.48181 -0.07000 -2.00000
105060209 -0.48181 -0.06600 -2.00000
105060210 -0.48181 -0.06200 -2.00000
105060211 -0.48181 -0.05800 -2.00000
105060212 -0.48181 -0.05400 -2.00000
105060213 -0.48181 -0.05000 -2.00000
105060214 -0.48181 -0.04600 -2.00000
105060215 -0.48181 -0.04200 -2.00000
105060216 -0.48181 -0.03800 -2.00000
105060217 -0.48181 -0.03400 -2.00000
105060218 -0.48181 -0.03000 -2.00000
105060219 -0.48181 -0.02600 -2.00000
105060220 -0.48181 -0.02200 -2.00000
105060221 -0.48181 -0.01800 -2.00000
105060222 -0.48181 -0.01400 -2.00000
105060223 -0.48181 -0.01000 -2.00000
105060224 -0.48181 -0.00600 -2.00000
105060225 -0.48181 -0.00200 -2.00000
105060226 -0.48181 0.00200 -2.00000
105060227 -0.48181 0.00600 -2.00000
105060228 -0.48181 0.01000 -2.00000
105060229 -0.48181 0.01400 -2.00000
105060230 -0.48181 0.01800 -2.00000
105060231 -0.48181 0.02200 -2.00000
105060232 -0.48181 0.02600 -2.00000
105060233 -0.48181 0.03000 -2.00000
105060234 -0.48181 0.03400 -2.00000
105060235 -0.48181 0.03800 -2.00000
105060236 -0.48181 0.04200 -2.00000
105060237 -0.48181 0.04600 -2.00000
105060238 -0.48181 0.05000 -2.00000
105060239 -0.48181 0.05400 -2.00000
105060240 -0.48181 0.05800 -2.00000
105060241 -0.48181 0.06200 -2.00000
105060242 -0.48181 0.06600 -2.00000
105060243 -0.48181 0.07000 -2.00000
105060244 -0.48181 0.07400 -2.00000
105060245 -0.48181 0.07800 -2.00000
105060246 -0.48181 0.08200 -2.00000
105060247 -0.48181 0.08600 -2.00000
105060248 -0.48181 0.09000 -2.00000
105060249 -0.48181 0.09400 -2.00000
105060250 -0.48181 0.09800 -2.00000
105060251 -0.48181 0.10200 -2.00000
105060252 -0.48181 0.10600 -2.00000
105060253 -0.48181 0.11000 -2.00000
105060254 -0.48181 0.11400 -2.00000
105060255 -0.48181 0.11800 -2.00000
105060256 -0.48181 0.12200 -2.00000
105060257 -0.48181 0.12600 -2.00000
105060258 -0.48181 0.13000 -2.00000
105060259 -0.48181 0.13400 -2.00000
105060260 -0.48181 0.13800 -2.00000
105060261 -0.48181 0.14200 -2.00000
105060262 -0.48181 0.14600 -2.00000
105060263 -0.48181 0.15000 -2.00000
105060264 -0.48181 0.15400 -2.00000
105060265 -0.48181 0.15800 -2.00000
105060266 -0.48181 0.16200 -2.00000
105060267 -0.48181 0.16600 -2.00000
105060268 -0.48181 0.17000 -2.00000
105060269 -0.48181 0.17400 -2.00000
105060270 -0.48181 0.17800 -2.00000
105060271 -0.48181 0.18200 -2.00000
105060272 -0.48181 0.18600 -2.00000
105060273 -0.48181 0.19000 -2.00000
105060274 -0.48181 0.19400 -2.00000
105060275 -0.48181 0.19800 -2.00000
105060276 -0.48181 0.20200 -2.00000
105060277 -0.48181 0.20600 -2.00000
105060278 -0.48181 0.21000 -2.00000
105060279 -0.48181 0.21400 -2.00000
105060280 -0.48181 0.21800 -2.00000
105060281 -0.48181 0.22200 -2.00000
105060282 -0.48181 0.22600 -2.00000
105060283 -0.48181 0.23000 -2.00000
105060284 -0.48181 0.23400 -2.00000
105060285 -0.48181 0.23800 -2.00000
105060286 -0.48181 0.24200 -2.00000
105060287 -0.48181 0.24600 -2.00000
105060288 -0.48181 0.25000 -2.00000
105060289 -0.48181 0.25400 -2.00000
105060290 -0.48181 0.25800 -2.00000
105060291 -0.48181 0.26200 -2.00000
105060292 -0.48181 0.26600 -2.00000
105060293 -0.48181 0.27000 -2.00000
105060294 -0.48181 0.27400 -2.00000
105060295 -0.48181 0.27800 -2.00000
105060296 -0.48181 0.28200 -2.00000
105060297 -0.48181 0.28600 -2.00000
105060298 -0.48181 0.29000 -2.00000
105060299 -0.48181 0.29400 -2.00000
105060300 -0.48181 0.29800 -2.00000
105060301 -0.47331 -0.29800 -2.00000
105060302 -0.47331 -0.29400 -2.00000
105060303 -0.47331 -0.29000 -2.00000
105060304 -0.47331 -0.28600 -2.00000
105060305 -0.47331 -0.28200 -2.00000
105060306 -0.47331 -0.27800 -2.00000
105060307 -0.47331 -0.27400 -2.00000
105060308 -0.47331 -0.27000 -2.00000
105060309 -0.47331 -0.26600 -2.00000
105060310 -0.47331 -0.26200 -2.00000
105060311 -0.47331 -0.25800 -2.00000
105060312 -0.47331 -0.25400 -2.00000
105060313 -0.47331 -0.25000 -2.00000
105060314 -0.47331 -0.24600 -2.00000
105060315 -0.47331 -0.24200 -2.00000
105060316 -0.47331 -0.23800 -2.00000
105060317 -0.47331 -0.23400 -2.00000
105060318 -0.47331 -0.23000 -2.00000
105060319 -0.47331 -0.22600 -2.00000
105060320 -0.47331 -0.22200 -2.00000
105060321 -0.47331 -0.21800 -2.00000
105060322 -0.47331 -0.21400 -2.00000
105060323 -0.47331 -0.21000 -2.00000
105060324 -0.47331 -0.20600 -2.00000
105060325 -0.47331 -0.20200 -2.00000
105060326 -0.47331 -0.19800 -2.00000
105060327 -0.47331 -0.19400 -2.00000
105060328 -0.47331 -0.19000 -2.00000
105060329 -0.47331 -0.18600 -2.00000
105060330 -0.47331 -0.18200 -2.00000
105060331 -0.47331 -0.17800 -2.00000
105060332 -0.47331 -0.17400 -2.00000
105060333 -0.47331 -0.17000 -2.00000
105060334 -0.47331 -0.16600 -2.00000
105060335 -0.47331 -0.16200 -2.00000
105060336 -0.47331 -0.15800 -2.00000
105060337 -0.47331 -0.15400 -2.00000
105060338 -0.47331 -0.15000 -2.00000
105060339 -0.47331 -0.14600 -2.00000
105060340 -0.47331 -0.14200 -2.00000
105060341 -0.47331 -0.13800 -2.00000
105060342 -0.47331 -0.13400 -2.00000
105060343 -0.47331 -0.13000 -2.00000
105060344 -0.47331 -0.12600 -2.00000
105060345 -0.47331 -0.12200 -2.00000
105060346 -0.47331 -0.11800 -2.00000
105060347 -0.47331 -0.11400 -2.00000
105060348 -0.47331 -0.11000 -2.00000
105060349 -0.47331 -0.10600 -2.00000
105060350 -0.47331 -0.10200 -2.00000
105060351 -0.47331 -0.09800 -2.00000
105060352 -0.47331 -0.09400 -2.00000
105060353 -0.47331 -0.09000 -2.00000
105060354 -0.47331 -0.08600 -2.00000
105060355 -0.47331 -0.08200 -2.00000
105060356 -0.47331 -0.07800 -2.00000
105060357 -0.47331 -0.07400 -2.00000
105060358 -0.47331 -0.07000 -2.00000
105060359 -0.47331 -0.06600 -2.00000
105060360 -0.47331 -0.06200 -2.00000
105060361 -0.47331 -0.05800 -2.00000
105060362 -0.47331 -0.05400 -2.00000
105060363 -0.47331 -0.05000 -2.00000
105060364 -0.47331 -0.04600 -2.00000
105060365 -0.47331 -0.04200 -2.00000
105060366 -0.47331 -0.03800 -2.00000
105060367 -0.47331 -0.03400 -2.00000
105060368 -0.47331 -0.03000 -2.00000
105060369 -0.47331 -0.02600 -2.00000
105060370 -0.47331 -0.02200 -2.00000
105060371 -0.47331 -0.01800 -2.00000
105060372 -0.47331 -0.01400 -2.00000
105060373 -0.47331 -0.01000 -2.00000
105060374 -0.47331 -0.00600 -2.00000
105060375 -0.47331 -0.00200 -2.00000
105060376 -0.47331 0.00200 -2.00000
105060377 -0.47331 0.00600 -2.00000
105060378 -0.47331 0.01000 -2.00000
105060379 -0.47331 0.01400 -2.00000
105060380 -0.47331 0.01800 -2.00000
105060381 -0.47331 0.02200 -2.00000
105060382 -0.47331 0.02600 -2.00000
105060383 -0.47331 0.03000 -2.00000
105060384 -0.47331 0.03400 -2.00000
105060385 -0.47331 0.03800 -2.00000
105060386 -0.47331 0.04200 -2.00000
105060387 -0.47331 0.04600 -2.00000
105060388 -0.47331 0.05000 -2.00000
105060389 -0.47331 0.05400 -2.00000
105060390 -0.47331 0.05800 -2.00000
105060391 -0.47331 0.06200 -2.00000
105060392 -0.47331 0.06600 -2.00000
105060393 -0.47331 0.07000 -2.00000
105060394 -0.47331 0.07400 -2.00000
105060395 -0.47331 0.07800 -2.00000
105060396 -0.47331 0.08200 -2.00000
105060397 -0.47331 0.08600 -2.00000
105060398 -0.47331 0.09000 -2.00000
105060399 -0.47331 0.09400 -2.00000
105060400 -0.47331 0.09800 -2.00000
105060401 -0.47331 0.10200 -2.00000
105060402 -0.47331 0.10600 -2.00000
105060403 -0.47331 0.11000 -2.00000
105060404 -0.47331 0.11400 -2.00000
105060405 -0.47331 0.11800 -2.00000
105060406 -0.47331 0.12200 -2.00000
105060407 -0.47331 0.12600 -2.00000
105060408 -0.47331 0.13000 -2.00000
105060409 -0.47331 0.13400 -2.00000
105060410 -0.47331 0.13800 -2.00000
105060411 -0.47331 0.14200 -2.00000
105060412 -0.47331 0.14600 -2.00000
105060413 -0.47331 0.15000 -2.00000
105060414 -0.47331 0.15400 -2.00000
105060415 -0.47331 0.15800 -2.00000
105060416 -0.47331 0.16200 -2.00000
105060417 -0.47331 0.16600 -2.00000
105060418 -0.47331 0.17000 -2.00000
105060419 -0.47331 0.17400 -2.00000
105060420 -0.47331 0.17800 -2.00000
105060421 -0.47331 0.18200 -2.00000
105060422 -0.47331 0.18600 -2.00000
105060423 -0.47331 0.19000 -2.00000
105060424 -0.47331 0.19400 -2.00000
105060425 -0.47331 0.19800 -2.00000
105060426 -0.47331 0.20200 -2.00000
105060427 -0.47331 0.20600 -2.00000
105060428 -0.47331 0.21000 -2.00000
105060429 -0.47331 0.21400 -2.00000
105060430 -0.47331 0.21800 -2.00000
105060431 -0.47331 0.22200 -2.00000
105060432 -0.47331 0.22600 -2.00000
105060433 -0.47331 0.23000 -2.00000
105060434 -0.47331 0.23400 -2.00000
105060435 -0.47331 0.23800 -2.00000
105060436 -0.47331 0.24200 -2.00000
105060437 -0.47331 0.24600 -2.00000
105060438 -0.47331 0.25000 -2.00000
105060439 -0.47331 0.25400 -2.00000
105060440 -0.47331 0.25800 -2.00000
105060441 -0.47331 0.26200 -2.00000
105060442 -0.47331 0.26600 -2.00000
105060443 -0.47331 0.27000 -2.00000
105060444 -0.47331 0.27400 -2.00000
105060445 -0.47331 0.27800 -2.00000
105060446 -0.47331 0.28200 -2.00000
105060447 -0.47331 0.28600 -2.00000
105060448 -0.47331 0.29000 -2.00000
105060449 -0.47331 0.29400 -2.00000
105060450 -0.47331 0.29800 -2.00000
105060451 -0.46481 -0.29800 -2.00000
105060452 -0.46481 -0.29400 -2.00000
105060453 -0.46481 -0.29000 -2.00000
105060454 -0.46481 -0.28600 -2.00000
105060455 -0.46481 -0.28200 -2.00000
105060456 -0.46481 -0.27800 -2.00000
105060457 -0.46481 -0.27400 -2.00000
105060458 -0.46481 -0.27000 -2.00000
105060459 -0.46481 -0.26600 -2.00000
105060460 -0.46481 -0.26200 -2.00000
105060461 -0.46481 -0.25800 -2.00000
105060462 -0.46481 -0.25400 -2.00000
105060463 -0.46481 -0.25000 -2.00000
105060464 -0.46481 -0.24600 -2.00000
105060465 -0.46481 -0.24200 -2.00000
105060466 -0.46481 -0.23800 -2.00000
105060467 -0.46481 -0.23400 -2.00000
105060468 -0.46481 -0.23000 -2.00000
105060469 -0.46481 -0.22600 -2.00000
105060470 -0.46481 -0.22200 -2.00000
105060471 -0.46481 -0.21800 -2.00000
105060472 -0.46481 -0.21400 -2.00000
105060473 -0.46481 -0.21000 -2.00000
105060474 -0.46481 -0.20600 -2.00000
105060475 -0.46481 -0.20200 -2.00000
105060476 -0.46481 -0.19800 -2.00000
105060477 -0.46481 -0.19400 -2.00000
105060478 -0.46481 -0.19000 -2.00000
105060479 -0.46481 -0.18600 -2.00000
105060480 -0.46481 -0.18200 -2.00000
105060481 -0.46481 -0.17800 -2.00000
105060482 -0.46481 -0.17400 -2.00000
105060483 -0.46481 -0.17000 -2.00000
105060484 -0.46481 -0.16600 -2.00000
105060485 -0.46481 -0.16200 -2.00000
105060486 -0.46481 -0.15800 -2.00000
105060487 -0.46481 -0.15400 -2.00000
105060488 -0.46481 -0.15000 -2.00000
105060489 -0.46481 -0.14600 -2.00000
105060490 -0.46481 -0.14200 -2.00000
105060491 -0.46481 -0.13800 -2.00000
105060492 -0.46481 -0.13400 -2.00000
105060493 -0.46481 -0.13000 -2.00000
105060494 -0.46481 -0.12600 -2.00000
105060495 -0.46481 -0.12200 -2.00000
105060496 -0.46481 -0.11800 -2.00000
105060497 -0.46481 -0.11400 -2.00000
105060498 -0.46481 -0.11000 -2.00000
105060499 -0.46481 -0.10600 -2.00000
105060500 -0.46481 -0.10200 -2.00000
105060501 -0.46481 -0.09800 -2.00000
105060502 -0.46481 -0.09400 -2.00000
105060503 -0.46481 -0.09000 -2.00000
105060504 -0.46481 -0.08600 -2.00000
105060505 -0.46481 -0.08200 -2.00000
105060506 -0.46481 -0.07800 -2.00000
105060507 -0.46481 -0.07400 -2.00000
105060508 -0.46481 -0.07000 -2.00000
105060509 -0.46481 -0.06600 -2.00000
105060510 -0.46481 -0.06200 -2.00000
105060511 -0.46481 -0.05800 -2.00000
105060512 -0.46481 -0.05400 -2.00000
105060513 -0.46481 -0.05000 -2.00000
105060514 -0.46481 -0.04600 -2.00000
105060515 -0.46481 -0.04200 -2.00000
105060516 -0.46481 -0.03800 -2.00000
105060517 -0.46481 -0.03400 -2.00000
105060518 -0.46481 -0.03000 -2.00000
105060519 -0.46481 -0.02600 -2.00000
105060520 -0.46481 -0.02200 -2.00000
105060521 -0.46481 -0.01800 -2.00000
105060522 -0.46481 -0.01400 -2.00000
105060523 -0.46481 -0.01000 -2.00000
105060524 -0.46481 -0.00600 -2.00000
105060525 -0.46481 -0.00200 -2.00000
105060526 -0.46481 0.00200 -2.00000
105060527 -0.46481 0.00600 -2.00000
105060528 -0.46481 0.01000 -2.00000
105060529 -0.46481 0.01400 -2.00000
105060530 -0.46481 0.01800 -2.00000
105060531 -0.46481 0.02200 -2.00000
105060532 -0.46481 0.02600 -2.00000
105060533 -0.46481 0.03000 -2.00000
105060534 -0.46481 0.03400 -2.00000
105060535 -0.46481 0.03800 -2.00000
105060536 -0.46481 0.04200 -2.00000
105060537 -0.46481 0.04600 -2.00000
105060538 -0.46481 0.05000 -2.00000
105060539 -0.46481 0.05400 -2.00000
105060540 -0.46481 0.05800 -2.00000
105060541 -0.46481 0.06200 -2.00000
105060542 -0.46481 0.06600 -2.00000
105060543 -0.46481 0.07000 -2.00000
105060544 -0.46481 0.07400 -2.00000
105060545 -0.46481 0.07800 -2.00000
105060546 -0.46481 0.08200 -2.00000
105060547 -0.46481 0.08600 -2.00000
105060548 -0.46481 0.09000 -2.00000
105060549 -0.46481 0.09400 -2.00000
105060550 -0.46481 0.09800 -2.00000
105060551 -0.46481 0.10200 -2.00000
105060552 -0.46481 0.10600 -2.00000
105060553 -0.46481 0.11000 -2.00000
105060554 -0.46481 0.11400 -2.00000
105060555 -0.46481 0.11800 -2.00000
105060556 -0.46481 0.12200 -2.00000
105060557 -0.46481 0.12600 -2.00000
105060558 -0.46481 0.13000 -2.00000
105060559 -0.46481 0.13400 -2.00000
105060560 -0.46481 0.13800 -2.00000
105060561 -0.46481 0.14200 -2.00000
105060562 -0.46481 0.14600 -2.00000
105060563 -0.46481 0.15000 -2.00000
105060564 -0.46481 0.15400 -2.00000
105060565 -0.46481 0.15800 -2.00000
105060566 -0.46481 0.16200 -2.00000
105060567 -0.46481 0.16600 -2.00000
105060568 -0.46481 0.17000 -2.00000
105060569 -0.46481 0.17400 -2.00000
105060570 -0.46481 0.17800 -2.00000
105060571 -0.46481 0.18200 -2.00000
105060572 -0.46481 0.18600 -2.00000
105060573 -0.46481 0.19000 -2.00000
105060574 -0.46481 0.19400 -2.00000
105060575 -0.46481 0.19800 -2.00000
105060576 -0.46481 0.20200 -2.00000
105060577 -0.46481 0.20600 -2.00000
105060578 -0.46481 0.21000 -2.00000
105060579 -0.46481 0.21400 -2.00000
105060580 -0.46481 0.21800 -2.00000
105060581 -0.46481 0.22200 -2.00000
105060582 -0.46481 0.22600 -2.00000
105060583 -0.46481 0.23000 -2.00000
105060584 -0.46481 0.23400 -2.00000
105060585 -0.46481 0.23800 -2.00000
105060586 -0.46481 0.24200 -2.00000
105060587 -0.46481 0.24600 -2.00000
105060588 -0.46481 0.25000 -2.00000
105060589 -0.46481 0.25400 -2.00000
105060590 -0.46481 0.25800 -2.00000
105060591 -0.46481 0.26200 -2.00000
105060592 -0.46481 0.26600 -2.00000
105060593 -0.46481 0.27000 -2.00000
105060594 -0.46481 0.27400 -2.00000
105060595 -0.46481 0.27800 -2.00000
105060596 -0.46481 0.28200 -2.00000
105060597 -0.46481 0.28600 -2.00000
105060598 -0.46481 0.29000 -2.00000
105060599 -0.46481 0.29400 -2.00000
105060600 -0.46481 0.29800 -2.00000
105060601 -0.45631 -0.29800 -2.00000
105060602 -0.45631 -0.29400 -2.00000
105060603 -0.45631 -0.29000 -2.00000
105060604 -0.45631 -0.28600 -2.00000
105060605 -0.45631 -0.28200 -2.00000
105060606 -0.45631 -0.27800 -2.00000
105060607 -0.45631 -0.27400 -2.00000
105060608 -0.45631 -0.27000 -2.00000
105060609 -0.45631 -0.26600 -2.00000
105060610 -0.45631 -0.26200 -2.00000
105060611 -0.45631 -0.25800 -2.00000
105060612 -0.45631 -0.25400 -2.00000
105060613 -0.45631 -0.25000 -2.00000
105060614 -0.45631 -0.24600 -2.00000
105060615 -0.45631 -0.24200 -2.00000
105060616 -0.45631 -0.23800 -2.00000
105060617 -0.45631 -0.23400 -2.00000
105060618 -0.45631 -0.23000 -2.00000
105060619 -0.45631 -0.22600 -2.00000
105060620 -0.45631 -0.22200 -2.00000
105060621 -0.45631 -0.21800 -2.00000
105060622 -0.45631 -0.21400 -2.00000
105060623 -0.45631 -0.21000 -2.00000
105060624 -0.45631 -0.20600 -2.00000
105060625 -0.45631 -0.20200 -2.00000
105060626 -0.45631 -0.19800 -2.00000
105060627 -0.45631 -0.19400 -2.00000
105060628 -0.45631 -0.19000 -2.00000
105060629 -0.45631 -0.18600 -2.00000
105060630 -0.45631 -0.18200 -2.00000
105060631 -0.45631 -0.17800 -2.00000
105060632 -0.45631 -0.17400 -2.00000
105060633 -0.45631 -0.17000 -2.00000
105060634 -0.45631 -0.16600 -2.00000
105060635 -0.45631 -0.16200 -2.00000
105060636 -0.45631 -0.15800 -2.00000
105060637 -0.45631 -0.15400 -2.00000
105060638 -0.45631 -0.15000 -2.00000
105060639 -0.45631 -0.14600 -2.00000
105060640 -0.45631 -0.14200 -2.00000
105060641 -0.45631 -0.13800 -2.00000
105060642 -0.45631 -0.13400 -2.00000
105060643 -0.45631 -0.13000 -2.00000
105060644 -0.45631 -0.12600 -2.00000
105060645 -0.45631 -0.12200 -2.00000
105060646 -0.45631 -0.11800 -2.00000
105060647 -0.45631 -0.11400 -2.00000
105060648 -0.45631 -0.11000 -2.00000
105060649 -0.45631 -0.10600 -2.00000
105060650 -0.45631 -0.10200 -2.00000
105060651 -0.45631 -0.09800 -2.00000
105060652 -0.45631 -0.09400 -2.00000
105060653 -0.45631 -0.09000 -2.00000
105060654 -0.45631 -0.08600 -2.00000
105060655 -0.45631 -0.08200 -2.00000
105060656 -0.45631 -0.07800 -2.00000
105060657 -0.45631 -0.07400 -2.00000
105060658 -0.45631 -0.07000 -2.00000
105060659 -0.45631 -0.06600 -2.00000
105060660 -0.45631 -0.06200 -2.00000
105060661 -0.45631 -0.05800 -2.00000
105060662 -0.45631 -0.05400 -2.00000
105060663 -0.45631 -0.05000 -2.00000
105060664 -0.45631 -0.04600 -2.00000
105060665 -0.45631 -0.04200 -2.00000
105060666 -0.45631 -0.03800 -2.00000
105060667 -0.45631 -0.03400 -2.00000
105060668 -0.45631 -0.03000 -2.00000
105060669 -0.45631 -0.02600 -2.00000
105060670 -0.45631 -0.02200 -2.00000
105060671 -0.45631 -0.01800 -2.00000
105060672 -0.45631 -0.01400 -2.00000
105060673 -0.45631 -0.01000 -2.00000
105060674 -0.45631 -0.00600 -2.00000
105060675 -0.45631 -0.00200 -2.00000
105060676 -0.45631 0.00200 -2.00000
105060677 -0.45631 0.00600 -2.00000
105060678 -0.45631 0.01000 -2.00000
105060679 -0.45631 0.01400 -2.00000
105060680 -0.45631 0.01800 -2.00000
105060681 -0.45631 0.02200 -2.00000
105060682 -0.45631 0.02600 -2.00000
105060683 -0.45631 0.03000 -2.00000
105060684 -0.45631 0.03400 -2.00000
105060685 -0.45631 0.03800 -2.00000
105060686 -0.45631 0.04200 -2.00000
105060687 -0.45631 0.04600 -2.00000
105060688 -0.45631 0.05000 -2.00000
105060689 -0.45631 0.05400 -2.00000
105060690 -0.45631 0.05800 -2.00000
105060691 -0.45631 0.06200 -2.00000
105060692 -0.45631 0.06600 -2.00000
105060693 -0.45631 0.07000 -2.00000
105060694 -0.45631 0.07400 -2.00000
105060695 -0.45631 0.07800 -2.00000
105060696 -0.45631 0.08200 -2.00000
105060697 -0.45631 0.08600 -2.00000
105060698 -0.45631 0.09000 -2.00000
105060699 -0.45631 0.09400 -2.00000
105060700 -0.45631 0.09800 -2.00000
105060701 -0.45631 0.10200 -2.00000
105060702 -0.45631 0.10600 -2.00000
105060703 -0.45631 0.11000 -2.00000
105060704 -0.45631 0.11400 -2.00000
105060705 -0.45631 0.11800 -2.00000
105060706 -0.45631 0.12200 -2.00000
105060707 -0.45631 0.12600 -2.00000
105060708 -0.45631 0.13000 -2.00000
105060709 -0.45631 0.13400 -2.00000
105060710 -0.45631 0.13800 -2.00000
105060711 -0.45631 0.14200 -2.00000
105060712 -0.45631 0.14600 -2.00000
105060713 -0.45631 0.15000 -2.00000
105060714 -0.45631 0.15400 -2.00000
105060715 -0.45631 0.15800 -2.00000
105060716 -0.45631 0.16200 -2.00000
105060717 -0.45631 0.16600 -2.00000
105060718 -0.45631 0.17000 -2.00000
105060719 -0.45631 0.17400 -2.00000
105060720 -0.45631 0.17800 -2.00000
105060721 -0.45631 0.18200 -2.00000
105060722 -0.45631 0.18600 -2.00000
105060723 -0.45631 0.19000 -2.00000
105060724 -0.45631 0.19400 -2.00000
105060725 -0.45631 0.19800 -2.00000
105060726 -0.45631 0.20200 -2.00000
105060727 -0.45631 0.20600 -2.00000
105060728 -0.45631 0.21000 -2.00000
105060729 -0.45631 0.21400 -2.00000
105060730 -0.45631 0.21800 -2.00000
105060731 -0.45631 0.22200 -2.00000
105060732 -0.45631 0.22600 -2.00000
105060733 -0.45631 0.23000 -2.00000
105060734 -0.45631 0.23400 -2.00000
105060735 -0.45631 0.23800 -2.00000
105060736 -0.45631 0.24200 -2.00000
105060737 -0.45631 0.24600 -2.00000
105060738 -0.45631 0.25000 -2.00000
105060739 -0.45631 0.25400 -2.00000
105060740 -0.45631 0.25800 -2.00000
105060741 -0.45631 0.26200 -2.00000
105060742 -0.45631 0.26600 -2.00000
105060743 -0.45631 0.27000 -2.00000
105060744 -0.45631 0.27400 -2.00000
105060745 -0.45631 0.27800 -2.00000
105060746 -0.45631 0.28200 -2.00000
105060747 -0.45631 0.28600 -2.00000
105060748 -0.45631 0.29000 -2.00000
105060749 -0.45631 0.29400 -2.00000
105060750 -0.45631 0.29800 -2.00000
105060751 -0.44781 -0.29800 -2.00000
105060752 -0.44781 -0.29400 -2.00000
105060753 -0.44781 -0.29000 -2.00000
105060754 -0.44781 -0.28600 -2.00000
105060755 -0.44781 -0.28200 -2.00000
105060756 -0.44781 -0.27800 -2.00000
105060757 -0.44781 -0.27400 -2.00000
105060758 -0.44781 -0.27000 -2.00000
105060759 -0.44781 -0.26600 -2.00000
105060760 -0.44781 -0.26200 -2.00000
105060761 -0.44781 -0.25800 -2.00000
105060762 -0.44781 -0.25400 -2.00000
105060763 -0.44781 -0.25000 -2.00000
105060764 -0.44781 -0.24600 -2.00000
105060765 -0.44781 -0.24200 -2.00000
105060766 -0.44781 -0.23800 -2.00000
105060767 -0.44781 -0.23400 -2.00000
105060768 -0.44781 -0.23000 -2.00000
105060769 -0.44781 -0.22600 -2.00000
105060770 -0.44781 -0.22200 -2.00000
105060771 -0.44781 -0.21800 -2.00000
105060772 -0.44781 -0.21400 -2.00000
105060773 -0.44781 -0.21000 -2.00000
105060774 -0.44781 -0.20600 -2.00000
105060775 -0.44781 -0.20200 -2.00000
105060776 -0.44781 -0.19800 -2.00000
105060777 -0.44781 -0.19400 -2.00000
105060778 -0.44781 -0.19000 -2.00000
105060779 -0.44781 -0.18600 -2.00000
105060780 -0.44781 -0.18200 -2.00000
105060781 -0.44781 -0.17800 -2.00000
105060782 -0.44781 -0.17400 -2.00000
105060783 -0.44781 -0.17000 -2.00000
105060784 -0.44781 -0.16600 -2.00000
105060785 -0.44781 -0.16200 -2.00000
105060786 -0.44781 -0.15800 -2.00000
105060787 -0.44781 -0.15400 -2.00000
105060788 -0.44781 -0.15000 -2.00000
105060789 -0.44781 -0.14600 -2.00000
105060790 -0.44781 -0.14200 -2.00000
105060791 -0.44781 -0.13800 -2.00000
105060792 -0.44781 -0.13400 -2.00000
105060793 -0.44781 -0.13000 -2.00000
105060794 -0.44781 -0.12600 -2.00000
105060795 -0.44781 -0.12200 -2.00000
105060796 -0.44781 -0.11800 -2.00000
105060797 -0.44781 -0.11400 -2.00000
105060798 -0.44781 -0.11000 -2.00000
105060799 -0.44781 -0.10600 -2.00000
105060800 -0.44781 -0.10200 -2.00000
105060801 -0.44781 -0.09800 -2.00000
105060802 -0.44781 -0.09400 -2.00000
105060803 -0.44781 -0.09000 -2.00000
105060804 -0.44781 -0.08600 -2.00000
105060805 -0.44781 -0.08200 -2.00000
105060806 -0.44781 -0.07800 -2.00000
105060807 -0.44781 -0.07400 -2.00000
105060808 -0.44781 -0.07000 -2.00000
105060809 -0.44781 -0.06600 -2.00000
105060810 -0.44781 -0.06200 -2.00000
105060811 -0.44781 -0.05800 -2.00000
105060812 -0.44781 -0.05400 -2.00000
105060813 -0.44781 -0.05000 -2.00000
105060814 -0.44781 -0.04600 -2.00000
105060815 -0.44781 -0.04200 -2.00000
105060816 -0.44781 -0.03800 -2.00000
105060817 -0.44781 -0.03400 -2.00000
105060818 -0.44781 -0.03000 -2.00000
105060819 -0.44781 -0.02600 -2.00000
105060820 -0.44781 -0.02200 -2.00000
105060821 -0.44781 -0.01800 -2.00000
105060822 -0.44781 -0.01400 -2.00000
105060823 -0.44781 -0.01000 -2.00000
105060824 -0.44781 -0.00600 -2.00000
105060825 -0.44781 -0.00200 -2.00000
105060826 -0.44781 0.00200 -2.00000
105060827 -0.44781 0.00600 -2.00000
105060828 -0.44781 0.01000 -2.00000
105060829 -0.44781 0.01400 -2.00000
105060830 -0.44781 0.01800 -2.00000
105060831 -0.44781 0.02200 -2.00000
105060832 -0.44781 0.02600 -2.00000
105060833 -0.44781 0.03000 -2.00000
105060834 -0.44781 0.03400 -2.00000
105060835 -0.44781 0.03800 -2.00000
105060836 -0.44781 0.04200 -2.00000
105060837 -0.44781 0.04600 -2.00000
105060838 -0.44781 0.05000 -2.00000
105060839 -0.44781 0.05400 -2.00000
105060840 -0.44781 0.05800 -2.00000
105060841 -0.44781 0.06200 -2.00000
105060842 -0.44781 0.06600 -2.00000
105060843 -0.44781 0.07000 -2.00000
105060844 -0.44781 0.07400 -2.00000
105060845 -0.44781 0.07800 -2.00000
105060846 -0.44781 0.08200 -2.00000
105060847 -0.44781 0.08600 -2.00000
105060848 -0.44781 0.09000 -2.00000
105060849 -0.44781 0.09400 -2.00000
105060850 -0.44781 0.09800 -2.00000
105060851 -0.44781 0.10200 -2.00000
105060852 -0.44781 0.10600 -2.00000
105060853 -0.44781 0.11000 -2.00000
105060854 -0.44781 0.11400 -2.00000
105060855 -0.44781 0.11800 -2.00000
105060856 -0.44781 0.12200 -2.00000
105060857 -0.44781 0.12600 -2.00000
105060858 -0.44781 0.13000 -2.00000
105060859 -0.44781 0.13400 -2.00000
105060860 -0.44781 0.13800 -2.00000
105060861 -0.44781 0.14200 -2.00000
105060862 -0.44781 0.14600 -2.00000
105060863 -0.44781 0.15000 -2.00000
105060864 -0.44781 0.15400 -2.00000
105060865 -0.44781 0.15800 -2.00000
105060866 -0.44781 0.16200 -2.00000
105060867 -0.44781 0.16600 -2.00000
105060868 -0.44781 0.17000 -2.00000
105060869 -0.44781 0.17400 -2.00000
105060870 -0.44781 0.17800 -2.00000
105060871 -0.44781 0.18200 -2.00000
105060872 -0.44781 0.18600 -2.00000
105060873 -0.44781 0.19000 -2.00000
105060874 -0.44781 0.19400 -2.00000
105060875 -0.44781 0.19800 -2.00000
105060876 -0.44781 0.20200 -2.00000
105060877 -0.44781 0.20600 -2.00000
105060878 -0.44781 0.21000 -2.00000
105060879 -0.44781 0.21400 -2.00000
105060880 -0.44781 0.21800 -2.00000
105060881 -0.44781 0.22200 -2.00000
105060882 -0.44781 0.22600 -2.00000
105060883 -0.44781 0.23000 -2.00000
105060884 -0.44781 0.23400 -2.00000
105060885 -0.44781 0.23800 -2.00000
105060886 -0.44781 0.24200 -2.00000
105060887 -0.44781 0.24600 -2.00000
105060888 -0.44781 0.25000 -2.00000
105060889 -0.44781 0.25400 -2.00000
105060890 -0.44781 0.25800 -2.00000
105060891 -0.44781 0.26200 -2.00000
105060892 -0.44781 0.26600 -2.00000
105060893 -0.44781 0.27000 -2.00000
105060894 -0.44781 0.27400 -2.00000
105060895 -0.44781 0.27800 -2.00000
105060896 -0.44781 0.28200 -2.00000
105060897 -0.44781 0.28600 -2.00000
105060898 -0.44781 0.29000 -2.00000
105060899 -0.44781 0.29400 -2.00000
105060900 -0.44781 0.29800 -2.00000
105060901 -0.43931 -0.29800 -2.00000
105060902 -0.43931 -0.29400 -2.00000
105060903 -0.43931 -0.29000 -2.00000
105060904 -0.43931 -0.28600 -2.00000
105060905 -0.43931 -0.28200 -2.00000
105060906 -0.43931 -0.27800 -2.00000
105060907 -0.43931 -0.27400 -2.00000
105060908 -0.43931 -0.27000 -2.00000
105060909 -0.43931 -0.26600 -2.00000
105060910 -0.43931 -0.26200 -2.00000
105060911 -0.43931 -0.25800 -2.00000
105060912 -0.43931 -0.25400 -2.00000
105060913 -0.43931 -0.25000 -2.00000
105060914 -0.43931 -0.24600 -2.00000
105060915 -0.43931 -0.24200 -2.00000
105060916 -0.43931 -0.23800 -2.00000
105060917 -0.43931 -0.23400 -2.00000
105060918 -0.43931 -0.23000 -2.00000
105060919 -0.43931 -0.22600 -2.00000
105060920 -0.43931 -0.22200 -2.00000
105060921 -0.43931 -0.21800 -2.00000
105060922 -0.43931 -0.21400 -2.00000
105060923 -0.43931 -0.21000 -2.00000
105060924 -0.43931 -0.20600 -2.00000
105060925 -0.43931 -0.20200 -2.00000
105060926 -0.43931 -0.19800 -2.00000
105060927 -0.43931 -0.19400 -2.00000
105060928 -0.43931 -0.19000 -2.00000
105060929 -0.43931 -0.18600 -2.00000
105060930 -0.43931 -0.18200 -2.00000
105060931 -0.43931 -0.17800 -2.00000
105060932 -0.43931 -0.17400 -2.00000
105060933 -0.43931 -0.17000 -2.00000
105060934 -0.43931 -0.16600 -2.00000
105060935 -0.43931 -0.16200 -2.00000
105060936 -0.43931 -0.15800 -2.00000
105060937 -0.43931 -0.15400 -2.00000
105060938 -0.43931 -0.15000 -2.00000
105060939 -0.43931 -0.14600 -2.00000
105060940 -0.43931 -0.14200 -2.00000
105060941 -0.43931 -0.13800 -2.00000
105060942 -0.43931 -0.13400 -2.00000
105060943 -0.43931 -0.13000 -2.00000
105060944 -0.43931 -0.12600 -2.00000
105060945 -0.43931 -0.12200 -2.00000
105060946 -0.43931 -0.11800 -2.00000
105060947 -0.43931 -0.11400 -2.00000
105060948 -0.43931 -0.11000 -2.00000
105060949 -0.43931 -0.10600 -2.00000
105060950 -0.43931 -0.10200 -2.00000
105060951 -0.43931 -0.09800 -2.00000
105060952 -0.43931 -0.09400 -2.00000
105060953 -0.43931 -0.09000 -2.00000
105060954 -0.43931 -0.08600 -2.00000
105060955 -0.43931 -0.08200 -2.00000
105060956 -0.43931 -0.07800 -2.00000
105060957 -0.43931 -0.07400 -2.00000
105060958 -0.43931 -0.07000 -2.00000
105060959 -0.43931 -0.06600 -2.00000
105060960 -0.43931 -0.06200 -2.00000
105060961 -0.43931 -0.05800 -2.00000
105060962 -0.43931 -0.05400 -2.00000
105060963 -0.43931 -0.05000 -2.00000
105060964 -0.43931 -0.04600 -2.00000
105060965 -0.43931 -0.04200 -2.00000
105060966 -0.43931 -0.03800 -2.00000
105060967 -0.43931 -0.03400 -2.00000
105060968 -0.43931 -0.03000 -2.00000
105060969 -0.43931 -0.02600 -2.00000
105060970 -0.43931 -0.02200 -2.00000
105060971 -0.43931 -0.01800 -2.00000
105060972 -0.43931 -0.01400 -2.00000
105060973 -0.43931 -0.01000 -2.00000
105060974 -0.43931 -0.00600 -2.00000
105060975 -0.43931 -0.00200 -2.00000
105060976 -0.43931 0.00200 -2.00000
105060977 -0.43931 0.00600 -2.00000
105060978 -0.43931 0.01000 -2.00000
105060979 -0.43931 0.01400 -2.00000
105060980 -0.43931 0.01800 -2.00000
105060981 -0.43931 0.02200 -2.00000
105060982 -0.43931 0.02600 -2.00000
105060983 -0.43931 0.03000 -2.00000
105060984 -0.43931 0.03400 -2.00000
105060985 -0.43931 0.03800 -2.00000
105060986 -0.43931 0.04200 -2.00000
105060987 -0.43931 0.04600 -2.00000
105060988 -0.43931 0.05000 -2.00000
105060989 -0.43931 0.05400 -2.00000
105060990 -0.43931 0.05800 -2.00000
105060991 -0.43931 0.06200 -2.00000
105060992 -0.43931 0.06600 -2.00000
105060993 -0.43931 0.07000 -2.00000
105060994 -0.43931 0.07400 -2.00000
105060995 -0.43931 0.07800 -2.00000
105060996 -0.43931 0.08200 -2.00000
105060997 -0.43931 0.08600 -2.00000
105060998 -0.43931 0.09000 -2.00000
105060999 -0.43931 0.09400 -2.00000
105061000 -0.43931 0.09800 -2.00000
105061001 -0.43931 0.10200 -2.00000
105061002 -0.43931 0.10600 -2.00000
105061003 -0.43931 0.11000 -2.00000
105061004 -0.43931 0.11400 -2.00000
105061005 -0.43931 0.11800 -2.00000
105061006 -0.43931 0.12200 -2.00000
105061007 -0.43931 0.12600 -2.00000
105061008 -0.43931 0.13000 -2.00000
105061009 -0.43931 0.13400 -2.00000
105061010 -0.43931 0.13800 -2.00000
105061011 -0.43931 0.14200 -2.00000
105061012 -0.43931 0.14600 -2.00000
105061013 -0.43931 0.15000 -2.00000
105061014 -0.43931 0.15400 -2.00000
105061015 -0.43931 0.15800 -2.00000
105061016 -0.43931 0.16200 -2.00000
105061017 -0.43931 0.16600 -2.00000
105061018 -0.43931 0.17000 -2.00000
105061019 -0.43931 0.17400 -2.00000
105061020 -0.43931 0.17800 -2.00000
105061021 -0.43931 0.18200 -2.00000
105061022 -0.43931 0.18600 -2.00000
105061023 -0.43931 0.19000 -2.00000
105061024 -0.43931 0.19400 -2.00000
105061025 -0.43931 0.19800 -2.00000
105061026 -0.43931 0.20200 -2.00000
105061027 -0.43931 0.20600 -2.00000
105061028 -0.43931 0.21000 -2.00000
105061029 -0.43931 0.21400 -2.00000
105061030 -0.43931 0.21800 -2.00000
105061031 -0.43931 0.22200 -2.00000
105061032 -0.43931 0.22600 -2.00000
105061033 -0.43931 0.23000 -2.00000
105061034 -0.43931 0.23400 -2.00000
105061035 -0.43931 0.23800 -2.00000
105061036 -0.43931 0.24200 -2.00000
105061037 -0.43931 0.24600 -2.00000
105061038 -0.43931 0.25000 -2.00000
105061039 -0.43931 0.25400 -2.00000
105061040 -0.43931 0.25800 -2.00000
105061041 -0.43931 0.26200 -2.00000
105061042 -0.43931 0.26600 -2.00000
105061043 -0.43931 0.27000 -2.00000
105061044 -0.43931 0.27400 -2.00000
105061045 -0.43931 0.27800 -2.00000
105061046 -0.43931 0.28200 -2.00000
105061047 -0.43931 0.28600 -2.00000
105061048 -0.43931 0.29000 -2.00000
105061049 -0.43931 0.29400 -2.00000
105061050 -0.43931 0.29800 -2.00000
105061051 -0.43081 -0.29800 -2.00000
105061052 -0.43081 -0.29400 -2.00000
105061053 -0.43081 -0.29000 -2.00000
105061054 -0.43081 -0.28600 -2.00000
105061055 -0.43081 -0.28200 -2.00000
105061056 -0.43081 -0.27800 -2.00000
105061057 -0.43081 -0.27400 -2.00000
105061058 -0.43081 -0.27000 -2.00000
105061059 -0.43081 -0.26600 -2.00000
105061060 -0.43081 -0.26200 -2.00000
105061061 -0.43081 -0.25800 -2.00000
105061062 -0.43081 -0.25400 -2.00000
105061063 -0.43081 -0.25000 -2.00000
105061064 -0.43081 -0.24600 -2.00000
105061065 -0.43081 -0.24200 -2.00000
105061066 -0.43081 -0.23800 -2.00000
105061067 -0.43081 -0.23400 -2.00000
105061068 -0.43081 -0.23000 -2.00000
105061069 -0.43081 -0.22600 -2.00000
105061070 -0.43081 -0.22200 -2.00000
105061071 -0.43081 -0.21800 -2.00000
105061072 -0.43081 -0.21400 -2.00000
105061073 -0.43081 -0.21000 -2.00000
105061074 -0.43081 -0.20600 -2.00000
105061075 -0.43081 -0.20200 -2.00000
105061076 -0.43081 -0.19800 -2.00000
105061077 -0.43081 -0.19400 -2.00000
105061078 -0.43081 -0.19000 -2.00000
105061079 -0.43081 -0.18600 -2.00000
105061080 -0.43081 -0.18200 -2.00000
105061081 -0.43081 -0.17800 -2.00000
105061082 -0.43081 -0.17400 -2.00000
105061083 -0.43081 -0.17000 -2.00000
105061084 -0.43081 -0.16600 -2.00000
105061085 -0.43081 -0.16200 -2.00000
105061086 -0.43081 -0.15800 -2.00000
105061087 -0.43081 -0.15400 -2.00000
105061088 -0.43081 -0.15000 -2.00000
105061089 -0.43081 -0.14600 -2.00000
105061090 -0.43081 -0.14200 -2.00000
105061091 -0.43081 -0.13800 -2.00000
105061092 -0.43081 -0.13400 -2.00000
105061093 -0.43081 -0.13000 -2.00000
105061094 -0.43081 -0.12600 -2.00000
105061095 -0.43081 -0.12200 -2.00000
105061096 -0.43081 -0.11800 -2.00000
105061097 -0.43081 -0.11400 -2.00000
105061098 -0.43081 -0.11000 -2.00000
105061099 -0.43081 -0.10600 -2.00000
105061100 -0.43081 -0.10200 -2.00000
105061101 -0.43081 -0.09800 -2.00000
105061102 -0.43081 -0.09400 -2.00000
105061103 -0.43081 -0.09000 -2.00000
105061104 -0.43081 -0.08600 -2.00000
105061105 -0.43081 -0.08200 -2.00000
105061106 -0.43081 -0.07800 -2.00000
105061107 -0.43081 -0.07400 -2.00000
105061108 -0.43081 -0.07000 -2.00000
105061109 -0.43081 -0.06600 -2.00000
105061110 -0.43081 -0.06200 -2.00000
105061111 -0.43081 -0.05800 -2.00000
105061112 -0.43081 -0.05400 -2.00000
105061113 -0.43081 -0.05000 -2.00000
105061114 -0.43081 -0.04600 -2.00000
105061115 -0.43081 -0.04200 -2.00000
105061116 -0.43081 -0.03800 -2.00000
105061117 -0.43081 -0.03400 -2.00000
105061118 -0.43081 -0.03000 -2.00000
105061119 -0.43081 -0.02600 -2.00000
105061120 -0.43081 -0.02200 -2.00000
105061121 -0.43081 -0.01800 -2.00000
105061122 -0.43081 -0.01400 -2.00000
105061123 -0.43081 -0.01000 -2.00000
105061124 -0.43081 -0.00600 -2.00000
105061125 -0.43081 -0.00200 -2.00000
105061126 -0.43081 0.00200 -2.00000
105061127 -0.43081 0.00600 -2.00000
105061128 -0.43081 0.01000 -2.00000
105061129 -0.43081 0.01400 -2.00000
105061130 -0.43081 0.01800 -2.00000
105061131 -0.43081 0.02200 -2.00000
105061132 -0.43081 0.02600 -2.00000
105061133 -0.43081 0.03000 -2.00000
105061134 -0.43081 0.03400 -2.00000
105061135 -0.43081 0.03800 -2.00000
105061136 -0.43081 0.04200 -2.00000
105061137 -0.43081 0.04600 -2.00000
105061138 -0.43081 0.05000 -2.00000
105061139 -0.43081 0.05400 -2.00000
105061140 -0.43081 0.05800 -2.00000
105061141 -0.43081 0.06200 -2.00000
105061142 -0.43081 0.06600 -2.00000
105061143 -0.43081 0.07000 -2.00000
105061144 -0.43081 0.07400 -2.00000
105061145 -0.43081 0.07800 -2.00000
105061146 -0.43081 0.08200 -2.00000
105061147 -0.43081 0.08600 -2.00000
105061148 -0.43081 0.09000 -2.00000
105061149 -0.43081 0.09400 -2.00000
105061150 -0.43081 0.09800 -2.00000
105061151 -0.43081 0.10200 -2.00000
105061152 -0.43081 0.10600 -2.00000
105061153 -0.43081 0.11000 -2.00000
105061154 -0.43081 0.11400 -2.00000
105061155 -0.43081 0.11800 -2.00000
105061156 -0.43081 0.12200 -2.00000
105061157 -0.43081 0.12600 -2.00000
105061158 -0.43081 0.13000 -2.00000
105061159 -0.43081 0.13400 -2.00000
105061160 -0.43081 0.13800 -2.00000
105061161 -0.43081 0.14200 -2.00000
105061162 -0.43081 0.14600 -2.00000
105061163 -0.43081 0.15000 -2.00000
105061164 -0.43081 0.15400 -2.00000
105061165 -0.43081 0.15800 -2.00000
105061166 -0.43081 0.16200 -2.00000
105061167 -0.43081 0.16600 -2.00000
105061168 -0.43081 0.17000 -2.00000
105061169 -0.43081 0.17400 -2.00000
105061170 -0.43081 0.17800 -2.00000
105061171 -0.43081 0.18200 -2.00000
105061172 -0.43081 0.18600 -2.00000
105061173 -0.43081 0.19000 -2.00000
105061174 -0.43081 0.19400 -2.00000
105061175 -0.43081 0.19800 -2.00000
105061176 -0.43081 0.20200 -2.00000
105061177 -0.43081 0.20600 -2.00000
105061178 -0.43081 0.21000 -2.00000
105061179 -0.43081 0.21400 -2.00000
105061180 -0.43081 0.21800 -2.00000
105061181 -0.43081 0.22200 -2.00000
105061182 -0.43081 0.22600 -2.00000
105061183 -0.43081 0.23000 -2.00000
105061184 -0.43081 0.23400 -2.00000
105061185 -0.43081 0.23800 -2.00000
105061186 -0.43081 0.24200 -2.00000
105061187 -0.43081 0.24600 -2.00000
105061188 -0.43081 0.25000 -2.00000
105061189 -0.43081 0.25400 -2.00000
105061190 -0.43081 0.25800 -2.00000
105061191 -0.43081 0.26200 -2.00000
105061192 -0.43081 0.26600 -2.00000
105061193 -0.43081 0.27000 -2.00000
105061194 -0.43081 0.27400 -2.00000
105061195 -0.43081 0.27800 -2.00000
105061196 -0.43081 0.28200 -2.00000
105061197 -0.43081 0.28600 -2.00000
105061198 -0.43081 0.29000 -2.00000
105061199 -0.43081 0.29400 -2.00000
105061200 -0.43081 0.29800 -2.00000
