# pixelID  x  y  z
102070001 0.56881 -0.29800 -2.00000
102070002 0.56881 -0.29400 -2.00000
102070003 0.56881 -0.29000 -2.00000
102070004 0.56881 -0.28600 -2.00000
102070005 0.56881 -0.28200 -2.00000
102070006 0.56881 -0.27800 -2.00000
102070007 0.56881 -0.27400 -2.00000
102070008 0.56881 -0.27000 -2.00000
102070009 0.56881 -0.26600 -2.00000
102070010 0.56881 -0.26200 -2.00000
102070011 0.56881 -0.25800 -2.00000
102070012 0.56881 -0.25400 -2.00000
102070013 0.56881 -0.25000 -2.00000
102070014 0.56881 -0.24600 -2.00000
102070015 0.56881 -0.24200 -2.00000
102070016 0.56881 -0.23800 -2.00000
102070017 0.56881 -0.23400 -2.00000
102070018 0.56881 -0.23000 -2.00000
102070019 0.56881 -0.22600 -2.00000
102070020 0.56881 -0.22200 -2.00000
102070021 0.56881 -0.21800 -2.00000
102070022 0.56881 -0.21400 -2.00000
102070023 0.56881 -0.21000 -2.00000
102070024 0.56881 -0.20600 -2.00000
102070025 0.56881 -0.20200 -2.00000
102070026 0.56881 -0.19800 -2.00000
102070027 0.56881 -0.19400 -2.00000
102070028 0.56881 -0.19000 -2.00000
102070029 0.56881 -0.18600 -2.00000
102070030 0.56881 -0.18200 -2.00000
102070031 0.56881 -0.17800 -2.00000
102070032 0.56881 -0.17400 -2.00000
102070033 0.56881 -0.17000 -2.00000
102070034 0.56881 -0.16600 -2.00000
102070035 0.56881 -0.16200 -2.00000
102070036 0.56881 -0.15800 -2.00000
102070037 0.56881 -0.15400 -2.00000
102070038 0.56881 -0.15000 -2.00000
102070039 0.56881 -0.14600 -2.00000
102070040 0.56881 -0.14200 -2.00000
102070041 0.56881 -0.13800 -2.00000
102070042 0.56881 -0.13400 -2.00000
102070043 0.56881 -0.13000 -2.00000
102070044 0.56881 -0.12600 -2.00000
102070045 0.56881 -0.12200 -2.00000
102070046 0.56881 -0.11800 -2.00000
102070047 0.56881 -0.11400 -2.00000
102070048 0.56881 -0.11000 -2.00000
102070049 0.56881 -0.10600 -2.00000
102070050 0.56881 -0.10200 -2.00000
102070051 0.56881 -0.09800 -2.00000
102070052 0.56881 -0.09400 -2.00000
102070053 0.56881 -0.09000 -2.00000
102070054 0.56881 -0.08600 -2.00000
102070055 0.56881 -0.08200 -2.00000
102070056 0.56881 -0.07800 -2.00000
102070057 0.56881 -0.07400 -2.00000
102070058 0.56881 -0.07000 -2.00000
102070059 0.56881 -0.06600 -2.00000
102070060 0.56881 -0.06200 -2.00000
102070061 0.56881 -0.05800 -2.00000
102070062 0.56881 -0.05400 -2.00000
102070063 0.56881 -0.05000 -2.00000
102070064 0.56881 -0.04600 -2.00000
102070065 0.56881 -0.04200 -2.00000
102070066 0.56881 -0.03800 -2.00000
102070067 0.56881 -0.03400 -2.00000
102070068 0.56881 -0.03000 -2.00000
102070069 0.56881 -0.02600 -2.00000
102070070 0.56881 -0.02200 -2.00000
102070071 0.56881 -0.01800 -2.00000
102070072 0.56881 -0.01400 -2.00000
102070073 0.56881 -0.01000 -2.00000
102070074 0.56881 -0.00600 -2.00000
102070075 0.56881 -0.00200 -2.00000
102070076 0.56881 0.00200 -2.00000
102070077 0.56881 0.00600 -2.00000
102070078 0.56881 0.01000 -2.00000
102070079 0.56881 0.01400 -2.00000
102070080 0.56881 0.01800 -2.00000
102070081 0.56881 0.02200 -2.00000
102070082 0.56881 0.02600 -2.00000
102070083 0.56881 0.03000 -2.00000
102070084 0.56881 0.03400 -2.00000
102070085 0.56881 0.03800 -2.00000
102070086 0.56881 0.04200 -2.00000
102070087 0.56881 0.04600 -2.00000
102070088 0.56881 0.05000 -2.00000
102070089 0.56881 0.05400 -2.00000
102070090 0.56881 0.05800 -2.00000
102070091 0.56881 0.06200 -2.00000
102070092 0.56881 0.06600 -2.00000
102070093 0.56881 0.07000 -2.00000
102070094 0.56881 0.07400 -2.00000
102070095 0.56881 0.07800 -2.00000
102070096 0.56881 0.08200 -2.00000
102070097 0.56881 0.08600 -2.00000
102070098 0.56881 0.09000 -2.00000
102070099 0.56881 0.09400 -2.00000
102070100 0.56881 0.09800 -2.00000
102070101 0.56881 0.10200 -2.00000
102070102 0.56881 0.10600 -2.00000
102070103 0.56881 0.11000 -2.00000
102070104 0.56881 0.11400 -2.00000
102070105 0.56881 0.11800 -2.00000
102070106 0.56881 0.12200 -2.00000
102070107 0.56881 0.12600 -2.00000
102070108 0.56881 0.13000 -2.00000
102070109 0.56881 0.13400 -2.00000
102070110 0.56881 0.13800 -2.00000
102070111 0.56881 0.14200 -2.00000
102070112 0.56881 0.14600 -2.00000
102070113 0.56881 0.15000 -2.00000
102070114 0.56881 0.15400 -2.00000
102070115 0.56881 0.15800 -2.00000
102070116 0.56881 0.16200 -2.00000
102070117 0.56881 0.16600 -2.00000
102070118 0.56881 0.17000 -2.00000
102070119 0.56881 0.17400 -2.00000
102070120 0.56881 0.17800 -2.00000
102070121 0.56881 0.18200 -2.00000
102070122 0.56881 0.18600 -2.00000
102070123 0.56881 0.19000 -2.00000
102070124 0.56881 0.19400 -2.00000
102070125 0.56881 0.19800 -2.00000
102070126 0.56881 0.20200 -2.00000
102070127 0.56881 0.20600 -2.00000
102070128 0.56881 0.21000 -2.00000
102070129 0.56881 0.21400 -2.00000
102070130 0.56881 0.21800 -2.00000
102070131 0.56881 0.22200 -2.00000
102070132 0.56881 0.22600 -2.00000
102070133 0.56881 0.23000 -2.00000
102070134 0.56881 0.23400 -2.00000
102070135 0.56881 0.23800 -2.00000
102070136 0.56881 0.24200 -2.00000
102070137 0.56881 0.24600 -2.00000
102070138 0.56881 0.25000 -2.00000
102070139 0.56881 0.25400 -2.00000
102070140 0.56881 0.25800 -2.00000
102070141 0.56881 0.26200 -2.00000
102070142 0.56881 0.26600 -2.00000
102070143 0.56881 0.27000 -2.00000
102070144 0.56881 0.27400 -2.00000
102070145 0.56881 0.27800 -2.00000
102070146 0.56881 0.28200 -2.00000
102070147 0.56881 0.28600 -2.00000
102070148 0.56881 0.29000 -2.00000
102070149 0.56881 0.29400 -2.00000
102070150 0.56881 0.29800 -2.00000
102070151 0.57731 -0.29800 -2.00000
102070152 0.57731 -0.29400 -2.00000
102070153 0.57731 -0.29000 -2.00000
102070154 0.57731 -0.28600 -2.00000
102070155 0.57731 -0.28200 -2.00000
102070156 0.57731 -0.27800 -2.00000
102070157 0.57731 -0.27400 -2.00000
102070158 0.57731 -0.27000 -2.00000
102070159 0.57731 -0.26600 -2.00000
102070160 0.57731 -0.26200 -2.00000
102070161 0.57731 -0.25800 -2.00000
102070162 0.57731 -0.25400 -2.00000
102070163 0.57731 -0.25000 -2.00000
102070164 0.57731 -0.24600 -2.00000
102070165 0.57731 -0.24200 -2.00000
102070166 0.57731 -0.23800 -2.00000
102070167 0.57731 -0.23400 -2.00000
102070168 0.57731 -0.23000 -2.00000
102070169 0.57731 -0.22600 -2.00000
102070170 0.57731 -0.22200 -2.00000
102070171 0.57731 -0.21800 -2.00000
102070172 0.57731 -0.21400 -2.00000
102070173 0.57731 -0.21000 -2.00000
102070174 0.57731 -0.20600 -2.00000
102070175 0.57731 -0.20200 -2.00000
102070176 0.57731 -0.19800 -2.00000
102070177 0.57731 -0.19400 -2.00000
102070178 0.57731 -0.19000 -2.00000
102070179 0.57731 -0.18600 -2.00000
102070180 0.57731 -0.18200 -2.00000
102070181 0.57731 -0.17800 -2.00000
102070182 0.57731 -0.17400 -2.00000
102070183 0.57731 -0.17000 -2.00000
102070184 0.57731 -0.16600 -2.00000
102070185 0.57731 -0.16200 -2.00000
102070186 0.57731 -0.15800 -2.00000
102070187 0.57731 -0.15400 -2.00000
102070188 0.57731 -0.15000 -2.00000
102070189 0.57731 -0.14600 -2.00000
102070190 0.57731 -0.14200 -2.00000
102070191 0.57731 -0.13800 -2.00000
102070192 0.57731 -0.13400 -2.00000
102070193 0.57731 -0.13000 -2.00000
102070194 0.57731 -0.12600 -2.00000
102070195 0.57731 -0.12200 -2.00000
102070196 0.57731 -0.11800 -2.00000
102070197 0.57731 -0.11400 -2.00000
102070198 0.57731 -0.11000 -2.00000
102070199 0.57731 -0.10600 -2.00000
102070200 0.57731 -0.10200 -2.00000
102070201 0.57731 -0.09800 -2.00000
102070202 0.57731 -0.09400 -2.00000
102070203 0.57731 -0.09000 -2.00000
102070204 0.57731 -0.08600 -2.00000
102070205 0.57731 -0.08200 -2.00000
102070206 0.57731 -0.07800 -2.00000
102070207 0.57731 -0.07400 -2.00000
102070208 0.57731 -0.07000 -2.00000
102070209 0.57731 -0.06600 -2.00000
102070210 0.57731 -0.06200 -2.00000
102070211 0.57731 -0.05800 -2.00000
102070212 0.57731 -0.05400 -2.00000
102070213 0.57731 -0.05000 -2.00000
102070214 0.57731 -0.04600 -2.00000
102070215 0.57731 -0.04200 -2.00000
102070216 0.57731 -0.03800 -2.00000
102070217 0.57731 -0.03400 -2.00000
102070218 0.57731 -0.03000 -2.00000
102070219 0.57731 -0.02600 -2.00000
102070220 0.57731 -0.02200 -2.00000
102070221 0.57731 -0.01800 -2.00000
102070222 0.57731 -0.01400 -2.00000
102070223 0.57731 -0.01000 -2.00000
102070224 0.57731 -0.00600 -2.00000
102070225 0.57731 -0.00200 -2.00000
102070226 0.57731 0.00200 -2.00000
102070227 0.57731 0.00600 -2.00000
102070228 0.57731 0.01000 -2.00000
102070229 0.57731 0.01400 -2.00000
102070230 0.57731 0.01800 -2.00000
102070231 0.57731 0.02200 -2.00000
102070232 0.57731 0.02600 -2.00000
102070233 0.57731 0.03000 -2.00000
102070234 0.57731 0.03400 -2.00000
102070235 0.57731 0.03800 -2.00000
102070236 0.57731 0.04200 -2.00000
102070237 0.57731 0.04600 -2.00000
102070238 0.57731 0.05000 -2.00000
102070239 0.57731 0.05400 -2.00000
102070240 0.57731 0.05800 -2.00000
102070241 0.57731 0.06200 -2.00000
102070242 0.57731 0.06600 -2.00000
102070243 0.57731 0.07000 -2.00000
102070244 0.57731 0.07400 -2.00000
102070245 0.57731 0.07800 -2.00000
102070246 0.57731 0.08200 -2.00000
102070247 0.57731 0.08600 -2.00000
102070248 0.57731 0.09000 -2.00000
102070249 0.57731 0.09400 -2.00000
102070250 0.57731 0.09800 -2.00000
102070251 0.57731 0.10200 -2.00000
102070252 0.57731 0.10600 -2.00000
102070253 0.57731 0.11000 -2.00000
102070254 0.57731 0.11400 -2.00000
102070255 0.57731 0.11800 -2.00000
102070256 0.57731 0.12200 -2.00000
102070257 0.57731 0.12600 -2.00000
102070258 0.57731 0.13000 -2.00000
102070259 0.57731 0.13400 -2.00000
102070260 0.57731 0.13800 -2.00000
102070261 0.57731 0.14200 -2.00000
102070262 0.57731 0.14600 -2.00000
102070263 0.57731 0.15000 -2.00000
102070264 0.57731 0.15400 -2.00000
102070265 0.57731 0.15800 -2.00000
102070266 0.57731 0.16200 -2.00000
102070267 0.57731 0.16600 -2.00000
102070268 0.57731 0.17000 -2.00000
102070269 0.57731 0.17400 -2.00000
102070270 0.57731 0.17800 -2.00000
102070271 0.57731 0.18200 -2.00000
102070272 0.57731 0.18600 -2.00000
102070273 0.57731 0.19000 -2.00000
102070274 0.57731 0.19400 -2.00000
102070275 0.57731 0.19800 -2.00000
102070276 0.57731 0.20200 -2.00000
102070277 0.57731 0.20600 -2.00000
102070278 0.57731 0.21000 -2.00000
102070279 0.57731 0.21400 -2.00000
102070280 0.57731 0.21800 -2.00000
102070281 0.57731 0.22200 -2.00000
102070282 0.57731 0.22600 -2.00000
102070283 0.57731 0.23000 -2.00000
102070284 0.57731 0.23400 -2.00000
102070285 0.57731 0.23800 -2.00000
102070286 0.57731 0.24200 -2.00000
102070287 0.57731 0.24600 -2.00000
102070288 0.57731 0.25000 -2.00000
102070289 0.57731 0.25400 -2.00000
102070290 0.57731 0.25800 -2.00000
102070291 0.57731 0.26200 -2.00000
102070292 0.57731 0.26600 -2.00000
102070293 0.57731 0.27000 -2.00000
102070294 0.57731 0.27400 -2.00000
102070295 0.57731 0.27800 -2.00000
102070296 0.57731 0.28200 -2.00000
102070297 0.57731 0.28600 -2.00000
102070298 0.57731 0.29000 -2.00000
102070299 0.57731 0.29400 -2.00000
102070300 0.57731 0.29800 -2.00000
102070301 0.58581 -0.29800 -2.00000
102070302 0.58581 -0.29400 -2.00000
102070303 0.58581 -0.29000 -2.00000
102070304 0.58581 -0.28600 -2.00000
102070305 0.58581 -0.28200 -2.00000
102070306 0.58581 -0.27800 -2.00000
102070307 0.58581 -0.27400 -2.00000
102070308 0.58581 -0.27000 -2.00000
102070309 0.58581 -0.26600 -2.00000
102070310 0.58581 -0.26200 -2.00000
102070311 0.58581 -0.25800 -2.00000
102070312 0.58581 -0.25400 -2.00000
102070313 0.58581 -0.25000 -2.00000
102070314 0.58581 -0.24600 -2.00000
102070315 0.58581 -0.24200 -2.00000
102070316 0.58581 -0.23800 -2.00000
102070317 0.58581 -0.23400 -2.00000
102070318 0.58581 -0.23000 -2.00000
102070319 0.58581 -0.22600 -2.00000
102070320 0.58581 -0.22200 -2.00000
102070321 0.58581 -0.21800 -2.00000
102070322 0.58581 -0.21400 -2.00000
102070323 0.58581 -0.21000 -2.00000
102070324 0.58581 -0.20600 -2.00000
102070325 0.58581 -0.20200 -2.00000
102070326 0.58581 -0.19800 -2.00000
102070327 0.58581 -0.19400 -2.00000
102070328 0.58581 -0.19000 -2.00000
102070329 0.58581 -0.18600 -2.00000
102070330 0.58581 -0.18200 -2.00000
102070331 0.58581 -0.17800 -2.00000
102070332 0.58581 -0.17400 -2.00000
102070333 0.58581 -0.17000 -2.00000
102070334 0.58581 -0.16600 -2.00000
102070335 0.58581 -0.16200 -2.00000
102070336 0.58581 -0.15800 -2.00000
102070337 0.58581 -0.15400 -2.00000
102070338 0.58581 -0.15000 -2.00000
102070339 0.58581 -0.14600 -2.00000
102070340 0.58581 -0.14200 -2.00000
102070341 0.58581 -0.13800 -2.00000
102070342 0.58581 -0.13400 -2.00000
102070343 0.58581 -0.13000 -2.00000
102070344 0.58581 -0.12600 -2.00000
102070345 0.58581 -0.12200 -2.00000
102070346 0.58581 -0.11800 -2.00000
102070347 0.58581 -0.11400 -2.00000
102070348 0.58581 -0.11000 -2.00000
102070349 0.58581 -0.10600 -2.00000
102070350 0.58581 -0.10200 -2.00000
102070351 0.58581 -0.09800 -2.00000
102070352 0.58581 -0.09400 -2.00000
102070353 0.58581 -0.09000 -2.00000
102070354 0.58581 -0.08600 -2.00000
102070355 0.58581 -0.08200 -2.00000
102070356 0.58581 -0.07800 -2.00000
102070357 0.58581 -0.07400 -2.00000
102070358 0.58581 -0.07000 -2.00000
102070359 0.58581 -0.06600 -2.00000
102070360 0.58581 -0.06200 -2.00000
102070361 0.58581 -0.05800 -2.00000
102070362 0.58581 -0.05400 -2.00000
102070363 0.58581 -0.05000 -2.00000
102070364 0.58581 -0.04600 -2.00000
102070365 0.58581 -0.04200 -2.00000
102070366 0.58581 -0.03800 -2.00000
102070367 0.58581 -0.03400 -2.00000
102070368 0.58581 -0.03000 -2.00000
102070369 0.58581 -0.02600 -2.00000
102070370 0.58581 -0.02200 -2.00000
102070371 0.58581 -0.01800 -2.00000
102070372 0.58581 -0.01400 -2.00000
102070373 0.58581 -0.01000 -2.00000
102070374 0.58581 -0.00600 -2.00000
102070375 0.58581 -0.00200 -2.00000
102070376 0.58581 0.00200 -2.00000
102070377 0.58581 0.00600 -2.00000
102070378 0.58581 0.01000 -2.00000
102070379 0.58581 0.01400 -2.00000
102070380 0.58581 0.01800 -2.00000
102070381 0.58581 0.02200 -2.00000
102070382 0.58581 0.02600 -2.00000
102070383 0.58581 0.03000 -2.00000
102070384 0.58581 0.03400 -2.00000
102070385 0.58581 0.03800 -2.00000
102070386 0.58581 0.04200 -2.00000
102070387 0.58581 0.04600 -2.00000
102070388 0.58581 0.05000 -2.00000
102070389 0.58581 0.05400 -2.00000
102070390 0.58581 0.05800 -2.00000
102070391 0.58581 0.06200 -2.00000
102070392 0.58581 0.06600 -2.00000
102070393 0.58581 0.07000 -2.00000
102070394 0.58581 0.07400 -2.00000
102070395 0.58581 0.07800 -2.00000
102070396 0.58581 0.08200 -2.00000
102070397 0.58581 0.08600 -2.00000
102070398 0.58581 0.09000 -2.00000
102070399 0.58581 0.09400 -2.00000
102070400 0.58581 0.09800 -2.00000
102070401 0.58581 0.10200 -2.00000
102070402 0.58581 0.10600 -2.00000
102070403 0.58581 0.11000 -2.00000
102070404 0.58581 0.11400 -2.00000
102070405 0.58581 0.11800 -2.00000
102070406 0.58581 0.12200 -2.00000
102070407 0.58581 0.12600 -2.00000
102070408 0.58581 0.13000 -2.00000
102070409 0.58581 0.13400 -2.00000
102070410 0.58581 0.13800 -2.00000
102070411 0.58581 0.14200 -2.00000
102070412 0.58581 0.14600 -2.00000
102070413 0.58581 0.15000 -2.00000
102070414 0.58581 0.15400 -2.00000
102070415 0.58581 0.15800 -2.00000
102070416 0.58581 0.16200 -2.00000
102070417 0.58581 0.16600 -2.00000
102070418 0.58581 0.17000 -2.00000
102070419 0.58581 0.17400 -2.00000
102070420 0.58581 0.17800 -2.00000
102070421 0.58581 0.18200 -2.00000
102070422 0.58581 0.18600 -2.00000
102070423 0.58581 0.19000 -2.00000
102070424 0.58581 0.19400 -2.00000
102070425 0.58581 0.19800 -2.00000
102070426 0.58581 0.20200 -2.00000
102070427 0.58581 0.20600 -2.00000
102070428 0.58581 0.21000 -2.00000
102070429 0.58581 0.21400 -2.00000
102070430 0.58581 0.21800 -2.00000
102070431 0.58581 0.22200 -2.00000
102070432 0.58581 0.22600 -2.00000
102070433 0.58581 0.23000 -2.00000
102070434 0.58581 0.23400 -2.00000
102070435 0.58581 0.23800 -2.00000
102070436 0.58581 0.24200 -2.00000
102070437 0.58581 0.24600 -2.00000
102070438 0.58581 0.25000 -2.00000
102070439 0.58581 0.25400 -2.00000
102070440 0.58581 0.25800 -2.00000
102070441 0.58581 0.26200 -2.00000
102070442 0.58581 0.26600 -2.00000
102070443 0.58581 0.27000 -2.00000
102070444 0.58581 0.27400 -2.00000
102070445 0.58581 0.27800 -2.00000
102070446 0.58581 0.28200 -2.00000
102070447 0.58581 0.28600 -2.00000
102070448 0.58581 0.29000 -2.00000
102070449 0.58581 0.29400 -2.00000
102070450 0.58581 0.29800 -2.00000
102070451 0.59431 -0.29800 -2.00000
102070452 0.59431 -0.29400 -2.00000
102070453 0.59431 -0.29000 -2.00000
102070454 0.59431 -0.28600 -2.00000
102070455 0.59431 -0.28200 -2.00000
102070456 0.59431 -0.27800 -2.00000
102070457 0.59431 -0.27400 -2.00000
102070458 0.59431 -0.27000 -2.00000
102070459 0.59431 -0.26600 -2.00000
102070460 0.59431 -0.26200 -2.00000
102070461 0.59431 -0.25800 -2.00000
102070462 0.59431 -0.25400 -2.00000
102070463 0.59431 -0.25000 -2.00000
102070464 0.59431 -0.24600 -2.00000
102070465 0.59431 -0.24200 -2.00000
102070466 0.59431 -0.23800 -2.00000
102070467 0.59431 -0.23400 -2.00000
102070468 0.59431 -0.23000 -2.00000
102070469 0.59431 -0.22600 -2.00000
102070470 0.59431 -0.22200 -2.00000
102070471 0.59431 -0.21800 -2.00000
102070472 0.59431 -0.21400 -2.00000
102070473 0.59431 -0.21000 -2.00000
102070474 0.59431 -0.20600 -2.00000
102070475 0.59431 -0.20200 -2.00000
102070476 0.59431 -0.19800 -2.00000
102070477 0.59431 -0.19400 -2.00000
102070478 0.59431 -0.19000 -2.00000
102070479 0.59431 -0.18600 -2.00000
102070480 0.59431 -0.18200 -2.00000
102070481 0.59431 -0.17800 -2.00000
102070482 0.59431 -0.17400 -2.00000
102070483 0.59431 -0.17000 -2.00000
102070484 0.59431 -0.16600 -2.00000
102070485 0.59431 -0.16200 -2.00000
102070486 0.59431 -0.15800 -2.00000
102070487 0.59431 -0.15400 -2.00000
102070488 0.59431 -0.15000 -2.00000
102070489 0.59431 -0.14600 -2.00000
102070490 0.59431 -0.14200 -2.00000
102070491 0.59431 -0.13800 -2.00000
102070492 0.59431 -0.13400 -2.00000
102070493 0.59431 -0.13000 -2.00000
102070494 0.59431 -0.12600 -2.00000
102070495 0.59431 -0.12200 -2.00000
102070496 0.59431 -0.11800 -2.00000
102070497 0.59431 -0.11400 -2.00000
102070498 0.59431 -0.11000 -2.00000
102070499 0.59431 -0.10600 -2.00000
102070500 0.59431 -0.10200 -2.00000
102070501 0.59431 -0.09800 -2.00000
102070502 0.59431 -0.09400 -2.00000
102070503 0.59431 -0.09000 -2.00000
102070504 0.59431 -0.08600 -2.00000
102070505 0.59431 -0.08200 -2.00000
102070506 0.59431 -0.07800 -2.00000
102070507 0.59431 -0.07400 -2.00000
102070508 0.59431 -0.07000 -2.00000
102070509 0.59431 -0.06600 -2.00000
102070510 0.59431 -0.06200 -2.00000
102070511 0.59431 -0.05800 -2.00000
102070512 0.59431 -0.05400 -2.00000
102070513 0.59431 -0.05000 -2.00000
102070514 0.59431 -0.04600 -2.00000
102070515 0.59431 -0.04200 -2.00000
102070516 0.59431 -0.03800 -2.00000
102070517 0.59431 -0.03400 -2.00000
102070518 0.59431 -0.03000 -2.00000
102070519 0.59431 -0.02600 -2.00000
102070520 0.59431 -0.02200 -2.00000
102070521 0.59431 -0.01800 -2.00000
102070522 0.59431 -0.01400 -2.00000
102070523 0.59431 -0.01000 -2.00000
102070524 0.59431 -0.00600 -2.00000
102070525 0.59431 -0.00200 -2.00000
102070526 0.59431 0.00200 -2.00000
102070527 0.59431 0.00600 -2.00000
102070528 0.59431 0.01000 -2.00000
102070529 0.59431 0.01400 -2.00000
102070530 0.59431 0.01800 -2.00000
102070531 0.59431 0.02200 -2.00000
102070532 0.59431 0.02600 -2.00000
102070533 0.59431 0.03000 -2.00000
102070534 0.59431 0.03400 -2.00000
102070535 0.59431 0.03800 -2.00000
102070536 0.59431 0.04200 -2.00000
102070537 0.59431 0.04600 -2.00000
102070538 0.59431 0.05000 -2.00000
102070539 0.59431 0.05400 -2.00000
102070540 0.59431 0.05800 -2.00000
102070541 0.59431 0.06200 -2.00000
102070542 0.59431 0.06600 -2.00000
102070543 0.59431 0.07000 -2.00000
102070544 0.59431 0.07400 -2.00000
102070545 0.59431 0.07800 -2.00000
102070546 0.59431 0.08200 -2.00000
102070547 0.59431 0.08600 -2.00000
102070548 0.59431 0.09000 -2.00000
102070549 0.59431 0.09400 -2.00000
102070550 0.59431 0.09800 -2.00000
102070551 0.59431 0.10200 -2.00000
102070552 0.59431 0.10600 -2.00000
102070553 0.59431 0.11000 -2.00000
102070554 0.59431 0.11400 -2.00000
102070555 0.59431 0.11800 -2.00000
102070556 0.59431 0.12200 -2.00000
102070557 0.59431 0.12600 -2.00000
102070558 0.59431 0.13000 -2.00000
102070559 0.59431 0.13400 -2.00000
102070560 0.59431 0.13800 -2.00000
102070561 0.59431 0.14200 -2.00000
102070562 0.59431 0.14600 -2.00000
102070563 0.59431 0.15000 -2.00000
102070564 0.59431 0.15400 -2.00000
102070565 0.59431 0.15800 -2.00000
102070566 0.59431 0.16200 -2.00000
102070567 0.59431 0.16600 -2.00000
102070568 0.59431 0.17000 -2.00000
102070569 0.59431 0.17400 -2.00000
102070570 0.59431 0.17800 -2.00000
102070571 0.59431 0.18200 -2.00000
102070572 0.59431 0.18600 -2.00000
102070573 0.59431 0.19000 -2.00000
102070574 0.59431 0.19400 -2.00000
102070575 0.59431 0.19800 -2.00000
102070576 0.59431 0.20200 -2.00000
102070577 0.59431 0.20600 -2.00000
102070578 0.59431 0.21000 -2.00000
102070579 0.59431 0.21400 -2.00000
102070580 0.59431 0.21800 -2.00000
102070581 0.59431 0.22200 -2.00000
102070582 0.59431 0.22600 -2.00000
102070583 0.59431 0.23000 -2.00000
102070584 0.59431 0.23400 -2.00000
102070585 0.59431 0.23800 -2.00000
102070586 0.59431 0.24200 -2.00000
102070587 0.59431 0.24600 -2.00000
102070588 0.59431 0.25000 -2.00000
102070589 0.59431 0.25400 -2.00000
102070590 0.59431 0.25800 -2.00000
102070591 0.59431 0.26200 -2.00000
102070592 0.59431 0.26600 -2.00000
102070593 0.59431 0.27000 -2.00000
102070594 0.59431 0.27400 -2.00000
102070595 0.59431 0.27800 -2.00000
102070596 0.59431 0.28200 -2.00000
102070597 0.59431 0.28600 -2.00000
102070598 0.59431 0.29000 -2.00000
102070599 0.59431 0.29400 -2.00000
102070600 0.59431 0.29800 -2.00000
102070601 0.60281 -0.29800 -2.00000
102070602 0.60281 -0.29400 -2.00000
102070603 0.60281 -0.29000 -2.00000
102070604 0.60281 -0.28600 -2.00000
102070605 0.60281 -0.28200 -2.00000
102070606 0.60281 -0.27800 -2.00000
102070607 0.60281 -0.27400 -2.00000
102070608 0.60281 -0.27000 -2.00000
102070609 0.60281 -0.26600 -2.00000
102070610 0.60281 -0.26200 -2.00000
102070611 0.60281 -0.25800 -2.00000
102070612 0.60281 -0.25400 -2.00000
102070613 0.60281 -0.25000 -2.00000
102070614 0.60281 -0.24600 -2.00000
102070615 0.60281 -0.24200 -2.00000
102070616 0.60281 -0.23800 -2.00000
102070617 0.60281 -0.23400 -2.00000
102070618 0.60281 -0.23000 -2.00000
102070619 0.60281 -0.22600 -2.00000
102070620 0.60281 -0.22200 -2.00000
102070621 0.60281 -0.21800 -2.00000
102070622 0.60281 -0.21400 -2.00000
102070623 0.60281 -0.21000 -2.00000
102070624 0.60281 -0.20600 -2.00000
102070625 0.60281 -0.20200 -2.00000
102070626 0.60281 -0.19800 -2.00000
102070627 0.60281 -0.19400 -2.00000
102070628 0.60281 -0.19000 -2.00000
102070629 0.60281 -0.18600 -2.00000
102070630 0.60281 -0.18200 -2.00000
102070631 0.60281 -0.17800 -2.00000
102070632 0.60281 -0.17400 -2.00000
102070633 0.60281 -0.17000 -2.00000
102070634 0.60281 -0.16600 -2.00000
102070635 0.60281 -0.16200 -2.00000
102070636 0.60281 -0.15800 -2.00000
102070637 0.60281 -0.15400 -2.00000
102070638 0.60281 -0.15000 -2.00000
102070639 0.60281 -0.14600 -2.00000
102070640 0.60281 -0.14200 -2.00000
102070641 0.60281 -0.13800 -2.00000
102070642 0.60281 -0.13400 -2.00000
102070643 0.60281 -0.13000 -2.00000
102070644 0.60281 -0.12600 -2.00000
102070645 0.60281 -0.12200 -2.00000
102070646 0.60281 -0.11800 -2.00000
102070647 0.60281 -0.11400 -2.00000
102070648 0.60281 -0.11000 -2.00000
102070649 0.60281 -0.10600 -2.00000
102070650 0.60281 -0.10200 -2.00000
102070651 0.60281 -0.09800 -2.00000
102070652 0.60281 -0.09400 -2.00000
102070653 0.60281 -0.09000 -2.00000
102070654 0.60281 -0.08600 -2.00000
102070655 0.60281 -0.08200 -2.00000
102070656 0.60281 -0.07800 -2.00000
102070657 0.60281 -0.07400 -2.00000
102070658 0.60281 -0.07000 -2.00000
102070659 0.60281 -0.06600 -2.00000
102070660 0.60281 -0.06200 -2.00000
102070661 0.60281 -0.05800 -2.00000
102070662 0.60281 -0.05400 -2.00000
102070663 0.60281 -0.05000 -2.00000
102070664 0.60281 -0.04600 -2.00000
102070665 0.60281 -0.04200 -2.00000
102070666 0.60281 -0.03800 -2.00000
102070667 0.60281 -0.03400 -2.00000
102070668 0.60281 -0.03000 -2.00000
102070669 0.60281 -0.02600 -2.00000
102070670 0.60281 -0.02200 -2.00000
102070671 0.60281 -0.01800 -2.00000
102070672 0.60281 -0.01400 -2.00000
102070673 0.60281 -0.01000 -2.00000
102070674 0.60281 -0.00600 -2.00000
102070675 0.60281 -0.00200 -2.00000
102070676 0.60281 0.00200 -2.00000
102070677 0.60281 0.00600 -2.00000
102070678 0.60281 0.01000 -2.00000
102070679 0.60281 0.01400 -2.00000
102070680 0.60281 0.01800 -2.00000
102070681 0.60281 0.02200 -2.00000
102070682 0.60281 0.02600 -2.00000
102070683 0.60281 0.03000 -2.00000
102070684 0.60281 0.03400 -2.00000
102070685 0.60281 0.03800 -2.00000
102070686 0.60281 0.04200 -2.00000
102070687 0.60281 0.04600 -2.00000
102070688 0.60281 0.05000 -2.00000
102070689 0.60281 0.05400 -2.00000
102070690 0.60281 0.05800 -2.00000
102070691 0.60281 0.06200 -2.00000
102070692 0.60281 0.06600 -2.00000
102070693 0.60281 0.07000 -2.00000
102070694 0.60281 0.07400 -2.00000
102070695 0.60281 0.07800 -2.00000
102070696 0.60281 0.08200 -2.00000
102070697 0.60281 0.08600 -2.00000
102070698 0.60281 0.09000 -2.00000
102070699 0.60281 0.09400 -2.00000
102070700 0.60281 0.09800 -2.00000
102070701 0.60281 0.10200 -2.00000
102070702 0.60281 0.10600 -2.00000
102070703 0.60281 0.11000 -2.00000
102070704 0.60281 0.11400 -2.00000
102070705 0.60281 0.11800 -2.00000
102070706 0.60281 0.12200 -2.00000
102070707 0.60281 0.12600 -2.00000
102070708 0.60281 0.13000 -2.00000
102070709 0.60281 0.13400 -2.00000
102070710 0.60281 0.13800 -2.00000
102070711 0.60281 0.14200 -2.00000
102070712 0.60281 0.14600 -2.00000
102070713 0.60281 0.15000 -2.00000
102070714 0.60281 0.15400 -2.00000
102070715 0.60281 0.15800 -2.00000
102070716 0.60281 0.16200 -2.00000
102070717 0.60281 0.16600 -2.00000
102070718 0.60281 0.17000 -2.00000
102070719 0.60281 0.17400 -2.00000
102070720 0.60281 0.17800 -2.00000
102070721 0.60281 0.18200 -2.00000
102070722 0.60281 0.18600 -2.00000
102070723 0.60281 0.19000 -2.00000
102070724 0.60281 0.19400 -2.00000
102070725 0.60281 0.19800 -2.00000
102070726 0.60281 0.20200 -2.00000
102070727 0.60281 0.20600 -2.00000
102070728 0.60281 0.21000 -2.00000
102070729 0.60281 0.21400 -2.00000
102070730 0.60281 0.21800 -2.00000
102070731 0.60281 0.22200 -2.00000
102070732 0.60281 0.22600 -2.00000
102070733 0.60281 0.23000 -2.00000
102070734 0.60281 0.23400 -2.00000
102070735 0.60281 0.23800 -2.00000
102070736 0.60281 0.24200 -2.00000
102070737 0.60281 0.24600 -2.00000
102070738 0.60281 0.25000 -2.00000
102070739 0.60281 0.25400 -2.00000
102070740 0.60281 0.25800 -2.00000
102070741 0.60281 0.26200 -2.00000
102070742 0.60281 0.26600 -2.00000
102070743 0.60281 0.27000 -2.00000
102070744 0.60281 0.27400 -2.00000
102070745 0.60281 0.27800 -2.00000
102070746 0.60281 0.28200 -2.00000
102070747 0.60281 0.28600 -2.00000
102070748 0.60281 0.29000 -2.00000
102070749 0.60281 0.29400 -2.00000
102070750 0.60281 0.29800 -2.00000
102070751 0.61131 -0.29800 -2.00000
102070752 0.61131 -0.29400 -2.00000
102070753 0.61131 -0.29000 -2.00000
102070754 0.61131 -0.28600 -2.00000
102070755 0.61131 -0.28200 -2.00000
102070756 0.61131 -0.27800 -2.00000
102070757 0.61131 -0.27400 -2.00000
102070758 0.61131 -0.27000 -2.00000
102070759 0.61131 -0.26600 -2.00000
102070760 0.61131 -0.26200 -2.00000
102070761 0.61131 -0.25800 -2.00000
102070762 0.61131 -0.25400 -2.00000
102070763 0.61131 -0.25000 -2.00000
102070764 0.61131 -0.24600 -2.00000
102070765 0.61131 -0.24200 -2.00000
102070766 0.61131 -0.23800 -2.00000
102070767 0.61131 -0.23400 -2.00000
102070768 0.61131 -0.23000 -2.00000
102070769 0.61131 -0.22600 -2.00000
102070770 0.61131 -0.22200 -2.00000
102070771 0.61131 -0.21800 -2.00000
102070772 0.61131 -0.21400 -2.00000
102070773 0.61131 -0.21000 -2.00000
102070774 0.61131 -0.20600 -2.00000
102070775 0.61131 -0.20200 -2.00000
102070776 0.61131 -0.19800 -2.00000
102070777 0.61131 -0.19400 -2.00000
102070778 0.61131 -0.19000 -2.00000
102070779 0.61131 -0.18600 -2.00000
102070780 0.61131 -0.18200 -2.00000
102070781 0.61131 -0.17800 -2.00000
102070782 0.61131 -0.17400 -2.00000
102070783 0.61131 -0.17000 -2.00000
102070784 0.61131 -0.16600 -2.00000
102070785 0.61131 -0.16200 -2.00000
102070786 0.61131 -0.15800 -2.00000
102070787 0.61131 -0.15400 -2.00000
102070788 0.61131 -0.15000 -2.00000
102070789 0.61131 -0.14600 -2.00000
102070790 0.61131 -0.14200 -2.00000
102070791 0.61131 -0.13800 -2.00000
102070792 0.61131 -0.13400 -2.00000
102070793 0.61131 -0.13000 -2.00000
102070794 0.61131 -0.12600 -2.00000
102070795 0.61131 -0.12200 -2.00000
102070796 0.61131 -0.11800 -2.00000
102070797 0.61131 -0.11400 -2.00000
102070798 0.61131 -0.11000 -2.00000
102070799 0.61131 -0.10600 -2.00000
102070800 0.61131 -0.10200 -2.00000
102070801 0.61131 -0.09800 -2.00000
102070802 0.61131 -0.09400 -2.00000
102070803 0.61131 -0.09000 -2.00000
102070804 0.61131 -0.08600 -2.00000
102070805 0.61131 -0.08200 -2.00000
102070806 0.61131 -0.07800 -2.00000
102070807 0.61131 -0.07400 -2.00000
102070808 0.61131 -0.07000 -2.00000
102070809 0.61131 -0.06600 -2.00000
102070810 0.61131 -0.06200 -2.00000
102070811 0.61131 -0.05800 -2.00000
102070812 0.61131 -0.05400 -2.00000
102070813 0.61131 -0.05000 -2.00000
102070814 0.61131 -0.04600 -2.00000
102070815 0.61131 -0.04200 -2.00000
102070816 0.61131 -0.03800 -2.00000
102070817 0.61131 -0.03400 -2.00000
102070818 0.61131 -0.03000 -2.00000
102070819 0.61131 -0.02600 -2.00000
102070820 0.61131 -0.02200 -2.00000
102070821 0.61131 -0.01800 -2.00000
102070822 0.61131 -0.01400 -2.00000
102070823 0.61131 -0.01000 -2.00000
102070824 0.61131 -0.00600 -2.00000
102070825 0.61131 -0.00200 -2.00000
102070826 0.61131 0.00200 -2.00000
102070827 0.61131 0.00600 -2.00000
102070828 0.61131 0.01000 -2.00000
102070829 0.61131 0.01400 -2.00000
102070830 0.61131 0.01800 -2.00000
102070831 0.61131 0.02200 -2.00000
102070832 0.61131 0.02600 -2.00000
102070833 0.61131 0.03000 -2.00000
102070834 0.61131 0.03400 -2.00000
102070835 0.61131 0.03800 -2.00000
102070836 0.61131 0.04200 -2.00000
102070837 0.61131 0.04600 -2.00000
102070838 0.61131 0.05000 -2.00000
102070839 0.61131 0.05400 -2.00000
102070840 0.61131 0.05800 -2.00000
102070841 0.61131 0.06200 -2.00000
102070842 0.61131 0.06600 -2.00000
102070843 0.61131 0.07000 -2.00000
102070844 0.61131 0.07400 -2.00000
102070845 0.61131 0.07800 -2.00000
102070846 0.61131 0.08200 -2.00000
102070847 0.61131 0.08600 -2.00000
102070848 0.61131 0.09000 -2.00000
102070849 0.61131 0.09400 -2.00000
102070850 0.61131 0.09800 -2.00000
102070851 0.61131 0.10200 -2.00000
102070852 0.61131 0.10600 -2.00000
102070853 0.61131 0.11000 -2.00000
102070854 0.61131 0.11400 -2.00000
102070855 0.61131 0.11800 -2.00000
102070856 0.61131 0.12200 -2.00000
102070857 0.61131 0.12600 -2.00000
102070858 0.61131 0.13000 -2.00000
102070859 0.61131 0.13400 -2.00000
102070860 0.61131 0.13800 -2.00000
102070861 0.61131 0.14200 -2.00000
102070862 0.61131 0.14600 -2.00000
102070863 0.61131 0.15000 -2.00000
102070864 0.61131 0.15400 -2.00000
102070865 0.61131 0.15800 -2.00000
102070866 0.61131 0.16200 -2.00000
102070867 0.61131 0.16600 -2.00000
102070868 0.61131 0.17000 -2.00000
102070869 0.61131 0.17400 -2.00000
102070870 0.61131 0.17800 -2.00000
102070871 0.61131 0.18200 -2.00000
102070872 0.61131 0.18600 -2.00000
102070873 0.61131 0.19000 -2.00000
102070874 0.61131 0.19400 -2.00000
102070875 0.61131 0.19800 -2.00000
102070876 0.61131 0.20200 -2.00000
102070877 0.61131 0.20600 -2.00000
102070878 0.61131 0.21000 -2.00000
102070879 0.61131 0.21400 -2.00000
102070880 0.61131 0.21800 -2.00000
102070881 0.61131 0.22200 -2.00000
102070882 0.61131 0.22600 -2.00000
102070883 0.61131 0.23000 -2.00000
102070884 0.61131 0.23400 -2.00000
102070885 0.61131 0.23800 -2.00000
102070886 0.61131 0.24200 -2.00000
102070887 0.61131 0.24600 -2.00000
102070888 0.61131 0.25000 -2.00000
102070889 0.61131 0.25400 -2.00000
102070890 0.61131 0.25800 -2.00000
102070891 0.61131 0.26200 -2.00000
102070892 0.61131 0.26600 -2.00000
102070893 0.61131 0.27000 -2.00000
102070894 0.61131 0.27400 -2.00000
102070895 0.61131 0.27800 -2.00000
102070896 0.61131 0.28200 -2.00000
102070897 0.61131 0.28600 -2.00000
102070898 0.61131 0.29000 -2.00000
102070899 0.61131 0.29400 -2.00000
102070900 0.61131 0.29800 -2.00000
102070901 0.61981 -0.29800 -2.00000
102070902 0.61981 -0.29400 -2.00000
102070903 0.61981 -0.29000 -2.00000
102070904 0.61981 -0.28600 -2.00000
102070905 0.61981 -0.28200 -2.00000
102070906 0.61981 -0.27800 -2.00000
102070907 0.61981 -0.27400 -2.00000
102070908 0.61981 -0.27000 -2.00000
102070909 0.61981 -0.26600 -2.00000
102070910 0.61981 -0.26200 -2.00000
102070911 0.61981 -0.25800 -2.00000
102070912 0.61981 -0.25400 -2.00000
102070913 0.61981 -0.25000 -2.00000
102070914 0.61981 -0.24600 -2.00000
102070915 0.61981 -0.24200 -2.00000
102070916 0.61981 -0.23800 -2.00000
102070917 0.61981 -0.23400 -2.00000
102070918 0.61981 -0.23000 -2.00000
102070919 0.61981 -0.22600 -2.00000
102070920 0.61981 -0.22200 -2.00000
102070921 0.61981 -0.21800 -2.00000
102070922 0.61981 -0.21400 -2.00000
102070923 0.61981 -0.21000 -2.00000
102070924 0.61981 -0.20600 -2.00000
102070925 0.61981 -0.20200 -2.00000
102070926 0.61981 -0.19800 -2.00000
102070927 0.61981 -0.19400 -2.00000
102070928 0.61981 -0.19000 -2.00000
102070929 0.61981 -0.18600 -2.00000
102070930 0.61981 -0.18200 -2.00000
102070931 0.61981 -0.17800 -2.00000
102070932 0.61981 -0.17400 -2.00000
102070933 0.61981 -0.17000 -2.00000
102070934 0.61981 -0.16600 -2.00000
102070935 0.61981 -0.16200 -2.00000
102070936 0.61981 -0.15800 -2.00000
102070937 0.61981 -0.15400 -2.00000
102070938 0.61981 -0.15000 -2.00000
102070939 0.61981 -0.14600 -2.00000
102070940 0.61981 -0.14200 -2.00000
102070941 0.61981 -0.13800 -2.00000
102070942 0.61981 -0.13400 -2.00000
102070943 0.61981 -0.13000 -2.00000
102070944 0.61981 -0.12600 -2.00000
102070945 0.61981 -0.12200 -2.00000
102070946 0.61981 -0.11800 -2.00000
102070947 0.61981 -0.11400 -2.00000
102070948 0.61981 -0.11000 -2.00000
102070949 0.61981 -0.10600 -2.00000
102070950 0.61981 -0.10200 -2.00000
102070951 0.61981 -0.09800 -2.00000
102070952 0.61981 -0.09400 -2.00000
102070953 0.61981 -0.09000 -2.00000
102070954 0.61981 -0.08600 -2.00000
102070955 0.61981 -0.08200 -2.00000
102070956 0.61981 -0.07800 -2.00000
102070957 0.61981 -0.07400 -2.00000
102070958 0.61981 -0.07000 -2.00000
102070959 0.61981 -0.06600 -2.00000
102070960 0.61981 -0.06200 -2.00000
102070961 0.61981 -0.05800 -2.00000
102070962 0.61981 -0.05400 -2.00000
102070963 0.61981 -0.05000 -2.00000
102070964 0.61981 -0.04600 -2.00000
102070965 0.61981 -0.04200 -2.00000
102070966 0.61981 -0.03800 -2.00000
102070967 0.61981 -0.03400 -2.00000
102070968 0.61981 -0.03000 -2.00000
102070969 0.61981 -0.02600 -2.00000
102070970 0.61981 -0.02200 -2.00000
102070971 0.61981 -0.01800 -2.00000
102070972 0.61981 -0.01400 -2.00000
102070973 0.61981 -0.01000 -2.00000
102070974 0.61981 -0.00600 -2.00000
102070975 0.61981 -0.00200 -2.00000
102070976 0.61981 0.00200 -2.00000
102070977 0.61981 0.00600 -2.00000
102070978 0.61981 0.01000 -2.00000
102070979 0.61981 0.01400 -2.00000
102070980 0.61981 0.01800 -2.00000
102070981 0.61981 0.02200 -2.00000
102070982 0.61981 0.02600 -2.00000
102070983 0.61981 0.03000 -2.00000
102070984 0.61981 0.03400 -2.00000
102070985 0.61981 0.03800 -2.00000
102070986 0.61981 0.04200 -2.00000
102070987 0.61981 0.04600 -2.00000
102070988 0.61981 0.05000 -2.00000
102070989 0.61981 0.05400 -2.00000
102070990 0.61981 0.05800 -2.00000
102070991 0.61981 0.06200 -2.00000
102070992 0.61981 0.06600 -2.00000
102070993 0.61981 0.07000 -2.00000
102070994 0.61981 0.07400 -2.00000
102070995 0.61981 0.07800 -2.00000
102070996 0.61981 0.08200 -2.00000
102070997 0.61981 0.08600 -2.00000
102070998 0.61981 0.09000 -2.00000
102070999 0.61981 0.09400 -2.00000
102071000 0.61981 0.09800 -2.00000
102071001 0.61981 0.10200 -2.00000
102071002 0.61981 0.10600 -2.00000
102071003 0.61981 0.11000 -2.00000
102071004 0.61981 0.11400 -2.00000
102071005 0.61981 0.11800 -2.00000
102071006 0.61981 0.12200 -2.00000
102071007 0.61981 0.12600 -2.00000
102071008 0.61981 0.13000 -2.00000
102071009 0.61981 0.13400 -2.00000
102071010 0.61981 0.13800 -2.00000
102071011 0.61981 0.14200 -2.00000
102071012 0.61981 0.14600 -2.00000
102071013 0.61981 0.15000 -2.00000
102071014 0.61981 0.15400 -2.00000
102071015 0.61981 0.15800 -2.00000
102071016 0.61981 0.16200 -2.00000
102071017 0.61981 0.16600 -2.00000
102071018 0.61981 0.17000 -2.00000
102071019 0.61981 0.17400 -2.00000
102071020 0.61981 0.17800 -2.00000
102071021 0.61981 0.18200 -2.00000
102071022 0.61981 0.18600 -2.00000
102071023 0.61981 0.19000 -2.00000
102071024 0.61981 0.19400 -2.00000
102071025 0.61981 0.19800 -2.00000
102071026 0.61981 0.20200 -2.00000
102071027 0.61981 0.20600 -2.00000
102071028 0.61981 0.21000 -2.00000
102071029 0.61981 0.21400 -2.00000
102071030 0.61981 0.21800 -2.00000
102071031 0.61981 0.22200 -2.00000
102071032 0.61981 0.22600 -2.00000
102071033 0.61981 0.23000 -2.00000
102071034 0.61981 0.23400 -2.00000
102071035 0.61981 0.23800 -2.00000
102071036 0.61981 0.24200 -2.00000
102071037 0.61981 0.24600 -2.00000
102071038 0.61981 0.25000 -2.00000
102071039 0.61981 0.25400 -2.00000
102071040 0.61981 0.25800 -2.00000
102071041 0.61981 0.26200 -2.00000
102071042 0.61981 0.26600 -2.00000
102071043 0.61981 0.27000 -2.00000
102071044 0.61981 0.27400 -2.00000
102071045 0.61981 0.27800 -2.00000
102071046 0.61981 0.28200 -2.00000
102071047 0.61981 0.28600 -2.00000
102071048 0.61981 0.29000 -2.00000
102071049 0.61981 0.29400 -2.00000
102071050 0.61981 0.29800 -2.00000
102071051 0.62831 -0.29800 -2.00000
102071052 0.62831 -0.29400 -2.00000
102071053 0.62831 -0.29000 -2.00000
102071054 0.62831 -0.28600 -2.00000
102071055 0.62831 -0.28200 -2.00000
102071056 0.62831 -0.27800 -2.00000
102071057 0.62831 -0.27400 -2.00000
102071058 0.62831 -0.27000 -2.00000
102071059 0.62831 -0.26600 -2.00000
102071060 0.62831 -0.26200 -2.00000
102071061 0.62831 -0.25800 -2.00000
102071062 0.62831 -0.25400 -2.00000
102071063 0.62831 -0.25000 -2.00000
102071064 0.62831 -0.24600 -2.00000
102071065 0.62831 -0.24200 -2.00000
102071066 0.62831 -0.23800 -2.00000
102071067 0.62831 -0.23400 -2.00000
102071068 0.62831 -0.23000 -2.00000
102071069 0.62831 -0.22600 -2.00000
102071070 0.62831 -0.22200 -2.00000
102071071 0.62831 -0.21800 -2.00000
102071072 0.62831 -0.21400 -2.00000
102071073 0.62831 -0.21000 -2.00000
102071074 0.62831 -0.20600 -2.00000
102071075 0.62831 -0.20200 -2.00000
102071076 0.62831 -0.19800 -2.00000
102071077 0.62831 -0.19400 -2.00000
102071078 0.62831 -0.19000 -2.00000
102071079 0.62831 -0.18600 -2.00000
102071080 0.62831 -0.18200 -2.00000
102071081 0.62831 -0.17800 -2.00000
102071082 0.62831 -0.17400 -2.00000
102071083 0.62831 -0.17000 -2.00000
102071084 0.62831 -0.16600 -2.00000
102071085 0.62831 -0.16200 -2.00000
102071086 0.62831 -0.15800 -2.00000
102071087 0.62831 -0.15400 -2.00000
102071088 0.62831 -0.15000 -2.00000
102071089 0.62831 -0.14600 -2.00000
102071090 0.62831 -0.14200 -2.00000
102071091 0.62831 -0.13800 -2.00000
102071092 0.62831 -0.13400 -2.00000
102071093 0.62831 -0.13000 -2.00000
102071094 0.62831 -0.12600 -2.00000
102071095 0.62831 -0.12200 -2.00000
102071096 0.62831 -0.11800 -2.00000
102071097 0.62831 -0.11400 -2.00000
102071098 0.62831 -0.11000 -2.00000
102071099 0.62831 -0.10600 -2.00000
102071100 0.62831 -0.10200 -2.00000
102071101 0.62831 -0.09800 -2.00000
102071102 0.62831 -0.09400 -2.00000
102071103 0.62831 -0.09000 -2.00000
102071104 0.62831 -0.08600 -2.00000
102071105 0.62831 -0.08200 -2.00000
102071106 0.62831 -0.07800 -2.00000
102071107 0.62831 -0.07400 -2.00000
102071108 0.62831 -0.07000 -2.00000
102071109 0.62831 -0.06600 -2.00000
102071110 0.62831 -0.06200 -2.00000
102071111 0.62831 -0.05800 -2.00000
102071112 0.62831 -0.05400 -2.00000
102071113 0.62831 -0.05000 -2.00000
102071114 0.62831 -0.04600 -2.00000
102071115 0.62831 -0.04200 -2.00000
102071116 0.62831 -0.03800 -2.00000
102071117 0.62831 -0.03400 -2.00000
102071118 0.62831 -0.03000 -2.00000
102071119 0.62831 -0.02600 -2.00000
102071120 0.62831 -0.02200 -2.00000
102071121 0.62831 -0.01800 -2.00000
102071122 0.62831 -0.01400 -2.00000
102071123 0.62831 -0.01000 -2.00000
102071124 0.62831 -0.00600 -2.00000
102071125 0.62831 -0.00200 -2.00000
102071126 0.62831 0.00200 -2.00000
102071127 0.62831 0.00600 -2.00000
102071128 0.62831 0.01000 -2.00000
102071129 0.62831 0.01400 -2.00000
102071130 0.62831 0.01800 -2.00000
102071131 0.62831 0.02200 -2.00000
102071132 0.62831 0.02600 -2.00000
102071133 0.62831 0.03000 -2.00000
102071134 0.62831 0.03400 -2.00000
102071135 0.62831 0.03800 -2.00000
102071136 0.62831 0.04200 -2.00000
102071137 0.62831 0.04600 -2.00000
102071138 0.62831 0.05000 -2.00000
102071139 0.62831 0.05400 -2.00000
102071140 0.62831 0.05800 -2.00000
102071141 0.62831 0.06200 -2.00000
102071142 0.62831 0.06600 -2.00000
102071143 0.62831 0.07000 -2.00000
102071144 0.62831 0.07400 -2.00000
102071145 0.62831 0.07800 -2.00000
102071146 0.62831 0.08200 -2.00000
102071147 0.62831 0.08600 -2.00000
102071148 0.62831 0.09000 -2.00000
102071149 0.62831 0.09400 -2.00000
102071150 0.62831 0.09800 -2.00000
102071151 0.62831 0.10200 -2.00000
102071152 0.62831 0.10600 -2.00000
102071153 0.62831 0.11000 -2.00000
102071154 0.62831 0.11400 -2.00000
102071155 0.62831 0.11800 -2.00000
102071156 0.62831 0.12200 -2.00000
102071157 0.62831 0.12600 -2.00000
102071158 0.62831 0.13000 -2.00000
102071159 0.62831 0.13400 -2.00000
102071160 0.62831 0.13800 -2.00000
102071161 0.62831 0.14200 -2.00000
102071162 0.62831 0.14600 -2.00000
102071163 0.62831 0.15000 -2.00000
102071164 0.62831 0.15400 -2.00000
102071165 0.62831 0.15800 -2.00000
102071166 0.62831 0.16200 -2.00000
102071167 0.62831 0.16600 -2.00000
102071168 0.62831 0.17000 -2.00000
102071169 0.62831 0.17400 -2.00000
102071170 0.62831 0.17800 -2.00000
102071171 0.62831 0.18200 -2.00000
102071172 0.62831 0.18600 -2.00000
102071173 0.62831 0.19000 -2.00000
102071174 0.62831 0.19400 -2.00000
102071175 0.62831 0.19800 -2.00000
102071176 0.62831 0.20200 -2.00000
102071177 0.62831 0.20600 -2.00000
102071178 0.62831 0.21000 -2.00000
102071179 0.62831 0.21400 -2.00000
102071180 0.62831 0.21800 -2.00000
102071181 0.62831 0.22200 -2.00000
102071182 0.62831 0.22600 -2.00000
102071183 0.62831 0.23000 -2.00000
102071184 0.62831 0.23400 -2.00000
102071185 0.62831 0.23800 -2.00000
102071186 0.62831 0.24200 -2.00000
102071187 0.62831 0.24600 -2.00000
102071188 0.62831 0.25000 -2.00000
102071189 0.62831 0.25400 -2.00000
102071190 0.62831 0.25800 -2.00000
102071191 0.62831 0.26200 -2.00000
102071192 0.62831 0.26600 -2.00000
102071193 0.62831 0.27000 -2.00000
102071194 0.62831 0.27400 -2.00000
102071195 0.62831 0.27800 -2.00000
102071196 0.62831 0.28200 -2.00000
102071197 0.62831 0.28600 -2.00000
102071198 0.62831 0.29000 -2.00000
102071199 0.62831 0.29400 -2.00000
102071200 0.62831 0.29800 -2.00000
