# pixelID  x  y  z
106100001 -0.76631 -1.09800 -2.00000
106100002 -0.76631 -1.09400 -2.00000
106100003 -0.76631 -1.09000 -2.00000
106100004 -0.76631 -1.08600 -2.00000
106100005 -0.76631 -1.08200 -2.00000
106100006 -0.76631 -1.07800 -2.00000
106100007 -0.76631 -1.07400 -2.00000
106100008 -0.76631 -1.07000 -2.00000
106100009 -0.76631 -1.06600 -2.00000
106100010 -0.76631 -1.06200 -2.00000
106100011 -0.76631 -1.05800 -2.00000
106100012 -0.76631 -1.05400 -2.00000
106100013 -0.76631 -1.05000 -2.00000
106100014 -0.76631 -1.04600 -2.00000
106100015 -0.76631 -1.04200 -2.00000
106100016 -0.76631 -1.03800 -2.00000
106100017 -0.76631 -1.03400 -2.00000
106100018 -0.76631 -1.03000 -2.00000
106100019 -0.76631 -1.02600 -2.00000
106100020 -0.76631 -1.02200 -2.00000
106100021 -0.76631 -1.01800 -2.00000
106100022 -0.76631 -1.01400 -2.00000
106100023 -0.76631 -1.01000 -2.00000
106100024 -0.76631 -1.00600 -2.00000
106100025 -0.76631 -1.00200 -2.00000
106100026 -0.76631 -0.99800 -2.00000
106100027 -0.76631 -0.99400 -2.00000
106100028 -0.76631 -0.99000 -2.00000
106100029 -0.76631 -0.98600 -2.00000
106100030 -0.76631 -0.98200 -2.00000
106100031 -0.76631 -0.97800 -2.00000
106100032 -0.76631 -0.97400 -2.00000
106100033 -0.76631 -0.97000 -2.00000
106100034 -0.76631 -0.96600 -2.00000
106100035 -0.76631 -0.96200 -2.00000
106100036 -0.76631 -0.95800 -2.00000
106100037 -0.76631 -0.95400 -2.00000
106100038 -0.76631 -0.95000 -2.00000
106100039 -0.76631 -0.94600 -2.00000
106100040 -0.76631 -0.94200 -2.00000
106100041 -0.76631 -0.93800 -2.00000
106100042 -0.76631 -0.93400 -2.00000
106100043 -0.76631 -0.93000 -2.00000
106100044 -0.76631 -0.92600 -2.00000
106100045 -0.76631 -0.92200 -2.00000
106100046 -0.76631 -0.91800 -2.00000
106100047 -0.76631 -0.91400 -2.00000
106100048 -0.76631 -0.91000 -2.00000
106100049 -0.76631 -0.90600 -2.00000
106100050 -0.76631 -0.90200 -2.00000
106100051 -0.76631 -0.89800 -2.00000
106100052 -0.76631 -0.89400 -2.00000
106100053 -0.76631 -0.89000 -2.00000
106100054 -0.76631 -0.88600 -2.00000
106100055 -0.76631 -0.88200 -2.00000
106100056 -0.76631 -0.87800 -2.00000
106100057 -0.76631 -0.87400 -2.00000
106100058 -0.76631 -0.87000 -2.00000
106100059 -0.76631 -0.86600 -2.00000
106100060 -0.76631 -0.86200 -2.00000
106100061 -0.76631 -0.85800 -2.00000
106100062 -0.76631 -0.85400 -2.00000
106100063 -0.76631 -0.85000 -2.00000
106100064 -0.76631 -0.84600 -2.00000
106100065 -0.76631 -0.84200 -2.00000
106100066 -0.76631 -0.83800 -2.00000
106100067 -0.76631 -0.83400 -2.00000
106100068 -0.76631 -0.83000 -2.00000
106100069 -0.76631 -0.82600 -2.00000
106100070 -0.76631 -0.82200 -2.00000
106100071 -0.76631 -0.81800 -2.00000
106100072 -0.76631 -0.81400 -2.00000
106100073 -0.76631 -0.81000 -2.00000
106100074 -0.76631 -0.80600 -2.00000
106100075 -0.76631 -0.80200 -2.00000
106100076 -0.76631 -0.79800 -2.00000
106100077 -0.76631 -0.79400 -2.00000
106100078 -0.76631 -0.79000 -2.00000
106100079 -0.76631 -0.78600 -2.00000
106100080 -0.76631 -0.78200 -2.00000
106100081 -0.76631 -0.77800 -2.00000
106100082 -0.76631 -0.77400 -2.00000
106100083 -0.76631 -0.77000 -2.00000
106100084 -0.76631 -0.76600 -2.00000
106100085 -0.76631 -0.76200 -2.00000
106100086 -0.76631 -0.75800 -2.00000
106100087 -0.76631 -0.75400 -2.00000
106100088 -0.76631 -0.75000 -2.00000
106100089 -0.76631 -0.74600 -2.00000
106100090 -0.76631 -0.74200 -2.00000
106100091 -0.76631 -0.73800 -2.00000
106100092 -0.76631 -0.73400 -2.00000
106100093 -0.76631 -0.73000 -2.00000
106100094 -0.76631 -0.72600 -2.00000
106100095 -0.76631 -0.72200 -2.00000
106100096 -0.76631 -0.71800 -2.00000
106100097 -0.76631 -0.71400 -2.00000
106100098 -0.76631 -0.71000 -2.00000
106100099 -0.76631 -0.70600 -2.00000
106100100 -0.76631 -0.70200 -2.00000
106100101 -0.76631 -0.69800 -2.00000
106100102 -0.76631 -0.69400 -2.00000
106100103 -0.76631 -0.69000 -2.00000
106100104 -0.76631 -0.68600 -2.00000
106100105 -0.76631 -0.68200 -2.00000
106100106 -0.76631 -0.67800 -2.00000
106100107 -0.76631 -0.67400 -2.00000
106100108 -0.76631 -0.67000 -2.00000
106100109 -0.76631 -0.66600 -2.00000
106100110 -0.76631 -0.66200 -2.00000
106100111 -0.76631 -0.65800 -2.00000
106100112 -0.76631 -0.65400 -2.00000
106100113 -0.76631 -0.65000 -2.00000
106100114 -0.76631 -0.64600 -2.00000
106100115 -0.76631 -0.64200 -2.00000
106100116 -0.76631 -0.63800 -2.00000
106100117 -0.76631 -0.63400 -2.00000
106100118 -0.76631 -0.63000 -2.00000
106100119 -0.76631 -0.62600 -2.00000
106100120 -0.76631 -0.62200 -2.00000
106100121 -0.76631 -0.61800 -2.00000
106100122 -0.76631 -0.61400 -2.00000
106100123 -0.76631 -0.61000 -2.00000
106100124 -0.76631 -0.60600 -2.00000
106100125 -0.76631 -0.60200 -2.00000
106100126 -0.76631 -0.59800 -2.00000
106100127 -0.76631 -0.59400 -2.00000
106100128 -0.76631 -0.59000 -2.00000
106100129 -0.76631 -0.58600 -2.00000
106100130 -0.76631 -0.58200 -2.00000
106100131 -0.76631 -0.57800 -2.00000
106100132 -0.76631 -0.57400 -2.00000
106100133 -0.76631 -0.57000 -2.00000
106100134 -0.76631 -0.56600 -2.00000
106100135 -0.76631 -0.56200 -2.00000
106100136 -0.76631 -0.55800 -2.00000
106100137 -0.76631 -0.55400 -2.00000
106100138 -0.76631 -0.55000 -2.00000
106100139 -0.76631 -0.54600 -2.00000
106100140 -0.76631 -0.54200 -2.00000
106100141 -0.76631 -0.53800 -2.00000
106100142 -0.76631 -0.53400 -2.00000
106100143 -0.76631 -0.53000 -2.00000
106100144 -0.76631 -0.52600 -2.00000
106100145 -0.76631 -0.52200 -2.00000
106100146 -0.76631 -0.51800 -2.00000
106100147 -0.76631 -0.51400 -2.00000
106100148 -0.76631 -0.51000 -2.00000
106100149 -0.76631 -0.50600 -2.00000
106100150 -0.76631 -0.50200 -2.00000
106100151 -0.75781 -1.09800 -2.00000
106100152 -0.75781 -1.09400 -2.00000
106100153 -0.75781 -1.09000 -2.00000
106100154 -0.75781 -1.08600 -2.00000
106100155 -0.75781 -1.08200 -2.00000
106100156 -0.75781 -1.07800 -2.00000
106100157 -0.75781 -1.07400 -2.00000
106100158 -0.75781 -1.07000 -2.00000
106100159 -0.75781 -1.06600 -2.00000
106100160 -0.75781 -1.06200 -2.00000
106100161 -0.75781 -1.05800 -2.00000
106100162 -0.75781 -1.05400 -2.00000
106100163 -0.75781 -1.05000 -2.00000
106100164 -0.75781 -1.04600 -2.00000
106100165 -0.75781 -1.04200 -2.00000
106100166 -0.75781 -1.03800 -2.00000
106100167 -0.75781 -1.03400 -2.00000
106100168 -0.75781 -1.03000 -2.00000
106100169 -0.75781 -1.02600 -2.00000
106100170 -0.75781 -1.02200 -2.00000
106100171 -0.75781 -1.01800 -2.00000
106100172 -0.75781 -1.01400 -2.00000
106100173 -0.75781 -1.01000 -2.00000
106100174 -0.75781 -1.00600 -2.00000
106100175 -0.75781 -1.00200 -2.00000
106100176 -0.75781 -0.99800 -2.00000
106100177 -0.75781 -0.99400 -2.00000
106100178 -0.75781 -0.99000 -2.00000
106100179 -0.75781 -0.98600 -2.00000
106100180 -0.75781 -0.98200 -2.00000
106100181 -0.75781 -0.97800 -2.00000
106100182 -0.75781 -0.97400 -2.00000
106100183 -0.75781 -0.97000 -2.00000
106100184 -0.75781 -0.96600 -2.00000
106100185 -0.75781 -0.96200 -2.00000
106100186 -0.75781 -0.95800 -2.00000
106100187 -0.75781 -0.95400 -2.00000
106100188 -0.75781 -0.95000 -2.00000
106100189 -0.75781 -0.94600 -2.00000
106100190 -0.75781 -0.94200 -2.00000
106100191 -0.75781 -0.93800 -2.00000
106100192 -0.75781 -0.93400 -2.00000
106100193 -0.75781 -0.93000 -2.00000
106100194 -0.75781 -0.92600 -2.00000
106100195 -0.75781 -0.92200 -2.00000
106100196 -0.75781 -0.91800 -2.00000
106100197 -0.75781 -0.91400 -2.00000
106100198 -0.75781 -0.91000 -2.00000
106100199 -0.75781 -0.90600 -2.00000
106100200 -0.75781 -0.90200 -2.00000
106100201 -0.75781 -0.89800 -2.00000
106100202 -0.75781 -0.89400 -2.00000
106100203 -0.75781 -0.89000 -2.00000
106100204 -0.75781 -0.88600 -2.00000
106100205 -0.75781 -0.88200 -2.00000
106100206 -0.75781 -0.87800 -2.00000
106100207 -0.75781 -0.87400 -2.00000
106100208 -0.75781 -0.87000 -2.00000
106100209 -0.75781 -0.86600 -2.00000
106100210 -0.75781 -0.86200 -2.00000
106100211 -0.75781 -0.85800 -2.00000
106100212 -0.75781 -0.85400 -2.00000
106100213 -0.75781 -0.85000 -2.00000
106100214 -0.75781 -0.84600 -2.00000
106100215 -0.75781 -0.84200 -2.00000
106100216 -0.75781 -0.83800 -2.00000
106100217 -0.75781 -0.83400 -2.00000
106100218 -0.75781 -0.83000 -2.00000
106100219 -0.75781 -0.82600 -2.00000
106100220 -0.75781 -0.82200 -2.00000
106100221 -0.75781 -0.81800 -2.00000
106100222 -0.75781 -0.81400 -2.00000
106100223 -0.75781 -0.81000 -2.00000
106100224 -0.75781 -0.80600 -2.00000
106100225 -0.75781 -0.80200 -2.00000
106100226 -0.75781 -0.79800 -2.00000
106100227 -0.75781 -0.79400 -2.00000
106100228 -0.75781 -0.79000 -2.00000
106100229 -0.75781 -0.78600 -2.00000
106100230 -0.75781 -0.78200 -2.00000
106100231 -0.75781 -0.77800 -2.00000
106100232 -0.75781 -0.77400 -2.00000
106100233 -0.75781 -0.77000 -2.00000
106100234 -0.75781 -0.76600 -2.00000
106100235 -0.75781 -0.76200 -2.00000
106100236 -0.75781 -0.75800 -2.00000
106100237 -0.75781 -0.75400 -2.00000
106100238 -0.75781 -0.75000 -2.00000
106100239 -0.75781 -0.74600 -2.00000
106100240 -0.75781 -0.74200 -2.00000
106100241 -0.75781 -0.73800 -2.00000
106100242 -0.75781 -0.73400 -2.00000
106100243 -0.75781 -0.73000 -2.00000
106100244 -0.75781 -0.72600 -2.00000
106100245 -0.75781 -0.72200 -2.00000
106100246 -0.75781 -0.71800 -2.00000
106100247 -0.75781 -0.71400 -2.00000
106100248 -0.75781 -0.71000 -2.00000
106100249 -0.75781 -0.70600 -2.00000
106100250 -0.75781 -0.70200 -2.00000
106100251 -0.75781 -0.69800 -2.00000
106100252 -0.75781 -0.69400 -2.00000
106100253 -0.75781 -0.69000 -2.00000
106100254 -0.75781 -0.68600 -2.00000
106100255 -0.75781 -0.68200 -2.00000
106100256 -0.75781 -0.67800 -2.00000
106100257 -0.75781 -0.67400 -2.00000
106100258 -0.75781 -0.67000 -2.00000
106100259 -0.75781 -0.66600 -2.00000
106100260 -0.75781 -0.66200 -2.00000
106100261 -0.75781 -0.65800 -2.00000
106100262 -0.75781 -0.65400 -2.00000
106100263 -0.75781 -0.65000 -2.00000
106100264 -0.75781 -0.64600 -2.00000
106100265 -0.75781 -0.64200 -2.00000
106100266 -0.75781 -0.63800 -2.00000
106100267 -0.75781 -0.63400 -2.00000
106100268 -0.75781 -0.63000 -2.00000
106100269 -0.75781 -0.62600 -2.00000
106100270 -0.75781 -0.62200 -2.00000
106100271 -0.75781 -0.61800 -2.00000
106100272 -0.75781 -0.61400 -2.00000
106100273 -0.75781 -0.61000 -2.00000
106100274 -0.75781 -0.60600 -2.00000
106100275 -0.75781 -0.60200 -2.00000
106100276 -0.75781 -0.59800 -2.00000
106100277 -0.75781 -0.59400 -2.00000
106100278 -0.75781 -0.59000 -2.00000
106100279 -0.75781 -0.58600 -2.00000
106100280 -0.75781 -0.58200 -2.00000
106100281 -0.75781 -0.57800 -2.00000
106100282 -0.75781 -0.57400 -2.00000
106100283 -0.75781 -0.57000 -2.00000
106100284 -0.75781 -0.56600 -2.00000
106100285 -0.75781 -0.56200 -2.00000
106100286 -0.75781 -0.55800 -2.00000
106100287 -0.75781 -0.55400 -2.00000
106100288 -0.75781 -0.55000 -2.00000
106100289 -0.75781 -0.54600 -2.00000
106100290 -0.75781 -0.54200 -2.00000
106100291 -0.75781 -0.53800 -2.00000
106100292 -0.75781 -0.53400 -2.00000
106100293 -0.75781 -0.53000 -2.00000
106100294 -0.75781 -0.52600 -2.00000
106100295 -0.75781 -0.52200 -2.00000
106100296 -0.75781 -0.51800 -2.00000
106100297 -0.75781 -0.51400 -2.00000
106100298 -0.75781 -0.51000 -2.00000
106100299 -0.75781 -0.50600 -2.00000
106100300 -0.75781 -0.50200 -2.00000
106100301 -0.74931 -1.09800 -2.00000
106100302 -0.74931 -1.09400 -2.00000
106100303 -0.74931 -1.09000 -2.00000
106100304 -0.74931 -1.08600 -2.00000
106100305 -0.74931 -1.08200 -2.00000
106100306 -0.74931 -1.07800 -2.00000
106100307 -0.74931 -1.07400 -2.00000
106100308 -0.74931 -1.07000 -2.00000
106100309 -0.74931 -1.06600 -2.00000
106100310 -0.74931 -1.06200 -2.00000
106100311 -0.74931 -1.05800 -2.00000
106100312 -0.74931 -1.05400 -2.00000
106100313 -0.74931 -1.05000 -2.00000
106100314 -0.74931 -1.04600 -2.00000
106100315 -0.74931 -1.04200 -2.00000
106100316 -0.74931 -1.03800 -2.00000
106100317 -0.74931 -1.03400 -2.00000
106100318 -0.74931 -1.03000 -2.00000
106100319 -0.74931 -1.02600 -2.00000
106100320 -0.74931 -1.02200 -2.00000
106100321 -0.74931 -1.01800 -2.00000
106100322 -0.74931 -1.01400 -2.00000
106100323 -0.74931 -1.01000 -2.00000
106100324 -0.74931 -1.00600 -2.00000
106100325 -0.74931 -1.00200 -2.00000
106100326 -0.74931 -0.99800 -2.00000
106100327 -0.74931 -0.99400 -2.00000
106100328 -0.74931 -0.99000 -2.00000
106100329 -0.74931 -0.98600 -2.00000
106100330 -0.74931 -0.98200 -2.00000
106100331 -0.74931 -0.97800 -2.00000
106100332 -0.74931 -0.97400 -2.00000
106100333 -0.74931 -0.97000 -2.00000
106100334 -0.74931 -0.96600 -2.00000
106100335 -0.74931 -0.96200 -2.00000
106100336 -0.74931 -0.95800 -2.00000
106100337 -0.74931 -0.95400 -2.00000
106100338 -0.74931 -0.95000 -2.00000
106100339 -0.74931 -0.94600 -2.00000
106100340 -0.74931 -0.94200 -2.00000
106100341 -0.74931 -0.93800 -2.00000
106100342 -0.74931 -0.93400 -2.00000
106100343 -0.74931 -0.93000 -2.00000
106100344 -0.74931 -0.92600 -2.00000
106100345 -0.74931 -0.92200 -2.00000
106100346 -0.74931 -0.91800 -2.00000
106100347 -0.74931 -0.91400 -2.00000
106100348 -0.74931 -0.91000 -2.00000
106100349 -0.74931 -0.90600 -2.00000
106100350 -0.74931 -0.90200 -2.00000
106100351 -0.74931 -0.89800 -2.00000
106100352 -0.74931 -0.89400 -2.00000
106100353 -0.74931 -0.89000 -2.00000
106100354 -0.74931 -0.88600 -2.00000
106100355 -0.74931 -0.88200 -2.00000
106100356 -0.74931 -0.87800 -2.00000
106100357 -0.74931 -0.87400 -2.00000
106100358 -0.74931 -0.87000 -2.00000
106100359 -0.74931 -0.86600 -2.00000
106100360 -0.74931 -0.86200 -2.00000
106100361 -0.74931 -0.85800 -2.00000
106100362 -0.74931 -0.85400 -2.00000
106100363 -0.74931 -0.85000 -2.00000
106100364 -0.74931 -0.84600 -2.00000
106100365 -0.74931 -0.84200 -2.00000
106100366 -0.74931 -0.83800 -2.00000
106100367 -0.74931 -0.83400 -2.00000
106100368 -0.74931 -0.83000 -2.00000
106100369 -0.74931 -0.82600 -2.00000
106100370 -0.74931 -0.82200 -2.00000
106100371 -0.74931 -0.81800 -2.00000
106100372 -0.74931 -0.81400 -2.00000
106100373 -0.74931 -0.81000 -2.00000
106100374 -0.74931 -0.80600 -2.00000
106100375 -0.74931 -0.80200 -2.00000
106100376 -0.74931 -0.79800 -2.00000
106100377 -0.74931 -0.79400 -2.00000
106100378 -0.74931 -0.79000 -2.00000
106100379 -0.74931 -0.78600 -2.00000
106100380 -0.74931 -0.78200 -2.00000
106100381 -0.74931 -0.77800 -2.00000
106100382 -0.74931 -0.77400 -2.00000
106100383 -0.74931 -0.77000 -2.00000
106100384 -0.74931 -0.76600 -2.00000
106100385 -0.74931 -0.76200 -2.00000
106100386 -0.74931 -0.75800 -2.00000
106100387 -0.74931 -0.75400 -2.00000
106100388 -0.74931 -0.75000 -2.00000
106100389 -0.74931 -0.74600 -2.00000
106100390 -0.74931 -0.74200 -2.00000
106100391 -0.74931 -0.73800 -2.00000
106100392 -0.74931 -0.73400 -2.00000
106100393 -0.74931 -0.73000 -2.00000
106100394 -0.74931 -0.72600 -2.00000
106100395 -0.74931 -0.72200 -2.00000
106100396 -0.74931 -0.71800 -2.00000
106100397 -0.74931 -0.71400 -2.00000
106100398 -0.74931 -0.71000 -2.00000
106100399 -0.74931 -0.70600 -2.00000
106100400 -0.74931 -0.70200 -2.00000
106100401 -0.74931 -0.69800 -2.00000
106100402 -0.74931 -0.69400 -2.00000
106100403 -0.74931 -0.69000 -2.00000
106100404 -0.74931 -0.68600 -2.00000
106100405 -0.74931 -0.68200 -2.00000
106100406 -0.74931 -0.67800 -2.00000
106100407 -0.74931 -0.67400 -2.00000
106100408 -0.74931 -0.67000 -2.00000
106100409 -0.74931 -0.66600 -2.00000
106100410 -0.74931 -0.66200 -2.00000
106100411 -0.74931 -0.65800 -2.00000
106100412 -0.74931 -0.65400 -2.00000
106100413 -0.74931 -0.65000 -2.00000
106100414 -0.74931 -0.64600 -2.00000
106100415 -0.74931 -0.64200 -2.00000
106100416 -0.74931 -0.63800 -2.00000
106100417 -0.74931 -0.63400 -2.00000
106100418 -0.74931 -0.63000 -2.00000
106100419 -0.74931 -0.62600 -2.00000
106100420 -0.74931 -0.62200 -2.00000
106100421 -0.74931 -0.61800 -2.00000
106100422 -0.74931 -0.61400 -2.00000
106100423 -0.74931 -0.61000 -2.00000
106100424 -0.74931 -0.60600 -2.00000
106100425 -0.74931 -0.60200 -2.00000
106100426 -0.74931 -0.59800 -2.00000
106100427 -0.74931 -0.59400 -2.00000
106100428 -0.74931 -0.59000 -2.00000
106100429 -0.74931 -0.58600 -2.00000
106100430 -0.74931 -0.58200 -2.00000
106100431 -0.74931 -0.57800 -2.00000
106100432 -0.74931 -0.57400 -2.00000
106100433 -0.74931 -0.57000 -2.00000
106100434 -0.74931 -0.56600 -2.00000
106100435 -0.74931 -0.56200 -2.00000
106100436 -0.74931 -0.55800 -2.00000
106100437 -0.74931 -0.55400 -2.00000
106100438 -0.74931 -0.55000 -2.00000
106100439 -0.74931 -0.54600 -2.00000
106100440 -0.74931 -0.54200 -2.00000
106100441 -0.74931 -0.53800 -2.00000
106100442 -0.74931 -0.53400 -2.00000
106100443 -0.74931 -0.53000 -2.00000
106100444 -0.74931 -0.52600 -2.00000
106100445 -0.74931 -0.52200 -2.00000
106100446 -0.74931 -0.51800 -2.00000
106100447 -0.74931 -0.51400 -2.00000
106100448 -0.74931 -0.51000 -2.00000
106100449 -0.74931 -0.50600 -2.00000
106100450 -0.74931 -0.50200 -2.00000
106100451 -0.74081 -1.09800 -2.00000
106100452 -0.74081 -1.09400 -2.00000
106100453 -0.74081 -1.09000 -2.00000
106100454 -0.74081 -1.08600 -2.00000
106100455 -0.74081 -1.08200 -2.00000
106100456 -0.74081 -1.07800 -2.00000
106100457 -0.74081 -1.07400 -2.00000
106100458 -0.74081 -1.07000 -2.00000
106100459 -0.74081 -1.06600 -2.00000
106100460 -0.74081 -1.06200 -2.00000
106100461 -0.74081 -1.05800 -2.00000
106100462 -0.74081 -1.05400 -2.00000
106100463 -0.74081 -1.05000 -2.00000
106100464 -0.74081 -1.04600 -2.00000
106100465 -0.74081 -1.04200 -2.00000
106100466 -0.74081 -1.03800 -2.00000
106100467 -0.74081 -1.03400 -2.00000
106100468 -0.74081 -1.03000 -2.00000
106100469 -0.74081 -1.02600 -2.00000
106100470 -0.74081 -1.02200 -2.00000
106100471 -0.74081 -1.01800 -2.00000
106100472 -0.74081 -1.01400 -2.00000
106100473 -0.74081 -1.01000 -2.00000
106100474 -0.74081 -1.00600 -2.00000
106100475 -0.74081 -1.00200 -2.00000
106100476 -0.74081 -0.99800 -2.00000
106100477 -0.74081 -0.99400 -2.00000
106100478 -0.74081 -0.99000 -2.00000
106100479 -0.74081 -0.98600 -2.00000
106100480 -0.74081 -0.98200 -2.00000
106100481 -0.74081 -0.97800 -2.00000
106100482 -0.74081 -0.97400 -2.00000
106100483 -0.74081 -0.97000 -2.00000
106100484 -0.74081 -0.96600 -2.00000
106100485 -0.74081 -0.96200 -2.00000
106100486 -0.74081 -0.95800 -2.00000
106100487 -0.74081 -0.95400 -2.00000
106100488 -0.74081 -0.95000 -2.00000
106100489 -0.74081 -0.94600 -2.00000
106100490 -0.74081 -0.94200 -2.00000
106100491 -0.74081 -0.93800 -2.00000
106100492 -0.74081 -0.93400 -2.00000
106100493 -0.74081 -0.93000 -2.00000
106100494 -0.74081 -0.92600 -2.00000
106100495 -0.74081 -0.92200 -2.00000
106100496 -0.74081 -0.91800 -2.00000
106100497 -0.74081 -0.91400 -2.00000
106100498 -0.74081 -0.91000 -2.00000
106100499 -0.74081 -0.90600 -2.00000
106100500 -0.74081 -0.90200 -2.00000
106100501 -0.74081 -0.89800 -2.00000
106100502 -0.74081 -0.89400 -2.00000
106100503 -0.74081 -0.89000 -2.00000
106100504 -0.74081 -0.88600 -2.00000
106100505 -0.74081 -0.88200 -2.00000
106100506 -0.74081 -0.87800 -2.00000
106100507 -0.74081 -0.87400 -2.00000
106100508 -0.74081 -0.87000 -2.00000
106100509 -0.74081 -0.86600 -2.00000
106100510 -0.74081 -0.86200 -2.00000
106100511 -0.74081 -0.85800 -2.00000
106100512 -0.74081 -0.85400 -2.00000
106100513 -0.74081 -0.85000 -2.00000
106100514 -0.74081 -0.84600 -2.00000
106100515 -0.74081 -0.84200 -2.00000
106100516 -0.74081 -0.83800 -2.00000
106100517 -0.74081 -0.83400 -2.00000
106100518 -0.74081 -0.83000 -2.00000
106100519 -0.74081 -0.82600 -2.00000
106100520 -0.74081 -0.82200 -2.00000
106100521 -0.74081 -0.81800 -2.00000
106100522 -0.74081 -0.81400 -2.00000
106100523 -0.74081 -0.81000 -2.00000
106100524 -0.74081 -0.80600 -2.00000
106100525 -0.74081 -0.80200 -2.00000
106100526 -0.74081 -0.79800 -2.00000
106100527 -0.74081 -0.79400 -2.00000
106100528 -0.74081 -0.79000 -2.00000
106100529 -0.74081 -0.78600 -2.00000
106100530 -0.74081 -0.78200 -2.00000
106100531 -0.74081 -0.77800 -2.00000
106100532 -0.74081 -0.77400 -2.00000
106100533 -0.74081 -0.77000 -2.00000
106100534 -0.74081 -0.76600 -2.00000
106100535 -0.74081 -0.76200 -2.00000
106100536 -0.74081 -0.75800 -2.00000
106100537 -0.74081 -0.75400 -2.00000
106100538 -0.74081 -0.75000 -2.00000
106100539 -0.74081 -0.74600 -2.00000
106100540 -0.74081 -0.74200 -2.00000
106100541 -0.74081 -0.73800 -2.00000
106100542 -0.74081 -0.73400 -2.00000
106100543 -0.74081 -0.73000 -2.00000
106100544 -0.74081 -0.72600 -2.00000
106100545 -0.74081 -0.72200 -2.00000
106100546 -0.74081 -0.71800 -2.00000
106100547 -0.74081 -0.71400 -2.00000
106100548 -0.74081 -0.71000 -2.00000
106100549 -0.74081 -0.70600 -2.00000
106100550 -0.74081 -0.70200 -2.00000
106100551 -0.74081 -0.69800 -2.00000
106100552 -0.74081 -0.69400 -2.00000
106100553 -0.74081 -0.69000 -2.00000
106100554 -0.74081 -0.68600 -2.00000
106100555 -0.74081 -0.68200 -2.00000
106100556 -0.74081 -0.67800 -2.00000
106100557 -0.74081 -0.67400 -2.00000
106100558 -0.74081 -0.67000 -2.00000
106100559 -0.74081 -0.66600 -2.00000
106100560 -0.74081 -0.66200 -2.00000
106100561 -0.74081 -0.65800 -2.00000
106100562 -0.74081 -0.65400 -2.00000
106100563 -0.74081 -0.65000 -2.00000
106100564 -0.74081 -0.64600 -2.00000
106100565 -0.74081 -0.64200 -2.00000
106100566 -0.74081 -0.63800 -2.00000
106100567 -0.74081 -0.63400 -2.00000
106100568 -0.74081 -0.63000 -2.00000
106100569 -0.74081 -0.62600 -2.00000
106100570 -0.74081 -0.62200 -2.00000
106100571 -0.74081 -0.61800 -2.00000
106100572 -0.74081 -0.61400 -2.00000
106100573 -0.74081 -0.61000 -2.00000
106100574 -0.74081 -0.60600 -2.00000
106100575 -0.74081 -0.60200 -2.00000
106100576 -0.74081 -0.59800 -2.00000
106100577 -0.74081 -0.59400 -2.00000
106100578 -0.74081 -0.59000 -2.00000
106100579 -0.74081 -0.58600 -2.00000
106100580 -0.74081 -0.58200 -2.00000
106100581 -0.74081 -0.57800 -2.00000
106100582 -0.74081 -0.57400 -2.00000
106100583 -0.74081 -0.57000 -2.00000
106100584 -0.74081 -0.56600 -2.00000
106100585 -0.74081 -0.56200 -2.00000
106100586 -0.74081 -0.55800 -2.00000
106100587 -0.74081 -0.55400 -2.00000
106100588 -0.74081 -0.55000 -2.00000
106100589 -0.74081 -0.54600 -2.00000
106100590 -0.74081 -0.54200 -2.00000
106100591 -0.74081 -0.53800 -2.00000
106100592 -0.74081 -0.53400 -2.00000
106100593 -0.74081 -0.53000 -2.00000
106100594 -0.74081 -0.52600 -2.00000
106100595 -0.74081 -0.52200 -2.00000
106100596 -0.74081 -0.51800 -2.00000
106100597 -0.74081 -0.51400 -2.00000
106100598 -0.74081 -0.51000 -2.00000
106100599 -0.74081 -0.50600 -2.00000
106100600 -0.74081 -0.50200 -2.00000
106100601 -0.73231 -1.09800 -2.00000
106100602 -0.73231 -1.09400 -2.00000
106100603 -0.73231 -1.09000 -2.00000
106100604 -0.73231 -1.08600 -2.00000
106100605 -0.73231 -1.08200 -2.00000
106100606 -0.73231 -1.07800 -2.00000
106100607 -0.73231 -1.07400 -2.00000
106100608 -0.73231 -1.07000 -2.00000
106100609 -0.73231 -1.06600 -2.00000
106100610 -0.73231 -1.06200 -2.00000
106100611 -0.73231 -1.05800 -2.00000
106100612 -0.73231 -1.05400 -2.00000
106100613 -0.73231 -1.05000 -2.00000
106100614 -0.73231 -1.04600 -2.00000
106100615 -0.73231 -1.04200 -2.00000
106100616 -0.73231 -1.03800 -2.00000
106100617 -0.73231 -1.03400 -2.00000
106100618 -0.73231 -1.03000 -2.00000
106100619 -0.73231 -1.02600 -2.00000
106100620 -0.73231 -1.02200 -2.00000
106100621 -0.73231 -1.01800 -2.00000
106100622 -0.73231 -1.01400 -2.00000
106100623 -0.73231 -1.01000 -2.00000
106100624 -0.73231 -1.00600 -2.00000
106100625 -0.73231 -1.00200 -2.00000
106100626 -0.73231 -0.99800 -2.00000
106100627 -0.73231 -0.99400 -2.00000
106100628 -0.73231 -0.99000 -2.00000
106100629 -0.73231 -0.98600 -2.00000
106100630 -0.73231 -0.98200 -2.00000
106100631 -0.73231 -0.97800 -2.00000
106100632 -0.73231 -0.97400 -2.00000
106100633 -0.73231 -0.97000 -2.00000
106100634 -0.73231 -0.96600 -2.00000
106100635 -0.73231 -0.96200 -2.00000
106100636 -0.73231 -0.95800 -2.00000
106100637 -0.73231 -0.95400 -2.00000
106100638 -0.73231 -0.95000 -2.00000
106100639 -0.73231 -0.94600 -2.00000
106100640 -0.73231 -0.94200 -2.00000
106100641 -0.73231 -0.93800 -2.00000
106100642 -0.73231 -0.93400 -2.00000
106100643 -0.73231 -0.93000 -2.00000
106100644 -0.73231 -0.92600 -2.00000
106100645 -0.73231 -0.92200 -2.00000
106100646 -0.73231 -0.91800 -2.00000
106100647 -0.73231 -0.91400 -2.00000
106100648 -0.73231 -0.91000 -2.00000
106100649 -0.73231 -0.90600 -2.00000
106100650 -0.73231 -0.90200 -2.00000
106100651 -0.73231 -0.89800 -2.00000
106100652 -0.73231 -0.89400 -2.00000
106100653 -0.73231 -0.89000 -2.00000
106100654 -0.73231 -0.88600 -2.00000
106100655 -0.73231 -0.88200 -2.00000
106100656 -0.73231 -0.87800 -2.00000
106100657 -0.73231 -0.87400 -2.00000
106100658 -0.73231 -0.87000 -2.00000
106100659 -0.73231 -0.86600 -2.00000
106100660 -0.73231 -0.86200 -2.00000
106100661 -0.73231 -0.85800 -2.00000
106100662 -0.73231 -0.85400 -2.00000
106100663 -0.73231 -0.85000 -2.00000
106100664 -0.73231 -0.84600 -2.00000
106100665 -0.73231 -0.84200 -2.00000
106100666 -0.73231 -0.83800 -2.00000
106100667 -0.73231 -0.83400 -2.00000
106100668 -0.73231 -0.83000 -2.00000
106100669 -0.73231 -0.82600 -2.00000
106100670 -0.73231 -0.82200 -2.00000
106100671 -0.73231 -0.81800 -2.00000
106100672 -0.73231 -0.81400 -2.00000
106100673 -0.73231 -0.81000 -2.00000
106100674 -0.73231 -0.80600 -2.00000
106100675 -0.73231 -0.80200 -2.00000
106100676 -0.73231 -0.79800 -2.00000
106100677 -0.73231 -0.79400 -2.00000
106100678 -0.73231 -0.79000 -2.00000
106100679 -0.73231 -0.78600 -2.00000
106100680 -0.73231 -0.78200 -2.00000
106100681 -0.73231 -0.77800 -2.00000
106100682 -0.73231 -0.77400 -2.00000
106100683 -0.73231 -0.77000 -2.00000
106100684 -0.73231 -0.76600 -2.00000
106100685 -0.73231 -0.76200 -2.00000
106100686 -0.73231 -0.75800 -2.00000
106100687 -0.73231 -0.75400 -2.00000
106100688 -0.73231 -0.75000 -2.00000
106100689 -0.73231 -0.74600 -2.00000
106100690 -0.73231 -0.74200 -2.00000
106100691 -0.73231 -0.73800 -2.00000
106100692 -0.73231 -0.73400 -2.00000
106100693 -0.73231 -0.73000 -2.00000
106100694 -0.73231 -0.72600 -2.00000
106100695 -0.73231 -0.72200 -2.00000
106100696 -0.73231 -0.71800 -2.00000
106100697 -0.73231 -0.71400 -2.00000
106100698 -0.73231 -0.71000 -2.00000
106100699 -0.73231 -0.70600 -2.00000
106100700 -0.73231 -0.70200 -2.00000
106100701 -0.73231 -0.69800 -2.00000
106100702 -0.73231 -0.69400 -2.00000
106100703 -0.73231 -0.69000 -2.00000
106100704 -0.73231 -0.68600 -2.00000
106100705 -0.73231 -0.68200 -2.00000
106100706 -0.73231 -0.67800 -2.00000
106100707 -0.73231 -0.67400 -2.00000
106100708 -0.73231 -0.67000 -2.00000
106100709 -0.73231 -0.66600 -2.00000
106100710 -0.73231 -0.66200 -2.00000
106100711 -0.73231 -0.65800 -2.00000
106100712 -0.73231 -0.65400 -2.00000
106100713 -0.73231 -0.65000 -2.00000
106100714 -0.73231 -0.64600 -2.00000
106100715 -0.73231 -0.64200 -2.00000
106100716 -0.73231 -0.63800 -2.00000
106100717 -0.73231 -0.63400 -2.00000
106100718 -0.73231 -0.63000 -2.00000
106100719 -0.73231 -0.62600 -2.00000
106100720 -0.73231 -0.62200 -2.00000
106100721 -0.73231 -0.61800 -2.00000
106100722 -0.73231 -0.61400 -2.00000
106100723 -0.73231 -0.61000 -2.00000
106100724 -0.73231 -0.60600 -2.00000
106100725 -0.73231 -0.60200 -2.00000
106100726 -0.73231 -0.59800 -2.00000
106100727 -0.73231 -0.59400 -2.00000
106100728 -0.73231 -0.59000 -2.00000
106100729 -0.73231 -0.58600 -2.00000
106100730 -0.73231 -0.58200 -2.00000
106100731 -0.73231 -0.57800 -2.00000
106100732 -0.73231 -0.57400 -2.00000
106100733 -0.73231 -0.57000 -2.00000
106100734 -0.73231 -0.56600 -2.00000
106100735 -0.73231 -0.56200 -2.00000
106100736 -0.73231 -0.55800 -2.00000
106100737 -0.73231 -0.55400 -2.00000
106100738 -0.73231 -0.55000 -2.00000
106100739 -0.73231 -0.54600 -2.00000
106100740 -0.73231 -0.54200 -2.00000
106100741 -0.73231 -0.53800 -2.00000
106100742 -0.73231 -0.53400 -2.00000
106100743 -0.73231 -0.53000 -2.00000
106100744 -0.73231 -0.52600 -2.00000
106100745 -0.73231 -0.52200 -2.00000
106100746 -0.73231 -0.51800 -2.00000
106100747 -0.73231 -0.51400 -2.00000
106100748 -0.73231 -0.51000 -2.00000
106100749 -0.73231 -0.50600 -2.00000
106100750 -0.73231 -0.50200 -2.00000
106100751 -0.72381 -1.09800 -2.00000
106100752 -0.72381 -1.09400 -2.00000
106100753 -0.72381 -1.09000 -2.00000
106100754 -0.72381 -1.08600 -2.00000
106100755 -0.72381 -1.08200 -2.00000
106100756 -0.72381 -1.07800 -2.00000
106100757 -0.72381 -1.07400 -2.00000
106100758 -0.72381 -1.07000 -2.00000
106100759 -0.72381 -1.06600 -2.00000
106100760 -0.72381 -1.06200 -2.00000
106100761 -0.72381 -1.05800 -2.00000
106100762 -0.72381 -1.05400 -2.00000
106100763 -0.72381 -1.05000 -2.00000
106100764 -0.72381 -1.04600 -2.00000
106100765 -0.72381 -1.04200 -2.00000
106100766 -0.72381 -1.03800 -2.00000
106100767 -0.72381 -1.03400 -2.00000
106100768 -0.72381 -1.03000 -2.00000
106100769 -0.72381 -1.02600 -2.00000
106100770 -0.72381 -1.02200 -2.00000
106100771 -0.72381 -1.01800 -2.00000
106100772 -0.72381 -1.01400 -2.00000
106100773 -0.72381 -1.01000 -2.00000
106100774 -0.72381 -1.00600 -2.00000
106100775 -0.72381 -1.00200 -2.00000
106100776 -0.72381 -0.99800 -2.00000
106100777 -0.72381 -0.99400 -2.00000
106100778 -0.72381 -0.99000 -2.00000
106100779 -0.72381 -0.98600 -2.00000
106100780 -0.72381 -0.98200 -2.00000
106100781 -0.72381 -0.97800 -2.00000
106100782 -0.72381 -0.97400 -2.00000
106100783 -0.72381 -0.97000 -2.00000
106100784 -0.72381 -0.96600 -2.00000
106100785 -0.72381 -0.96200 -2.00000
106100786 -0.72381 -0.95800 -2.00000
106100787 -0.72381 -0.95400 -2.00000
106100788 -0.72381 -0.95000 -2.00000
106100789 -0.72381 -0.94600 -2.00000
106100790 -0.72381 -0.94200 -2.00000
106100791 -0.72381 -0.93800 -2.00000
106100792 -0.72381 -0.93400 -2.00000
106100793 -0.72381 -0.93000 -2.00000
106100794 -0.72381 -0.92600 -2.00000
106100795 -0.72381 -0.92200 -2.00000
106100796 -0.72381 -0.91800 -2.00000
106100797 -0.72381 -0.91400 -2.00000
106100798 -0.72381 -0.91000 -2.00000
106100799 -0.72381 -0.90600 -2.00000
106100800 -0.72381 -0.90200 -2.00000
106100801 -0.72381 -0.89800 -2.00000
106100802 -0.72381 -0.89400 -2.00000
106100803 -0.72381 -0.89000 -2.00000
106100804 -0.72381 -0.88600 -2.00000
106100805 -0.72381 -0.88200 -2.00000
106100806 -0.72381 -0.87800 -2.00000
106100807 -0.72381 -0.87400 -2.00000
106100808 -0.72381 -0.87000 -2.00000
106100809 -0.72381 -0.86600 -2.00000
106100810 -0.72381 -0.86200 -2.00000
106100811 -0.72381 -0.85800 -2.00000
106100812 -0.72381 -0.85400 -2.00000
106100813 -0.72381 -0.85000 -2.00000
106100814 -0.72381 -0.84600 -2.00000
106100815 -0.72381 -0.84200 -2.00000
106100816 -0.72381 -0.83800 -2.00000
106100817 -0.72381 -0.83400 -2.00000
106100818 -0.72381 -0.83000 -2.00000
106100819 -0.72381 -0.82600 -2.00000
106100820 -0.72381 -0.82200 -2.00000
106100821 -0.72381 -0.81800 -2.00000
106100822 -0.72381 -0.81400 -2.00000
106100823 -0.72381 -0.81000 -2.00000
106100824 -0.72381 -0.80600 -2.00000
106100825 -0.72381 -0.80200 -2.00000
106100826 -0.72381 -0.79800 -2.00000
106100827 -0.72381 -0.79400 -2.00000
106100828 -0.72381 -0.79000 -2.00000
106100829 -0.72381 -0.78600 -2.00000
106100830 -0.72381 -0.78200 -2.00000
106100831 -0.72381 -0.77800 -2.00000
106100832 -0.72381 -0.77400 -2.00000
106100833 -0.72381 -0.77000 -2.00000
106100834 -0.72381 -0.76600 -2.00000
106100835 -0.72381 -0.76200 -2.00000
106100836 -0.72381 -0.75800 -2.00000
106100837 -0.72381 -0.75400 -2.00000
106100838 -0.72381 -0.75000 -2.00000
106100839 -0.72381 -0.74600 -2.00000
106100840 -0.72381 -0.74200 -2.00000
106100841 -0.72381 -0.73800 -2.00000
106100842 -0.72381 -0.73400 -2.00000
106100843 -0.72381 -0.73000 -2.00000
106100844 -0.72381 -0.72600 -2.00000
106100845 -0.72381 -0.72200 -2.00000
106100846 -0.72381 -0.71800 -2.00000
106100847 -0.72381 -0.71400 -2.00000
106100848 -0.72381 -0.71000 -2.00000
106100849 -0.72381 -0.70600 -2.00000
106100850 -0.72381 -0.70200 -2.00000
106100851 -0.72381 -0.69800 -2.00000
106100852 -0.72381 -0.69400 -2.00000
106100853 -0.72381 -0.69000 -2.00000
106100854 -0.72381 -0.68600 -2.00000
106100855 -0.72381 -0.68200 -2.00000
106100856 -0.72381 -0.67800 -2.00000
106100857 -0.72381 -0.67400 -2.00000
106100858 -0.72381 -0.67000 -2.00000
106100859 -0.72381 -0.66600 -2.00000
106100860 -0.72381 -0.66200 -2.00000
106100861 -0.72381 -0.65800 -2.00000
106100862 -0.72381 -0.65400 -2.00000
106100863 -0.72381 -0.65000 -2.00000
106100864 -0.72381 -0.64600 -2.00000
106100865 -0.72381 -0.64200 -2.00000
106100866 -0.72381 -0.63800 -2.00000
106100867 -0.72381 -0.63400 -2.00000
106100868 -0.72381 -0.63000 -2.00000
106100869 -0.72381 -0.62600 -2.00000
106100870 -0.72381 -0.62200 -2.00000
106100871 -0.72381 -0.61800 -2.00000
106100872 -0.72381 -0.61400 -2.00000
106100873 -0.72381 -0.61000 -2.00000
106100874 -0.72381 -0.60600 -2.00000
106100875 -0.72381 -0.60200 -2.00000
106100876 -0.72381 -0.59800 -2.00000
106100877 -0.72381 -0.59400 -2.00000
106100878 -0.72381 -0.59000 -2.00000
106100879 -0.72381 -0.58600 -2.00000
106100880 -0.72381 -0.58200 -2.00000
106100881 -0.72381 -0.57800 -2.00000
106100882 -0.72381 -0.57400 -2.00000
106100883 -0.72381 -0.57000 -2.00000
106100884 -0.72381 -0.56600 -2.00000
106100885 -0.72381 -0.56200 -2.00000
106100886 -0.72381 -0.55800 -2.00000
106100887 -0.72381 -0.55400 -2.00000
106100888 -0.72381 -0.55000 -2.00000
106100889 -0.72381 -0.54600 -2.00000
106100890 -0.72381 -0.54200 -2.00000
106100891 -0.72381 -0.53800 -2.00000
106100892 -0.72381 -0.53400 -2.00000
106100893 -0.72381 -0.53000 -2.00000
106100894 -0.72381 -0.52600 -2.00000
106100895 -0.72381 -0.52200 -2.00000
106100896 -0.72381 -0.51800 -2.00000
106100897 -0.72381 -0.51400 -2.00000
106100898 -0.72381 -0.51000 -2.00000
106100899 -0.72381 -0.50600 -2.00000
106100900 -0.72381 -0.50200 -2.00000
106100901 -0.71531 -1.09800 -2.00000
106100902 -0.71531 -1.09400 -2.00000
106100903 -0.71531 -1.09000 -2.00000
106100904 -0.71531 -1.08600 -2.00000
106100905 -0.71531 -1.08200 -2.00000
106100906 -0.71531 -1.07800 -2.00000
106100907 -0.71531 -1.07400 -2.00000
106100908 -0.71531 -1.07000 -2.00000
106100909 -0.71531 -1.06600 -2.00000
106100910 -0.71531 -1.06200 -2.00000
106100911 -0.71531 -1.05800 -2.00000
106100912 -0.71531 -1.05400 -2.00000
106100913 -0.71531 -1.05000 -2.00000
106100914 -0.71531 -1.04600 -2.00000
106100915 -0.71531 -1.04200 -2.00000
106100916 -0.71531 -1.03800 -2.00000
106100917 -0.71531 -1.03400 -2.00000
106100918 -0.71531 -1.03000 -2.00000
106100919 -0.71531 -1.02600 -2.00000
106100920 -0.71531 -1.02200 -2.00000
106100921 -0.71531 -1.01800 -2.00000
106100922 -0.71531 -1.01400 -2.00000
106100923 -0.71531 -1.01000 -2.00000
106100924 -0.71531 -1.00600 -2.00000
106100925 -0.71531 -1.00200 -2.00000
106100926 -0.71531 -0.99800 -2.00000
106100927 -0.71531 -0.99400 -2.00000
106100928 -0.71531 -0.99000 -2.00000
106100929 -0.71531 -0.98600 -2.00000
106100930 -0.71531 -0.98200 -2.00000
106100931 -0.71531 -0.97800 -2.00000
106100932 -0.71531 -0.97400 -2.00000
106100933 -0.71531 -0.97000 -2.00000
106100934 -0.71531 -0.96600 -2.00000
106100935 -0.71531 -0.96200 -2.00000
106100936 -0.71531 -0.95800 -2.00000
106100937 -0.71531 -0.95400 -2.00000
106100938 -0.71531 -0.95000 -2.00000
106100939 -0.71531 -0.94600 -2.00000
106100940 -0.71531 -0.94200 -2.00000
106100941 -0.71531 -0.93800 -2.00000
106100942 -0.71531 -0.93400 -2.00000
106100943 -0.71531 -0.93000 -2.00000
106100944 -0.71531 -0.92600 -2.00000
106100945 -0.71531 -0.92200 -2.00000
106100946 -0.71531 -0.91800 -2.00000
106100947 -0.71531 -0.91400 -2.00000
106100948 -0.71531 -0.91000 -2.00000
106100949 -0.71531 -0.90600 -2.00000
106100950 -0.71531 -0.90200 -2.00000
106100951 -0.71531 -0.89800 -2.00000
106100952 -0.71531 -0.89400 -2.00000
106100953 -0.71531 -0.89000 -2.00000
106100954 -0.71531 -0.88600 -2.00000
106100955 -0.71531 -0.88200 -2.00000
106100956 -0.71531 -0.87800 -2.00000
106100957 -0.71531 -0.87400 -2.00000
106100958 -0.71531 -0.87000 -2.00000
106100959 -0.71531 -0.86600 -2.00000
106100960 -0.71531 -0.86200 -2.00000
106100961 -0.71531 -0.85800 -2.00000
106100962 -0.71531 -0.85400 -2.00000
106100963 -0.71531 -0.85000 -2.00000
106100964 -0.71531 -0.84600 -2.00000
106100965 -0.71531 -0.84200 -2.00000
106100966 -0.71531 -0.83800 -2.00000
106100967 -0.71531 -0.83400 -2.00000
106100968 -0.71531 -0.83000 -2.00000
106100969 -0.71531 -0.82600 -2.00000
106100970 -0.71531 -0.82200 -2.00000
106100971 -0.71531 -0.81800 -2.00000
106100972 -0.71531 -0.81400 -2.00000
106100973 -0.71531 -0.81000 -2.00000
106100974 -0.71531 -0.80600 -2.00000
106100975 -0.71531 -0.80200 -2.00000
106100976 -0.71531 -0.79800 -2.00000
106100977 -0.71531 -0.79400 -2.00000
106100978 -0.71531 -0.79000 -2.00000
106100979 -0.71531 -0.78600 -2.00000
106100980 -0.71531 -0.78200 -2.00000
106100981 -0.71531 -0.77800 -2.00000
106100982 -0.71531 -0.77400 -2.00000
106100983 -0.71531 -0.77000 -2.00000
106100984 -0.71531 -0.76600 -2.00000
106100985 -0.71531 -0.76200 -2.00000
106100986 -0.71531 -0.75800 -2.00000
106100987 -0.71531 -0.75400 -2.00000
106100988 -0.71531 -0.75000 -2.00000
106100989 -0.71531 -0.74600 -2.00000
106100990 -0.71531 -0.74200 -2.00000
106100991 -0.71531 -0.73800 -2.00000
106100992 -0.71531 -0.73400 -2.00000
106100993 -0.71531 -0.73000 -2.00000
106100994 -0.71531 -0.72600 -2.00000
106100995 -0.71531 -0.72200 -2.00000
106100996 -0.71531 -0.71800 -2.00000
106100997 -0.71531 -0.71400 -2.00000
106100998 -0.71531 -0.71000 -2.00000
106100999 -0.71531 -0.70600 -2.00000
106101000 -0.71531 -0.70200 -2.00000
106101001 -0.71531 -0.69800 -2.00000
106101002 -0.71531 -0.69400 -2.00000
106101003 -0.71531 -0.69000 -2.00000
106101004 -0.71531 -0.68600 -2.00000
106101005 -0.71531 -0.68200 -2.00000
106101006 -0.71531 -0.67800 -2.00000
106101007 -0.71531 -0.67400 -2.00000
106101008 -0.71531 -0.67000 -2.00000
106101009 -0.71531 -0.66600 -2.00000
106101010 -0.71531 -0.66200 -2.00000
106101011 -0.71531 -0.65800 -2.00000
106101012 -0.71531 -0.65400 -2.00000
106101013 -0.71531 -0.65000 -2.00000
106101014 -0.71531 -0.64600 -2.00000
106101015 -0.71531 -0.64200 -2.00000
106101016 -0.71531 -0.63800 -2.00000
106101017 -0.71531 -0.63400 -2.00000
106101018 -0.71531 -0.63000 -2.00000
106101019 -0.71531 -0.62600 -2.00000
106101020 -0.71531 -0.62200 -2.00000
106101021 -0.71531 -0.61800 -2.00000
106101022 -0.71531 -0.61400 -2.00000
106101023 -0.71531 -0.61000 -2.00000
106101024 -0.71531 -0.60600 -2.00000
106101025 -0.71531 -0.60200 -2.00000
106101026 -0.71531 -0.59800 -2.00000
106101027 -0.71531 -0.59400 -2.00000
106101028 -0.71531 -0.59000 -2.00000
106101029 -0.71531 -0.58600 -2.00000
106101030 -0.71531 -0.58200 -2.00000
106101031 -0.71531 -0.57800 -2.00000
106101032 -0.71531 -0.57400 -2.00000
106101033 -0.71531 -0.57000 -2.00000
106101034 -0.71531 -0.56600 -2.00000
106101035 -0.71531 -0.56200 -2.00000
106101036 -0.71531 -0.55800 -2.00000
106101037 -0.71531 -0.55400 -2.00000
106101038 -0.71531 -0.55000 -2.00000
106101039 -0.71531 -0.54600 -2.00000
106101040 -0.71531 -0.54200 -2.00000
106101041 -0.71531 -0.53800 -2.00000
106101042 -0.71531 -0.53400 -2.00000
106101043 -0.71531 -0.53000 -2.00000
106101044 -0.71531 -0.52600 -2.00000
106101045 -0.71531 -0.52200 -2.00000
106101046 -0.71531 -0.51800 -2.00000
106101047 -0.71531 -0.51400 -2.00000
106101048 -0.71531 -0.51000 -2.00000
106101049 -0.71531 -0.50600 -2.00000
106101050 -0.71531 -0.50200 -2.00000
106101051 -0.70681 -1.09800 -2.00000
106101052 -0.70681 -1.09400 -2.00000
106101053 -0.70681 -1.09000 -2.00000
106101054 -0.70681 -1.08600 -2.00000
106101055 -0.70681 -1.08200 -2.00000
106101056 -0.70681 -1.07800 -2.00000
106101057 -0.70681 -1.07400 -2.00000
106101058 -0.70681 -1.07000 -2.00000
106101059 -0.70681 -1.06600 -2.00000
106101060 -0.70681 -1.06200 -2.00000
106101061 -0.70681 -1.05800 -2.00000
106101062 -0.70681 -1.05400 -2.00000
106101063 -0.70681 -1.05000 -2.00000
106101064 -0.70681 -1.04600 -2.00000
106101065 -0.70681 -1.04200 -2.00000
106101066 -0.70681 -1.03800 -2.00000
106101067 -0.70681 -1.03400 -2.00000
106101068 -0.70681 -1.03000 -2.00000
106101069 -0.70681 -1.02600 -2.00000
106101070 -0.70681 -1.02200 -2.00000
106101071 -0.70681 -1.01800 -2.00000
106101072 -0.70681 -1.01400 -2.00000
106101073 -0.70681 -1.01000 -2.00000
106101074 -0.70681 -1.00600 -2.00000
106101075 -0.70681 -1.00200 -2.00000
106101076 -0.70681 -0.99800 -2.00000
106101077 -0.70681 -0.99400 -2.00000
106101078 -0.70681 -0.99000 -2.00000
106101079 -0.70681 -0.98600 -2.00000
106101080 -0.70681 -0.98200 -2.00000
106101081 -0.70681 -0.97800 -2.00000
106101082 -0.70681 -0.97400 -2.00000
106101083 -0.70681 -0.97000 -2.00000
106101084 -0.70681 -0.96600 -2.00000
106101085 -0.70681 -0.96200 -2.00000
106101086 -0.70681 -0.95800 -2.00000
106101087 -0.70681 -0.95400 -2.00000
106101088 -0.70681 -0.95000 -2.00000
106101089 -0.70681 -0.94600 -2.00000
106101090 -0.70681 -0.94200 -2.00000
106101091 -0.70681 -0.93800 -2.00000
106101092 -0.70681 -0.93400 -2.00000
106101093 -0.70681 -0.93000 -2.00000
106101094 -0.70681 -0.92600 -2.00000
106101095 -0.70681 -0.92200 -2.00000
106101096 -0.70681 -0.91800 -2.00000
106101097 -0.70681 -0.91400 -2.00000
106101098 -0.70681 -0.91000 -2.00000
106101099 -0.70681 -0.90600 -2.00000
106101100 -0.70681 -0.90200 -2.00000
106101101 -0.70681 -0.89800 -2.00000
106101102 -0.70681 -0.89400 -2.00000
106101103 -0.70681 -0.89000 -2.00000
106101104 -0.70681 -0.88600 -2.00000
106101105 -0.70681 -0.88200 -2.00000
106101106 -0.70681 -0.87800 -2.00000
106101107 -0.70681 -0.87400 -2.00000
106101108 -0.70681 -0.87000 -2.00000
106101109 -0.70681 -0.86600 -2.00000
106101110 -0.70681 -0.86200 -2.00000
106101111 -0.70681 -0.85800 -2.00000
106101112 -0.70681 -0.85400 -2.00000
106101113 -0.70681 -0.85000 -2.00000
106101114 -0.70681 -0.84600 -2.00000
106101115 -0.70681 -0.84200 -2.00000
106101116 -0.70681 -0.83800 -2.00000
106101117 -0.70681 -0.83400 -2.00000
106101118 -0.70681 -0.83000 -2.00000
106101119 -0.70681 -0.82600 -2.00000
106101120 -0.70681 -0.82200 -2.00000
106101121 -0.70681 -0.81800 -2.00000
106101122 -0.70681 -0.81400 -2.00000
106101123 -0.70681 -0.81000 -2.00000
106101124 -0.70681 -0.80600 -2.00000
106101125 -0.70681 -0.80200 -2.00000
106101126 -0.70681 -0.79800 -2.00000
106101127 -0.70681 -0.79400 -2.00000
106101128 -0.70681 -0.79000 -2.00000
106101129 -0.70681 -0.78600 -2.00000
106101130 -0.70681 -0.78200 -2.00000
106101131 -0.70681 -0.77800 -2.00000
106101132 -0.70681 -0.77400 -2.00000
106101133 -0.70681 -0.77000 -2.00000
106101134 -0.70681 -0.76600 -2.00000
106101135 -0.70681 -0.76200 -2.00000
106101136 -0.70681 -0.75800 -2.00000
106101137 -0.70681 -0.75400 -2.00000
106101138 -0.70681 -0.75000 -2.00000
106101139 -0.70681 -0.74600 -2.00000
106101140 -0.70681 -0.74200 -2.00000
106101141 -0.70681 -0.73800 -2.00000
106101142 -0.70681 -0.73400 -2.00000
106101143 -0.70681 -0.73000 -2.00000
106101144 -0.70681 -0.72600 -2.00000
106101145 -0.70681 -0.72200 -2.00000
106101146 -0.70681 -0.71800 -2.00000
106101147 -0.70681 -0.71400 -2.00000
106101148 -0.70681 -0.71000 -2.00000
106101149 -0.70681 -0.70600 -2.00000
106101150 -0.70681 -0.70200 -2.00000
106101151 -0.70681 -0.69800 -2.00000
106101152 -0.70681 -0.69400 -2.00000
106101153 -0.70681 -0.69000 -2.00000
106101154 -0.70681 -0.68600 -2.00000
106101155 -0.70681 -0.68200 -2.00000
106101156 -0.70681 -0.67800 -2.00000
106101157 -0.70681 -0.67400 -2.00000
106101158 -0.70681 -0.67000 -2.00000
106101159 -0.70681 -0.66600 -2.00000
106101160 -0.70681 -0.66200 -2.00000
106101161 -0.70681 -0.65800 -2.00000
106101162 -0.70681 -0.65400 -2.00000
106101163 -0.70681 -0.65000 -2.00000
106101164 -0.70681 -0.64600 -2.00000
106101165 -0.70681 -0.64200 -2.00000
106101166 -0.70681 -0.63800 -2.00000
106101167 -0.70681 -0.63400 -2.00000
106101168 -0.70681 -0.63000 -2.00000
106101169 -0.70681 -0.62600 -2.00000
106101170 -0.70681 -0.62200 -2.00000
106101171 -0.70681 -0.61800 -2.00000
106101172 -0.70681 -0.61400 -2.00000
106101173 -0.70681 -0.61000 -2.00000
106101174 -0.70681 -0.60600 -2.00000
106101175 -0.70681 -0.60200 -2.00000
106101176 -0.70681 -0.59800 -2.00000
106101177 -0.70681 -0.59400 -2.00000
106101178 -0.70681 -0.59000 -2.00000
106101179 -0.70681 -0.58600 -2.00000
106101180 -0.70681 -0.58200 -2.00000
106101181 -0.70681 -0.57800 -2.00000
106101182 -0.70681 -0.57400 -2.00000
106101183 -0.70681 -0.57000 -2.00000
106101184 -0.70681 -0.56600 -2.00000
106101185 -0.70681 -0.56200 -2.00000
106101186 -0.70681 -0.55800 -2.00000
106101187 -0.70681 -0.55400 -2.00000
106101188 -0.70681 -0.55000 -2.00000
106101189 -0.70681 -0.54600 -2.00000
106101190 -0.70681 -0.54200 -2.00000
106101191 -0.70681 -0.53800 -2.00000
106101192 -0.70681 -0.53400 -2.00000
106101193 -0.70681 -0.53000 -2.00000
106101194 -0.70681 -0.52600 -2.00000
106101195 -0.70681 -0.52200 -2.00000
106101196 -0.70681 -0.51800 -2.00000
106101197 -0.70681 -0.51400 -2.00000
106101198 -0.70681 -0.51000 -2.00000
106101199 -0.70681 -0.50600 -2.00000
106101200 -0.70681 -0.50200 -2.00000
