# pixelID  x  y  z
109010001 -0.71402 -0.72725 1.02946
109010002 -0.71651 -0.72725 1.02633
109010003 -0.71901 -0.72725 1.02320
109010004 -0.72150 -0.72725 1.02008
109010005 -0.72399 -0.72725 1.01695
109010006 -0.72649 -0.72725 1.01382
109010007 -0.72898 -0.72725 1.01069
109010008 -0.73147 -0.72725 1.00756
109010009 -0.73396 -0.72725 1.00444
109010010 -0.73646 -0.72725 1.00131
109010011 -0.73895 -0.72725 0.99818
109010012 -0.74144 -0.72725 0.99505
109010013 -0.74394 -0.72725 0.99192
109010014 -0.74643 -0.72725 0.98880
109010015 -0.74892 -0.72725 0.98567
109010016 -0.75142 -0.72725 0.98254
109010017 -0.75391 -0.72725 0.97941
109010018 -0.75640 -0.72725 0.97628
109010019 -0.75890 -0.72725 0.97316
109010020 -0.76139 -0.72725 0.97003
109010021 -0.76388 -0.72725 0.96690
109010022 -0.76637 -0.72725 0.96377
109010023 -0.76887 -0.72725 0.96064
109010024 -0.77136 -0.72725 0.95752
109010025 -0.77385 -0.72725 0.95439
109010026 -0.77635 -0.72725 0.95126
109010027 -0.77884 -0.72725 0.94813
109010028 -0.78133 -0.72725 0.94500
109010029 -0.78383 -0.72725 0.94187
109010030 -0.78632 -0.72725 0.93875
109010031 -0.78881 -0.72725 0.93562
109010032 -0.79130 -0.72725 0.93249
109010033 -0.79380 -0.72725 0.92936
109010034 -0.79629 -0.72725 0.92623
109010035 -0.79878 -0.72725 0.92311
109010036 -0.80128 -0.72725 0.91998
109010037 -0.80377 -0.72725 0.91685
109010038 -0.80626 -0.72725 0.91372
109010039 -0.80876 -0.72725 0.91059
109010040 -0.81125 -0.72725 0.90747
109010041 -0.81374 -0.72725 0.90434
109010042 -0.81624 -0.72725 0.90121
109010043 -0.81873 -0.72725 0.89808
109010044 -0.82122 -0.72725 0.89495
109010045 -0.82371 -0.72725 0.89183
109010046 -0.82621 -0.72725 0.88870
109010047 -0.82870 -0.72725 0.88557
109010048 -0.83119 -0.72725 0.88244
109010049 -0.83369 -0.72725 0.87931
109010050 -0.83618 -0.72725 0.87619
109010051 -0.83867 -0.72725 0.87306
109010052 -0.84117 -0.72725 0.86993
109010053 -0.84366 -0.72725 0.86680
109010054 -0.84615 -0.72725 0.86367
109010055 -0.84865 -0.72725 0.86055
109010056 -0.85114 -0.72725 0.85742
109010057 -0.85363 -0.72725 0.85429
109010058 -0.85612 -0.72725 0.85116
109010059 -0.85862 -0.72725 0.84803
109010060 -0.86111 -0.72725 0.84491
109010061 -0.86360 -0.72725 0.84178
109010062 -0.86610 -0.72725 0.83865
109010063 -0.86859 -0.72725 0.83552
109010064 -0.87108 -0.72725 0.83239
109010065 -0.87358 -0.72725 0.82927
109010066 -0.87607 -0.72725 0.82614
109010067 -0.87856 -0.72725 0.82301
109010068 -0.88106 -0.72725 0.81988
109010069 -0.88355 -0.72725 0.81675
109010070 -0.88604 -0.72725 0.81363
109010071 -0.88853 -0.72725 0.81050
109010072 -0.89103 -0.72725 0.80737
109010073 -0.89352 -0.72725 0.80424
109010074 -0.89601 -0.72725 0.80111
109010075 -0.89851 -0.72725 0.79798
109010076 -0.90100 -0.72725 0.79486
109010077 -0.90349 -0.72725 0.79173
109010078 -0.90599 -0.72725 0.78860
109010079 -0.90848 -0.72725 0.78547
109010080 -0.91097 -0.72725 0.78234
109010081 -0.91346 -0.72725 0.77922
109010082 -0.91596 -0.72725 0.77609
109010083 -0.91845 -0.72725 0.77296
109010084 -0.92094 -0.72725 0.76983
109010085 -0.92344 -0.72725 0.76670
109010086 -0.92593 -0.72725 0.76358
109010087 -0.92842 -0.72725 0.76045
109010088 -0.93092 -0.72725 0.75732
109010089 -0.93341 -0.72725 0.75419
109010090 -0.93590 -0.72725 0.75106
109010091 -0.93840 -0.72725 0.74794
109010092 -0.94089 -0.72725 0.74481
109010093 -0.94338 -0.72725 0.74168
109010094 -0.94587 -0.72725 0.73855
109010095 -0.94837 -0.72725 0.73542
109010096 -0.95086 -0.72725 0.73230
109010097 -0.95335 -0.72725 0.72917
109010098 -0.95585 -0.72725 0.72604
109010099 -0.95834 -0.72725 0.72291
109010100 -0.96083 -0.72725 0.71978
109010101 -0.96333 -0.72725 0.71666
109010102 -0.96582 -0.72725 0.71353
109010103 -0.96831 -0.72725 0.71040
109010104 -0.97081 -0.72725 0.70727
109010105 -0.97330 -0.72725 0.70414
109010106 -0.97579 -0.72725 0.70102
109010107 -0.97828 -0.72725 0.69789
109010108 -0.98078 -0.72725 0.69476
109010109 -0.98327 -0.72725 0.69163
109010110 -0.98576 -0.72725 0.68850
109010111 -0.98826 -0.72725 0.68538
109010112 -0.99075 -0.72725 0.68225
109010113 -0.99324 -0.72725 0.67912
109010114 -0.99574 -0.72725 0.67599
109010115 -0.99823 -0.72725 0.67286
109010116 -1.00072 -0.72725 0.66974
109010117 -1.00322 -0.72725 0.66661
109010118 -1.00571 -0.72725 0.66348
109010119 -1.00820 -0.72725 0.66035
109010120 -1.01069 -0.72725 0.65722
109010121 -1.01319 -0.72725 0.65410
109010122 -1.01568 -0.72725 0.65097
109010123 -1.01817 -0.72725 0.64784
109010124 -1.02067 -0.72725 0.64471
109010125 -1.02316 -0.72725 0.64158
109010126 -1.02565 -0.72725 0.63845
109010127 -1.02815 -0.72725 0.63533
109010128 -1.03064 -0.72725 0.63220
109010129 -1.03313 -0.72725 0.62907
109010130 -1.03563 -0.72725 0.62594
109010131 -1.03812 -0.72725 0.62281
109010132 -1.04061 -0.72725 0.61969
109010133 -1.04310 -0.72725 0.61656
109010134 -1.04560 -0.72725 0.61343
109010135 -1.04809 -0.72725 0.61030
109010136 -1.05058 -0.72725 0.60717
109010137 -1.05308 -0.72725 0.60405
109010138 -1.05557 -0.72725 0.60092
109010139 -1.05806 -0.72725 0.59779
109010140 -1.06056 -0.72725 0.59466
109010141 -1.06305 -0.72725 0.59153
109010142 -1.06554 -0.72725 0.58841
109010143 -1.06803 -0.72725 0.58528
109010144 -1.07053 -0.72725 0.58215
109010145 -1.07302 -0.72725 0.57902
109010146 -1.07551 -0.72725 0.57589
109010147 -1.07801 -0.72725 0.57277
109010148 -1.08050 -0.72725 0.56964
109010149 -1.08299 -0.72725 0.56651
109010150 -1.08549 -0.72725 0.56338
109010151 -0.71402 -0.71375 1.02946
109010152 -0.71651 -0.71375 1.02633
109010153 -0.71901 -0.71375 1.02320
109010154 -0.72150 -0.71375 1.02008
109010155 -0.72399 -0.71375 1.01695
109010156 -0.72649 -0.71375 1.01382
109010157 -0.72898 -0.71375 1.01069
109010158 -0.73147 -0.71375 1.00756
109010159 -0.73396 -0.71375 1.00444
109010160 -0.73646 -0.71375 1.00131
109010161 -0.73895 -0.71375 0.99818
109010162 -0.74144 -0.71375 0.99505
109010163 -0.74394 -0.71375 0.99192
109010164 -0.74643 -0.71375 0.98880
109010165 -0.74892 -0.71375 0.98567
109010166 -0.75142 -0.71375 0.98254
109010167 -0.75391 -0.71375 0.97941
109010168 -0.75640 -0.71375 0.97628
109010169 -0.75890 -0.71375 0.97316
109010170 -0.76139 -0.71375 0.97003
109010171 -0.76388 -0.71375 0.96690
109010172 -0.76637 -0.71375 0.96377
109010173 -0.76887 -0.71375 0.96064
109010174 -0.77136 -0.71375 0.95752
109010175 -0.77385 -0.71375 0.95439
109010176 -0.77635 -0.71375 0.95126
109010177 -0.77884 -0.71375 0.94813
109010178 -0.78133 -0.71375 0.94500
109010179 -0.78383 -0.71375 0.94187
109010180 -0.78632 -0.71375 0.93875
109010181 -0.78881 -0.71375 0.93562
109010182 -0.79130 -0.71375 0.93249
109010183 -0.79380 -0.71375 0.92936
109010184 -0.79629 -0.71375 0.92623
109010185 -0.79878 -0.71375 0.92311
109010186 -0.80128 -0.71375 0.91998
109010187 -0.80377 -0.71375 0.91685
109010188 -0.80626 -0.71375 0.91372
109010189 -0.80876 -0.71375 0.91059
109010190 -0.81125 -0.71375 0.90747
109010191 -0.81374 -0.71375 0.90434
109010192 -0.81624 -0.71375 0.90121
109010193 -0.81873 -0.71375 0.89808
109010194 -0.82122 -0.71375 0.89495
109010195 -0.82371 -0.71375 0.89183
109010196 -0.82621 -0.71375 0.88870
109010197 -0.82870 -0.71375 0.88557
109010198 -0.83119 -0.71375 0.88244
109010199 -0.83369 -0.71375 0.87931
109010200 -0.83618 -0.71375 0.87619
109010201 -0.83867 -0.71375 0.87306
109010202 -0.84117 -0.71375 0.86993
109010203 -0.84366 -0.71375 0.86680
109010204 -0.84615 -0.71375 0.86367
109010205 -0.84865 -0.71375 0.86055
109010206 -0.85114 -0.71375 0.85742
109010207 -0.85363 -0.71375 0.85429
109010208 -0.85612 -0.71375 0.85116
109010209 -0.85862 -0.71375 0.84803
109010210 -0.86111 -0.71375 0.84491
109010211 -0.86360 -0.71375 0.84178
109010212 -0.86610 -0.71375 0.83865
109010213 -0.86859 -0.71375 0.83552
109010214 -0.87108 -0.71375 0.83239
109010215 -0.87358 -0.71375 0.82927
109010216 -0.87607 -0.71375 0.82614
109010217 -0.87856 -0.71375 0.82301
109010218 -0.88106 -0.71375 0.81988
109010219 -0.88355 -0.71375 0.81675
109010220 -0.88604 -0.71375 0.81363
109010221 -0.88853 -0.71375 0.81050
109010222 -0.89103 -0.71375 0.80737
109010223 -0.89352 -0.71375 0.80424
109010224 -0.89601 -0.71375 0.80111
109010225 -0.89851 -0.71375 0.79798
109010226 -0.90100 -0.71375 0.79486
109010227 -0.90349 -0.71375 0.79173
109010228 -0.90599 -0.71375 0.78860
109010229 -0.90848 -0.71375 0.78547
109010230 -0.91097 -0.71375 0.78234
109010231 -0.91346 -0.71375 0.77922
109010232 -0.91596 -0.71375 0.77609
109010233 -0.91845 -0.71375 0.77296
109010234 -0.92094 -0.71375 0.76983
109010235 -0.92344 -0.71375 0.76670
109010236 -0.92593 -0.71375 0.76358
109010237 -0.92842 -0.71375 0.76045
109010238 -0.93092 -0.71375 0.75732
109010239 -0.93341 -0.71375 0.75419
109010240 -0.93590 -0.71375 0.75106
109010241 -0.93840 -0.71375 0.74794
109010242 -0.94089 -0.71375 0.74481
109010243 -0.94338 -0.71375 0.74168
109010244 -0.94587 -0.71375 0.73855
109010245 -0.94837 -0.71375 0.73542
109010246 -0.95086 -0.71375 0.73230
109010247 -0.95335 -0.71375 0.72917
109010248 -0.95585 -0.71375 0.72604
109010249 -0.95834 -0.71375 0.72291
109010250 -0.96083 -0.71375 0.71978
109010251 -0.96333 -0.71375 0.71666
109010252 -0.96582 -0.71375 0.71353
109010253 -0.96831 -0.71375 0.71040
109010254 -0.97081 -0.71375 0.70727
109010255 -0.97330 -0.71375 0.70414
109010256 -0.97579 -0.71375 0.70102
109010257 -0.97828 -0.71375 0.69789
109010258 -0.98078 -0.71375 0.69476
109010259 -0.98327 -0.71375 0.69163
109010260 -0.98576 -0.71375 0.68850
109010261 -0.98826 -0.71375 0.68538
109010262 -0.99075 -0.71375 0.68225
109010263 -0.99324 -0.71375 0.67912
109010264 -0.99574 -0.71375 0.67599
109010265 -0.99823 -0.71375 0.67286
109010266 -1.00072 -0.71375 0.66974
109010267 -1.00322 -0.71375 0.66661
109010268 -1.00571 -0.71375 0.66348
109010269 -1.00820 -0.71375 0.66035
109010270 -1.01069 -0.71375 0.65722
109010271 -1.01319 -0.71375 0.65410
109010272 -1.01568 -0.71375 0.65097
109010273 -1.01817 -0.71375 0.64784
109010274 -1.02067 -0.71375 0.64471
109010275 -1.02316 -0.71375 0.64158
109010276 -1.02565 -0.71375 0.63845
109010277 -1.02815 -0.71375 0.63533
109010278 -1.03064 -0.71375 0.63220
109010279 -1.03313 -0.71375 0.62907
109010280 -1.03563 -0.71375 0.62594
109010281 -1.03812 -0.71375 0.62281
109010282 -1.04061 -0.71375 0.61969
109010283 -1.04310 -0.71375 0.61656
109010284 -1.04560 -0.71375 0.61343
109010285 -1.04809 -0.71375 0.61030
109010286 -1.05058 -0.71375 0.60717
109010287 -1.05308 -0.71375 0.60405
109010288 -1.05557 -0.71375 0.60092
109010289 -1.05806 -0.71375 0.59779
109010290 -1.06056 -0.71375 0.59466
109010291 -1.06305 -0.71375 0.59153
109010292 -1.06554 -0.71375 0.58841
109010293 -1.06803 -0.71375 0.58528
109010294 -1.07053 -0.71375 0.58215
109010295 -1.07302 -0.71375 0.57902
109010296 -1.07551 -0.71375 0.57589
109010297 -1.07801 -0.71375 0.57277
109010298 -1.08050 -0.71375 0.56964
109010299 -1.08299 -0.71375 0.56651
109010300 -1.08549 -0.71375 0.56338
109010301 -0.71402 -0.70025 1.02946
109010302 -0.71651 -0.70025 1.02633
109010303 -0.71901 -0.70025 1.02320
109010304 -0.72150 -0.70025 1.02008
109010305 -0.72399 -0.70025 1.01695
109010306 -0.72649 -0.70025 1.01382
109010307 -0.72898 -0.70025 1.01069
109010308 -0.73147 -0.70025 1.00756
109010309 -0.73396 -0.70025 1.00444
109010310 -0.73646 -0.70025 1.00131
109010311 -0.73895 -0.70025 0.99818
109010312 -0.74144 -0.70025 0.99505
109010313 -0.74394 -0.70025 0.99192
109010314 -0.74643 -0.70025 0.98880
109010315 -0.74892 -0.70025 0.98567
109010316 -0.75142 -0.70025 0.98254
109010317 -0.75391 -0.70025 0.97941
109010318 -0.75640 -0.70025 0.97628
109010319 -0.75890 -0.70025 0.97316
109010320 -0.76139 -0.70025 0.97003
109010321 -0.76388 -0.70025 0.96690
109010322 -0.76637 -0.70025 0.96377
109010323 -0.76887 -0.70025 0.96064
109010324 -0.77136 -0.70025 0.95752
109010325 -0.77385 -0.70025 0.95439
109010326 -0.77635 -0.70025 0.95126
109010327 -0.77884 -0.70025 0.94813
109010328 -0.78133 -0.70025 0.94500
109010329 -0.78383 -0.70025 0.94187
109010330 -0.78632 -0.70025 0.93875
109010331 -0.78881 -0.70025 0.93562
109010332 -0.79130 -0.70025 0.93249
109010333 -0.79380 -0.70025 0.92936
109010334 -0.79629 -0.70025 0.92623
109010335 -0.79878 -0.70025 0.92311
109010336 -0.80128 -0.70025 0.91998
109010337 -0.80377 -0.70025 0.91685
109010338 -0.80626 -0.70025 0.91372
109010339 -0.80876 -0.70025 0.91059
109010340 -0.81125 -0.70025 0.90747
109010341 -0.81374 -0.70025 0.90434
109010342 -0.81624 -0.70025 0.90121
109010343 -0.81873 -0.70025 0.89808
109010344 -0.82122 -0.70025 0.89495
109010345 -0.82371 -0.70025 0.89183
109010346 -0.82621 -0.70025 0.88870
109010347 -0.82870 -0.70025 0.88557
109010348 -0.83119 -0.70025 0.88244
109010349 -0.83369 -0.70025 0.87931
109010350 -0.83618 -0.70025 0.87619
109010351 -0.83867 -0.70025 0.87306
109010352 -0.84117 -0.70025 0.86993
109010353 -0.84366 -0.70025 0.86680
109010354 -0.84615 -0.70025 0.86367
109010355 -0.84865 -0.70025 0.86055
109010356 -0.85114 -0.70025 0.85742
109010357 -0.85363 -0.70025 0.85429
109010358 -0.85612 -0.70025 0.85116
109010359 -0.85862 -0.70025 0.84803
109010360 -0.86111 -0.70025 0.84491
109010361 -0.86360 -0.70025 0.84178
109010362 -0.86610 -0.70025 0.83865
109010363 -0.86859 -0.70025 0.83552
109010364 -0.87108 -0.70025 0.83239
109010365 -0.87358 -0.70025 0.82927
109010366 -0.87607 -0.70025 0.82614
109010367 -0.87856 -0.70025 0.82301
109010368 -0.88106 -0.70025 0.81988
109010369 -0.88355 -0.70025 0.81675
109010370 -0.88604 -0.70025 0.81363
109010371 -0.88853 -0.70025 0.81050
109010372 -0.89103 -0.70025 0.80737
109010373 -0.89352 -0.70025 0.80424
109010374 -0.89601 -0.70025 0.80111
109010375 -0.89851 -0.70025 0.79798
109010376 -0.90100 -0.70025 0.79486
109010377 -0.90349 -0.70025 0.79173
109010378 -0.90599 -0.70025 0.78860
109010379 -0.90848 -0.70025 0.78547
109010380 -0.91097 -0.70025 0.78234
109010381 -0.91346 -0.70025 0.77922
109010382 -0.91596 -0.70025 0.77609
109010383 -0.91845 -0.70025 0.77296
109010384 -0.92094 -0.70025 0.76983
109010385 -0.92344 -0.70025 0.76670
109010386 -0.92593 -0.70025 0.76358
109010387 -0.92842 -0.70025 0.76045
109010388 -0.93092 -0.70025 0.75732
109010389 -0.93341 -0.70025 0.75419
109010390 -0.93590 -0.70025 0.75106
109010391 -0.93840 -0.70025 0.74794
109010392 -0.94089 -0.70025 0.74481
109010393 -0.94338 -0.70025 0.74168
109010394 -0.94587 -0.70025 0.73855
109010395 -0.94837 -0.70025 0.73542
109010396 -0.95086 -0.70025 0.73230
109010397 -0.95335 -0.70025 0.72917
109010398 -0.95585 -0.70025 0.72604
109010399 -0.95834 -0.70025 0.72291
109010400 -0.96083 -0.70025 0.71978
109010401 -0.96333 -0.70025 0.71666
109010402 -0.96582 -0.70025 0.71353
109010403 -0.96831 -0.70025 0.71040
109010404 -0.97081 -0.70025 0.70727
109010405 -0.97330 -0.70025 0.70414
109010406 -0.97579 -0.70025 0.70102
109010407 -0.97828 -0.70025 0.69789
109010408 -0.98078 -0.70025 0.69476
109010409 -0.98327 -0.70025 0.69163
109010410 -0.98576 -0.70025 0.68850
109010411 -0.98826 -0.70025 0.68538
109010412 -0.99075 -0.70025 0.68225
109010413 -0.99324 -0.70025 0.67912
109010414 -0.99574 -0.70025 0.67599
109010415 -0.99823 -0.70025 0.67286
109010416 -1.00072 -0.70025 0.66974
109010417 -1.00322 -0.70025 0.66661
109010418 -1.00571 -0.70025 0.66348
109010419 -1.00820 -0.70025 0.66035
109010420 -1.01069 -0.70025 0.65722
109010421 -1.01319 -0.70025 0.65410
109010422 -1.01568 -0.70025 0.65097
109010423 -1.01817 -0.70025 0.64784
109010424 -1.02067 -0.70025 0.64471
109010425 -1.02316 -0.70025 0.64158
109010426 -1.02565 -0.70025 0.63845
109010427 -1.02815 -0.70025 0.63533
109010428 -1.03064 -0.70025 0.63220
109010429 -1.03313 -0.70025 0.62907
109010430 -1.03563 -0.70025 0.62594
109010431 -1.03812 -0.70025 0.62281
109010432 -1.04061 -0.70025 0.61969
109010433 -1.04310 -0.70025 0.61656
109010434 -1.04560 -0.70025 0.61343
109010435 -1.04809 -0.70025 0.61030
109010436 -1.05058 -0.70025 0.60717
109010437 -1.05308 -0.70025 0.60405
109010438 -1.05557 -0.70025 0.60092
109010439 -1.05806 -0.70025 0.59779
109010440 -1.06056 -0.70025 0.59466
109010441 -1.06305 -0.70025 0.59153
109010442 -1.06554 -0.70025 0.58841
109010443 -1.06803 -0.70025 0.58528
109010444 -1.07053 -0.70025 0.58215
109010445 -1.07302 -0.70025 0.57902
109010446 -1.07551 -0.70025 0.57589
109010447 -1.07801 -0.70025 0.57277
109010448 -1.08050 -0.70025 0.56964
109010449 -1.08299 -0.70025 0.56651
109010450 -1.08549 -0.70025 0.56338
109010451 -0.71402 -0.68675 1.02946
109010452 -0.71651 -0.68675 1.02633
109010453 -0.71901 -0.68675 1.02320
109010454 -0.72150 -0.68675 1.02008
109010455 -0.72399 -0.68675 1.01695
109010456 -0.72649 -0.68675 1.01382
109010457 -0.72898 -0.68675 1.01069
109010458 -0.73147 -0.68675 1.00756
109010459 -0.73396 -0.68675 1.00444
109010460 -0.73646 -0.68675 1.00131
109010461 -0.73895 -0.68675 0.99818
109010462 -0.74144 -0.68675 0.99505
109010463 -0.74394 -0.68675 0.99192
109010464 -0.74643 -0.68675 0.98880
109010465 -0.74892 -0.68675 0.98567
109010466 -0.75142 -0.68675 0.98254
109010467 -0.75391 -0.68675 0.97941
109010468 -0.75640 -0.68675 0.97628
109010469 -0.75890 -0.68675 0.97316
109010470 -0.76139 -0.68675 0.97003
109010471 -0.76388 -0.68675 0.96690
109010472 -0.76637 -0.68675 0.96377
109010473 -0.76887 -0.68675 0.96064
109010474 -0.77136 -0.68675 0.95752
109010475 -0.77385 -0.68675 0.95439
109010476 -0.77635 -0.68675 0.95126
109010477 -0.77884 -0.68675 0.94813
109010478 -0.78133 -0.68675 0.94500
109010479 -0.78383 -0.68675 0.94187
109010480 -0.78632 -0.68675 0.93875
109010481 -0.78881 -0.68675 0.93562
109010482 -0.79130 -0.68675 0.93249
109010483 -0.79380 -0.68675 0.92936
109010484 -0.79629 -0.68675 0.92623
109010485 -0.79878 -0.68675 0.92311
109010486 -0.80128 -0.68675 0.91998
109010487 -0.80377 -0.68675 0.91685
109010488 -0.80626 -0.68675 0.91372
109010489 -0.80876 -0.68675 0.91059
109010490 -0.81125 -0.68675 0.90747
109010491 -0.81374 -0.68675 0.90434
109010492 -0.81624 -0.68675 0.90121
109010493 -0.81873 -0.68675 0.89808
109010494 -0.82122 -0.68675 0.89495
109010495 -0.82371 -0.68675 0.89183
109010496 -0.82621 -0.68675 0.88870
109010497 -0.82870 -0.68675 0.88557
109010498 -0.83119 -0.68675 0.88244
109010499 -0.83369 -0.68675 0.87931
109010500 -0.83618 -0.68675 0.87619
109010501 -0.83867 -0.68675 0.87306
109010502 -0.84117 -0.68675 0.86993
109010503 -0.84366 -0.68675 0.86680
109010504 -0.84615 -0.68675 0.86367
109010505 -0.84865 -0.68675 0.86055
109010506 -0.85114 -0.68675 0.85742
109010507 -0.85363 -0.68675 0.85429
109010508 -0.85612 -0.68675 0.85116
109010509 -0.85862 -0.68675 0.84803
109010510 -0.86111 -0.68675 0.84491
109010511 -0.86360 -0.68675 0.84178
109010512 -0.86610 -0.68675 0.83865
109010513 -0.86859 -0.68675 0.83552
109010514 -0.87108 -0.68675 0.83239
109010515 -0.87358 -0.68675 0.82927
109010516 -0.87607 -0.68675 0.82614
109010517 -0.87856 -0.68675 0.82301
109010518 -0.88106 -0.68675 0.81988
109010519 -0.88355 -0.68675 0.81675
109010520 -0.88604 -0.68675 0.81363
109010521 -0.88853 -0.68675 0.81050
109010522 -0.89103 -0.68675 0.80737
109010523 -0.89352 -0.68675 0.80424
109010524 -0.89601 -0.68675 0.80111
109010525 -0.89851 -0.68675 0.79798
109010526 -0.90100 -0.68675 0.79486
109010527 -0.90349 -0.68675 0.79173
109010528 -0.90599 -0.68675 0.78860
109010529 -0.90848 -0.68675 0.78547
109010530 -0.91097 -0.68675 0.78234
109010531 -0.91346 -0.68675 0.77922
109010532 -0.91596 -0.68675 0.77609
109010533 -0.91845 -0.68675 0.77296
109010534 -0.92094 -0.68675 0.76983
109010535 -0.92344 -0.68675 0.76670
109010536 -0.92593 -0.68675 0.76358
109010537 -0.92842 -0.68675 0.76045
109010538 -0.93092 -0.68675 0.75732
109010539 -0.93341 -0.68675 0.75419
109010540 -0.93590 -0.68675 0.75106
109010541 -0.93840 -0.68675 0.74794
109010542 -0.94089 -0.68675 0.74481
109010543 -0.94338 -0.68675 0.74168
109010544 -0.94587 -0.68675 0.73855
109010545 -0.94837 -0.68675 0.73542
109010546 -0.95086 -0.68675 0.73230
109010547 -0.95335 -0.68675 0.72917
109010548 -0.95585 -0.68675 0.72604
109010549 -0.95834 -0.68675 0.72291
109010550 -0.96083 -0.68675 0.71978
109010551 -0.96333 -0.68675 0.71666
109010552 -0.96582 -0.68675 0.71353
109010553 -0.96831 -0.68675 0.71040
109010554 -0.97081 -0.68675 0.70727
109010555 -0.97330 -0.68675 0.70414
109010556 -0.97579 -0.68675 0.70102
109010557 -0.97828 -0.68675 0.69789
109010558 -0.98078 -0.68675 0.69476
109010559 -0.98327 -0.68675 0.69163
109010560 -0.98576 -0.68675 0.68850
109010561 -0.98826 -0.68675 0.68538
109010562 -0.99075 -0.68675 0.68225
109010563 -0.99324 -0.68675 0.67912
109010564 -0.99574 -0.68675 0.67599
109010565 -0.99823 -0.68675 0.67286
109010566 -1.00072 -0.68675 0.66974
109010567 -1.00322 -0.68675 0.66661
109010568 -1.00571 -0.68675 0.66348
109010569 -1.00820 -0.68675 0.66035
109010570 -1.01069 -0.68675 0.65722
109010571 -1.01319 -0.68675 0.65410
109010572 -1.01568 -0.68675 0.65097
109010573 -1.01817 -0.68675 0.64784
109010574 -1.02067 -0.68675 0.64471
109010575 -1.02316 -0.68675 0.64158
109010576 -1.02565 -0.68675 0.63845
109010577 -1.02815 -0.68675 0.63533
109010578 -1.03064 -0.68675 0.63220
109010579 -1.03313 -0.68675 0.62907
109010580 -1.03563 -0.68675 0.62594
109010581 -1.03812 -0.68675 0.62281
109010582 -1.04061 -0.68675 0.61969
109010583 -1.04310 -0.68675 0.61656
109010584 -1.04560 -0.68675 0.61343
109010585 -1.04809 -0.68675 0.61030
109010586 -1.05058 -0.68675 0.60717
109010587 -1.05308 -0.68675 0.60405
109010588 -1.05557 -0.68675 0.60092
109010589 -1.05806 -0.68675 0.59779
109010590 -1.06056 -0.68675 0.59466
109010591 -1.06305 -0.68675 0.59153
109010592 -1.06554 -0.68675 0.58841
109010593 -1.06803 -0.68675 0.58528
109010594 -1.07053 -0.68675 0.58215
109010595 -1.07302 -0.68675 0.57902
109010596 -1.07551 -0.68675 0.57589
109010597 -1.07801 -0.68675 0.57277
109010598 -1.08050 -0.68675 0.56964
109010599 -1.08299 -0.68675 0.56651
109010600 -1.08549 -0.68675 0.56338
109010601 -0.71402 -0.67325 1.02946
109010602 -0.71651 -0.67325 1.02633
109010603 -0.71901 -0.67325 1.02320
109010604 -0.72150 -0.67325 1.02008
109010605 -0.72399 -0.67325 1.01695
109010606 -0.72649 -0.67325 1.01382
109010607 -0.72898 -0.67325 1.01069
109010608 -0.73147 -0.67325 1.00756
109010609 -0.73396 -0.67325 1.00444
109010610 -0.73646 -0.67325 1.00131
109010611 -0.73895 -0.67325 0.99818
109010612 -0.74144 -0.67325 0.99505
109010613 -0.74394 -0.67325 0.99192
109010614 -0.74643 -0.67325 0.98880
109010615 -0.74892 -0.67325 0.98567
109010616 -0.75142 -0.67325 0.98254
109010617 -0.75391 -0.67325 0.97941
109010618 -0.75640 -0.67325 0.97628
109010619 -0.75890 -0.67325 0.97316
109010620 -0.76139 -0.67325 0.97003
109010621 -0.76388 -0.67325 0.96690
109010622 -0.76637 -0.67325 0.96377
109010623 -0.76887 -0.67325 0.96064
109010624 -0.77136 -0.67325 0.95752
109010625 -0.77385 -0.67325 0.95439
109010626 -0.77635 -0.67325 0.95126
109010627 -0.77884 -0.67325 0.94813
109010628 -0.78133 -0.67325 0.94500
109010629 -0.78383 -0.67325 0.94187
109010630 -0.78632 -0.67325 0.93875
109010631 -0.78881 -0.67325 0.93562
109010632 -0.79130 -0.67325 0.93249
109010633 -0.79380 -0.67325 0.92936
109010634 -0.79629 -0.67325 0.92623
109010635 -0.79878 -0.67325 0.92311
109010636 -0.80128 -0.67325 0.91998
109010637 -0.80377 -0.67325 0.91685
109010638 -0.80626 -0.67325 0.91372
109010639 -0.80876 -0.67325 0.91059
109010640 -0.81125 -0.67325 0.90747
109010641 -0.81374 -0.67325 0.90434
109010642 -0.81624 -0.67325 0.90121
109010643 -0.81873 -0.67325 0.89808
109010644 -0.82122 -0.67325 0.89495
109010645 -0.82371 -0.67325 0.89183
109010646 -0.82621 -0.67325 0.88870
109010647 -0.82870 -0.67325 0.88557
109010648 -0.83119 -0.67325 0.88244
109010649 -0.83369 -0.67325 0.87931
109010650 -0.83618 -0.67325 0.87619
109010651 -0.83867 -0.67325 0.87306
109010652 -0.84117 -0.67325 0.86993
109010653 -0.84366 -0.67325 0.86680
109010654 -0.84615 -0.67325 0.86367
109010655 -0.84865 -0.67325 0.86055
109010656 -0.85114 -0.67325 0.85742
109010657 -0.85363 -0.67325 0.85429
109010658 -0.85612 -0.67325 0.85116
109010659 -0.85862 -0.67325 0.84803
109010660 -0.86111 -0.67325 0.84491
109010661 -0.86360 -0.67325 0.84178
109010662 -0.86610 -0.67325 0.83865
109010663 -0.86859 -0.67325 0.83552
109010664 -0.87108 -0.67325 0.83239
109010665 -0.87358 -0.67325 0.82927
109010666 -0.87607 -0.67325 0.82614
109010667 -0.87856 -0.67325 0.82301
109010668 -0.88106 -0.67325 0.81988
109010669 -0.88355 -0.67325 0.81675
109010670 -0.88604 -0.67325 0.81363
109010671 -0.88853 -0.67325 0.81050
109010672 -0.89103 -0.67325 0.80737
109010673 -0.89352 -0.67325 0.80424
109010674 -0.89601 -0.67325 0.80111
109010675 -0.89851 -0.67325 0.79798
109010676 -0.90100 -0.67325 0.79486
109010677 -0.90349 -0.67325 0.79173
109010678 -0.90599 -0.67325 0.78860
109010679 -0.90848 -0.67325 0.78547
109010680 -0.91097 -0.67325 0.78234
109010681 -0.91346 -0.67325 0.77922
109010682 -0.91596 -0.67325 0.77609
109010683 -0.91845 -0.67325 0.77296
109010684 -0.92094 -0.67325 0.76983
109010685 -0.92344 -0.67325 0.76670
109010686 -0.92593 -0.67325 0.76358
109010687 -0.92842 -0.67325 0.76045
109010688 -0.93092 -0.67325 0.75732
109010689 -0.93341 -0.67325 0.75419
109010690 -0.93590 -0.67325 0.75106
109010691 -0.93840 -0.67325 0.74794
109010692 -0.94089 -0.67325 0.74481
109010693 -0.94338 -0.67325 0.74168
109010694 -0.94587 -0.67325 0.73855
109010695 -0.94837 -0.67325 0.73542
109010696 -0.95086 -0.67325 0.73230
109010697 -0.95335 -0.67325 0.72917
109010698 -0.95585 -0.67325 0.72604
109010699 -0.95834 -0.67325 0.72291
109010700 -0.96083 -0.67325 0.71978
109010701 -0.96333 -0.67325 0.71666
109010702 -0.96582 -0.67325 0.71353
109010703 -0.96831 -0.67325 0.71040
109010704 -0.97081 -0.67325 0.70727
109010705 -0.97330 -0.67325 0.70414
109010706 -0.97579 -0.67325 0.70102
109010707 -0.97828 -0.67325 0.69789
109010708 -0.98078 -0.67325 0.69476
109010709 -0.98327 -0.67325 0.69163
109010710 -0.98576 -0.67325 0.68850
109010711 -0.98826 -0.67325 0.68538
109010712 -0.99075 -0.67325 0.68225
109010713 -0.99324 -0.67325 0.67912
109010714 -0.99574 -0.67325 0.67599
109010715 -0.99823 -0.67325 0.67286
109010716 -1.00072 -0.67325 0.66974
109010717 -1.00322 -0.67325 0.66661
109010718 -1.00571 -0.67325 0.66348
109010719 -1.00820 -0.67325 0.66035
109010720 -1.01069 -0.67325 0.65722
109010721 -1.01319 -0.67325 0.65410
109010722 -1.01568 -0.67325 0.65097
109010723 -1.01817 -0.67325 0.64784
109010724 -1.02067 -0.67325 0.64471
109010725 -1.02316 -0.67325 0.64158
109010726 -1.02565 -0.67325 0.63845
109010727 -1.02815 -0.67325 0.63533
109010728 -1.03064 -0.67325 0.63220
109010729 -1.03313 -0.67325 0.62907
109010730 -1.03563 -0.67325 0.62594
109010731 -1.03812 -0.67325 0.62281
109010732 -1.04061 -0.67325 0.61969
109010733 -1.04310 -0.67325 0.61656
109010734 -1.04560 -0.67325 0.61343
109010735 -1.04809 -0.67325 0.61030
109010736 -1.05058 -0.67325 0.60717
109010737 -1.05308 -0.67325 0.60405
109010738 -1.05557 -0.67325 0.60092
109010739 -1.05806 -0.67325 0.59779
109010740 -1.06056 -0.67325 0.59466
109010741 -1.06305 -0.67325 0.59153
109010742 -1.06554 -0.67325 0.58841
109010743 -1.06803 -0.67325 0.58528
109010744 -1.07053 -0.67325 0.58215
109010745 -1.07302 -0.67325 0.57902
109010746 -1.07551 -0.67325 0.57589
109010747 -1.07801 -0.67325 0.57277
109010748 -1.08050 -0.67325 0.56964
109010749 -1.08299 -0.67325 0.56651
109010750 -1.08549 -0.67325 0.56338
109010751 -0.71402 -0.65975 1.02946
109010752 -0.71651 -0.65975 1.02633
109010753 -0.71901 -0.65975 1.02320
109010754 -0.72150 -0.65975 1.02008
109010755 -0.72399 -0.65975 1.01695
109010756 -0.72649 -0.65975 1.01382
109010757 -0.72898 -0.65975 1.01069
109010758 -0.73147 -0.65975 1.00756
109010759 -0.73396 -0.65975 1.00444
109010760 -0.73646 -0.65975 1.00131
109010761 -0.73895 -0.65975 0.99818
109010762 -0.74144 -0.65975 0.99505
109010763 -0.74394 -0.65975 0.99192
109010764 -0.74643 -0.65975 0.98880
109010765 -0.74892 -0.65975 0.98567
109010766 -0.75142 -0.65975 0.98254
109010767 -0.75391 -0.65975 0.97941
109010768 -0.75640 -0.65975 0.97628
109010769 -0.75890 -0.65975 0.97316
109010770 -0.76139 -0.65975 0.97003
109010771 -0.76388 -0.65975 0.96690
109010772 -0.76637 -0.65975 0.96377
109010773 -0.76887 -0.65975 0.96064
109010774 -0.77136 -0.65975 0.95752
109010775 -0.77385 -0.65975 0.95439
109010776 -0.77635 -0.65975 0.95126
109010777 -0.77884 -0.65975 0.94813
109010778 -0.78133 -0.65975 0.94500
109010779 -0.78383 -0.65975 0.94187
109010780 -0.78632 -0.65975 0.93875
109010781 -0.78881 -0.65975 0.93562
109010782 -0.79130 -0.65975 0.93249
109010783 -0.79380 -0.65975 0.92936
109010784 -0.79629 -0.65975 0.92623
109010785 -0.79878 -0.65975 0.92311
109010786 -0.80128 -0.65975 0.91998
109010787 -0.80377 -0.65975 0.91685
109010788 -0.80626 -0.65975 0.91372
109010789 -0.80876 -0.65975 0.91059
109010790 -0.81125 -0.65975 0.90747
109010791 -0.81374 -0.65975 0.90434
109010792 -0.81624 -0.65975 0.90121
109010793 -0.81873 -0.65975 0.89808
109010794 -0.82122 -0.65975 0.89495
109010795 -0.82371 -0.65975 0.89183
109010796 -0.82621 -0.65975 0.88870
109010797 -0.82870 -0.65975 0.88557
109010798 -0.83119 -0.65975 0.88244
109010799 -0.83369 -0.65975 0.87931
109010800 -0.83618 -0.65975 0.87619
109010801 -0.83867 -0.65975 0.87306
109010802 -0.84117 -0.65975 0.86993
109010803 -0.84366 -0.65975 0.86680
109010804 -0.84615 -0.65975 0.86367
109010805 -0.84865 -0.65975 0.86055
109010806 -0.85114 -0.65975 0.85742
109010807 -0.85363 -0.65975 0.85429
109010808 -0.85612 -0.65975 0.85116
109010809 -0.85862 -0.65975 0.84803
109010810 -0.86111 -0.65975 0.84491
109010811 -0.86360 -0.65975 0.84178
109010812 -0.86610 -0.65975 0.83865
109010813 -0.86859 -0.65975 0.83552
109010814 -0.87108 -0.65975 0.83239
109010815 -0.87358 -0.65975 0.82927
109010816 -0.87607 -0.65975 0.82614
109010817 -0.87856 -0.65975 0.82301
109010818 -0.88106 -0.65975 0.81988
109010819 -0.88355 -0.65975 0.81675
109010820 -0.88604 -0.65975 0.81363
109010821 -0.88853 -0.65975 0.81050
109010822 -0.89103 -0.65975 0.80737
109010823 -0.89352 -0.65975 0.80424
109010824 -0.89601 -0.65975 0.80111
109010825 -0.89851 -0.65975 0.79798
109010826 -0.90100 -0.65975 0.79486
109010827 -0.90349 -0.65975 0.79173
109010828 -0.90599 -0.65975 0.78860
109010829 -0.90848 -0.65975 0.78547
109010830 -0.91097 -0.65975 0.78234
109010831 -0.91346 -0.65975 0.77922
109010832 -0.91596 -0.65975 0.77609
109010833 -0.91845 -0.65975 0.77296
109010834 -0.92094 -0.65975 0.76983
109010835 -0.92344 -0.65975 0.76670
109010836 -0.92593 -0.65975 0.76358
109010837 -0.92842 -0.65975 0.76045
109010838 -0.93092 -0.65975 0.75732
109010839 -0.93341 -0.65975 0.75419
109010840 -0.93590 -0.65975 0.75106
109010841 -0.93840 -0.65975 0.74794
109010842 -0.94089 -0.65975 0.74481
109010843 -0.94338 -0.65975 0.74168
109010844 -0.94587 -0.65975 0.73855
109010845 -0.94837 -0.65975 0.73542
109010846 -0.95086 -0.65975 0.73230
109010847 -0.95335 -0.65975 0.72917
109010848 -0.95585 -0.65975 0.72604
109010849 -0.95834 -0.65975 0.72291
109010850 -0.96083 -0.65975 0.71978
109010851 -0.96333 -0.65975 0.71666
109010852 -0.96582 -0.65975 0.71353
109010853 -0.96831 -0.65975 0.71040
109010854 -0.97081 -0.65975 0.70727
109010855 -0.97330 -0.65975 0.70414
109010856 -0.97579 -0.65975 0.70102
109010857 -0.97828 -0.65975 0.69789
109010858 -0.98078 -0.65975 0.69476
109010859 -0.98327 -0.65975 0.69163
109010860 -0.98576 -0.65975 0.68850
109010861 -0.98826 -0.65975 0.68538
109010862 -0.99075 -0.65975 0.68225
109010863 -0.99324 -0.65975 0.67912
109010864 -0.99574 -0.65975 0.67599
109010865 -0.99823 -0.65975 0.67286
109010866 -1.00072 -0.65975 0.66974
109010867 -1.00322 -0.65975 0.66661
109010868 -1.00571 -0.65975 0.66348
109010869 -1.00820 -0.65975 0.66035
109010870 -1.01069 -0.65975 0.65722
109010871 -1.01319 -0.65975 0.65410
109010872 -1.01568 -0.65975 0.65097
109010873 -1.01817 -0.65975 0.64784
109010874 -1.02067 -0.65975 0.64471
109010875 -1.02316 -0.65975 0.64158
109010876 -1.02565 -0.65975 0.63845
109010877 -1.02815 -0.65975 0.63533
109010878 -1.03064 -0.65975 0.63220
109010879 -1.03313 -0.65975 0.62907
109010880 -1.03563 -0.65975 0.62594
109010881 -1.03812 -0.65975 0.62281
109010882 -1.04061 -0.65975 0.61969
109010883 -1.04310 -0.65975 0.61656
109010884 -1.04560 -0.65975 0.61343
109010885 -1.04809 -0.65975 0.61030
109010886 -1.05058 -0.65975 0.60717
109010887 -1.05308 -0.65975 0.60405
109010888 -1.05557 -0.65975 0.60092
109010889 -1.05806 -0.65975 0.59779
109010890 -1.06056 -0.65975 0.59466
109010891 -1.06305 -0.65975 0.59153
109010892 -1.06554 -0.65975 0.58841
109010893 -1.06803 -0.65975 0.58528
109010894 -1.07053 -0.65975 0.58215
109010895 -1.07302 -0.65975 0.57902
109010896 -1.07551 -0.65975 0.57589
109010897 -1.07801 -0.65975 0.57277
109010898 -1.08050 -0.65975 0.56964
109010899 -1.08299 -0.65975 0.56651
109010900 -1.08549 -0.65975 0.56338
109010901 -0.71402 -0.64625 1.02946
109010902 -0.71651 -0.64625 1.02633
109010903 -0.71901 -0.64625 1.02320
109010904 -0.72150 -0.64625 1.02008
109010905 -0.72399 -0.64625 1.01695
109010906 -0.72649 -0.64625 1.01382
109010907 -0.72898 -0.64625 1.01069
109010908 -0.73147 -0.64625 1.00756
109010909 -0.73396 -0.64625 1.00444
109010910 -0.73646 -0.64625 1.00131
109010911 -0.73895 -0.64625 0.99818
109010912 -0.74144 -0.64625 0.99505
109010913 -0.74394 -0.64625 0.99192
109010914 -0.74643 -0.64625 0.98880
109010915 -0.74892 -0.64625 0.98567
109010916 -0.75142 -0.64625 0.98254
109010917 -0.75391 -0.64625 0.97941
109010918 -0.75640 -0.64625 0.97628
109010919 -0.75890 -0.64625 0.97316
109010920 -0.76139 -0.64625 0.97003
109010921 -0.76388 -0.64625 0.96690
109010922 -0.76637 -0.64625 0.96377
109010923 -0.76887 -0.64625 0.96064
109010924 -0.77136 -0.64625 0.95752
109010925 -0.77385 -0.64625 0.95439
109010926 -0.77635 -0.64625 0.95126
109010927 -0.77884 -0.64625 0.94813
109010928 -0.78133 -0.64625 0.94500
109010929 -0.78383 -0.64625 0.94187
109010930 -0.78632 -0.64625 0.93875
109010931 -0.78881 -0.64625 0.93562
109010932 -0.79130 -0.64625 0.93249
109010933 -0.79380 -0.64625 0.92936
109010934 -0.79629 -0.64625 0.92623
109010935 -0.79878 -0.64625 0.92311
109010936 -0.80128 -0.64625 0.91998
109010937 -0.80377 -0.64625 0.91685
109010938 -0.80626 -0.64625 0.91372
109010939 -0.80876 -0.64625 0.91059
109010940 -0.81125 -0.64625 0.90747
109010941 -0.81374 -0.64625 0.90434
109010942 -0.81624 -0.64625 0.90121
109010943 -0.81873 -0.64625 0.89808
109010944 -0.82122 -0.64625 0.89495
109010945 -0.82371 -0.64625 0.89183
109010946 -0.82621 -0.64625 0.88870
109010947 -0.82870 -0.64625 0.88557
109010948 -0.83119 -0.64625 0.88244
109010949 -0.83369 -0.64625 0.87931
109010950 -0.83618 -0.64625 0.87619
109010951 -0.83867 -0.64625 0.87306
109010952 -0.84117 -0.64625 0.86993
109010953 -0.84366 -0.64625 0.86680
109010954 -0.84615 -0.64625 0.86367
109010955 -0.84865 -0.64625 0.86055
109010956 -0.85114 -0.64625 0.85742
109010957 -0.85363 -0.64625 0.85429
109010958 -0.85612 -0.64625 0.85116
109010959 -0.85862 -0.64625 0.84803
109010960 -0.86111 -0.64625 0.84491
109010961 -0.86360 -0.64625 0.84178
109010962 -0.86610 -0.64625 0.83865
109010963 -0.86859 -0.64625 0.83552
109010964 -0.87108 -0.64625 0.83239
109010965 -0.87358 -0.64625 0.82927
109010966 -0.87607 -0.64625 0.82614
109010967 -0.87856 -0.64625 0.82301
109010968 -0.88106 -0.64625 0.81988
109010969 -0.88355 -0.64625 0.81675
109010970 -0.88604 -0.64625 0.81363
109010971 -0.88853 -0.64625 0.81050
109010972 -0.89103 -0.64625 0.80737
109010973 -0.89352 -0.64625 0.80424
109010974 -0.89601 -0.64625 0.80111
109010975 -0.89851 -0.64625 0.79798
109010976 -0.90100 -0.64625 0.79486
109010977 -0.90349 -0.64625 0.79173
109010978 -0.90599 -0.64625 0.78860
109010979 -0.90848 -0.64625 0.78547
109010980 -0.91097 -0.64625 0.78234
109010981 -0.91346 -0.64625 0.77922
109010982 -0.91596 -0.64625 0.77609
109010983 -0.91845 -0.64625 0.77296
109010984 -0.92094 -0.64625 0.76983
109010985 -0.92344 -0.64625 0.76670
109010986 -0.92593 -0.64625 0.76358
109010987 -0.92842 -0.64625 0.76045
109010988 -0.93092 -0.64625 0.75732
109010989 -0.93341 -0.64625 0.75419
109010990 -0.93590 -0.64625 0.75106
109010991 -0.93840 -0.64625 0.74794
109010992 -0.94089 -0.64625 0.74481
109010993 -0.94338 -0.64625 0.74168
109010994 -0.94587 -0.64625 0.73855
109010995 -0.94837 -0.64625 0.73542
109010996 -0.95086 -0.64625 0.73230
109010997 -0.95335 -0.64625 0.72917
109010998 -0.95585 -0.64625 0.72604
109010999 -0.95834 -0.64625 0.72291
109011000 -0.96083 -0.64625 0.71978
109011001 -0.96333 -0.64625 0.71666
109011002 -0.96582 -0.64625 0.71353
109011003 -0.96831 -0.64625 0.71040
109011004 -0.97081 -0.64625 0.70727
109011005 -0.97330 -0.64625 0.70414
109011006 -0.97579 -0.64625 0.70102
109011007 -0.97828 -0.64625 0.69789
109011008 -0.98078 -0.64625 0.69476
109011009 -0.98327 -0.64625 0.69163
109011010 -0.98576 -0.64625 0.68850
109011011 -0.98826 -0.64625 0.68538
109011012 -0.99075 -0.64625 0.68225
109011013 -0.99324 -0.64625 0.67912
109011014 -0.99574 -0.64625 0.67599
109011015 -0.99823 -0.64625 0.67286
109011016 -1.00072 -0.64625 0.66974
109011017 -1.00322 -0.64625 0.66661
109011018 -1.00571 -0.64625 0.66348
109011019 -1.00820 -0.64625 0.66035
109011020 -1.01069 -0.64625 0.65722
109011021 -1.01319 -0.64625 0.65410
109011022 -1.01568 -0.64625 0.65097
109011023 -1.01817 -0.64625 0.64784
109011024 -1.02067 -0.64625 0.64471
109011025 -1.02316 -0.64625 0.64158
109011026 -1.02565 -0.64625 0.63845
109011027 -1.02815 -0.64625 0.63533
109011028 -1.03064 -0.64625 0.63220
109011029 -1.03313 -0.64625 0.62907
109011030 -1.03563 -0.64625 0.62594
109011031 -1.03812 -0.64625 0.62281
109011032 -1.04061 -0.64625 0.61969
109011033 -1.04310 -0.64625 0.61656
109011034 -1.04560 -0.64625 0.61343
109011035 -1.04809 -0.64625 0.61030
109011036 -1.05058 -0.64625 0.60717
109011037 -1.05308 -0.64625 0.60405
109011038 -1.05557 -0.64625 0.60092
109011039 -1.05806 -0.64625 0.59779
109011040 -1.06056 -0.64625 0.59466
109011041 -1.06305 -0.64625 0.59153
109011042 -1.06554 -0.64625 0.58841
109011043 -1.06803 -0.64625 0.58528
109011044 -1.07053 -0.64625 0.58215
109011045 -1.07302 -0.64625 0.57902
109011046 -1.07551 -0.64625 0.57589
109011047 -1.07801 -0.64625 0.57277
109011048 -1.08050 -0.64625 0.56964
109011049 -1.08299 -0.64625 0.56651
109011050 -1.08549 -0.64625 0.56338
109011051 -0.71402 -0.63275 1.02946
109011052 -0.71651 -0.63275 1.02633
109011053 -0.71901 -0.63275 1.02320
109011054 -0.72150 -0.63275 1.02008
109011055 -0.72399 -0.63275 1.01695
109011056 -0.72649 -0.63275 1.01382
109011057 -0.72898 -0.63275 1.01069
109011058 -0.73147 -0.63275 1.00756
109011059 -0.73396 -0.63275 1.00444
109011060 -0.73646 -0.63275 1.00131
109011061 -0.73895 -0.63275 0.99818
109011062 -0.74144 -0.63275 0.99505
109011063 -0.74394 -0.63275 0.99192
109011064 -0.74643 -0.63275 0.98880
109011065 -0.74892 -0.63275 0.98567
109011066 -0.75142 -0.63275 0.98254
109011067 -0.75391 -0.63275 0.97941
109011068 -0.75640 -0.63275 0.97628
109011069 -0.75890 -0.63275 0.97316
109011070 -0.76139 -0.63275 0.97003
109011071 -0.76388 -0.63275 0.96690
109011072 -0.76637 -0.63275 0.96377
109011073 -0.76887 -0.63275 0.96064
109011074 -0.77136 -0.63275 0.95752
109011075 -0.77385 -0.63275 0.95439
109011076 -0.77635 -0.63275 0.95126
109011077 -0.77884 -0.63275 0.94813
109011078 -0.78133 -0.63275 0.94500
109011079 -0.78383 -0.63275 0.94187
109011080 -0.78632 -0.63275 0.93875
109011081 -0.78881 -0.63275 0.93562
109011082 -0.79130 -0.63275 0.93249
109011083 -0.79380 -0.63275 0.92936
109011084 -0.79629 -0.63275 0.92623
109011085 -0.79878 -0.63275 0.92311
109011086 -0.80128 -0.63275 0.91998
109011087 -0.80377 -0.63275 0.91685
109011088 -0.80626 -0.63275 0.91372
109011089 -0.80876 -0.63275 0.91059
109011090 -0.81125 -0.63275 0.90747
109011091 -0.81374 -0.63275 0.90434
109011092 -0.81624 -0.63275 0.90121
109011093 -0.81873 -0.63275 0.89808
109011094 -0.82122 -0.63275 0.89495
109011095 -0.82371 -0.63275 0.89183
109011096 -0.82621 -0.63275 0.88870
109011097 -0.82870 -0.63275 0.88557
109011098 -0.83119 -0.63275 0.88244
109011099 -0.83369 -0.63275 0.87931
109011100 -0.83618 -0.63275 0.87619
109011101 -0.83867 -0.63275 0.87306
109011102 -0.84117 -0.63275 0.86993
109011103 -0.84366 -0.63275 0.86680
109011104 -0.84615 -0.63275 0.86367
109011105 -0.84865 -0.63275 0.86055
109011106 -0.85114 -0.63275 0.85742
109011107 -0.85363 -0.63275 0.85429
109011108 -0.85612 -0.63275 0.85116
109011109 -0.85862 -0.63275 0.84803
109011110 -0.86111 -0.63275 0.84491
109011111 -0.86360 -0.63275 0.84178
109011112 -0.86610 -0.63275 0.83865
109011113 -0.86859 -0.63275 0.83552
109011114 -0.87108 -0.63275 0.83239
109011115 -0.87358 -0.63275 0.82927
109011116 -0.87607 -0.63275 0.82614
109011117 -0.87856 -0.63275 0.82301
109011118 -0.88106 -0.63275 0.81988
109011119 -0.88355 -0.63275 0.81675
109011120 -0.88604 -0.63275 0.81363
109011121 -0.88853 -0.63275 0.81050
109011122 -0.89103 -0.63275 0.80737
109011123 -0.89352 -0.63275 0.80424
109011124 -0.89601 -0.63275 0.80111
109011125 -0.89851 -0.63275 0.79798
109011126 -0.90100 -0.63275 0.79486
109011127 -0.90349 -0.63275 0.79173
109011128 -0.90599 -0.63275 0.78860
109011129 -0.90848 -0.63275 0.78547
109011130 -0.91097 -0.63275 0.78234
109011131 -0.91346 -0.63275 0.77922
109011132 -0.91596 -0.63275 0.77609
109011133 -0.91845 -0.63275 0.77296
109011134 -0.92094 -0.63275 0.76983
109011135 -0.92344 -0.63275 0.76670
109011136 -0.92593 -0.63275 0.76358
109011137 -0.92842 -0.63275 0.76045
109011138 -0.93092 -0.63275 0.75732
109011139 -0.93341 -0.63275 0.75419
109011140 -0.93590 -0.63275 0.75106
109011141 -0.93840 -0.63275 0.74794
109011142 -0.94089 -0.63275 0.74481
109011143 -0.94338 -0.63275 0.74168
109011144 -0.94587 -0.63275 0.73855
109011145 -0.94837 -0.63275 0.73542
109011146 -0.95086 -0.63275 0.73230
109011147 -0.95335 -0.63275 0.72917
109011148 -0.95585 -0.63275 0.72604
109011149 -0.95834 -0.63275 0.72291
109011150 -0.96083 -0.63275 0.71978
109011151 -0.96333 -0.63275 0.71666
109011152 -0.96582 -0.63275 0.71353
109011153 -0.96831 -0.63275 0.71040
109011154 -0.97081 -0.63275 0.70727
109011155 -0.97330 -0.63275 0.70414
109011156 -0.97579 -0.63275 0.70102
109011157 -0.97828 -0.63275 0.69789
109011158 -0.98078 -0.63275 0.69476
109011159 -0.98327 -0.63275 0.69163
109011160 -0.98576 -0.63275 0.68850
109011161 -0.98826 -0.63275 0.68538
109011162 -0.99075 -0.63275 0.68225
109011163 -0.99324 -0.63275 0.67912
109011164 -0.99574 -0.63275 0.67599
109011165 -0.99823 -0.63275 0.67286
109011166 -1.00072 -0.63275 0.66974
109011167 -1.00322 -0.63275 0.66661
109011168 -1.00571 -0.63275 0.66348
109011169 -1.00820 -0.63275 0.66035
109011170 -1.01069 -0.63275 0.65722
109011171 -1.01319 -0.63275 0.65410
109011172 -1.01568 -0.63275 0.65097
109011173 -1.01817 -0.63275 0.64784
109011174 -1.02067 -0.63275 0.64471
109011175 -1.02316 -0.63275 0.64158
109011176 -1.02565 -0.63275 0.63845
109011177 -1.02815 -0.63275 0.63533
109011178 -1.03064 -0.63275 0.63220
109011179 -1.03313 -0.63275 0.62907
109011180 -1.03563 -0.63275 0.62594
109011181 -1.03812 -0.63275 0.62281
109011182 -1.04061 -0.63275 0.61969
109011183 -1.04310 -0.63275 0.61656
109011184 -1.04560 -0.63275 0.61343
109011185 -1.04809 -0.63275 0.61030
109011186 -1.05058 -0.63275 0.60717
109011187 -1.05308 -0.63275 0.60405
109011188 -1.05557 -0.63275 0.60092
109011189 -1.05806 -0.63275 0.59779
109011190 -1.06056 -0.63275 0.59466
109011191 -1.06305 -0.63275 0.59153
109011192 -1.06554 -0.63275 0.58841
109011193 -1.06803 -0.63275 0.58528
109011194 -1.07053 -0.63275 0.58215
109011195 -1.07302 -0.63275 0.57902
109011196 -1.07551 -0.63275 0.57589
109011197 -1.07801 -0.63275 0.57277
109011198 -1.08050 -0.63275 0.56964
109011199 -1.08299 -0.63275 0.56651
109011200 -1.08549 -0.63275 0.56338
