# pixelID  x  y  z
105070001 -0.56031 -0.29800 -2.00000
105070002 -0.56031 -0.29400 -2.00000
105070003 -0.56031 -0.29000 -2.00000
105070004 -0.56031 -0.28600 -2.00000
105070005 -0.56031 -0.28200 -2.00000
105070006 -0.56031 -0.27800 -2.00000
105070007 -0.56031 -0.27400 -2.00000
105070008 -0.56031 -0.27000 -2.00000
105070009 -0.56031 -0.26600 -2.00000
105070010 -0.56031 -0.26200 -2.00000
105070011 -0.56031 -0.25800 -2.00000
105070012 -0.56031 -0.25400 -2.00000
105070013 -0.56031 -0.25000 -2.00000
105070014 -0.56031 -0.24600 -2.00000
105070015 -0.56031 -0.24200 -2.00000
105070016 -0.56031 -0.23800 -2.00000
105070017 -0.56031 -0.23400 -2.00000
105070018 -0.56031 -0.23000 -2.00000
105070019 -0.56031 -0.22600 -2.00000
105070020 -0.56031 -0.22200 -2.00000
105070021 -0.56031 -0.21800 -2.00000
105070022 -0.56031 -0.21400 -2.00000
105070023 -0.56031 -0.21000 -2.00000
105070024 -0.56031 -0.20600 -2.00000
105070025 -0.56031 -0.20200 -2.00000
105070026 -0.56031 -0.19800 -2.00000
105070027 -0.56031 -0.19400 -2.00000
105070028 -0.56031 -0.19000 -2.00000
105070029 -0.56031 -0.18600 -2.00000
105070030 -0.56031 -0.18200 -2.00000
105070031 -0.56031 -0.17800 -2.00000
105070032 -0.56031 -0.17400 -2.00000
105070033 -0.56031 -0.17000 -2.00000
105070034 -0.56031 -0.16600 -2.00000
105070035 -0.56031 -0.16200 -2.00000
105070036 -0.56031 -0.15800 -2.00000
105070037 -0.56031 -0.15400 -2.00000
105070038 -0.56031 -0.15000 -2.00000
105070039 -0.56031 -0.14600 -2.00000
105070040 -0.56031 -0.14200 -2.00000
105070041 -0.56031 -0.13800 -2.00000
105070042 -0.56031 -0.13400 -2.00000
105070043 -0.56031 -0.13000 -2.00000
105070044 -0.56031 -0.12600 -2.00000
105070045 -0.56031 -0.12200 -2.00000
105070046 -0.56031 -0.11800 -2.00000
105070047 -0.56031 -0.11400 -2.00000
105070048 -0.56031 -0.11000 -2.00000
105070049 -0.56031 -0.10600 -2.00000
105070050 -0.56031 -0.10200 -2.00000
105070051 -0.56031 -0.09800 -2.00000
105070052 -0.56031 -0.09400 -2.00000
105070053 -0.56031 -0.09000 -2.00000
105070054 -0.56031 -0.08600 -2.00000
105070055 -0.56031 -0.08200 -2.00000
105070056 -0.56031 -0.07800 -2.00000
105070057 -0.56031 -0.07400 -2.00000
105070058 -0.56031 -0.07000 -2.00000
105070059 -0.56031 -0.06600 -2.00000
105070060 -0.56031 -0.06200 -2.00000
105070061 -0.56031 -0.05800 -2.00000
105070062 -0.56031 -0.05400 -2.00000
105070063 -0.56031 -0.05000 -2.00000
105070064 -0.56031 -0.04600 -2.00000
105070065 -0.56031 -0.04200 -2.00000
105070066 -0.56031 -0.03800 -2.00000
105070067 -0.56031 -0.03400 -2.00000
105070068 -0.56031 -0.03000 -2.00000
105070069 -0.56031 -0.02600 -2.00000
105070070 -0.56031 -0.02200 -2.00000
105070071 -0.56031 -0.01800 -2.00000
105070072 -0.56031 -0.01400 -2.00000
105070073 -0.56031 -0.01000 -2.00000
105070074 -0.56031 -0.00600 -2.00000
105070075 -0.56031 -0.00200 -2.00000
105070076 -0.56031 0.00200 -2.00000
105070077 -0.56031 0.00600 -2.00000
105070078 -0.56031 0.01000 -2.00000
105070079 -0.56031 0.01400 -2.00000
105070080 -0.56031 0.01800 -2.00000
105070081 -0.56031 0.02200 -2.00000
105070082 -0.56031 0.02600 -2.00000
105070083 -0.56031 0.03000 -2.00000
105070084 -0.56031 0.03400 -2.00000
105070085 -0.56031 0.03800 -2.00000
105070086 -0.56031 0.04200 -2.00000
105070087 -0.56031 0.04600 -2.00000
105070088 -0.56031 0.05000 -2.00000
105070089 -0.56031 0.05400 -2.00000
105070090 -0.56031 0.05800 -2.00000
105070091 -0.56031 0.06200 -2.00000
105070092 -0.56031 0.06600 -2.00000
105070093 -0.56031 0.07000 -2.00000
105070094 -0.56031 0.07400 -2.00000
105070095 -0.56031 0.07800 -2.00000
105070096 -0.56031 0.08200 -2.00000
105070097 -0.56031 0.08600 -2.00000
105070098 -0.56031 0.09000 -2.00000
105070099 -0.56031 0.09400 -2.00000
105070100 -0.56031 0.09800 -2.00000
105070101 -0.56031 0.10200 -2.00000
105070102 -0.56031 0.10600 -2.00000
105070103 -0.56031 0.11000 -2.00000
105070104 -0.56031 0.11400 -2.00000
105070105 -0.56031 0.11800 -2.00000
105070106 -0.56031 0.12200 -2.00000
105070107 -0.56031 0.12600 -2.00000
105070108 -0.56031 0.13000 -2.00000
105070109 -0.56031 0.13400 -2.00000
105070110 -0.56031 0.13800 -2.00000
105070111 -0.56031 0.14200 -2.00000
105070112 -0.56031 0.14600 -2.00000
105070113 -0.56031 0.15000 -2.00000
105070114 -0.56031 0.15400 -2.00000
105070115 -0.56031 0.15800 -2.00000
105070116 -0.56031 0.16200 -2.00000
105070117 -0.56031 0.16600 -2.00000
105070118 -0.56031 0.17000 -2.00000
105070119 -0.56031 0.17400 -2.00000
105070120 -0.56031 0.17800 -2.00000
105070121 -0.56031 0.18200 -2.00000
105070122 -0.56031 0.18600 -2.00000
105070123 -0.56031 0.19000 -2.00000
105070124 -0.56031 0.19400 -2.00000
105070125 -0.56031 0.19800 -2.00000
105070126 -0.56031 0.20200 -2.00000
105070127 -0.56031 0.20600 -2.00000
105070128 -0.56031 0.21000 -2.00000
105070129 -0.56031 0.21400 -2.00000
105070130 -0.56031 0.21800 -2.00000
105070131 -0.56031 0.22200 -2.00000
105070132 -0.56031 0.22600 -2.00000
105070133 -0.56031 0.23000 -2.00000
105070134 -0.56031 0.23400 -2.00000
105070135 -0.56031 0.23800 -2.00000
105070136 -0.56031 0.24200 -2.00000
105070137 -0.56031 0.24600 -2.00000
105070138 -0.56031 0.25000 -2.00000
105070139 -0.56031 0.25400 -2.00000
105070140 -0.56031 0.25800 -2.00000
105070141 -0.56031 0.26200 -2.00000
105070142 -0.56031 0.26600 -2.00000
105070143 -0.56031 0.27000 -2.00000
105070144 -0.56031 0.27400 -2.00000
105070145 -0.56031 0.27800 -2.00000
105070146 -0.56031 0.28200 -2.00000
105070147 -0.56031 0.28600 -2.00000
105070148 -0.56031 0.29000 -2.00000
105070149 -0.56031 0.29400 -2.00000
105070150 -0.56031 0.29800 -2.00000
105070151 -0.55181 -0.29800 -2.00000
105070152 -0.55181 -0.29400 -2.00000
105070153 -0.55181 -0.29000 -2.00000
105070154 -0.55181 -0.28600 -2.00000
105070155 -0.55181 -0.28200 -2.00000
105070156 -0.55181 -0.27800 -2.00000
105070157 -0.55181 -0.27400 -2.00000
105070158 -0.55181 -0.27000 -2.00000
105070159 -0.55181 -0.26600 -2.00000
105070160 -0.55181 -0.26200 -2.00000
105070161 -0.55181 -0.25800 -2.00000
105070162 -0.55181 -0.25400 -2.00000
105070163 -0.55181 -0.25000 -2.00000
105070164 -0.55181 -0.24600 -2.00000
105070165 -0.55181 -0.24200 -2.00000
105070166 -0.55181 -0.23800 -2.00000
105070167 -0.55181 -0.23400 -2.00000
105070168 -0.55181 -0.23000 -2.00000
105070169 -0.55181 -0.22600 -2.00000
105070170 -0.55181 -0.22200 -2.00000
105070171 -0.55181 -0.21800 -2.00000
105070172 -0.55181 -0.21400 -2.00000
105070173 -0.55181 -0.21000 -2.00000
105070174 -0.55181 -0.20600 -2.00000
105070175 -0.55181 -0.20200 -2.00000
105070176 -0.55181 -0.19800 -2.00000
105070177 -0.55181 -0.19400 -2.00000
105070178 -0.55181 -0.19000 -2.00000
105070179 -0.55181 -0.18600 -2.00000
105070180 -0.55181 -0.18200 -2.00000
105070181 -0.55181 -0.17800 -2.00000
105070182 -0.55181 -0.17400 -2.00000
105070183 -0.55181 -0.17000 -2.00000
105070184 -0.55181 -0.16600 -2.00000
105070185 -0.55181 -0.16200 -2.00000
105070186 -0.55181 -0.15800 -2.00000
105070187 -0.55181 -0.15400 -2.00000
105070188 -0.55181 -0.15000 -2.00000
105070189 -0.55181 -0.14600 -2.00000
105070190 -0.55181 -0.14200 -2.00000
105070191 -0.55181 -0.13800 -2.00000
105070192 -0.55181 -0.13400 -2.00000
105070193 -0.55181 -0.13000 -2.00000
105070194 -0.55181 -0.12600 -2.00000
105070195 -0.55181 -0.12200 -2.00000
105070196 -0.55181 -0.11800 -2.00000
105070197 -0.55181 -0.11400 -2.00000
105070198 -0.55181 -0.11000 -2.00000
105070199 -0.55181 -0.10600 -2.00000
105070200 -0.55181 -0.10200 -2.00000
105070201 -0.55181 -0.09800 -2.00000
105070202 -0.55181 -0.09400 -2.00000
105070203 -0.55181 -0.09000 -2.00000
105070204 -0.55181 -0.08600 -2.00000
105070205 -0.55181 -0.08200 -2.00000
105070206 -0.55181 -0.07800 -2.00000
105070207 -0.55181 -0.07400 -2.00000
105070208 -0.55181 -0.07000 -2.00000
105070209 -0.55181 -0.06600 -2.00000
105070210 -0.55181 -0.06200 -2.00000
105070211 -0.55181 -0.05800 -2.00000
105070212 -0.55181 -0.05400 -2.00000
105070213 -0.55181 -0.05000 -2.00000
105070214 -0.55181 -0.04600 -2.00000
105070215 -0.55181 -0.04200 -2.00000
105070216 -0.55181 -0.03800 -2.00000
105070217 -0.55181 -0.03400 -2.00000
105070218 -0.55181 -0.03000 -2.00000
105070219 -0.55181 -0.02600 -2.00000
105070220 -0.55181 -0.02200 -2.00000
105070221 -0.55181 -0.01800 -2.00000
105070222 -0.55181 -0.01400 -2.00000
105070223 -0.55181 -0.01000 -2.00000
105070224 -0.55181 -0.00600 -2.00000
105070225 -0.55181 -0.00200 -2.00000
105070226 -0.55181 0.00200 -2.00000
105070227 -0.55181 0.00600 -2.00000
105070228 -0.55181 0.01000 -2.00000
105070229 -0.55181 0.01400 -2.00000
105070230 -0.55181 0.01800 -2.00000
105070231 -0.55181 0.02200 -2.00000
105070232 -0.55181 0.02600 -2.00000
105070233 -0.55181 0.03000 -2.00000
105070234 -0.55181 0.03400 -2.00000
105070235 -0.55181 0.03800 -2.00000
105070236 -0.55181 0.04200 -2.00000
105070237 -0.55181 0.04600 -2.00000
105070238 -0.55181 0.05000 -2.00000
105070239 -0.55181 0.05400 -2.00000
105070240 -0.55181 0.05800 -2.00000
105070241 -0.55181 0.06200 -2.00000
105070242 -0.55181 0.06600 -2.00000
105070243 -0.55181 0.07000 -2.00000
105070244 -0.55181 0.07400 -2.00000
105070245 -0.55181 0.07800 -2.00000
105070246 -0.55181 0.08200 -2.00000
105070247 -0.55181 0.08600 -2.00000
105070248 -0.55181 0.09000 -2.00000
105070249 -0.55181 0.09400 -2.00000
105070250 -0.55181 0.09800 -2.00000
105070251 -0.55181 0.10200 -2.00000
105070252 -0.55181 0.10600 -2.00000
105070253 -0.55181 0.11000 -2.00000
105070254 -0.55181 0.11400 -2.00000
105070255 -0.55181 0.11800 -2.00000
105070256 -0.55181 0.12200 -2.00000
105070257 -0.55181 0.12600 -2.00000
105070258 -0.55181 0.13000 -2.00000
105070259 -0.55181 0.13400 -2.00000
105070260 -0.55181 0.13800 -2.00000
105070261 -0.55181 0.14200 -2.00000
105070262 -0.55181 0.14600 -2.00000
105070263 -0.55181 0.15000 -2.00000
105070264 -0.55181 0.15400 -2.00000
105070265 -0.55181 0.15800 -2.00000
105070266 -0.55181 0.16200 -2.00000
105070267 -0.55181 0.16600 -2.00000
105070268 -0.55181 0.17000 -2.00000
105070269 -0.55181 0.17400 -2.00000
105070270 -0.55181 0.17800 -2.00000
105070271 -0.55181 0.18200 -2.00000
105070272 -0.55181 0.18600 -2.00000
105070273 -0.55181 0.19000 -2.00000
105070274 -0.55181 0.19400 -2.00000
105070275 -0.55181 0.19800 -2.00000
105070276 -0.55181 0.20200 -2.00000
105070277 -0.55181 0.20600 -2.00000
105070278 -0.55181 0.21000 -2.00000
105070279 -0.55181 0.21400 -2.00000
105070280 -0.55181 0.21800 -2.00000
105070281 -0.55181 0.22200 -2.00000
105070282 -0.55181 0.22600 -2.00000
105070283 -0.55181 0.23000 -2.00000
105070284 -0.55181 0.23400 -2.00000
105070285 -0.55181 0.23800 -2.00000
105070286 -0.55181 0.24200 -2.00000
105070287 -0.55181 0.24600 -2.00000
105070288 -0.55181 0.25000 -2.00000
105070289 -0.55181 0.25400 -2.00000
105070290 -0.55181 0.25800 -2.00000
105070291 -0.55181 0.26200 -2.00000
105070292 -0.55181 0.26600 -2.00000
105070293 -0.55181 0.27000 -2.00000
105070294 -0.55181 0.27400 -2.00000
105070295 -0.55181 0.27800 -2.00000
105070296 -0.55181 0.28200 -2.00000
105070297 -0.55181 0.28600 -2.00000
105070298 -0.55181 0.29000 -2.00000
105070299 -0.55181 0.29400 -2.00000
105070300 -0.55181 0.29800 -2.00000
105070301 -0.54331 -0.29800 -2.00000
105070302 -0.54331 -0.29400 -2.00000
105070303 -0.54331 -0.29000 -2.00000
105070304 -0.54331 -0.28600 -2.00000
105070305 -0.54331 -0.28200 -2.00000
105070306 -0.54331 -0.27800 -2.00000
105070307 -0.54331 -0.27400 -2.00000
105070308 -0.54331 -0.27000 -2.00000
105070309 -0.54331 -0.26600 -2.00000
105070310 -0.54331 -0.26200 -2.00000
105070311 -0.54331 -0.25800 -2.00000
105070312 -0.54331 -0.25400 -2.00000
105070313 -0.54331 -0.25000 -2.00000
105070314 -0.54331 -0.24600 -2.00000
105070315 -0.54331 -0.24200 -2.00000
105070316 -0.54331 -0.23800 -2.00000
105070317 -0.54331 -0.23400 -2.00000
105070318 -0.54331 -0.23000 -2.00000
105070319 -0.54331 -0.22600 -2.00000
105070320 -0.54331 -0.22200 -2.00000
105070321 -0.54331 -0.21800 -2.00000
105070322 -0.54331 -0.21400 -2.00000
105070323 -0.54331 -0.21000 -2.00000
105070324 -0.54331 -0.20600 -2.00000
105070325 -0.54331 -0.20200 -2.00000
105070326 -0.54331 -0.19800 -2.00000
105070327 -0.54331 -0.19400 -2.00000
105070328 -0.54331 -0.19000 -2.00000
105070329 -0.54331 -0.18600 -2.00000
105070330 -0.54331 -0.18200 -2.00000
105070331 -0.54331 -0.17800 -2.00000
105070332 -0.54331 -0.17400 -2.00000
105070333 -0.54331 -0.17000 -2.00000
105070334 -0.54331 -0.16600 -2.00000
105070335 -0.54331 -0.16200 -2.00000
105070336 -0.54331 -0.15800 -2.00000
105070337 -0.54331 -0.15400 -2.00000
105070338 -0.54331 -0.15000 -2.00000
105070339 -0.54331 -0.14600 -2.00000
105070340 -0.54331 -0.14200 -2.00000
105070341 -0.54331 -0.13800 -2.00000
105070342 -0.54331 -0.13400 -2.00000
105070343 -0.54331 -0.13000 -2.00000
105070344 -0.54331 -0.12600 -2.00000
105070345 -0.54331 -0.12200 -2.00000
105070346 -0.54331 -0.11800 -2.00000
105070347 -0.54331 -0.11400 -2.00000
105070348 -0.54331 -0.11000 -2.00000
105070349 -0.54331 -0.10600 -2.00000
105070350 -0.54331 -0.10200 -2.00000
105070351 -0.54331 -0.09800 -2.00000
105070352 -0.54331 -0.09400 -2.00000
105070353 -0.54331 -0.09000 -2.00000
105070354 -0.54331 -0.08600 -2.00000
105070355 -0.54331 -0.08200 -2.00000
105070356 -0.54331 -0.07800 -2.00000
105070357 -0.54331 -0.07400 -2.00000
105070358 -0.54331 -0.07000 -2.00000
105070359 -0.54331 -0.06600 -2.00000
105070360 -0.54331 -0.06200 -2.00000
105070361 -0.54331 -0.05800 -2.00000
105070362 -0.54331 -0.05400 -2.00000
105070363 -0.54331 -0.05000 -2.00000
105070364 -0.54331 -0.04600 -2.00000
105070365 -0.54331 -0.04200 -2.00000
105070366 -0.54331 -0.03800 -2.00000
105070367 -0.54331 -0.03400 -2.00000
105070368 -0.54331 -0.03000 -2.00000
105070369 -0.54331 -0.02600 -2.00000
105070370 -0.54331 -0.02200 -2.00000
105070371 -0.54331 -0.01800 -2.00000
105070372 -0.54331 -0.01400 -2.00000
105070373 -0.54331 -0.01000 -2.00000
105070374 -0.54331 -0.00600 -2.00000
105070375 -0.54331 -0.00200 -2.00000
105070376 -0.54331 0.00200 -2.00000
105070377 -0.54331 0.00600 -2.00000
105070378 -0.54331 0.01000 -2.00000
105070379 -0.54331 0.01400 -2.00000
105070380 -0.54331 0.01800 -2.00000
105070381 -0.54331 0.02200 -2.00000
105070382 -0.54331 0.02600 -2.00000
105070383 -0.54331 0.03000 -2.00000
105070384 -0.54331 0.03400 -2.00000
105070385 -0.54331 0.03800 -2.00000
105070386 -0.54331 0.04200 -2.00000
105070387 -0.54331 0.04600 -2.00000
105070388 -0.54331 0.05000 -2.00000
105070389 -0.54331 0.05400 -2.00000
105070390 -0.54331 0.05800 -2.00000
105070391 -0.54331 0.06200 -2.00000
105070392 -0.54331 0.06600 -2.00000
105070393 -0.54331 0.07000 -2.00000
105070394 -0.54331 0.07400 -2.00000
105070395 -0.54331 0.07800 -2.00000
105070396 -0.54331 0.08200 -2.00000
105070397 -0.54331 0.08600 -2.00000
105070398 -0.54331 0.09000 -2.00000
105070399 -0.54331 0.09400 -2.00000
105070400 -0.54331 0.09800 -2.00000
105070401 -0.54331 0.10200 -2.00000
105070402 -0.54331 0.10600 -2.00000
105070403 -0.54331 0.11000 -2.00000
105070404 -0.54331 0.11400 -2.00000
105070405 -0.54331 0.11800 -2.00000
105070406 -0.54331 0.12200 -2.00000
105070407 -0.54331 0.12600 -2.00000
105070408 -0.54331 0.13000 -2.00000
105070409 -0.54331 0.13400 -2.00000
105070410 -0.54331 0.13800 -2.00000
105070411 -0.54331 0.14200 -2.00000
105070412 -0.54331 0.14600 -2.00000
105070413 -0.54331 0.15000 -2.00000
105070414 -0.54331 0.15400 -2.00000
105070415 -0.54331 0.15800 -2.00000
105070416 -0.54331 0.16200 -2.00000
105070417 -0.54331 0.16600 -2.00000
105070418 -0.54331 0.17000 -2.00000
105070419 -0.54331 0.17400 -2.00000
105070420 -0.54331 0.17800 -2.00000
105070421 -0.54331 0.18200 -2.00000
105070422 -0.54331 0.18600 -2.00000
105070423 -0.54331 0.19000 -2.00000
105070424 -0.54331 0.19400 -2.00000
105070425 -0.54331 0.19800 -2.00000
105070426 -0.54331 0.20200 -2.00000
105070427 -0.54331 0.20600 -2.00000
105070428 -0.54331 0.21000 -2.00000
105070429 -0.54331 0.21400 -2.00000
105070430 -0.54331 0.21800 -2.00000
105070431 -0.54331 0.22200 -2.00000
105070432 -0.54331 0.22600 -2.00000
105070433 -0.54331 0.23000 -2.00000
105070434 -0.54331 0.23400 -2.00000
105070435 -0.54331 0.23800 -2.00000
105070436 -0.54331 0.24200 -2.00000
105070437 -0.54331 0.24600 -2.00000
105070438 -0.54331 0.25000 -2.00000
105070439 -0.54331 0.25400 -2.00000
105070440 -0.54331 0.25800 -2.00000
105070441 -0.54331 0.26200 -2.00000
105070442 -0.54331 0.26600 -2.00000
105070443 -0.54331 0.27000 -2.00000
105070444 -0.54331 0.27400 -2.00000
105070445 -0.54331 0.27800 -2.00000
105070446 -0.54331 0.28200 -2.00000
105070447 -0.54331 0.28600 -2.00000
105070448 -0.54331 0.29000 -2.00000
105070449 -0.54331 0.29400 -2.00000
105070450 -0.54331 0.29800 -2.00000
105070451 -0.53481 -0.29800 -2.00000
105070452 -0.53481 -0.29400 -2.00000
105070453 -0.53481 -0.29000 -2.00000
105070454 -0.53481 -0.28600 -2.00000
105070455 -0.53481 -0.28200 -2.00000
105070456 -0.53481 -0.27800 -2.00000
105070457 -0.53481 -0.27400 -2.00000
105070458 -0.53481 -0.27000 -2.00000
105070459 -0.53481 -0.26600 -2.00000
105070460 -0.53481 -0.26200 -2.00000
105070461 -0.53481 -0.25800 -2.00000
105070462 -0.53481 -0.25400 -2.00000
105070463 -0.53481 -0.25000 -2.00000
105070464 -0.53481 -0.24600 -2.00000
105070465 -0.53481 -0.24200 -2.00000
105070466 -0.53481 -0.23800 -2.00000
105070467 -0.53481 -0.23400 -2.00000
105070468 -0.53481 -0.23000 -2.00000
105070469 -0.53481 -0.22600 -2.00000
105070470 -0.53481 -0.22200 -2.00000
105070471 -0.53481 -0.21800 -2.00000
105070472 -0.53481 -0.21400 -2.00000
105070473 -0.53481 -0.21000 -2.00000
105070474 -0.53481 -0.20600 -2.00000
105070475 -0.53481 -0.20200 -2.00000
105070476 -0.53481 -0.19800 -2.00000
105070477 -0.53481 -0.19400 -2.00000
105070478 -0.53481 -0.19000 -2.00000
105070479 -0.53481 -0.18600 -2.00000
105070480 -0.53481 -0.18200 -2.00000
105070481 -0.53481 -0.17800 -2.00000
105070482 -0.53481 -0.17400 -2.00000
105070483 -0.53481 -0.17000 -2.00000
105070484 -0.53481 -0.16600 -2.00000
105070485 -0.53481 -0.16200 -2.00000
105070486 -0.53481 -0.15800 -2.00000
105070487 -0.53481 -0.15400 -2.00000
105070488 -0.53481 -0.15000 -2.00000
105070489 -0.53481 -0.14600 -2.00000
105070490 -0.53481 -0.14200 -2.00000
105070491 -0.53481 -0.13800 -2.00000
105070492 -0.53481 -0.13400 -2.00000
105070493 -0.53481 -0.13000 -2.00000
105070494 -0.53481 -0.12600 -2.00000
105070495 -0.53481 -0.12200 -2.00000
105070496 -0.53481 -0.11800 -2.00000
105070497 -0.53481 -0.11400 -2.00000
105070498 -0.53481 -0.11000 -2.00000
105070499 -0.53481 -0.10600 -2.00000
105070500 -0.53481 -0.10200 -2.00000
105070501 -0.53481 -0.09800 -2.00000
105070502 -0.53481 -0.09400 -2.00000
105070503 -0.53481 -0.09000 -2.00000
105070504 -0.53481 -0.08600 -2.00000
105070505 -0.53481 -0.08200 -2.00000
105070506 -0.53481 -0.07800 -2.00000
105070507 -0.53481 -0.07400 -2.00000
105070508 -0.53481 -0.07000 -2.00000
105070509 -0.53481 -0.06600 -2.00000
105070510 -0.53481 -0.06200 -2.00000
105070511 -0.53481 -0.05800 -2.00000
105070512 -0.53481 -0.05400 -2.00000
105070513 -0.53481 -0.05000 -2.00000
105070514 -0.53481 -0.04600 -2.00000
105070515 -0.53481 -0.04200 -2.00000
105070516 -0.53481 -0.03800 -2.00000
105070517 -0.53481 -0.03400 -2.00000
105070518 -0.53481 -0.03000 -2.00000
105070519 -0.53481 -0.02600 -2.00000
105070520 -0.53481 -0.02200 -2.00000
105070521 -0.53481 -0.01800 -2.00000
105070522 -0.53481 -0.01400 -2.00000
105070523 -0.53481 -0.01000 -2.00000
105070524 -0.53481 -0.00600 -2.00000
105070525 -0.53481 -0.00200 -2.00000
105070526 -0.53481 0.00200 -2.00000
105070527 -0.53481 0.00600 -2.00000
105070528 -0.53481 0.01000 -2.00000
105070529 -0.53481 0.01400 -2.00000
105070530 -0.53481 0.01800 -2.00000
105070531 -0.53481 0.02200 -2.00000
105070532 -0.53481 0.02600 -2.00000
105070533 -0.53481 0.03000 -2.00000
105070534 -0.53481 0.03400 -2.00000
105070535 -0.53481 0.03800 -2.00000
105070536 -0.53481 0.04200 -2.00000
105070537 -0.53481 0.04600 -2.00000
105070538 -0.53481 0.05000 -2.00000
105070539 -0.53481 0.05400 -2.00000
105070540 -0.53481 0.05800 -2.00000
105070541 -0.53481 0.06200 -2.00000
105070542 -0.53481 0.06600 -2.00000
105070543 -0.53481 0.07000 -2.00000
105070544 -0.53481 0.07400 -2.00000
105070545 -0.53481 0.07800 -2.00000
105070546 -0.53481 0.08200 -2.00000
105070547 -0.53481 0.08600 -2.00000
105070548 -0.53481 0.09000 -2.00000
105070549 -0.53481 0.09400 -2.00000
105070550 -0.53481 0.09800 -2.00000
105070551 -0.53481 0.10200 -2.00000
105070552 -0.53481 0.10600 -2.00000
105070553 -0.53481 0.11000 -2.00000
105070554 -0.53481 0.11400 -2.00000
105070555 -0.53481 0.11800 -2.00000
105070556 -0.53481 0.12200 -2.00000
105070557 -0.53481 0.12600 -2.00000
105070558 -0.53481 0.13000 -2.00000
105070559 -0.53481 0.13400 -2.00000
105070560 -0.53481 0.13800 -2.00000
105070561 -0.53481 0.14200 -2.00000
105070562 -0.53481 0.14600 -2.00000
105070563 -0.53481 0.15000 -2.00000
105070564 -0.53481 0.15400 -2.00000
105070565 -0.53481 0.15800 -2.00000
105070566 -0.53481 0.16200 -2.00000
105070567 -0.53481 0.16600 -2.00000
105070568 -0.53481 0.17000 -2.00000
105070569 -0.53481 0.17400 -2.00000
105070570 -0.53481 0.17800 -2.00000
105070571 -0.53481 0.18200 -2.00000
105070572 -0.53481 0.18600 -2.00000
105070573 -0.53481 0.19000 -2.00000
105070574 -0.53481 0.19400 -2.00000
105070575 -0.53481 0.19800 -2.00000
105070576 -0.53481 0.20200 -2.00000
105070577 -0.53481 0.20600 -2.00000
105070578 -0.53481 0.21000 -2.00000
105070579 -0.53481 0.21400 -2.00000
105070580 -0.53481 0.21800 -2.00000
105070581 -0.53481 0.22200 -2.00000
105070582 -0.53481 0.22600 -2.00000
105070583 -0.53481 0.23000 -2.00000
105070584 -0.53481 0.23400 -2.00000
105070585 -0.53481 0.23800 -2.00000
105070586 -0.53481 0.24200 -2.00000
105070587 -0.53481 0.24600 -2.00000
105070588 -0.53481 0.25000 -2.00000
105070589 -0.53481 0.25400 -2.00000
105070590 -0.53481 0.25800 -2.00000
105070591 -0.53481 0.26200 -2.00000
105070592 -0.53481 0.26600 -2.00000
105070593 -0.53481 0.27000 -2.00000
105070594 -0.53481 0.27400 -2.00000
105070595 -0.53481 0.27800 -2.00000
105070596 -0.53481 0.28200 -2.00000
105070597 -0.53481 0.28600 -2.00000
105070598 -0.53481 0.29000 -2.00000
105070599 -0.53481 0.29400 -2.00000
105070600 -0.53481 0.29800 -2.00000
105070601 -0.52631 -0.29800 -2.00000
105070602 -0.52631 -0.29400 -2.00000
105070603 -0.52631 -0.29000 -2.00000
105070604 -0.52631 -0.28600 -2.00000
105070605 -0.52631 -0.28200 -2.00000
105070606 -0.52631 -0.27800 -2.00000
105070607 -0.52631 -0.27400 -2.00000
105070608 -0.52631 -0.27000 -2.00000
105070609 -0.52631 -0.26600 -2.00000
105070610 -0.52631 -0.26200 -2.00000
105070611 -0.52631 -0.25800 -2.00000
105070612 -0.52631 -0.25400 -2.00000
105070613 -0.52631 -0.25000 -2.00000
105070614 -0.52631 -0.24600 -2.00000
105070615 -0.52631 -0.24200 -2.00000
105070616 -0.52631 -0.23800 -2.00000
105070617 -0.52631 -0.23400 -2.00000
105070618 -0.52631 -0.23000 -2.00000
105070619 -0.52631 -0.22600 -2.00000
105070620 -0.52631 -0.22200 -2.00000
105070621 -0.52631 -0.21800 -2.00000
105070622 -0.52631 -0.21400 -2.00000
105070623 -0.52631 -0.21000 -2.00000
105070624 -0.52631 -0.20600 -2.00000
105070625 -0.52631 -0.20200 -2.00000
105070626 -0.52631 -0.19800 -2.00000
105070627 -0.52631 -0.19400 -2.00000
105070628 -0.52631 -0.19000 -2.00000
105070629 -0.52631 -0.18600 -2.00000
105070630 -0.52631 -0.18200 -2.00000
105070631 -0.52631 -0.17800 -2.00000
105070632 -0.52631 -0.17400 -2.00000
105070633 -0.52631 -0.17000 -2.00000
105070634 -0.52631 -0.16600 -2.00000
105070635 -0.52631 -0.16200 -2.00000
105070636 -0.52631 -0.15800 -2.00000
105070637 -0.52631 -0.15400 -2.00000
105070638 -0.52631 -0.15000 -2.00000
105070639 -0.52631 -0.14600 -2.00000
105070640 -0.52631 -0.14200 -2.00000
105070641 -0.52631 -0.13800 -2.00000
105070642 -0.52631 -0.13400 -2.00000
105070643 -0.52631 -0.13000 -2.00000
105070644 -0.52631 -0.12600 -2.00000
105070645 -0.52631 -0.12200 -2.00000
105070646 -0.52631 -0.11800 -2.00000
105070647 -0.52631 -0.11400 -2.00000
105070648 -0.52631 -0.11000 -2.00000
105070649 -0.52631 -0.10600 -2.00000
105070650 -0.52631 -0.10200 -2.00000
105070651 -0.52631 -0.09800 -2.00000
105070652 -0.52631 -0.09400 -2.00000
105070653 -0.52631 -0.09000 -2.00000
105070654 -0.52631 -0.08600 -2.00000
105070655 -0.52631 -0.08200 -2.00000
105070656 -0.52631 -0.07800 -2.00000
105070657 -0.52631 -0.07400 -2.00000
105070658 -0.52631 -0.07000 -2.00000
105070659 -0.52631 -0.06600 -2.00000
105070660 -0.52631 -0.06200 -2.00000
105070661 -0.52631 -0.05800 -2.00000
105070662 -0.52631 -0.05400 -2.00000
105070663 -0.52631 -0.05000 -2.00000
105070664 -0.52631 -0.04600 -2.00000
105070665 -0.52631 -0.04200 -2.00000
105070666 -0.52631 -0.03800 -2.00000
105070667 -0.52631 -0.03400 -2.00000
105070668 -0.52631 -0.03000 -2.00000
105070669 -0.52631 -0.02600 -2.00000
105070670 -0.52631 -0.02200 -2.00000
105070671 -0.52631 -0.01800 -2.00000
105070672 -0.52631 -0.01400 -2.00000
105070673 -0.52631 -0.01000 -2.00000
105070674 -0.52631 -0.00600 -2.00000
105070675 -0.52631 -0.00200 -2.00000
105070676 -0.52631 0.00200 -2.00000
105070677 -0.52631 0.00600 -2.00000
105070678 -0.52631 0.01000 -2.00000
105070679 -0.52631 0.01400 -2.00000
105070680 -0.52631 0.01800 -2.00000
105070681 -0.52631 0.02200 -2.00000
105070682 -0.52631 0.02600 -2.00000
105070683 -0.52631 0.03000 -2.00000
105070684 -0.52631 0.03400 -2.00000
105070685 -0.52631 0.03800 -2.00000
105070686 -0.52631 0.04200 -2.00000
105070687 -0.52631 0.04600 -2.00000
105070688 -0.52631 0.05000 -2.00000
105070689 -0.52631 0.05400 -2.00000
105070690 -0.52631 0.05800 -2.00000
105070691 -0.52631 0.06200 -2.00000
105070692 -0.52631 0.06600 -2.00000
105070693 -0.52631 0.07000 -2.00000
105070694 -0.52631 0.07400 -2.00000
105070695 -0.52631 0.07800 -2.00000
105070696 -0.52631 0.08200 -2.00000
105070697 -0.52631 0.08600 -2.00000
105070698 -0.52631 0.09000 -2.00000
105070699 -0.52631 0.09400 -2.00000
105070700 -0.52631 0.09800 -2.00000
105070701 -0.52631 0.10200 -2.00000
105070702 -0.52631 0.10600 -2.00000
105070703 -0.52631 0.11000 -2.00000
105070704 -0.52631 0.11400 -2.00000
105070705 -0.52631 0.11800 -2.00000
105070706 -0.52631 0.12200 -2.00000
105070707 -0.52631 0.12600 -2.00000
105070708 -0.52631 0.13000 -2.00000
105070709 -0.52631 0.13400 -2.00000
105070710 -0.52631 0.13800 -2.00000
105070711 -0.52631 0.14200 -2.00000
105070712 -0.52631 0.14600 -2.00000
105070713 -0.52631 0.15000 -2.00000
105070714 -0.52631 0.15400 -2.00000
105070715 -0.52631 0.15800 -2.00000
105070716 -0.52631 0.16200 -2.00000
105070717 -0.52631 0.16600 -2.00000
105070718 -0.52631 0.17000 -2.00000
105070719 -0.52631 0.17400 -2.00000
105070720 -0.52631 0.17800 -2.00000
105070721 -0.52631 0.18200 -2.00000
105070722 -0.52631 0.18600 -2.00000
105070723 -0.52631 0.19000 -2.00000
105070724 -0.52631 0.19400 -2.00000
105070725 -0.52631 0.19800 -2.00000
105070726 -0.52631 0.20200 -2.00000
105070727 -0.52631 0.20600 -2.00000
105070728 -0.52631 0.21000 -2.00000
105070729 -0.52631 0.21400 -2.00000
105070730 -0.52631 0.21800 -2.00000
105070731 -0.52631 0.22200 -2.00000
105070732 -0.52631 0.22600 -2.00000
105070733 -0.52631 0.23000 -2.00000
105070734 -0.52631 0.23400 -2.00000
105070735 -0.52631 0.23800 -2.00000
105070736 -0.52631 0.24200 -2.00000
105070737 -0.52631 0.24600 -2.00000
105070738 -0.52631 0.25000 -2.00000
105070739 -0.52631 0.25400 -2.00000
105070740 -0.52631 0.25800 -2.00000
105070741 -0.52631 0.26200 -2.00000
105070742 -0.52631 0.26600 -2.00000
105070743 -0.52631 0.27000 -2.00000
105070744 -0.52631 0.27400 -2.00000
105070745 -0.52631 0.27800 -2.00000
105070746 -0.52631 0.28200 -2.00000
105070747 -0.52631 0.28600 -2.00000
105070748 -0.52631 0.29000 -2.00000
105070749 -0.52631 0.29400 -2.00000
105070750 -0.52631 0.29800 -2.00000
105070751 -0.51781 -0.29800 -2.00000
105070752 -0.51781 -0.29400 -2.00000
105070753 -0.51781 -0.29000 -2.00000
105070754 -0.51781 -0.28600 -2.00000
105070755 -0.51781 -0.28200 -2.00000
105070756 -0.51781 -0.27800 -2.00000
105070757 -0.51781 -0.27400 -2.00000
105070758 -0.51781 -0.27000 -2.00000
105070759 -0.51781 -0.26600 -2.00000
105070760 -0.51781 -0.26200 -2.00000
105070761 -0.51781 -0.25800 -2.00000
105070762 -0.51781 -0.25400 -2.00000
105070763 -0.51781 -0.25000 -2.00000
105070764 -0.51781 -0.24600 -2.00000
105070765 -0.51781 -0.24200 -2.00000
105070766 -0.51781 -0.23800 -2.00000
105070767 -0.51781 -0.23400 -2.00000
105070768 -0.51781 -0.23000 -2.00000
105070769 -0.51781 -0.22600 -2.00000
105070770 -0.51781 -0.22200 -2.00000
105070771 -0.51781 -0.21800 -2.00000
105070772 -0.51781 -0.21400 -2.00000
105070773 -0.51781 -0.21000 -2.00000
105070774 -0.51781 -0.20600 -2.00000
105070775 -0.51781 -0.20200 -2.00000
105070776 -0.51781 -0.19800 -2.00000
105070777 -0.51781 -0.19400 -2.00000
105070778 -0.51781 -0.19000 -2.00000
105070779 -0.51781 -0.18600 -2.00000
105070780 -0.51781 -0.18200 -2.00000
105070781 -0.51781 -0.17800 -2.00000
105070782 -0.51781 -0.17400 -2.00000
105070783 -0.51781 -0.17000 -2.00000
105070784 -0.51781 -0.16600 -2.00000
105070785 -0.51781 -0.16200 -2.00000
105070786 -0.51781 -0.15800 -2.00000
105070787 -0.51781 -0.15400 -2.00000
105070788 -0.51781 -0.15000 -2.00000
105070789 -0.51781 -0.14600 -2.00000
105070790 -0.51781 -0.14200 -2.00000
105070791 -0.51781 -0.13800 -2.00000
105070792 -0.51781 -0.13400 -2.00000
105070793 -0.51781 -0.13000 -2.00000
105070794 -0.51781 -0.12600 -2.00000
105070795 -0.51781 -0.12200 -2.00000
105070796 -0.51781 -0.11800 -2.00000
105070797 -0.51781 -0.11400 -2.00000
105070798 -0.51781 -0.11000 -2.00000
105070799 -0.51781 -0.10600 -2.00000
105070800 -0.51781 -0.10200 -2.00000
105070801 -0.51781 -0.09800 -2.00000
105070802 -0.51781 -0.09400 -2.00000
105070803 -0.51781 -0.09000 -2.00000
105070804 -0.51781 -0.08600 -2.00000
105070805 -0.51781 -0.08200 -2.00000
105070806 -0.51781 -0.07800 -2.00000
105070807 -0.51781 -0.07400 -2.00000
105070808 -0.51781 -0.07000 -2.00000
105070809 -0.51781 -0.06600 -2.00000
105070810 -0.51781 -0.06200 -2.00000
105070811 -0.51781 -0.05800 -2.00000
105070812 -0.51781 -0.05400 -2.00000
105070813 -0.51781 -0.05000 -2.00000
105070814 -0.51781 -0.04600 -2.00000
105070815 -0.51781 -0.04200 -2.00000
105070816 -0.51781 -0.03800 -2.00000
105070817 -0.51781 -0.03400 -2.00000
105070818 -0.51781 -0.03000 -2.00000
105070819 -0.51781 -0.02600 -2.00000
105070820 -0.51781 -0.02200 -2.00000
105070821 -0.51781 -0.01800 -2.00000
105070822 -0.51781 -0.01400 -2.00000
105070823 -0.51781 -0.01000 -2.00000
105070824 -0.51781 -0.00600 -2.00000
105070825 -0.51781 -0.00200 -2.00000
105070826 -0.51781 0.00200 -2.00000
105070827 -0.51781 0.00600 -2.00000
105070828 -0.51781 0.01000 -2.00000
105070829 -0.51781 0.01400 -2.00000
105070830 -0.51781 0.01800 -2.00000
105070831 -0.51781 0.02200 -2.00000
105070832 -0.51781 0.02600 -2.00000
105070833 -0.51781 0.03000 -2.00000
105070834 -0.51781 0.03400 -2.00000
105070835 -0.51781 0.03800 -2.00000
105070836 -0.51781 0.04200 -2.00000
105070837 -0.51781 0.04600 -2.00000
105070838 -0.51781 0.05000 -2.00000
105070839 -0.51781 0.05400 -2.00000
105070840 -0.51781 0.05800 -2.00000
105070841 -0.51781 0.06200 -2.00000
105070842 -0.51781 0.06600 -2.00000
105070843 -0.51781 0.07000 -2.00000
105070844 -0.51781 0.07400 -2.00000
105070845 -0.51781 0.07800 -2.00000
105070846 -0.51781 0.08200 -2.00000
105070847 -0.51781 0.08600 -2.00000
105070848 -0.51781 0.09000 -2.00000
105070849 -0.51781 0.09400 -2.00000
105070850 -0.51781 0.09800 -2.00000
105070851 -0.51781 0.10200 -2.00000
105070852 -0.51781 0.10600 -2.00000
105070853 -0.51781 0.11000 -2.00000
105070854 -0.51781 0.11400 -2.00000
105070855 -0.51781 0.11800 -2.00000
105070856 -0.51781 0.12200 -2.00000
105070857 -0.51781 0.12600 -2.00000
105070858 -0.51781 0.13000 -2.00000
105070859 -0.51781 0.13400 -2.00000
105070860 -0.51781 0.13800 -2.00000
105070861 -0.51781 0.14200 -2.00000
105070862 -0.51781 0.14600 -2.00000
105070863 -0.51781 0.15000 -2.00000
105070864 -0.51781 0.15400 -2.00000
105070865 -0.51781 0.15800 -2.00000
105070866 -0.51781 0.16200 -2.00000
105070867 -0.51781 0.16600 -2.00000
105070868 -0.51781 0.17000 -2.00000
105070869 -0.51781 0.17400 -2.00000
105070870 -0.51781 0.17800 -2.00000
105070871 -0.51781 0.18200 -2.00000
105070872 -0.51781 0.18600 -2.00000
105070873 -0.51781 0.19000 -2.00000
105070874 -0.51781 0.19400 -2.00000
105070875 -0.51781 0.19800 -2.00000
105070876 -0.51781 0.20200 -2.00000
105070877 -0.51781 0.20600 -2.00000
105070878 -0.51781 0.21000 -2.00000
105070879 -0.51781 0.21400 -2.00000
105070880 -0.51781 0.21800 -2.00000
105070881 -0.51781 0.22200 -2.00000
105070882 -0.51781 0.22600 -2.00000
105070883 -0.51781 0.23000 -2.00000
105070884 -0.51781 0.23400 -2.00000
105070885 -0.51781 0.23800 -2.00000
105070886 -0.51781 0.24200 -2.00000
105070887 -0.51781 0.24600 -2.00000
105070888 -0.51781 0.25000 -2.00000
105070889 -0.51781 0.25400 -2.00000
105070890 -0.51781 0.25800 -2.00000
105070891 -0.51781 0.26200 -2.00000
105070892 -0.51781 0.26600 -2.00000
105070893 -0.51781 0.27000 -2.00000
105070894 -0.51781 0.27400 -2.00000
105070895 -0.51781 0.27800 -2.00000
105070896 -0.51781 0.28200 -2.00000
105070897 -0.51781 0.28600 -2.00000
105070898 -0.51781 0.29000 -2.00000
105070899 -0.51781 0.29400 -2.00000
105070900 -0.51781 0.29800 -2.00000
105070901 -0.50931 -0.29800 -2.00000
105070902 -0.50931 -0.29400 -2.00000
105070903 -0.50931 -0.29000 -2.00000
105070904 -0.50931 -0.28600 -2.00000
105070905 -0.50931 -0.28200 -2.00000
105070906 -0.50931 -0.27800 -2.00000
105070907 -0.50931 -0.27400 -2.00000
105070908 -0.50931 -0.27000 -2.00000
105070909 -0.50931 -0.26600 -2.00000
105070910 -0.50931 -0.26200 -2.00000
105070911 -0.50931 -0.25800 -2.00000
105070912 -0.50931 -0.25400 -2.00000
105070913 -0.50931 -0.25000 -2.00000
105070914 -0.50931 -0.24600 -2.00000
105070915 -0.50931 -0.24200 -2.00000
105070916 -0.50931 -0.23800 -2.00000
105070917 -0.50931 -0.23400 -2.00000
105070918 -0.50931 -0.23000 -2.00000
105070919 -0.50931 -0.22600 -2.00000
105070920 -0.50931 -0.22200 -2.00000
105070921 -0.50931 -0.21800 -2.00000
105070922 -0.50931 -0.21400 -2.00000
105070923 -0.50931 -0.21000 -2.00000
105070924 -0.50931 -0.20600 -2.00000
105070925 -0.50931 -0.20200 -2.00000
105070926 -0.50931 -0.19800 -2.00000
105070927 -0.50931 -0.19400 -2.00000
105070928 -0.50931 -0.19000 -2.00000
105070929 -0.50931 -0.18600 -2.00000
105070930 -0.50931 -0.18200 -2.00000
105070931 -0.50931 -0.17800 -2.00000
105070932 -0.50931 -0.17400 -2.00000
105070933 -0.50931 -0.17000 -2.00000
105070934 -0.50931 -0.16600 -2.00000
105070935 -0.50931 -0.16200 -2.00000
105070936 -0.50931 -0.15800 -2.00000
105070937 -0.50931 -0.15400 -2.00000
105070938 -0.50931 -0.15000 -2.00000
105070939 -0.50931 -0.14600 -2.00000
105070940 -0.50931 -0.14200 -2.00000
105070941 -0.50931 -0.13800 -2.00000
105070942 -0.50931 -0.13400 -2.00000
105070943 -0.50931 -0.13000 -2.00000
105070944 -0.50931 -0.12600 -2.00000
105070945 -0.50931 -0.12200 -2.00000
105070946 -0.50931 -0.11800 -2.00000
105070947 -0.50931 -0.11400 -2.00000
105070948 -0.50931 -0.11000 -2.00000
105070949 -0.50931 -0.10600 -2.00000
105070950 -0.50931 -0.10200 -2.00000
105070951 -0.50931 -0.09800 -2.00000
105070952 -0.50931 -0.09400 -2.00000
105070953 -0.50931 -0.09000 -2.00000
105070954 -0.50931 -0.08600 -2.00000
105070955 -0.50931 -0.08200 -2.00000
105070956 -0.50931 -0.07800 -2.00000
105070957 -0.50931 -0.07400 -2.00000
105070958 -0.50931 -0.07000 -2.00000
105070959 -0.50931 -0.06600 -2.00000
105070960 -0.50931 -0.06200 -2.00000
105070961 -0.50931 -0.05800 -2.00000
105070962 -0.50931 -0.05400 -2.00000
105070963 -0.50931 -0.05000 -2.00000
105070964 -0.50931 -0.04600 -2.00000
105070965 -0.50931 -0.04200 -2.00000
105070966 -0.50931 -0.03800 -2.00000
105070967 -0.50931 -0.03400 -2.00000
105070968 -0.50931 -0.03000 -2.00000
105070969 -0.50931 -0.02600 -2.00000
105070970 -0.50931 -0.02200 -2.00000
105070971 -0.50931 -0.01800 -2.00000
105070972 -0.50931 -0.01400 -2.00000
105070973 -0.50931 -0.01000 -2.00000
105070974 -0.50931 -0.00600 -2.00000
105070975 -0.50931 -0.00200 -2.00000
105070976 -0.50931 0.00200 -2.00000
105070977 -0.50931 0.00600 -2.00000
105070978 -0.50931 0.01000 -2.00000
105070979 -0.50931 0.01400 -2.00000
105070980 -0.50931 0.01800 -2.00000
105070981 -0.50931 0.02200 -2.00000
105070982 -0.50931 0.02600 -2.00000
105070983 -0.50931 0.03000 -2.00000
105070984 -0.50931 0.03400 -2.00000
105070985 -0.50931 0.03800 -2.00000
105070986 -0.50931 0.04200 -2.00000
105070987 -0.50931 0.04600 -2.00000
105070988 -0.50931 0.05000 -2.00000
105070989 -0.50931 0.05400 -2.00000
105070990 -0.50931 0.05800 -2.00000
105070991 -0.50931 0.06200 -2.00000
105070992 -0.50931 0.06600 -2.00000
105070993 -0.50931 0.07000 -2.00000
105070994 -0.50931 0.07400 -2.00000
105070995 -0.50931 0.07800 -2.00000
105070996 -0.50931 0.08200 -2.00000
105070997 -0.50931 0.08600 -2.00000
105070998 -0.50931 0.09000 -2.00000
105070999 -0.50931 0.09400 -2.00000
105071000 -0.50931 0.09800 -2.00000
105071001 -0.50931 0.10200 -2.00000
105071002 -0.50931 0.10600 -2.00000
105071003 -0.50931 0.11000 -2.00000
105071004 -0.50931 0.11400 -2.00000
105071005 -0.50931 0.11800 -2.00000
105071006 -0.50931 0.12200 -2.00000
105071007 -0.50931 0.12600 -2.00000
105071008 -0.50931 0.13000 -2.00000
105071009 -0.50931 0.13400 -2.00000
105071010 -0.50931 0.13800 -2.00000
105071011 -0.50931 0.14200 -2.00000
105071012 -0.50931 0.14600 -2.00000
105071013 -0.50931 0.15000 -2.00000
105071014 -0.50931 0.15400 -2.00000
105071015 -0.50931 0.15800 -2.00000
105071016 -0.50931 0.16200 -2.00000
105071017 -0.50931 0.16600 -2.00000
105071018 -0.50931 0.17000 -2.00000
105071019 -0.50931 0.17400 -2.00000
105071020 -0.50931 0.17800 -2.00000
105071021 -0.50931 0.18200 -2.00000
105071022 -0.50931 0.18600 -2.00000
105071023 -0.50931 0.19000 -2.00000
105071024 -0.50931 0.19400 -2.00000
105071025 -0.50931 0.19800 -2.00000
105071026 -0.50931 0.20200 -2.00000
105071027 -0.50931 0.20600 -2.00000
105071028 -0.50931 0.21000 -2.00000
105071029 -0.50931 0.21400 -2.00000
105071030 -0.50931 0.21800 -2.00000
105071031 -0.50931 0.22200 -2.00000
105071032 -0.50931 0.22600 -2.00000
105071033 -0.50931 0.23000 -2.00000
105071034 -0.50931 0.23400 -2.00000
105071035 -0.50931 0.23800 -2.00000
105071036 -0.50931 0.24200 -2.00000
105071037 -0.50931 0.24600 -2.00000
105071038 -0.50931 0.25000 -2.00000
105071039 -0.50931 0.25400 -2.00000
105071040 -0.50931 0.25800 -2.00000
105071041 -0.50931 0.26200 -2.00000
105071042 -0.50931 0.26600 -2.00000
105071043 -0.50931 0.27000 -2.00000
105071044 -0.50931 0.27400 -2.00000
105071045 -0.50931 0.27800 -2.00000
105071046 -0.50931 0.28200 -2.00000
105071047 -0.50931 0.28600 -2.00000
105071048 -0.50931 0.29000 -2.00000
105071049 -0.50931 0.29400 -2.00000
105071050 -0.50931 0.29800 -2.00000
105071051 -0.50081 -0.29800 -2.00000
105071052 -0.50081 -0.29400 -2.00000
105071053 -0.50081 -0.29000 -2.00000
105071054 -0.50081 -0.28600 -2.00000
105071055 -0.50081 -0.28200 -2.00000
105071056 -0.50081 -0.27800 -2.00000
105071057 -0.50081 -0.27400 -2.00000
105071058 -0.50081 -0.27000 -2.00000
105071059 -0.50081 -0.26600 -2.00000
105071060 -0.50081 -0.26200 -2.00000
105071061 -0.50081 -0.25800 -2.00000
105071062 -0.50081 -0.25400 -2.00000
105071063 -0.50081 -0.25000 -2.00000
105071064 -0.50081 -0.24600 -2.00000
105071065 -0.50081 -0.24200 -2.00000
105071066 -0.50081 -0.23800 -2.00000
105071067 -0.50081 -0.23400 -2.00000
105071068 -0.50081 -0.23000 -2.00000
105071069 -0.50081 -0.22600 -2.00000
105071070 -0.50081 -0.22200 -2.00000
105071071 -0.50081 -0.21800 -2.00000
105071072 -0.50081 -0.21400 -2.00000
105071073 -0.50081 -0.21000 -2.00000
105071074 -0.50081 -0.20600 -2.00000
105071075 -0.50081 -0.20200 -2.00000
105071076 -0.50081 -0.19800 -2.00000
105071077 -0.50081 -0.19400 -2.00000
105071078 -0.50081 -0.19000 -2.00000
105071079 -0.50081 -0.18600 -2.00000
105071080 -0.50081 -0.18200 -2.00000
105071081 -0.50081 -0.17800 -2.00000
105071082 -0.50081 -0.17400 -2.00000
105071083 -0.50081 -0.17000 -2.00000
105071084 -0.50081 -0.16600 -2.00000
105071085 -0.50081 -0.16200 -2.00000
105071086 -0.50081 -0.15800 -2.00000
105071087 -0.50081 -0.15400 -2.00000
105071088 -0.50081 -0.15000 -2.00000
105071089 -0.50081 -0.14600 -2.00000
105071090 -0.50081 -0.14200 -2.00000
105071091 -0.50081 -0.13800 -2.00000
105071092 -0.50081 -0.13400 -2.00000
105071093 -0.50081 -0.13000 -2.00000
105071094 -0.50081 -0.12600 -2.00000
105071095 -0.50081 -0.12200 -2.00000
105071096 -0.50081 -0.11800 -2.00000
105071097 -0.50081 -0.11400 -2.00000
105071098 -0.50081 -0.11000 -2.00000
105071099 -0.50081 -0.10600 -2.00000
105071100 -0.50081 -0.10200 -2.00000
105071101 -0.50081 -0.09800 -2.00000
105071102 -0.50081 -0.09400 -2.00000
105071103 -0.50081 -0.09000 -2.00000
105071104 -0.50081 -0.08600 -2.00000
105071105 -0.50081 -0.08200 -2.00000
105071106 -0.50081 -0.07800 -2.00000
105071107 -0.50081 -0.07400 -2.00000
105071108 -0.50081 -0.07000 -2.00000
105071109 -0.50081 -0.06600 -2.00000
105071110 -0.50081 -0.06200 -2.00000
105071111 -0.50081 -0.05800 -2.00000
105071112 -0.50081 -0.05400 -2.00000
105071113 -0.50081 -0.05000 -2.00000
105071114 -0.50081 -0.04600 -2.00000
105071115 -0.50081 -0.04200 -2.00000
105071116 -0.50081 -0.03800 -2.00000
105071117 -0.50081 -0.03400 -2.00000
105071118 -0.50081 -0.03000 -2.00000
105071119 -0.50081 -0.02600 -2.00000
105071120 -0.50081 -0.02200 -2.00000
105071121 -0.50081 -0.01800 -2.00000
105071122 -0.50081 -0.01400 -2.00000
105071123 -0.50081 -0.01000 -2.00000
105071124 -0.50081 -0.00600 -2.00000
105071125 -0.50081 -0.00200 -2.00000
105071126 -0.50081 0.00200 -2.00000
105071127 -0.50081 0.00600 -2.00000
105071128 -0.50081 0.01000 -2.00000
105071129 -0.50081 0.01400 -2.00000
105071130 -0.50081 0.01800 -2.00000
105071131 -0.50081 0.02200 -2.00000
105071132 -0.50081 0.02600 -2.00000
105071133 -0.50081 0.03000 -2.00000
105071134 -0.50081 0.03400 -2.00000
105071135 -0.50081 0.03800 -2.00000
105071136 -0.50081 0.04200 -2.00000
105071137 -0.50081 0.04600 -2.00000
105071138 -0.50081 0.05000 -2.00000
105071139 -0.50081 0.05400 -2.00000
105071140 -0.50081 0.05800 -2.00000
105071141 -0.50081 0.06200 -2.00000
105071142 -0.50081 0.06600 -2.00000
105071143 -0.50081 0.07000 -2.00000
105071144 -0.50081 0.07400 -2.00000
105071145 -0.50081 0.07800 -2.00000
105071146 -0.50081 0.08200 -2.00000
105071147 -0.50081 0.08600 -2.00000
105071148 -0.50081 0.09000 -2.00000
105071149 -0.50081 0.09400 -2.00000
105071150 -0.50081 0.09800 -2.00000
105071151 -0.50081 0.10200 -2.00000
105071152 -0.50081 0.10600 -2.00000
105071153 -0.50081 0.11000 -2.00000
105071154 -0.50081 0.11400 -2.00000
105071155 -0.50081 0.11800 -2.00000
105071156 -0.50081 0.12200 -2.00000
105071157 -0.50081 0.12600 -2.00000
105071158 -0.50081 0.13000 -2.00000
105071159 -0.50081 0.13400 -2.00000
105071160 -0.50081 0.13800 -2.00000
105071161 -0.50081 0.14200 -2.00000
105071162 -0.50081 0.14600 -2.00000
105071163 -0.50081 0.15000 -2.00000
105071164 -0.50081 0.15400 -2.00000
105071165 -0.50081 0.15800 -2.00000
105071166 -0.50081 0.16200 -2.00000
105071167 -0.50081 0.16600 -2.00000
105071168 -0.50081 0.17000 -2.00000
105071169 -0.50081 0.17400 -2.00000
105071170 -0.50081 0.17800 -2.00000
105071171 -0.50081 0.18200 -2.00000
105071172 -0.50081 0.18600 -2.00000
105071173 -0.50081 0.19000 -2.00000
105071174 -0.50081 0.19400 -2.00000
105071175 -0.50081 0.19800 -2.00000
105071176 -0.50081 0.20200 -2.00000
105071177 -0.50081 0.20600 -2.00000
105071178 -0.50081 0.21000 -2.00000
105071179 -0.50081 0.21400 -2.00000
105071180 -0.50081 0.21800 -2.00000
105071181 -0.50081 0.22200 -2.00000
105071182 -0.50081 0.22600 -2.00000
105071183 -0.50081 0.23000 -2.00000
105071184 -0.50081 0.23400 -2.00000
105071185 -0.50081 0.23800 -2.00000
105071186 -0.50081 0.24200 -2.00000
105071187 -0.50081 0.24600 -2.00000
105071188 -0.50081 0.25000 -2.00000
105071189 -0.50081 0.25400 -2.00000
105071190 -0.50081 0.25800 -2.00000
105071191 -0.50081 0.26200 -2.00000
105071192 -0.50081 0.26600 -2.00000
105071193 -0.50081 0.27000 -2.00000
105071194 -0.50081 0.27400 -2.00000
105071195 -0.50081 0.27800 -2.00000
105071196 -0.50081 0.28200 -2.00000
105071197 -0.50081 0.28600 -2.00000
105071198 -0.50081 0.29000 -2.00000
105071199 -0.50081 0.29400 -2.00000
105071200 -0.50081 0.29800 -2.00000
