# pixelID  x  y  z
108030001 -1.20000 -0.50725 0.29800
108030002 -1.20000 -0.50725 0.29400
108030003 -1.20000 -0.50725 0.29000
108030004 -1.20000 -0.50725 0.28600
108030005 -1.20000 -0.50725 0.28200
108030006 -1.20000 -0.50725 0.27800
108030007 -1.20000 -0.50725 0.27400
108030008 -1.20000 -0.50725 0.27000
108030009 -1.20000 -0.50725 0.26600
108030010 -1.20000 -0.50725 0.26200
108030011 -1.20000 -0.50725 0.25800
108030012 -1.20000 -0.50725 0.25400
108030013 -1.20000 -0.50725 0.25000
108030014 -1.20000 -0.50725 0.24600
108030015 -1.20000 -0.50725 0.24200
108030016 -1.20000 -0.50725 0.23800
108030017 -1.20000 -0.50725 0.23400
108030018 -1.20000 -0.50725 0.23000
108030019 -1.20000 -0.50725 0.22600
108030020 -1.20000 -0.50725 0.22200
108030021 -1.20000 -0.50725 0.21800
108030022 -1.20000 -0.50725 0.21400
108030023 -1.20000 -0.50725 0.21000
108030024 -1.20000 -0.50725 0.20600
108030025 -1.20000 -0.50725 0.20200
108030026 -1.20000 -0.50725 0.19800
108030027 -1.20000 -0.50725 0.19400
108030028 -1.20000 -0.50725 0.19000
108030029 -1.20000 -0.50725 0.18600
108030030 -1.20000 -0.50725 0.18200
108030031 -1.20000 -0.50725 0.17800
108030032 -1.20000 -0.50725 0.17400
108030033 -1.20000 -0.50725 0.17000
108030034 -1.20000 -0.50725 0.16600
108030035 -1.20000 -0.50725 0.16200
108030036 -1.20000 -0.50725 0.15800
108030037 -1.20000 -0.50725 0.15400
108030038 -1.20000 -0.50725 0.15000
108030039 -1.20000 -0.50725 0.14600
108030040 -1.20000 -0.50725 0.14200
108030041 -1.20000 -0.50725 0.13800
108030042 -1.20000 -0.50725 0.13400
108030043 -1.20000 -0.50725 0.13000
108030044 -1.20000 -0.50725 0.12600
108030045 -1.20000 -0.50725 0.12200
108030046 -1.20000 -0.50725 0.11800
108030047 -1.20000 -0.50725 0.11400
108030048 -1.20000 -0.50725 0.11000
108030049 -1.20000 -0.50725 0.10600
108030050 -1.20000 -0.50725 0.10200
108030051 -1.20000 -0.50725 0.09800
108030052 -1.20000 -0.50725 0.09400
108030053 -1.20000 -0.50725 0.09000
108030054 -1.20000 -0.50725 0.08600
108030055 -1.20000 -0.50725 0.08200
108030056 -1.20000 -0.50725 0.07800
108030057 -1.20000 -0.50725 0.07400
108030058 -1.20000 -0.50725 0.07000
108030059 -1.20000 -0.50725 0.06600
108030060 -1.20000 -0.50725 0.06200
108030061 -1.20000 -0.50725 0.05800
108030062 -1.20000 -0.50725 0.05400
108030063 -1.20000 -0.50725 0.05000
108030064 -1.20000 -0.50725 0.04600
108030065 -1.20000 -0.50725 0.04200
108030066 -1.20000 -0.50725 0.03800
108030067 -1.20000 -0.50725 0.03400
108030068 -1.20000 -0.50725 0.03000
108030069 -1.20000 -0.50725 0.02600
108030070 -1.20000 -0.50725 0.02200
108030071 -1.20000 -0.50725 0.01800
108030072 -1.20000 -0.50725 0.01400
108030073 -1.20000 -0.50725 0.01000
108030074 -1.20000 -0.50725 0.00600
108030075 -1.20000 -0.50725 0.00200
108030076 -1.20000 -0.50725 -0.00200
108030077 -1.20000 -0.50725 -0.00600
108030078 -1.20000 -0.50725 -0.01000
108030079 -1.20000 -0.50725 -0.01400
108030080 -1.20000 -0.50725 -0.01800
108030081 -1.20000 -0.50725 -0.02200
108030082 -1.20000 -0.50725 -0.02600
108030083 -1.20000 -0.50725 -0.03000
108030084 -1.20000 -0.50725 -0.03400
108030085 -1.20000 -0.50725 -0.03800
108030086 -1.20000 -0.50725 -0.04200
108030087 -1.20000 -0.50725 -0.04600
108030088 -1.20000 -0.50725 -0.05000
108030089 -1.20000 -0.50725 -0.05400
108030090 -1.20000 -0.50725 -0.05800
108030091 -1.20000 -0.50725 -0.06200
108030092 -1.20000 -0.50725 -0.06600
108030093 -1.20000 -0.50725 -0.07000
108030094 -1.20000 -0.50725 -0.07400
108030095 -1.20000 -0.50725 -0.07800
108030096 -1.20000 -0.50725 -0.08200
108030097 -1.20000 -0.50725 -0.08600
108030098 -1.20000 -0.50725 -0.09000
108030099 -1.20000 -0.50725 -0.09400
108030100 -1.20000 -0.50725 -0.09800
108030101 -1.20000 -0.50725 -0.10200
108030102 -1.20000 -0.50725 -0.10600
108030103 -1.20000 -0.50725 -0.11000
108030104 -1.20000 -0.50725 -0.11400
108030105 -1.20000 -0.50725 -0.11800
108030106 -1.20000 -0.50725 -0.12200
108030107 -1.20000 -0.50725 -0.12600
108030108 -1.20000 -0.50725 -0.13000
108030109 -1.20000 -0.50725 -0.13400
108030110 -1.20000 -0.50725 -0.13800
108030111 -1.20000 -0.50725 -0.14200
108030112 -1.20000 -0.50725 -0.14600
108030113 -1.20000 -0.50725 -0.15000
108030114 -1.20000 -0.50725 -0.15400
108030115 -1.20000 -0.50725 -0.15800
108030116 -1.20000 -0.50725 -0.16200
108030117 -1.20000 -0.50725 -0.16600
108030118 -1.20000 -0.50725 -0.17000
108030119 -1.20000 -0.50725 -0.17400
108030120 -1.20000 -0.50725 -0.17800
108030121 -1.20000 -0.50725 -0.18200
108030122 -1.20000 -0.50725 -0.18600
108030123 -1.20000 -0.50725 -0.19000
108030124 -1.20000 -0.50725 -0.19400
108030125 -1.20000 -0.50725 -0.19800
108030126 -1.20000 -0.50725 -0.20200
108030127 -1.20000 -0.50725 -0.20600
108030128 -1.20000 -0.50725 -0.21000
108030129 -1.20000 -0.50725 -0.21400
108030130 -1.20000 -0.50725 -0.21800
108030131 -1.20000 -0.50725 -0.22200
108030132 -1.20000 -0.50725 -0.22600
108030133 -1.20000 -0.50725 -0.23000
108030134 -1.20000 -0.50725 -0.23400
108030135 -1.20000 -0.50725 -0.23800
108030136 -1.20000 -0.50725 -0.24200
108030137 -1.20000 -0.50725 -0.24600
108030138 -1.20000 -0.50725 -0.25000
108030139 -1.20000 -0.50725 -0.25400
108030140 -1.20000 -0.50725 -0.25800
108030141 -1.20000 -0.50725 -0.26200
108030142 -1.20000 -0.50725 -0.26600
108030143 -1.20000 -0.50725 -0.27000
108030144 -1.20000 -0.50725 -0.27400
108030145 -1.20000 -0.50725 -0.27800
108030146 -1.20000 -0.50725 -0.28200
108030147 -1.20000 -0.50725 -0.28600
108030148 -1.20000 -0.50725 -0.29000
108030149 -1.20000 -0.50725 -0.29400
108030150 -1.20000 -0.50725 -0.29800
108030151 -1.20000 -0.49375 0.29800
108030152 -1.20000 -0.49375 0.29400
108030153 -1.20000 -0.49375 0.29000
108030154 -1.20000 -0.49375 0.28600
108030155 -1.20000 -0.49375 0.28200
108030156 -1.20000 -0.49375 0.27800
108030157 -1.20000 -0.49375 0.27400
108030158 -1.20000 -0.49375 0.27000
108030159 -1.20000 -0.49375 0.26600
108030160 -1.20000 -0.49375 0.26200
108030161 -1.20000 -0.49375 0.25800
108030162 -1.20000 -0.49375 0.25400
108030163 -1.20000 -0.49375 0.25000
108030164 -1.20000 -0.49375 0.24600
108030165 -1.20000 -0.49375 0.24200
108030166 -1.20000 -0.49375 0.23800
108030167 -1.20000 -0.49375 0.23400
108030168 -1.20000 -0.49375 0.23000
108030169 -1.20000 -0.49375 0.22600
108030170 -1.20000 -0.49375 0.22200
108030171 -1.20000 -0.49375 0.21800
108030172 -1.20000 -0.49375 0.21400
108030173 -1.20000 -0.49375 0.21000
108030174 -1.20000 -0.49375 0.20600
108030175 -1.20000 -0.49375 0.20200
108030176 -1.20000 -0.49375 0.19800
108030177 -1.20000 -0.49375 0.19400
108030178 -1.20000 -0.49375 0.19000
108030179 -1.20000 -0.49375 0.18600
108030180 -1.20000 -0.49375 0.18200
108030181 -1.20000 -0.49375 0.17800
108030182 -1.20000 -0.49375 0.17400
108030183 -1.20000 -0.49375 0.17000
108030184 -1.20000 -0.49375 0.16600
108030185 -1.20000 -0.49375 0.16200
108030186 -1.20000 -0.49375 0.15800
108030187 -1.20000 -0.49375 0.15400
108030188 -1.20000 -0.49375 0.15000
108030189 -1.20000 -0.49375 0.14600
108030190 -1.20000 -0.49375 0.14200
108030191 -1.20000 -0.49375 0.13800
108030192 -1.20000 -0.49375 0.13400
108030193 -1.20000 -0.49375 0.13000
108030194 -1.20000 -0.49375 0.12600
108030195 -1.20000 -0.49375 0.12200
108030196 -1.20000 -0.49375 0.11800
108030197 -1.20000 -0.49375 0.11400
108030198 -1.20000 -0.49375 0.11000
108030199 -1.20000 -0.49375 0.10600
108030200 -1.20000 -0.49375 0.10200
108030201 -1.20000 -0.49375 0.09800
108030202 -1.20000 -0.49375 0.09400
108030203 -1.20000 -0.49375 0.09000
108030204 -1.20000 -0.49375 0.08600
108030205 -1.20000 -0.49375 0.08200
108030206 -1.20000 -0.49375 0.07800
108030207 -1.20000 -0.49375 0.07400
108030208 -1.20000 -0.49375 0.07000
108030209 -1.20000 -0.49375 0.06600
108030210 -1.20000 -0.49375 0.06200
108030211 -1.20000 -0.49375 0.05800
108030212 -1.20000 -0.49375 0.05400
108030213 -1.20000 -0.49375 0.05000
108030214 -1.20000 -0.49375 0.04600
108030215 -1.20000 -0.49375 0.04200
108030216 -1.20000 -0.49375 0.03800
108030217 -1.20000 -0.49375 0.03400
108030218 -1.20000 -0.49375 0.03000
108030219 -1.20000 -0.49375 0.02600
108030220 -1.20000 -0.49375 0.02200
108030221 -1.20000 -0.49375 0.01800
108030222 -1.20000 -0.49375 0.01400
108030223 -1.20000 -0.49375 0.01000
108030224 -1.20000 -0.49375 0.00600
108030225 -1.20000 -0.49375 0.00200
108030226 -1.20000 -0.49375 -0.00200
108030227 -1.20000 -0.49375 -0.00600
108030228 -1.20000 -0.49375 -0.01000
108030229 -1.20000 -0.49375 -0.01400
108030230 -1.20000 -0.49375 -0.01800
108030231 -1.20000 -0.49375 -0.02200
108030232 -1.20000 -0.49375 -0.02600
108030233 -1.20000 -0.49375 -0.03000
108030234 -1.20000 -0.49375 -0.03400
108030235 -1.20000 -0.49375 -0.03800
108030236 -1.20000 -0.49375 -0.04200
108030237 -1.20000 -0.49375 -0.04600
108030238 -1.20000 -0.49375 -0.05000
108030239 -1.20000 -0.49375 -0.05400
108030240 -1.20000 -0.49375 -0.05800
108030241 -1.20000 -0.49375 -0.06200
108030242 -1.20000 -0.49375 -0.06600
108030243 -1.20000 -0.49375 -0.07000
108030244 -1.20000 -0.49375 -0.07400
108030245 -1.20000 -0.49375 -0.07800
108030246 -1.20000 -0.49375 -0.08200
108030247 -1.20000 -0.49375 -0.08600
108030248 -1.20000 -0.49375 -0.09000
108030249 -1.20000 -0.49375 -0.09400
108030250 -1.20000 -0.49375 -0.09800
108030251 -1.20000 -0.49375 -0.10200
108030252 -1.20000 -0.49375 -0.10600
108030253 -1.20000 -0.49375 -0.11000
108030254 -1.20000 -0.49375 -0.11400
108030255 -1.20000 -0.49375 -0.11800
108030256 -1.20000 -0.49375 -0.12200
108030257 -1.20000 -0.49375 -0.12600
108030258 -1.20000 -0.49375 -0.13000
108030259 -1.20000 -0.49375 -0.13400
108030260 -1.20000 -0.49375 -0.13800
108030261 -1.20000 -0.49375 -0.14200
108030262 -1.20000 -0.49375 -0.14600
108030263 -1.20000 -0.49375 -0.15000
108030264 -1.20000 -0.49375 -0.15400
108030265 -1.20000 -0.49375 -0.15800
108030266 -1.20000 -0.49375 -0.16200
108030267 -1.20000 -0.49375 -0.16600
108030268 -1.20000 -0.49375 -0.17000
108030269 -1.20000 -0.49375 -0.17400
108030270 -1.20000 -0.49375 -0.17800
108030271 -1.20000 -0.49375 -0.18200
108030272 -1.20000 -0.49375 -0.18600
108030273 -1.20000 -0.49375 -0.19000
108030274 -1.20000 -0.49375 -0.19400
108030275 -1.20000 -0.49375 -0.19800
108030276 -1.20000 -0.49375 -0.20200
108030277 -1.20000 -0.49375 -0.20600
108030278 -1.20000 -0.49375 -0.21000
108030279 -1.20000 -0.49375 -0.21400
108030280 -1.20000 -0.49375 -0.21800
108030281 -1.20000 -0.49375 -0.22200
108030282 -1.20000 -0.49375 -0.22600
108030283 -1.20000 -0.49375 -0.23000
108030284 -1.20000 -0.49375 -0.23400
108030285 -1.20000 -0.49375 -0.23800
108030286 -1.20000 -0.49375 -0.24200
108030287 -1.20000 -0.49375 -0.24600
108030288 -1.20000 -0.49375 -0.25000
108030289 -1.20000 -0.49375 -0.25400
108030290 -1.20000 -0.49375 -0.25800
108030291 -1.20000 -0.49375 -0.26200
108030292 -1.20000 -0.49375 -0.26600
108030293 -1.20000 -0.49375 -0.27000
108030294 -1.20000 -0.49375 -0.27400
108030295 -1.20000 -0.49375 -0.27800
108030296 -1.20000 -0.49375 -0.28200
108030297 -1.20000 -0.49375 -0.28600
108030298 -1.20000 -0.49375 -0.29000
108030299 -1.20000 -0.49375 -0.29400
108030300 -1.20000 -0.49375 -0.29800
108030301 -1.20000 -0.48025 0.29800
108030302 -1.20000 -0.48025 0.29400
108030303 -1.20000 -0.48025 0.29000
108030304 -1.20000 -0.48025 0.28600
108030305 -1.20000 -0.48025 0.28200
108030306 -1.20000 -0.48025 0.27800
108030307 -1.20000 -0.48025 0.27400
108030308 -1.20000 -0.48025 0.27000
108030309 -1.20000 -0.48025 0.26600
108030310 -1.20000 -0.48025 0.26200
108030311 -1.20000 -0.48025 0.25800
108030312 -1.20000 -0.48025 0.25400
108030313 -1.20000 -0.48025 0.25000
108030314 -1.20000 -0.48025 0.24600
108030315 -1.20000 -0.48025 0.24200
108030316 -1.20000 -0.48025 0.23800
108030317 -1.20000 -0.48025 0.23400
108030318 -1.20000 -0.48025 0.23000
108030319 -1.20000 -0.48025 0.22600
108030320 -1.20000 -0.48025 0.22200
108030321 -1.20000 -0.48025 0.21800
108030322 -1.20000 -0.48025 0.21400
108030323 -1.20000 -0.48025 0.21000
108030324 -1.20000 -0.48025 0.20600
108030325 -1.20000 -0.48025 0.20200
108030326 -1.20000 -0.48025 0.19800
108030327 -1.20000 -0.48025 0.19400
108030328 -1.20000 -0.48025 0.19000
108030329 -1.20000 -0.48025 0.18600
108030330 -1.20000 -0.48025 0.18200
108030331 -1.20000 -0.48025 0.17800
108030332 -1.20000 -0.48025 0.17400
108030333 -1.20000 -0.48025 0.17000
108030334 -1.20000 -0.48025 0.16600
108030335 -1.20000 -0.48025 0.16200
108030336 -1.20000 -0.48025 0.15800
108030337 -1.20000 -0.48025 0.15400
108030338 -1.20000 -0.48025 0.15000
108030339 -1.20000 -0.48025 0.14600
108030340 -1.20000 -0.48025 0.14200
108030341 -1.20000 -0.48025 0.13800
108030342 -1.20000 -0.48025 0.13400
108030343 -1.20000 -0.48025 0.13000
108030344 -1.20000 -0.48025 0.12600
108030345 -1.20000 -0.48025 0.12200
108030346 -1.20000 -0.48025 0.11800
108030347 -1.20000 -0.48025 0.11400
108030348 -1.20000 -0.48025 0.11000
108030349 -1.20000 -0.48025 0.10600
108030350 -1.20000 -0.48025 0.10200
108030351 -1.20000 -0.48025 0.09800
108030352 -1.20000 -0.48025 0.09400
108030353 -1.20000 -0.48025 0.09000
108030354 -1.20000 -0.48025 0.08600
108030355 -1.20000 -0.48025 0.08200
108030356 -1.20000 -0.48025 0.07800
108030357 -1.20000 -0.48025 0.07400
108030358 -1.20000 -0.48025 0.07000
108030359 -1.20000 -0.48025 0.06600
108030360 -1.20000 -0.48025 0.06200
108030361 -1.20000 -0.48025 0.05800
108030362 -1.20000 -0.48025 0.05400
108030363 -1.20000 -0.48025 0.05000
108030364 -1.20000 -0.48025 0.04600
108030365 -1.20000 -0.48025 0.04200
108030366 -1.20000 -0.48025 0.03800
108030367 -1.20000 -0.48025 0.03400
108030368 -1.20000 -0.48025 0.03000
108030369 -1.20000 -0.48025 0.02600
108030370 -1.20000 -0.48025 0.02200
108030371 -1.20000 -0.48025 0.01800
108030372 -1.20000 -0.48025 0.01400
108030373 -1.20000 -0.48025 0.01000
108030374 -1.20000 -0.48025 0.00600
108030375 -1.20000 -0.48025 0.00200
108030376 -1.20000 -0.48025 -0.00200
108030377 -1.20000 -0.48025 -0.00600
108030378 -1.20000 -0.48025 -0.01000
108030379 -1.20000 -0.48025 -0.01400
108030380 -1.20000 -0.48025 -0.01800
108030381 -1.20000 -0.48025 -0.02200
108030382 -1.20000 -0.48025 -0.02600
108030383 -1.20000 -0.48025 -0.03000
108030384 -1.20000 -0.48025 -0.03400
108030385 -1.20000 -0.48025 -0.03800
108030386 -1.20000 -0.48025 -0.04200
108030387 -1.20000 -0.48025 -0.04600
108030388 -1.20000 -0.48025 -0.05000
108030389 -1.20000 -0.48025 -0.05400
108030390 -1.20000 -0.48025 -0.05800
108030391 -1.20000 -0.48025 -0.06200
108030392 -1.20000 -0.48025 -0.06600
108030393 -1.20000 -0.48025 -0.07000
108030394 -1.20000 -0.48025 -0.07400
108030395 -1.20000 -0.48025 -0.07800
108030396 -1.20000 -0.48025 -0.08200
108030397 -1.20000 -0.48025 -0.08600
108030398 -1.20000 -0.48025 -0.09000
108030399 -1.20000 -0.48025 -0.09400
108030400 -1.20000 -0.48025 -0.09800
108030401 -1.20000 -0.48025 -0.10200
108030402 -1.20000 -0.48025 -0.10600
108030403 -1.20000 -0.48025 -0.11000
108030404 -1.20000 -0.48025 -0.11400
108030405 -1.20000 -0.48025 -0.11800
108030406 -1.20000 -0.48025 -0.12200
108030407 -1.20000 -0.48025 -0.12600
108030408 -1.20000 -0.48025 -0.13000
108030409 -1.20000 -0.48025 -0.13400
108030410 -1.20000 -0.48025 -0.13800
108030411 -1.20000 -0.48025 -0.14200
108030412 -1.20000 -0.48025 -0.14600
108030413 -1.20000 -0.48025 -0.15000
108030414 -1.20000 -0.48025 -0.15400
108030415 -1.20000 -0.48025 -0.15800
108030416 -1.20000 -0.48025 -0.16200
108030417 -1.20000 -0.48025 -0.16600
108030418 -1.20000 -0.48025 -0.17000
108030419 -1.20000 -0.48025 -0.17400
108030420 -1.20000 -0.48025 -0.17800
108030421 -1.20000 -0.48025 -0.18200
108030422 -1.20000 -0.48025 -0.18600
108030423 -1.20000 -0.48025 -0.19000
108030424 -1.20000 -0.48025 -0.19400
108030425 -1.20000 -0.48025 -0.19800
108030426 -1.20000 -0.48025 -0.20200
108030427 -1.20000 -0.48025 -0.20600
108030428 -1.20000 -0.48025 -0.21000
108030429 -1.20000 -0.48025 -0.21400
108030430 -1.20000 -0.48025 -0.21800
108030431 -1.20000 -0.48025 -0.22200
108030432 -1.20000 -0.48025 -0.22600
108030433 -1.20000 -0.48025 -0.23000
108030434 -1.20000 -0.48025 -0.23400
108030435 -1.20000 -0.48025 -0.23800
108030436 -1.20000 -0.48025 -0.24200
108030437 -1.20000 -0.48025 -0.24600
108030438 -1.20000 -0.48025 -0.25000
108030439 -1.20000 -0.48025 -0.25400
108030440 -1.20000 -0.48025 -0.25800
108030441 -1.20000 -0.48025 -0.26200
108030442 -1.20000 -0.48025 -0.26600
108030443 -1.20000 -0.48025 -0.27000
108030444 -1.20000 -0.48025 -0.27400
108030445 -1.20000 -0.48025 -0.27800
108030446 -1.20000 -0.48025 -0.28200
108030447 -1.20000 -0.48025 -0.28600
108030448 -1.20000 -0.48025 -0.29000
108030449 -1.20000 -0.48025 -0.29400
108030450 -1.20000 -0.48025 -0.29800
108030451 -1.20000 -0.46675 0.29800
108030452 -1.20000 -0.46675 0.29400
108030453 -1.20000 -0.46675 0.29000
108030454 -1.20000 -0.46675 0.28600
108030455 -1.20000 -0.46675 0.28200
108030456 -1.20000 -0.46675 0.27800
108030457 -1.20000 -0.46675 0.27400
108030458 -1.20000 -0.46675 0.27000
108030459 -1.20000 -0.46675 0.26600
108030460 -1.20000 -0.46675 0.26200
108030461 -1.20000 -0.46675 0.25800
108030462 -1.20000 -0.46675 0.25400
108030463 -1.20000 -0.46675 0.25000
108030464 -1.20000 -0.46675 0.24600
108030465 -1.20000 -0.46675 0.24200
108030466 -1.20000 -0.46675 0.23800
108030467 -1.20000 -0.46675 0.23400
108030468 -1.20000 -0.46675 0.23000
108030469 -1.20000 -0.46675 0.22600
108030470 -1.20000 -0.46675 0.22200
108030471 -1.20000 -0.46675 0.21800
108030472 -1.20000 -0.46675 0.21400
108030473 -1.20000 -0.46675 0.21000
108030474 -1.20000 -0.46675 0.20600
108030475 -1.20000 -0.46675 0.20200
108030476 -1.20000 -0.46675 0.19800
108030477 -1.20000 -0.46675 0.19400
108030478 -1.20000 -0.46675 0.19000
108030479 -1.20000 -0.46675 0.18600
108030480 -1.20000 -0.46675 0.18200
108030481 -1.20000 -0.46675 0.17800
108030482 -1.20000 -0.46675 0.17400
108030483 -1.20000 -0.46675 0.17000
108030484 -1.20000 -0.46675 0.16600
108030485 -1.20000 -0.46675 0.16200
108030486 -1.20000 -0.46675 0.15800
108030487 -1.20000 -0.46675 0.15400
108030488 -1.20000 -0.46675 0.15000
108030489 -1.20000 -0.46675 0.14600
108030490 -1.20000 -0.46675 0.14200
108030491 -1.20000 -0.46675 0.13800
108030492 -1.20000 -0.46675 0.13400
108030493 -1.20000 -0.46675 0.13000
108030494 -1.20000 -0.46675 0.12600
108030495 -1.20000 -0.46675 0.12200
108030496 -1.20000 -0.46675 0.11800
108030497 -1.20000 -0.46675 0.11400
108030498 -1.20000 -0.46675 0.11000
108030499 -1.20000 -0.46675 0.10600
108030500 -1.20000 -0.46675 0.10200
108030501 -1.20000 -0.46675 0.09800
108030502 -1.20000 -0.46675 0.09400
108030503 -1.20000 -0.46675 0.09000
108030504 -1.20000 -0.46675 0.08600
108030505 -1.20000 -0.46675 0.08200
108030506 -1.20000 -0.46675 0.07800
108030507 -1.20000 -0.46675 0.07400
108030508 -1.20000 -0.46675 0.07000
108030509 -1.20000 -0.46675 0.06600
108030510 -1.20000 -0.46675 0.06200
108030511 -1.20000 -0.46675 0.05800
108030512 -1.20000 -0.46675 0.05400
108030513 -1.20000 -0.46675 0.05000
108030514 -1.20000 -0.46675 0.04600
108030515 -1.20000 -0.46675 0.04200
108030516 -1.20000 -0.46675 0.03800
108030517 -1.20000 -0.46675 0.03400
108030518 -1.20000 -0.46675 0.03000
108030519 -1.20000 -0.46675 0.02600
108030520 -1.20000 -0.46675 0.02200
108030521 -1.20000 -0.46675 0.01800
108030522 -1.20000 -0.46675 0.01400
108030523 -1.20000 -0.46675 0.01000
108030524 -1.20000 -0.46675 0.00600
108030525 -1.20000 -0.46675 0.00200
108030526 -1.20000 -0.46675 -0.00200
108030527 -1.20000 -0.46675 -0.00600
108030528 -1.20000 -0.46675 -0.01000
108030529 -1.20000 -0.46675 -0.01400
108030530 -1.20000 -0.46675 -0.01800
108030531 -1.20000 -0.46675 -0.02200
108030532 -1.20000 -0.46675 -0.02600
108030533 -1.20000 -0.46675 -0.03000
108030534 -1.20000 -0.46675 -0.03400
108030535 -1.20000 -0.46675 -0.03800
108030536 -1.20000 -0.46675 -0.04200
108030537 -1.20000 -0.46675 -0.04600
108030538 -1.20000 -0.46675 -0.05000
108030539 -1.20000 -0.46675 -0.05400
108030540 -1.20000 -0.46675 -0.05800
108030541 -1.20000 -0.46675 -0.06200
108030542 -1.20000 -0.46675 -0.06600
108030543 -1.20000 -0.46675 -0.07000
108030544 -1.20000 -0.46675 -0.07400
108030545 -1.20000 -0.46675 -0.07800
108030546 -1.20000 -0.46675 -0.08200
108030547 -1.20000 -0.46675 -0.08600
108030548 -1.20000 -0.46675 -0.09000
108030549 -1.20000 -0.46675 -0.09400
108030550 -1.20000 -0.46675 -0.09800
108030551 -1.20000 -0.46675 -0.10200
108030552 -1.20000 -0.46675 -0.10600
108030553 -1.20000 -0.46675 -0.11000
108030554 -1.20000 -0.46675 -0.11400
108030555 -1.20000 -0.46675 -0.11800
108030556 -1.20000 -0.46675 -0.12200
108030557 -1.20000 -0.46675 -0.12600
108030558 -1.20000 -0.46675 -0.13000
108030559 -1.20000 -0.46675 -0.13400
108030560 -1.20000 -0.46675 -0.13800
108030561 -1.20000 -0.46675 -0.14200
108030562 -1.20000 -0.46675 -0.14600
108030563 -1.20000 -0.46675 -0.15000
108030564 -1.20000 -0.46675 -0.15400
108030565 -1.20000 -0.46675 -0.15800
108030566 -1.20000 -0.46675 -0.16200
108030567 -1.20000 -0.46675 -0.16600
108030568 -1.20000 -0.46675 -0.17000
108030569 -1.20000 -0.46675 -0.17400
108030570 -1.20000 -0.46675 -0.17800
108030571 -1.20000 -0.46675 -0.18200
108030572 -1.20000 -0.46675 -0.18600
108030573 -1.20000 -0.46675 -0.19000
108030574 -1.20000 -0.46675 -0.19400
108030575 -1.20000 -0.46675 -0.19800
108030576 -1.20000 -0.46675 -0.20200
108030577 -1.20000 -0.46675 -0.20600
108030578 -1.20000 -0.46675 -0.21000
108030579 -1.20000 -0.46675 -0.21400
108030580 -1.20000 -0.46675 -0.21800
108030581 -1.20000 -0.46675 -0.22200
108030582 -1.20000 -0.46675 -0.22600
108030583 -1.20000 -0.46675 -0.23000
108030584 -1.20000 -0.46675 -0.23400
108030585 -1.20000 -0.46675 -0.23800
108030586 -1.20000 -0.46675 -0.24200
108030587 -1.20000 -0.46675 -0.24600
108030588 -1.20000 -0.46675 -0.25000
108030589 -1.20000 -0.46675 -0.25400
108030590 -1.20000 -0.46675 -0.25800
108030591 -1.20000 -0.46675 -0.26200
108030592 -1.20000 -0.46675 -0.26600
108030593 -1.20000 -0.46675 -0.27000
108030594 -1.20000 -0.46675 -0.27400
108030595 -1.20000 -0.46675 -0.27800
108030596 -1.20000 -0.46675 -0.28200
108030597 -1.20000 -0.46675 -0.28600
108030598 -1.20000 -0.46675 -0.29000
108030599 -1.20000 -0.46675 -0.29400
108030600 -1.20000 -0.46675 -0.29800
108030601 -1.20000 -0.45325 0.29800
108030602 -1.20000 -0.45325 0.29400
108030603 -1.20000 -0.45325 0.29000
108030604 -1.20000 -0.45325 0.28600
108030605 -1.20000 -0.45325 0.28200
108030606 -1.20000 -0.45325 0.27800
108030607 -1.20000 -0.45325 0.27400
108030608 -1.20000 -0.45325 0.27000
108030609 -1.20000 -0.45325 0.26600
108030610 -1.20000 -0.45325 0.26200
108030611 -1.20000 -0.45325 0.25800
108030612 -1.20000 -0.45325 0.25400
108030613 -1.20000 -0.45325 0.25000
108030614 -1.20000 -0.45325 0.24600
108030615 -1.20000 -0.45325 0.24200
108030616 -1.20000 -0.45325 0.23800
108030617 -1.20000 -0.45325 0.23400
108030618 -1.20000 -0.45325 0.23000
108030619 -1.20000 -0.45325 0.22600
108030620 -1.20000 -0.45325 0.22200
108030621 -1.20000 -0.45325 0.21800
108030622 -1.20000 -0.45325 0.21400
108030623 -1.20000 -0.45325 0.21000
108030624 -1.20000 -0.45325 0.20600
108030625 -1.20000 -0.45325 0.20200
108030626 -1.20000 -0.45325 0.19800
108030627 -1.20000 -0.45325 0.19400
108030628 -1.20000 -0.45325 0.19000
108030629 -1.20000 -0.45325 0.18600
108030630 -1.20000 -0.45325 0.18200
108030631 -1.20000 -0.45325 0.17800
108030632 -1.20000 -0.45325 0.17400
108030633 -1.20000 -0.45325 0.17000
108030634 -1.20000 -0.45325 0.16600
108030635 -1.20000 -0.45325 0.16200
108030636 -1.20000 -0.45325 0.15800
108030637 -1.20000 -0.45325 0.15400
108030638 -1.20000 -0.45325 0.15000
108030639 -1.20000 -0.45325 0.14600
108030640 -1.20000 -0.45325 0.14200
108030641 -1.20000 -0.45325 0.13800
108030642 -1.20000 -0.45325 0.13400
108030643 -1.20000 -0.45325 0.13000
108030644 -1.20000 -0.45325 0.12600
108030645 -1.20000 -0.45325 0.12200
108030646 -1.20000 -0.45325 0.11800
108030647 -1.20000 -0.45325 0.11400
108030648 -1.20000 -0.45325 0.11000
108030649 -1.20000 -0.45325 0.10600
108030650 -1.20000 -0.45325 0.10200
108030651 -1.20000 -0.45325 0.09800
108030652 -1.20000 -0.45325 0.09400
108030653 -1.20000 -0.45325 0.09000
108030654 -1.20000 -0.45325 0.08600
108030655 -1.20000 -0.45325 0.08200
108030656 -1.20000 -0.45325 0.07800
108030657 -1.20000 -0.45325 0.07400
108030658 -1.20000 -0.45325 0.07000
108030659 -1.20000 -0.45325 0.06600
108030660 -1.20000 -0.45325 0.06200
108030661 -1.20000 -0.45325 0.05800
108030662 -1.20000 -0.45325 0.05400
108030663 -1.20000 -0.45325 0.05000
108030664 -1.20000 -0.45325 0.04600
108030665 -1.20000 -0.45325 0.04200
108030666 -1.20000 -0.45325 0.03800
108030667 -1.20000 -0.45325 0.03400
108030668 -1.20000 -0.45325 0.03000
108030669 -1.20000 -0.45325 0.02600
108030670 -1.20000 -0.45325 0.02200
108030671 -1.20000 -0.45325 0.01800
108030672 -1.20000 -0.45325 0.01400
108030673 -1.20000 -0.45325 0.01000
108030674 -1.20000 -0.45325 0.00600
108030675 -1.20000 -0.45325 0.00200
108030676 -1.20000 -0.45325 -0.00200
108030677 -1.20000 -0.45325 -0.00600
108030678 -1.20000 -0.45325 -0.01000
108030679 -1.20000 -0.45325 -0.01400
108030680 -1.20000 -0.45325 -0.01800
108030681 -1.20000 -0.45325 -0.02200
108030682 -1.20000 -0.45325 -0.02600
108030683 -1.20000 -0.45325 -0.03000
108030684 -1.20000 -0.45325 -0.03400
108030685 -1.20000 -0.45325 -0.03800
108030686 -1.20000 -0.45325 -0.04200
108030687 -1.20000 -0.45325 -0.04600
108030688 -1.20000 -0.45325 -0.05000
108030689 -1.20000 -0.45325 -0.05400
108030690 -1.20000 -0.45325 -0.05800
108030691 -1.20000 -0.45325 -0.06200
108030692 -1.20000 -0.45325 -0.06600
108030693 -1.20000 -0.45325 -0.07000
108030694 -1.20000 -0.45325 -0.07400
108030695 -1.20000 -0.45325 -0.07800
108030696 -1.20000 -0.45325 -0.08200
108030697 -1.20000 -0.45325 -0.08600
108030698 -1.20000 -0.45325 -0.09000
108030699 -1.20000 -0.45325 -0.09400
108030700 -1.20000 -0.45325 -0.09800
108030701 -1.20000 -0.45325 -0.10200
108030702 -1.20000 -0.45325 -0.10600
108030703 -1.20000 -0.45325 -0.11000
108030704 -1.20000 -0.45325 -0.11400
108030705 -1.20000 -0.45325 -0.11800
108030706 -1.20000 -0.45325 -0.12200
108030707 -1.20000 -0.45325 -0.12600
108030708 -1.20000 -0.45325 -0.13000
108030709 -1.20000 -0.45325 -0.13400
108030710 -1.20000 -0.45325 -0.13800
108030711 -1.20000 -0.45325 -0.14200
108030712 -1.20000 -0.45325 -0.14600
108030713 -1.20000 -0.45325 -0.15000
108030714 -1.20000 -0.45325 -0.15400
108030715 -1.20000 -0.45325 -0.15800
108030716 -1.20000 -0.45325 -0.16200
108030717 -1.20000 -0.45325 -0.16600
108030718 -1.20000 -0.45325 -0.17000
108030719 -1.20000 -0.45325 -0.17400
108030720 -1.20000 -0.45325 -0.17800
108030721 -1.20000 -0.45325 -0.18200
108030722 -1.20000 -0.45325 -0.18600
108030723 -1.20000 -0.45325 -0.19000
108030724 -1.20000 -0.45325 -0.19400
108030725 -1.20000 -0.45325 -0.19800
108030726 -1.20000 -0.45325 -0.20200
108030727 -1.20000 -0.45325 -0.20600
108030728 -1.20000 -0.45325 -0.21000
108030729 -1.20000 -0.45325 -0.21400
108030730 -1.20000 -0.45325 -0.21800
108030731 -1.20000 -0.45325 -0.22200
108030732 -1.20000 -0.45325 -0.22600
108030733 -1.20000 -0.45325 -0.23000
108030734 -1.20000 -0.45325 -0.23400
108030735 -1.20000 -0.45325 -0.23800
108030736 -1.20000 -0.45325 -0.24200
108030737 -1.20000 -0.45325 -0.24600
108030738 -1.20000 -0.45325 -0.25000
108030739 -1.20000 -0.45325 -0.25400
108030740 -1.20000 -0.45325 -0.25800
108030741 -1.20000 -0.45325 -0.26200
108030742 -1.20000 -0.45325 -0.26600
108030743 -1.20000 -0.45325 -0.27000
108030744 -1.20000 -0.45325 -0.27400
108030745 -1.20000 -0.45325 -0.27800
108030746 -1.20000 -0.45325 -0.28200
108030747 -1.20000 -0.45325 -0.28600
108030748 -1.20000 -0.45325 -0.29000
108030749 -1.20000 -0.45325 -0.29400
108030750 -1.20000 -0.45325 -0.29800
108030751 -1.20000 -0.43975 0.29800
108030752 -1.20000 -0.43975 0.29400
108030753 -1.20000 -0.43975 0.29000
108030754 -1.20000 -0.43975 0.28600
108030755 -1.20000 -0.43975 0.28200
108030756 -1.20000 -0.43975 0.27800
108030757 -1.20000 -0.43975 0.27400
108030758 -1.20000 -0.43975 0.27000
108030759 -1.20000 -0.43975 0.26600
108030760 -1.20000 -0.43975 0.26200
108030761 -1.20000 -0.43975 0.25800
108030762 -1.20000 -0.43975 0.25400
108030763 -1.20000 -0.43975 0.25000
108030764 -1.20000 -0.43975 0.24600
108030765 -1.20000 -0.43975 0.24200
108030766 -1.20000 -0.43975 0.23800
108030767 -1.20000 -0.43975 0.23400
108030768 -1.20000 -0.43975 0.23000
108030769 -1.20000 -0.43975 0.22600
108030770 -1.20000 -0.43975 0.22200
108030771 -1.20000 -0.43975 0.21800
108030772 -1.20000 -0.43975 0.21400
108030773 -1.20000 -0.43975 0.21000
108030774 -1.20000 -0.43975 0.20600
108030775 -1.20000 -0.43975 0.20200
108030776 -1.20000 -0.43975 0.19800
108030777 -1.20000 -0.43975 0.19400
108030778 -1.20000 -0.43975 0.19000
108030779 -1.20000 -0.43975 0.18600
108030780 -1.20000 -0.43975 0.18200
108030781 -1.20000 -0.43975 0.17800
108030782 -1.20000 -0.43975 0.17400
108030783 -1.20000 -0.43975 0.17000
108030784 -1.20000 -0.43975 0.16600
108030785 -1.20000 -0.43975 0.16200
108030786 -1.20000 -0.43975 0.15800
108030787 -1.20000 -0.43975 0.15400
108030788 -1.20000 -0.43975 0.15000
108030789 -1.20000 -0.43975 0.14600
108030790 -1.20000 -0.43975 0.14200
108030791 -1.20000 -0.43975 0.13800
108030792 -1.20000 -0.43975 0.13400
108030793 -1.20000 -0.43975 0.13000
108030794 -1.20000 -0.43975 0.12600
108030795 -1.20000 -0.43975 0.12200
108030796 -1.20000 -0.43975 0.11800
108030797 -1.20000 -0.43975 0.11400
108030798 -1.20000 -0.43975 0.11000
108030799 -1.20000 -0.43975 0.10600
108030800 -1.20000 -0.43975 0.10200
108030801 -1.20000 -0.43975 0.09800
108030802 -1.20000 -0.43975 0.09400
108030803 -1.20000 -0.43975 0.09000
108030804 -1.20000 -0.43975 0.08600
108030805 -1.20000 -0.43975 0.08200
108030806 -1.20000 -0.43975 0.07800
108030807 -1.20000 -0.43975 0.07400
108030808 -1.20000 -0.43975 0.07000
108030809 -1.20000 -0.43975 0.06600
108030810 -1.20000 -0.43975 0.06200
108030811 -1.20000 -0.43975 0.05800
108030812 -1.20000 -0.43975 0.05400
108030813 -1.20000 -0.43975 0.05000
108030814 -1.20000 -0.43975 0.04600
108030815 -1.20000 -0.43975 0.04200
108030816 -1.20000 -0.43975 0.03800
108030817 -1.20000 -0.43975 0.03400
108030818 -1.20000 -0.43975 0.03000
108030819 -1.20000 -0.43975 0.02600
108030820 -1.20000 -0.43975 0.02200
108030821 -1.20000 -0.43975 0.01800
108030822 -1.20000 -0.43975 0.01400
108030823 -1.20000 -0.43975 0.01000
108030824 -1.20000 -0.43975 0.00600
108030825 -1.20000 -0.43975 0.00200
108030826 -1.20000 -0.43975 -0.00200
108030827 -1.20000 -0.43975 -0.00600
108030828 -1.20000 -0.43975 -0.01000
108030829 -1.20000 -0.43975 -0.01400
108030830 -1.20000 -0.43975 -0.01800
108030831 -1.20000 -0.43975 -0.02200
108030832 -1.20000 -0.43975 -0.02600
108030833 -1.20000 -0.43975 -0.03000
108030834 -1.20000 -0.43975 -0.03400
108030835 -1.20000 -0.43975 -0.03800
108030836 -1.20000 -0.43975 -0.04200
108030837 -1.20000 -0.43975 -0.04600
108030838 -1.20000 -0.43975 -0.05000
108030839 -1.20000 -0.43975 -0.05400
108030840 -1.20000 -0.43975 -0.05800
108030841 -1.20000 -0.43975 -0.06200
108030842 -1.20000 -0.43975 -0.06600
108030843 -1.20000 -0.43975 -0.07000
108030844 -1.20000 -0.43975 -0.07400
108030845 -1.20000 -0.43975 -0.07800
108030846 -1.20000 -0.43975 -0.08200
108030847 -1.20000 -0.43975 -0.08600
108030848 -1.20000 -0.43975 -0.09000
108030849 -1.20000 -0.43975 -0.09400
108030850 -1.20000 -0.43975 -0.09800
108030851 -1.20000 -0.43975 -0.10200
108030852 -1.20000 -0.43975 -0.10600
108030853 -1.20000 -0.43975 -0.11000
108030854 -1.20000 -0.43975 -0.11400
108030855 -1.20000 -0.43975 -0.11800
108030856 -1.20000 -0.43975 -0.12200
108030857 -1.20000 -0.43975 -0.12600
108030858 -1.20000 -0.43975 -0.13000
108030859 -1.20000 -0.43975 -0.13400
108030860 -1.20000 -0.43975 -0.13800
108030861 -1.20000 -0.43975 -0.14200
108030862 -1.20000 -0.43975 -0.14600
108030863 -1.20000 -0.43975 -0.15000
108030864 -1.20000 -0.43975 -0.15400
108030865 -1.20000 -0.43975 -0.15800
108030866 -1.20000 -0.43975 -0.16200
108030867 -1.20000 -0.43975 -0.16600
108030868 -1.20000 -0.43975 -0.17000
108030869 -1.20000 -0.43975 -0.17400
108030870 -1.20000 -0.43975 -0.17800
108030871 -1.20000 -0.43975 -0.18200
108030872 -1.20000 -0.43975 -0.18600
108030873 -1.20000 -0.43975 -0.19000
108030874 -1.20000 -0.43975 -0.19400
108030875 -1.20000 -0.43975 -0.19800
108030876 -1.20000 -0.43975 -0.20200
108030877 -1.20000 -0.43975 -0.20600
108030878 -1.20000 -0.43975 -0.21000
108030879 -1.20000 -0.43975 -0.21400
108030880 -1.20000 -0.43975 -0.21800
108030881 -1.20000 -0.43975 -0.22200
108030882 -1.20000 -0.43975 -0.22600
108030883 -1.20000 -0.43975 -0.23000
108030884 -1.20000 -0.43975 -0.23400
108030885 -1.20000 -0.43975 -0.23800
108030886 -1.20000 -0.43975 -0.24200
108030887 -1.20000 -0.43975 -0.24600
108030888 -1.20000 -0.43975 -0.25000
108030889 -1.20000 -0.43975 -0.25400
108030890 -1.20000 -0.43975 -0.25800
108030891 -1.20000 -0.43975 -0.26200
108030892 -1.20000 -0.43975 -0.26600
108030893 -1.20000 -0.43975 -0.27000
108030894 -1.20000 -0.43975 -0.27400
108030895 -1.20000 -0.43975 -0.27800
108030896 -1.20000 -0.43975 -0.28200
108030897 -1.20000 -0.43975 -0.28600
108030898 -1.20000 -0.43975 -0.29000
108030899 -1.20000 -0.43975 -0.29400
108030900 -1.20000 -0.43975 -0.29800
108030901 -1.20000 -0.42625 0.29800
108030902 -1.20000 -0.42625 0.29400
108030903 -1.20000 -0.42625 0.29000
108030904 -1.20000 -0.42625 0.28600
108030905 -1.20000 -0.42625 0.28200
108030906 -1.20000 -0.42625 0.27800
108030907 -1.20000 -0.42625 0.27400
108030908 -1.20000 -0.42625 0.27000
108030909 -1.20000 -0.42625 0.26600
108030910 -1.20000 -0.42625 0.26200
108030911 -1.20000 -0.42625 0.25800
108030912 -1.20000 -0.42625 0.25400
108030913 -1.20000 -0.42625 0.25000
108030914 -1.20000 -0.42625 0.24600
108030915 -1.20000 -0.42625 0.24200
108030916 -1.20000 -0.42625 0.23800
108030917 -1.20000 -0.42625 0.23400
108030918 -1.20000 -0.42625 0.23000
108030919 -1.20000 -0.42625 0.22600
108030920 -1.20000 -0.42625 0.22200
108030921 -1.20000 -0.42625 0.21800
108030922 -1.20000 -0.42625 0.21400
108030923 -1.20000 -0.42625 0.21000
108030924 -1.20000 -0.42625 0.20600
108030925 -1.20000 -0.42625 0.20200
108030926 -1.20000 -0.42625 0.19800
108030927 -1.20000 -0.42625 0.19400
108030928 -1.20000 -0.42625 0.19000
108030929 -1.20000 -0.42625 0.18600
108030930 -1.20000 -0.42625 0.18200
108030931 -1.20000 -0.42625 0.17800
108030932 -1.20000 -0.42625 0.17400
108030933 -1.20000 -0.42625 0.17000
108030934 -1.20000 -0.42625 0.16600
108030935 -1.20000 -0.42625 0.16200
108030936 -1.20000 -0.42625 0.15800
108030937 -1.20000 -0.42625 0.15400
108030938 -1.20000 -0.42625 0.15000
108030939 -1.20000 -0.42625 0.14600
108030940 -1.20000 -0.42625 0.14200
108030941 -1.20000 -0.42625 0.13800
108030942 -1.20000 -0.42625 0.13400
108030943 -1.20000 -0.42625 0.13000
108030944 -1.20000 -0.42625 0.12600
108030945 -1.20000 -0.42625 0.12200
108030946 -1.20000 -0.42625 0.11800
108030947 -1.20000 -0.42625 0.11400
108030948 -1.20000 -0.42625 0.11000
108030949 -1.20000 -0.42625 0.10600
108030950 -1.20000 -0.42625 0.10200
108030951 -1.20000 -0.42625 0.09800
108030952 -1.20000 -0.42625 0.09400
108030953 -1.20000 -0.42625 0.09000
108030954 -1.20000 -0.42625 0.08600
108030955 -1.20000 -0.42625 0.08200
108030956 -1.20000 -0.42625 0.07800
108030957 -1.20000 -0.42625 0.07400
108030958 -1.20000 -0.42625 0.07000
108030959 -1.20000 -0.42625 0.06600
108030960 -1.20000 -0.42625 0.06200
108030961 -1.20000 -0.42625 0.05800
108030962 -1.20000 -0.42625 0.05400
108030963 -1.20000 -0.42625 0.05000
108030964 -1.20000 -0.42625 0.04600
108030965 -1.20000 -0.42625 0.04200
108030966 -1.20000 -0.42625 0.03800
108030967 -1.20000 -0.42625 0.03400
108030968 -1.20000 -0.42625 0.03000
108030969 -1.20000 -0.42625 0.02600
108030970 -1.20000 -0.42625 0.02200
108030971 -1.20000 -0.42625 0.01800
108030972 -1.20000 -0.42625 0.01400
108030973 -1.20000 -0.42625 0.01000
108030974 -1.20000 -0.42625 0.00600
108030975 -1.20000 -0.42625 0.00200
108030976 -1.20000 -0.42625 -0.00200
108030977 -1.20000 -0.42625 -0.00600
108030978 -1.20000 -0.42625 -0.01000
108030979 -1.20000 -0.42625 -0.01400
108030980 -1.20000 -0.42625 -0.01800
108030981 -1.20000 -0.42625 -0.02200
108030982 -1.20000 -0.42625 -0.02600
108030983 -1.20000 -0.42625 -0.03000
108030984 -1.20000 -0.42625 -0.03400
108030985 -1.20000 -0.42625 -0.03800
108030986 -1.20000 -0.42625 -0.04200
108030987 -1.20000 -0.42625 -0.04600
108030988 -1.20000 -0.42625 -0.05000
108030989 -1.20000 -0.42625 -0.05400
108030990 -1.20000 -0.42625 -0.05800
108030991 -1.20000 -0.42625 -0.06200
108030992 -1.20000 -0.42625 -0.06600
108030993 -1.20000 -0.42625 -0.07000
108030994 -1.20000 -0.42625 -0.07400
108030995 -1.20000 -0.42625 -0.07800
108030996 -1.20000 -0.42625 -0.08200
108030997 -1.20000 -0.42625 -0.08600
108030998 -1.20000 -0.42625 -0.09000
108030999 -1.20000 -0.42625 -0.09400
108031000 -1.20000 -0.42625 -0.09800
108031001 -1.20000 -0.42625 -0.10200
108031002 -1.20000 -0.42625 -0.10600
108031003 -1.20000 -0.42625 -0.11000
108031004 -1.20000 -0.42625 -0.11400
108031005 -1.20000 -0.42625 -0.11800
108031006 -1.20000 -0.42625 -0.12200
108031007 -1.20000 -0.42625 -0.12600
108031008 -1.20000 -0.42625 -0.13000
108031009 -1.20000 -0.42625 -0.13400
108031010 -1.20000 -0.42625 -0.13800
108031011 -1.20000 -0.42625 -0.14200
108031012 -1.20000 -0.42625 -0.14600
108031013 -1.20000 -0.42625 -0.15000
108031014 -1.20000 -0.42625 -0.15400
108031015 -1.20000 -0.42625 -0.15800
108031016 -1.20000 -0.42625 -0.16200
108031017 -1.20000 -0.42625 -0.16600
108031018 -1.20000 -0.42625 -0.17000
108031019 -1.20000 -0.42625 -0.17400
108031020 -1.20000 -0.42625 -0.17800
108031021 -1.20000 -0.42625 -0.18200
108031022 -1.20000 -0.42625 -0.18600
108031023 -1.20000 -0.42625 -0.19000
108031024 -1.20000 -0.42625 -0.19400
108031025 -1.20000 -0.42625 -0.19800
108031026 -1.20000 -0.42625 -0.20200
108031027 -1.20000 -0.42625 -0.20600
108031028 -1.20000 -0.42625 -0.21000
108031029 -1.20000 -0.42625 -0.21400
108031030 -1.20000 -0.42625 -0.21800
108031031 -1.20000 -0.42625 -0.22200
108031032 -1.20000 -0.42625 -0.22600
108031033 -1.20000 -0.42625 -0.23000
108031034 -1.20000 -0.42625 -0.23400
108031035 -1.20000 -0.42625 -0.23800
108031036 -1.20000 -0.42625 -0.24200
108031037 -1.20000 -0.42625 -0.24600
108031038 -1.20000 -0.42625 -0.25000
108031039 -1.20000 -0.42625 -0.25400
108031040 -1.20000 -0.42625 -0.25800
108031041 -1.20000 -0.42625 -0.26200
108031042 -1.20000 -0.42625 -0.26600
108031043 -1.20000 -0.42625 -0.27000
108031044 -1.20000 -0.42625 -0.27400
108031045 -1.20000 -0.42625 -0.27800
108031046 -1.20000 -0.42625 -0.28200
108031047 -1.20000 -0.42625 -0.28600
108031048 -1.20000 -0.42625 -0.29000
108031049 -1.20000 -0.42625 -0.29400
108031050 -1.20000 -0.42625 -0.29800
108031051 -1.20000 -0.41275 0.29800
108031052 -1.20000 -0.41275 0.29400
108031053 -1.20000 -0.41275 0.29000
108031054 -1.20000 -0.41275 0.28600
108031055 -1.20000 -0.41275 0.28200
108031056 -1.20000 -0.41275 0.27800
108031057 -1.20000 -0.41275 0.27400
108031058 -1.20000 -0.41275 0.27000
108031059 -1.20000 -0.41275 0.26600
108031060 -1.20000 -0.41275 0.26200
108031061 -1.20000 -0.41275 0.25800
108031062 -1.20000 -0.41275 0.25400
108031063 -1.20000 -0.41275 0.25000
108031064 -1.20000 -0.41275 0.24600
108031065 -1.20000 -0.41275 0.24200
108031066 -1.20000 -0.41275 0.23800
108031067 -1.20000 -0.41275 0.23400
108031068 -1.20000 -0.41275 0.23000
108031069 -1.20000 -0.41275 0.22600
108031070 -1.20000 -0.41275 0.22200
108031071 -1.20000 -0.41275 0.21800
108031072 -1.20000 -0.41275 0.21400
108031073 -1.20000 -0.41275 0.21000
108031074 -1.20000 -0.41275 0.20600
108031075 -1.20000 -0.41275 0.20200
108031076 -1.20000 -0.41275 0.19800
108031077 -1.20000 -0.41275 0.19400
108031078 -1.20000 -0.41275 0.19000
108031079 -1.20000 -0.41275 0.18600
108031080 -1.20000 -0.41275 0.18200
108031081 -1.20000 -0.41275 0.17800
108031082 -1.20000 -0.41275 0.17400
108031083 -1.20000 -0.41275 0.17000
108031084 -1.20000 -0.41275 0.16600
108031085 -1.20000 -0.41275 0.16200
108031086 -1.20000 -0.41275 0.15800
108031087 -1.20000 -0.41275 0.15400
108031088 -1.20000 -0.41275 0.15000
108031089 -1.20000 -0.41275 0.14600
108031090 -1.20000 -0.41275 0.14200
108031091 -1.20000 -0.41275 0.13800
108031092 -1.20000 -0.41275 0.13400
108031093 -1.20000 -0.41275 0.13000
108031094 -1.20000 -0.41275 0.12600
108031095 -1.20000 -0.41275 0.12200
108031096 -1.20000 -0.41275 0.11800
108031097 -1.20000 -0.41275 0.11400
108031098 -1.20000 -0.41275 0.11000
108031099 -1.20000 -0.41275 0.10600
108031100 -1.20000 -0.41275 0.10200
108031101 -1.20000 -0.41275 0.09800
108031102 -1.20000 -0.41275 0.09400
108031103 -1.20000 -0.41275 0.09000
108031104 -1.20000 -0.41275 0.08600
108031105 -1.20000 -0.41275 0.08200
108031106 -1.20000 -0.41275 0.07800
108031107 -1.20000 -0.41275 0.07400
108031108 -1.20000 -0.41275 0.07000
108031109 -1.20000 -0.41275 0.06600
108031110 -1.20000 -0.41275 0.06200
108031111 -1.20000 -0.41275 0.05800
108031112 -1.20000 -0.41275 0.05400
108031113 -1.20000 -0.41275 0.05000
108031114 -1.20000 -0.41275 0.04600
108031115 -1.20000 -0.41275 0.04200
108031116 -1.20000 -0.41275 0.03800
108031117 -1.20000 -0.41275 0.03400
108031118 -1.20000 -0.41275 0.03000
108031119 -1.20000 -0.41275 0.02600
108031120 -1.20000 -0.41275 0.02200
108031121 -1.20000 -0.41275 0.01800
108031122 -1.20000 -0.41275 0.01400
108031123 -1.20000 -0.41275 0.01000
108031124 -1.20000 -0.41275 0.00600
108031125 -1.20000 -0.41275 0.00200
108031126 -1.20000 -0.41275 -0.00200
108031127 -1.20000 -0.41275 -0.00600
108031128 -1.20000 -0.41275 -0.01000
108031129 -1.20000 -0.41275 -0.01400
108031130 -1.20000 -0.41275 -0.01800
108031131 -1.20000 -0.41275 -0.02200
108031132 -1.20000 -0.41275 -0.02600
108031133 -1.20000 -0.41275 -0.03000
108031134 -1.20000 -0.41275 -0.03400
108031135 -1.20000 -0.41275 -0.03800
108031136 -1.20000 -0.41275 -0.04200
108031137 -1.20000 -0.41275 -0.04600
108031138 -1.20000 -0.41275 -0.05000
108031139 -1.20000 -0.41275 -0.05400
108031140 -1.20000 -0.41275 -0.05800
108031141 -1.20000 -0.41275 -0.06200
108031142 -1.20000 -0.41275 -0.06600
108031143 -1.20000 -0.41275 -0.07000
108031144 -1.20000 -0.41275 -0.07400
108031145 -1.20000 -0.41275 -0.07800
108031146 -1.20000 -0.41275 -0.08200
108031147 -1.20000 -0.41275 -0.08600
108031148 -1.20000 -0.41275 -0.09000
108031149 -1.20000 -0.41275 -0.09400
108031150 -1.20000 -0.41275 -0.09800
108031151 -1.20000 -0.41275 -0.10200
108031152 -1.20000 -0.41275 -0.10600
108031153 -1.20000 -0.41275 -0.11000
108031154 -1.20000 -0.41275 -0.11400
108031155 -1.20000 -0.41275 -0.11800
108031156 -1.20000 -0.41275 -0.12200
108031157 -1.20000 -0.41275 -0.12600
108031158 -1.20000 -0.41275 -0.13000
108031159 -1.20000 -0.41275 -0.13400
108031160 -1.20000 -0.41275 -0.13800
108031161 -1.20000 -0.41275 -0.14200
108031162 -1.20000 -0.41275 -0.14600
108031163 -1.20000 -0.41275 -0.15000
108031164 -1.20000 -0.41275 -0.15400
108031165 -1.20000 -0.41275 -0.15800
108031166 -1.20000 -0.41275 -0.16200
108031167 -1.20000 -0.41275 -0.16600
108031168 -1.20000 -0.41275 -0.17000
108031169 -1.20000 -0.41275 -0.17400
108031170 -1.20000 -0.41275 -0.17800
108031171 -1.20000 -0.41275 -0.18200
108031172 -1.20000 -0.41275 -0.18600
108031173 -1.20000 -0.41275 -0.19000
108031174 -1.20000 -0.41275 -0.19400
108031175 -1.20000 -0.41275 -0.19800
108031176 -1.20000 -0.41275 -0.20200
108031177 -1.20000 -0.41275 -0.20600
108031178 -1.20000 -0.41275 -0.21000
108031179 -1.20000 -0.41275 -0.21400
108031180 -1.20000 -0.41275 -0.21800
108031181 -1.20000 -0.41275 -0.22200
108031182 -1.20000 -0.41275 -0.22600
108031183 -1.20000 -0.41275 -0.23000
108031184 -1.20000 -0.41275 -0.23400
108031185 -1.20000 -0.41275 -0.23800
108031186 -1.20000 -0.41275 -0.24200
108031187 -1.20000 -0.41275 -0.24600
108031188 -1.20000 -0.41275 -0.25000
108031189 -1.20000 -0.41275 -0.25400
108031190 -1.20000 -0.41275 -0.25800
108031191 -1.20000 -0.41275 -0.26200
108031192 -1.20000 -0.41275 -0.26600
108031193 -1.20000 -0.41275 -0.27000
108031194 -1.20000 -0.41275 -0.27400
108031195 -1.20000 -0.41275 -0.27800
108031196 -1.20000 -0.41275 -0.28200
108031197 -1.20000 -0.41275 -0.28600
108031198 -1.20000 -0.41275 -0.29000
108031199 -1.20000 -0.41275 -0.29400
108031200 -1.20000 -0.41275 -0.29800
