# pixelID  x  y  z
104070001 -0.56031 0.50200 -2.00000
104070002 -0.56031 0.50600 -2.00000
104070003 -0.56031 0.51000 -2.00000
104070004 -0.56031 0.51400 -2.00000
104070005 -0.56031 0.51800 -2.00000
104070006 -0.56031 0.52200 -2.00000
104070007 -0.56031 0.52600 -2.00000
104070008 -0.56031 0.53000 -2.00000
104070009 -0.56031 0.53400 -2.00000
104070010 -0.56031 0.53800 -2.00000
104070011 -0.56031 0.54200 -2.00000
104070012 -0.56031 0.54600 -2.00000
104070013 -0.56031 0.55000 -2.00000
104070014 -0.56031 0.55400 -2.00000
104070015 -0.56031 0.55800 -2.00000
104070016 -0.56031 0.56200 -2.00000
104070017 -0.56031 0.56600 -2.00000
104070018 -0.56031 0.57000 -2.00000
104070019 -0.56031 0.57400 -2.00000
104070020 -0.56031 0.57800 -2.00000
104070021 -0.56031 0.58200 -2.00000
104070022 -0.56031 0.58600 -2.00000
104070023 -0.56031 0.59000 -2.00000
104070024 -0.56031 0.59400 -2.00000
104070025 -0.56031 0.59800 -2.00000
104070026 -0.56031 0.60200 -2.00000
104070027 -0.56031 0.60600 -2.00000
104070028 -0.56031 0.61000 -2.00000
104070029 -0.56031 0.61400 -2.00000
104070030 -0.56031 0.61800 -2.00000
104070031 -0.56031 0.62200 -2.00000
104070032 -0.56031 0.62600 -2.00000
104070033 -0.56031 0.63000 -2.00000
104070034 -0.56031 0.63400 -2.00000
104070035 -0.56031 0.63800 -2.00000
104070036 -0.56031 0.64200 -2.00000
104070037 -0.56031 0.64600 -2.00000
104070038 -0.56031 0.65000 -2.00000
104070039 -0.56031 0.65400 -2.00000
104070040 -0.56031 0.65800 -2.00000
104070041 -0.56031 0.66200 -2.00000
104070042 -0.56031 0.66600 -2.00000
104070043 -0.56031 0.67000 -2.00000
104070044 -0.56031 0.67400 -2.00000
104070045 -0.56031 0.67800 -2.00000
104070046 -0.56031 0.68200 -2.00000
104070047 -0.56031 0.68600 -2.00000
104070048 -0.56031 0.69000 -2.00000
104070049 -0.56031 0.69400 -2.00000
104070050 -0.56031 0.69800 -2.00000
104070051 -0.56031 0.70200 -2.00000
104070052 -0.56031 0.70600 -2.00000
104070053 -0.56031 0.71000 -2.00000
104070054 -0.56031 0.71400 -2.00000
104070055 -0.56031 0.71800 -2.00000
104070056 -0.56031 0.72200 -2.00000
104070057 -0.56031 0.72600 -2.00000
104070058 -0.56031 0.73000 -2.00000
104070059 -0.56031 0.73400 -2.00000
104070060 -0.56031 0.73800 -2.00000
104070061 -0.56031 0.74200 -2.00000
104070062 -0.56031 0.74600 -2.00000
104070063 -0.56031 0.75000 -2.00000
104070064 -0.56031 0.75400 -2.00000
104070065 -0.56031 0.75800 -2.00000
104070066 -0.56031 0.76200 -2.00000
104070067 -0.56031 0.76600 -2.00000
104070068 -0.56031 0.77000 -2.00000
104070069 -0.56031 0.77400 -2.00000
104070070 -0.56031 0.77800 -2.00000
104070071 -0.56031 0.78200 -2.00000
104070072 -0.56031 0.78600 -2.00000
104070073 -0.56031 0.79000 -2.00000
104070074 -0.56031 0.79400 -2.00000
104070075 -0.56031 0.79800 -2.00000
104070076 -0.56031 0.80200 -2.00000
104070077 -0.56031 0.80600 -2.00000
104070078 -0.56031 0.81000 -2.00000
104070079 -0.56031 0.81400 -2.00000
104070080 -0.56031 0.81800 -2.00000
104070081 -0.56031 0.82200 -2.00000
104070082 -0.56031 0.82600 -2.00000
104070083 -0.56031 0.83000 -2.00000
104070084 -0.56031 0.83400 -2.00000
104070085 -0.56031 0.83800 -2.00000
104070086 -0.56031 0.84200 -2.00000
104070087 -0.56031 0.84600 -2.00000
104070088 -0.56031 0.85000 -2.00000
104070089 -0.56031 0.85400 -2.00000
104070090 -0.56031 0.85800 -2.00000
104070091 -0.56031 0.86200 -2.00000
104070092 -0.56031 0.86600 -2.00000
104070093 -0.56031 0.87000 -2.00000
104070094 -0.56031 0.87400 -2.00000
104070095 -0.56031 0.87800 -2.00000
104070096 -0.56031 0.88200 -2.00000
104070097 -0.56031 0.88600 -2.00000
104070098 -0.56031 0.89000 -2.00000
104070099 -0.56031 0.89400 -2.00000
104070100 -0.56031 0.89800 -2.00000
104070101 -0.56031 0.90200 -2.00000
104070102 -0.56031 0.90600 -2.00000
104070103 -0.56031 0.91000 -2.00000
104070104 -0.56031 0.91400 -2.00000
104070105 -0.56031 0.91800 -2.00000
104070106 -0.56031 0.92200 -2.00000
104070107 -0.56031 0.92600 -2.00000
104070108 -0.56031 0.93000 -2.00000
104070109 -0.56031 0.93400 -2.00000
104070110 -0.56031 0.93800 -2.00000
104070111 -0.56031 0.94200 -2.00000
104070112 -0.56031 0.94600 -2.00000
104070113 -0.56031 0.95000 -2.00000
104070114 -0.56031 0.95400 -2.00000
104070115 -0.56031 0.95800 -2.00000
104070116 -0.56031 0.96200 -2.00000
104070117 -0.56031 0.96600 -2.00000
104070118 -0.56031 0.97000 -2.00000
104070119 -0.56031 0.97400 -2.00000
104070120 -0.56031 0.97800 -2.00000
104070121 -0.56031 0.98200 -2.00000
104070122 -0.56031 0.98600 -2.00000
104070123 -0.56031 0.99000 -2.00000
104070124 -0.56031 0.99400 -2.00000
104070125 -0.56031 0.99800 -2.00000
104070126 -0.56031 1.00200 -2.00000
104070127 -0.56031 1.00600 -2.00000
104070128 -0.56031 1.01000 -2.00000
104070129 -0.56031 1.01400 -2.00000
104070130 -0.56031 1.01800 -2.00000
104070131 -0.56031 1.02200 -2.00000
104070132 -0.56031 1.02600 -2.00000
104070133 -0.56031 1.03000 -2.00000
104070134 -0.56031 1.03400 -2.00000
104070135 -0.56031 1.03800 -2.00000
104070136 -0.56031 1.04200 -2.00000
104070137 -0.56031 1.04600 -2.00000
104070138 -0.56031 1.05000 -2.00000
104070139 -0.56031 1.05400 -2.00000
104070140 -0.56031 1.05800 -2.00000
104070141 -0.56031 1.06200 -2.00000
104070142 -0.56031 1.06600 -2.00000
104070143 -0.56031 1.07000 -2.00000
104070144 -0.56031 1.07400 -2.00000
104070145 -0.56031 1.07800 -2.00000
104070146 -0.56031 1.08200 -2.00000
104070147 -0.56031 1.08600 -2.00000
104070148 -0.56031 1.09000 -2.00000
104070149 -0.56031 1.09400 -2.00000
104070150 -0.56031 1.09800 -2.00000
104070151 -0.55181 0.50200 -2.00000
104070152 -0.55181 0.50600 -2.00000
104070153 -0.55181 0.51000 -2.00000
104070154 -0.55181 0.51400 -2.00000
104070155 -0.55181 0.51800 -2.00000
104070156 -0.55181 0.52200 -2.00000
104070157 -0.55181 0.52600 -2.00000
104070158 -0.55181 0.53000 -2.00000
104070159 -0.55181 0.53400 -2.00000
104070160 -0.55181 0.53800 -2.00000
104070161 -0.55181 0.54200 -2.00000
104070162 -0.55181 0.54600 -2.00000
104070163 -0.55181 0.55000 -2.00000
104070164 -0.55181 0.55400 -2.00000
104070165 -0.55181 0.55800 -2.00000
104070166 -0.55181 0.56200 -2.00000
104070167 -0.55181 0.56600 -2.00000
104070168 -0.55181 0.57000 -2.00000
104070169 -0.55181 0.57400 -2.00000
104070170 -0.55181 0.57800 -2.00000
104070171 -0.55181 0.58200 -2.00000
104070172 -0.55181 0.58600 -2.00000
104070173 -0.55181 0.59000 -2.00000
104070174 -0.55181 0.59400 -2.00000
104070175 -0.55181 0.59800 -2.00000
104070176 -0.55181 0.60200 -2.00000
104070177 -0.55181 0.60600 -2.00000
104070178 -0.55181 0.61000 -2.00000
104070179 -0.55181 0.61400 -2.00000
104070180 -0.55181 0.61800 -2.00000
104070181 -0.55181 0.62200 -2.00000
104070182 -0.55181 0.62600 -2.00000
104070183 -0.55181 0.63000 -2.00000
104070184 -0.55181 0.63400 -2.00000
104070185 -0.55181 0.63800 -2.00000
104070186 -0.55181 0.64200 -2.00000
104070187 -0.55181 0.64600 -2.00000
104070188 -0.55181 0.65000 -2.00000
104070189 -0.55181 0.65400 -2.00000
104070190 -0.55181 0.65800 -2.00000
104070191 -0.55181 0.66200 -2.00000
104070192 -0.55181 0.66600 -2.00000
104070193 -0.55181 0.67000 -2.00000
104070194 -0.55181 0.67400 -2.00000
104070195 -0.55181 0.67800 -2.00000
104070196 -0.55181 0.68200 -2.00000
104070197 -0.55181 0.68600 -2.00000
104070198 -0.55181 0.69000 -2.00000
104070199 -0.55181 0.69400 -2.00000
104070200 -0.55181 0.69800 -2.00000
104070201 -0.55181 0.70200 -2.00000
104070202 -0.55181 0.70600 -2.00000
104070203 -0.55181 0.71000 -2.00000
104070204 -0.55181 0.71400 -2.00000
104070205 -0.55181 0.71800 -2.00000
104070206 -0.55181 0.72200 -2.00000
104070207 -0.55181 0.72600 -2.00000
104070208 -0.55181 0.73000 -2.00000
104070209 -0.55181 0.73400 -2.00000
104070210 -0.55181 0.73800 -2.00000
104070211 -0.55181 0.74200 -2.00000
104070212 -0.55181 0.74600 -2.00000
104070213 -0.55181 0.75000 -2.00000
104070214 -0.55181 0.75400 -2.00000
104070215 -0.55181 0.75800 -2.00000
104070216 -0.55181 0.76200 -2.00000
104070217 -0.55181 0.76600 -2.00000
104070218 -0.55181 0.77000 -2.00000
104070219 -0.55181 0.77400 -2.00000
104070220 -0.55181 0.77800 -2.00000
104070221 -0.55181 0.78200 -2.00000
104070222 -0.55181 0.78600 -2.00000
104070223 -0.55181 0.79000 -2.00000
104070224 -0.55181 0.79400 -2.00000
104070225 -0.55181 0.79800 -2.00000
104070226 -0.55181 0.80200 -2.00000
104070227 -0.55181 0.80600 -2.00000
104070228 -0.55181 0.81000 -2.00000
104070229 -0.55181 0.81400 -2.00000
104070230 -0.55181 0.81800 -2.00000
104070231 -0.55181 0.82200 -2.00000
104070232 -0.55181 0.82600 -2.00000
104070233 -0.55181 0.83000 -2.00000
104070234 -0.55181 0.83400 -2.00000
104070235 -0.55181 0.83800 -2.00000
104070236 -0.55181 0.84200 -2.00000
104070237 -0.55181 0.84600 -2.00000
104070238 -0.55181 0.85000 -2.00000
104070239 -0.55181 0.85400 -2.00000
104070240 -0.55181 0.85800 -2.00000
104070241 -0.55181 0.86200 -2.00000
104070242 -0.55181 0.86600 -2.00000
104070243 -0.55181 0.87000 -2.00000
104070244 -0.55181 0.87400 -2.00000
104070245 -0.55181 0.87800 -2.00000
104070246 -0.55181 0.88200 -2.00000
104070247 -0.55181 0.88600 -2.00000
104070248 -0.55181 0.89000 -2.00000
104070249 -0.55181 0.89400 -2.00000
104070250 -0.55181 0.89800 -2.00000
104070251 -0.55181 0.90200 -2.00000
104070252 -0.55181 0.90600 -2.00000
104070253 -0.55181 0.91000 -2.00000
104070254 -0.55181 0.91400 -2.00000
104070255 -0.55181 0.91800 -2.00000
104070256 -0.55181 0.92200 -2.00000
104070257 -0.55181 0.92600 -2.00000
104070258 -0.55181 0.93000 -2.00000
104070259 -0.55181 0.93400 -2.00000
104070260 -0.55181 0.93800 -2.00000
104070261 -0.55181 0.94200 -2.00000
104070262 -0.55181 0.94600 -2.00000
104070263 -0.55181 0.95000 -2.00000
104070264 -0.55181 0.95400 -2.00000
104070265 -0.55181 0.95800 -2.00000
104070266 -0.55181 0.96200 -2.00000
104070267 -0.55181 0.96600 -2.00000
104070268 -0.55181 0.97000 -2.00000
104070269 -0.55181 0.97400 -2.00000
104070270 -0.55181 0.97800 -2.00000
104070271 -0.55181 0.98200 -2.00000
104070272 -0.55181 0.98600 -2.00000
104070273 -0.55181 0.99000 -2.00000
104070274 -0.55181 0.99400 -2.00000
104070275 -0.55181 0.99800 -2.00000
104070276 -0.55181 1.00200 -2.00000
104070277 -0.55181 1.00600 -2.00000
104070278 -0.55181 1.01000 -2.00000
104070279 -0.55181 1.01400 -2.00000
104070280 -0.55181 1.01800 -2.00000
104070281 -0.55181 1.02200 -2.00000
104070282 -0.55181 1.02600 -2.00000
104070283 -0.55181 1.03000 -2.00000
104070284 -0.55181 1.03400 -2.00000
104070285 -0.55181 1.03800 -2.00000
104070286 -0.55181 1.04200 -2.00000
104070287 -0.55181 1.04600 -2.00000
104070288 -0.55181 1.05000 -2.00000
104070289 -0.55181 1.05400 -2.00000
104070290 -0.55181 1.05800 -2.00000
104070291 -0.55181 1.06200 -2.00000
104070292 -0.55181 1.06600 -2.00000
104070293 -0.55181 1.07000 -2.00000
104070294 -0.55181 1.07400 -2.00000
104070295 -0.55181 1.07800 -2.00000
104070296 -0.55181 1.08200 -2.00000
104070297 -0.55181 1.08600 -2.00000
104070298 -0.55181 1.09000 -2.00000
104070299 -0.55181 1.09400 -2.00000
104070300 -0.55181 1.09800 -2.00000
104070301 -0.54331 0.50200 -2.00000
104070302 -0.54331 0.50600 -2.00000
104070303 -0.54331 0.51000 -2.00000
104070304 -0.54331 0.51400 -2.00000
104070305 -0.54331 0.51800 -2.00000
104070306 -0.54331 0.52200 -2.00000
104070307 -0.54331 0.52600 -2.00000
104070308 -0.54331 0.53000 -2.00000
104070309 -0.54331 0.53400 -2.00000
104070310 -0.54331 0.53800 -2.00000
104070311 -0.54331 0.54200 -2.00000
104070312 -0.54331 0.54600 -2.00000
104070313 -0.54331 0.55000 -2.00000
104070314 -0.54331 0.55400 -2.00000
104070315 -0.54331 0.55800 -2.00000
104070316 -0.54331 0.56200 -2.00000
104070317 -0.54331 0.56600 -2.00000
104070318 -0.54331 0.57000 -2.00000
104070319 -0.54331 0.57400 -2.00000
104070320 -0.54331 0.57800 -2.00000
104070321 -0.54331 0.58200 -2.00000
104070322 -0.54331 0.58600 -2.00000
104070323 -0.54331 0.59000 -2.00000
104070324 -0.54331 0.59400 -2.00000
104070325 -0.54331 0.59800 -2.00000
104070326 -0.54331 0.60200 -2.00000
104070327 -0.54331 0.60600 -2.00000
104070328 -0.54331 0.61000 -2.00000
104070329 -0.54331 0.61400 -2.00000
104070330 -0.54331 0.61800 -2.00000
104070331 -0.54331 0.62200 -2.00000
104070332 -0.54331 0.62600 -2.00000
104070333 -0.54331 0.63000 -2.00000
104070334 -0.54331 0.63400 -2.00000
104070335 -0.54331 0.63800 -2.00000
104070336 -0.54331 0.64200 -2.00000
104070337 -0.54331 0.64600 -2.00000
104070338 -0.54331 0.65000 -2.00000
104070339 -0.54331 0.65400 -2.00000
104070340 -0.54331 0.65800 -2.00000
104070341 -0.54331 0.66200 -2.00000
104070342 -0.54331 0.66600 -2.00000
104070343 -0.54331 0.67000 -2.00000
104070344 -0.54331 0.67400 -2.00000
104070345 -0.54331 0.67800 -2.00000
104070346 -0.54331 0.68200 -2.00000
104070347 -0.54331 0.68600 -2.00000
104070348 -0.54331 0.69000 -2.00000
104070349 -0.54331 0.69400 -2.00000
104070350 -0.54331 0.69800 -2.00000
104070351 -0.54331 0.70200 -2.00000
104070352 -0.54331 0.70600 -2.00000
104070353 -0.54331 0.71000 -2.00000
104070354 -0.54331 0.71400 -2.00000
104070355 -0.54331 0.71800 -2.00000
104070356 -0.54331 0.72200 -2.00000
104070357 -0.54331 0.72600 -2.00000
104070358 -0.54331 0.73000 -2.00000
104070359 -0.54331 0.73400 -2.00000
104070360 -0.54331 0.73800 -2.00000
104070361 -0.54331 0.74200 -2.00000
104070362 -0.54331 0.74600 -2.00000
104070363 -0.54331 0.75000 -2.00000
104070364 -0.54331 0.75400 -2.00000
104070365 -0.54331 0.75800 -2.00000
104070366 -0.54331 0.76200 -2.00000
104070367 -0.54331 0.76600 -2.00000
104070368 -0.54331 0.77000 -2.00000
104070369 -0.54331 0.77400 -2.00000
104070370 -0.54331 0.77800 -2.00000
104070371 -0.54331 0.78200 -2.00000
104070372 -0.54331 0.78600 -2.00000
104070373 -0.54331 0.79000 -2.00000
104070374 -0.54331 0.79400 -2.00000
104070375 -0.54331 0.79800 -2.00000
104070376 -0.54331 0.80200 -2.00000
104070377 -0.54331 0.80600 -2.00000
104070378 -0.54331 0.81000 -2.00000
104070379 -0.54331 0.81400 -2.00000
104070380 -0.54331 0.81800 -2.00000
104070381 -0.54331 0.82200 -2.00000
104070382 -0.54331 0.82600 -2.00000
104070383 -0.54331 0.83000 -2.00000
104070384 -0.54331 0.83400 -2.00000
104070385 -0.54331 0.83800 -2.00000
104070386 -0.54331 0.84200 -2.00000
104070387 -0.54331 0.84600 -2.00000
104070388 -0.54331 0.85000 -2.00000
104070389 -0.54331 0.85400 -2.00000
104070390 -0.54331 0.85800 -2.00000
104070391 -0.54331 0.86200 -2.00000
104070392 -0.54331 0.86600 -2.00000
104070393 -0.54331 0.87000 -2.00000
104070394 -0.54331 0.87400 -2.00000
104070395 -0.54331 0.87800 -2.00000
104070396 -0.54331 0.88200 -2.00000
104070397 -0.54331 0.88600 -2.00000
104070398 -0.54331 0.89000 -2.00000
104070399 -0.54331 0.89400 -2.00000
104070400 -0.54331 0.89800 -2.00000
104070401 -0.54331 0.90200 -2.00000
104070402 -0.54331 0.90600 -2.00000
104070403 -0.54331 0.91000 -2.00000
104070404 -0.54331 0.91400 -2.00000
104070405 -0.54331 0.91800 -2.00000
104070406 -0.54331 0.92200 -2.00000
104070407 -0.54331 0.92600 -2.00000
104070408 -0.54331 0.93000 -2.00000
104070409 -0.54331 0.93400 -2.00000
104070410 -0.54331 0.93800 -2.00000
104070411 -0.54331 0.94200 -2.00000
104070412 -0.54331 0.94600 -2.00000
104070413 -0.54331 0.95000 -2.00000
104070414 -0.54331 0.95400 -2.00000
104070415 -0.54331 0.95800 -2.00000
104070416 -0.54331 0.96200 -2.00000
104070417 -0.54331 0.96600 -2.00000
104070418 -0.54331 0.97000 -2.00000
104070419 -0.54331 0.97400 -2.00000
104070420 -0.54331 0.97800 -2.00000
104070421 -0.54331 0.98200 -2.00000
104070422 -0.54331 0.98600 -2.00000
104070423 -0.54331 0.99000 -2.00000
104070424 -0.54331 0.99400 -2.00000
104070425 -0.54331 0.99800 -2.00000
104070426 -0.54331 1.00200 -2.00000
104070427 -0.54331 1.00600 -2.00000
104070428 -0.54331 1.01000 -2.00000
104070429 -0.54331 1.01400 -2.00000
104070430 -0.54331 1.01800 -2.00000
104070431 -0.54331 1.02200 -2.00000
104070432 -0.54331 1.02600 -2.00000
104070433 -0.54331 1.03000 -2.00000
104070434 -0.54331 1.03400 -2.00000
104070435 -0.54331 1.03800 -2.00000
104070436 -0.54331 1.04200 -2.00000
104070437 -0.54331 1.04600 -2.00000
104070438 -0.54331 1.05000 -2.00000
104070439 -0.54331 1.05400 -2.00000
104070440 -0.54331 1.05800 -2.00000
104070441 -0.54331 1.06200 -2.00000
104070442 -0.54331 1.06600 -2.00000
104070443 -0.54331 1.07000 -2.00000
104070444 -0.54331 1.07400 -2.00000
104070445 -0.54331 1.07800 -2.00000
104070446 -0.54331 1.08200 -2.00000
104070447 -0.54331 1.08600 -2.00000
104070448 -0.54331 1.09000 -2.00000
104070449 -0.54331 1.09400 -2.00000
104070450 -0.54331 1.09800 -2.00000
104070451 -0.53481 0.50200 -2.00000
104070452 -0.53481 0.50600 -2.00000
104070453 -0.53481 0.51000 -2.00000
104070454 -0.53481 0.51400 -2.00000
104070455 -0.53481 0.51800 -2.00000
104070456 -0.53481 0.52200 -2.00000
104070457 -0.53481 0.52600 -2.00000
104070458 -0.53481 0.53000 -2.00000
104070459 -0.53481 0.53400 -2.00000
104070460 -0.53481 0.53800 -2.00000
104070461 -0.53481 0.54200 -2.00000
104070462 -0.53481 0.54600 -2.00000
104070463 -0.53481 0.55000 -2.00000
104070464 -0.53481 0.55400 -2.00000
104070465 -0.53481 0.55800 -2.00000
104070466 -0.53481 0.56200 -2.00000
104070467 -0.53481 0.56600 -2.00000
104070468 -0.53481 0.57000 -2.00000
104070469 -0.53481 0.57400 -2.00000
104070470 -0.53481 0.57800 -2.00000
104070471 -0.53481 0.58200 -2.00000
104070472 -0.53481 0.58600 -2.00000
104070473 -0.53481 0.59000 -2.00000
104070474 -0.53481 0.59400 -2.00000
104070475 -0.53481 0.59800 -2.00000
104070476 -0.53481 0.60200 -2.00000
104070477 -0.53481 0.60600 -2.00000
104070478 -0.53481 0.61000 -2.00000
104070479 -0.53481 0.61400 -2.00000
104070480 -0.53481 0.61800 -2.00000
104070481 -0.53481 0.62200 -2.00000
104070482 -0.53481 0.62600 -2.00000
104070483 -0.53481 0.63000 -2.00000
104070484 -0.53481 0.63400 -2.00000
104070485 -0.53481 0.63800 -2.00000
104070486 -0.53481 0.64200 -2.00000
104070487 -0.53481 0.64600 -2.00000
104070488 -0.53481 0.65000 -2.00000
104070489 -0.53481 0.65400 -2.00000
104070490 -0.53481 0.65800 -2.00000
104070491 -0.53481 0.66200 -2.00000
104070492 -0.53481 0.66600 -2.00000
104070493 -0.53481 0.67000 -2.00000
104070494 -0.53481 0.67400 -2.00000
104070495 -0.53481 0.67800 -2.00000
104070496 -0.53481 0.68200 -2.00000
104070497 -0.53481 0.68600 -2.00000
104070498 -0.53481 0.69000 -2.00000
104070499 -0.53481 0.69400 -2.00000
104070500 -0.53481 0.69800 -2.00000
104070501 -0.53481 0.70200 -2.00000
104070502 -0.53481 0.70600 -2.00000
104070503 -0.53481 0.71000 -2.00000
104070504 -0.53481 0.71400 -2.00000
104070505 -0.53481 0.71800 -2.00000
104070506 -0.53481 0.72200 -2.00000
104070507 -0.53481 0.72600 -2.00000
104070508 -0.53481 0.73000 -2.00000
104070509 -0.53481 0.73400 -2.00000
104070510 -0.53481 0.73800 -2.00000
104070511 -0.53481 0.74200 -2.00000
104070512 -0.53481 0.74600 -2.00000
104070513 -0.53481 0.75000 -2.00000
104070514 -0.53481 0.75400 -2.00000
104070515 -0.53481 0.75800 -2.00000
104070516 -0.53481 0.76200 -2.00000
104070517 -0.53481 0.76600 -2.00000
104070518 -0.53481 0.77000 -2.00000
104070519 -0.53481 0.77400 -2.00000
104070520 -0.53481 0.77800 -2.00000
104070521 -0.53481 0.78200 -2.00000
104070522 -0.53481 0.78600 -2.00000
104070523 -0.53481 0.79000 -2.00000
104070524 -0.53481 0.79400 -2.00000
104070525 -0.53481 0.79800 -2.00000
104070526 -0.53481 0.80200 -2.00000
104070527 -0.53481 0.80600 -2.00000
104070528 -0.53481 0.81000 -2.00000
104070529 -0.53481 0.81400 -2.00000
104070530 -0.53481 0.81800 -2.00000
104070531 -0.53481 0.82200 -2.00000
104070532 -0.53481 0.82600 -2.00000
104070533 -0.53481 0.83000 -2.00000
104070534 -0.53481 0.83400 -2.00000
104070535 -0.53481 0.83800 -2.00000
104070536 -0.53481 0.84200 -2.00000
104070537 -0.53481 0.84600 -2.00000
104070538 -0.53481 0.85000 -2.00000
104070539 -0.53481 0.85400 -2.00000
104070540 -0.53481 0.85800 -2.00000
104070541 -0.53481 0.86200 -2.00000
104070542 -0.53481 0.86600 -2.00000
104070543 -0.53481 0.87000 -2.00000
104070544 -0.53481 0.87400 -2.00000
104070545 -0.53481 0.87800 -2.00000
104070546 -0.53481 0.88200 -2.00000
104070547 -0.53481 0.88600 -2.00000
104070548 -0.53481 0.89000 -2.00000
104070549 -0.53481 0.89400 -2.00000
104070550 -0.53481 0.89800 -2.00000
104070551 -0.53481 0.90200 -2.00000
104070552 -0.53481 0.90600 -2.00000
104070553 -0.53481 0.91000 -2.00000
104070554 -0.53481 0.91400 -2.00000
104070555 -0.53481 0.91800 -2.00000
104070556 -0.53481 0.92200 -2.00000
104070557 -0.53481 0.92600 -2.00000
104070558 -0.53481 0.93000 -2.00000
104070559 -0.53481 0.93400 -2.00000
104070560 -0.53481 0.93800 -2.00000
104070561 -0.53481 0.94200 -2.00000
104070562 -0.53481 0.94600 -2.00000
104070563 -0.53481 0.95000 -2.00000
104070564 -0.53481 0.95400 -2.00000
104070565 -0.53481 0.95800 -2.00000
104070566 -0.53481 0.96200 -2.00000
104070567 -0.53481 0.96600 -2.00000
104070568 -0.53481 0.97000 -2.00000
104070569 -0.53481 0.97400 -2.00000
104070570 -0.53481 0.97800 -2.00000
104070571 -0.53481 0.98200 -2.00000
104070572 -0.53481 0.98600 -2.00000
104070573 -0.53481 0.99000 -2.00000
104070574 -0.53481 0.99400 -2.00000
104070575 -0.53481 0.99800 -2.00000
104070576 -0.53481 1.00200 -2.00000
104070577 -0.53481 1.00600 -2.00000
104070578 -0.53481 1.01000 -2.00000
104070579 -0.53481 1.01400 -2.00000
104070580 -0.53481 1.01800 -2.00000
104070581 -0.53481 1.02200 -2.00000
104070582 -0.53481 1.02600 -2.00000
104070583 -0.53481 1.03000 -2.00000
104070584 -0.53481 1.03400 -2.00000
104070585 -0.53481 1.03800 -2.00000
104070586 -0.53481 1.04200 -2.00000
104070587 -0.53481 1.04600 -2.00000
104070588 -0.53481 1.05000 -2.00000
104070589 -0.53481 1.05400 -2.00000
104070590 -0.53481 1.05800 -2.00000
104070591 -0.53481 1.06200 -2.00000
104070592 -0.53481 1.06600 -2.00000
104070593 -0.53481 1.07000 -2.00000
104070594 -0.53481 1.07400 -2.00000
104070595 -0.53481 1.07800 -2.00000
104070596 -0.53481 1.08200 -2.00000
104070597 -0.53481 1.08600 -2.00000
104070598 -0.53481 1.09000 -2.00000
104070599 -0.53481 1.09400 -2.00000
104070600 -0.53481 1.09800 -2.00000
104070601 -0.52631 0.50200 -2.00000
104070602 -0.52631 0.50600 -2.00000
104070603 -0.52631 0.51000 -2.00000
104070604 -0.52631 0.51400 -2.00000
104070605 -0.52631 0.51800 -2.00000
104070606 -0.52631 0.52200 -2.00000
104070607 -0.52631 0.52600 -2.00000
104070608 -0.52631 0.53000 -2.00000
104070609 -0.52631 0.53400 -2.00000
104070610 -0.52631 0.53800 -2.00000
104070611 -0.52631 0.54200 -2.00000
104070612 -0.52631 0.54600 -2.00000
104070613 -0.52631 0.55000 -2.00000
104070614 -0.52631 0.55400 -2.00000
104070615 -0.52631 0.55800 -2.00000
104070616 -0.52631 0.56200 -2.00000
104070617 -0.52631 0.56600 -2.00000
104070618 -0.52631 0.57000 -2.00000
104070619 -0.52631 0.57400 -2.00000
104070620 -0.52631 0.57800 -2.00000
104070621 -0.52631 0.58200 -2.00000
104070622 -0.52631 0.58600 -2.00000
104070623 -0.52631 0.59000 -2.00000
104070624 -0.52631 0.59400 -2.00000
104070625 -0.52631 0.59800 -2.00000
104070626 -0.52631 0.60200 -2.00000
104070627 -0.52631 0.60600 -2.00000
104070628 -0.52631 0.61000 -2.00000
104070629 -0.52631 0.61400 -2.00000
104070630 -0.52631 0.61800 -2.00000
104070631 -0.52631 0.62200 -2.00000
104070632 -0.52631 0.62600 -2.00000
104070633 -0.52631 0.63000 -2.00000
104070634 -0.52631 0.63400 -2.00000
104070635 -0.52631 0.63800 -2.00000
104070636 -0.52631 0.64200 -2.00000
104070637 -0.52631 0.64600 -2.00000
104070638 -0.52631 0.65000 -2.00000
104070639 -0.52631 0.65400 -2.00000
104070640 -0.52631 0.65800 -2.00000
104070641 -0.52631 0.66200 -2.00000
104070642 -0.52631 0.66600 -2.00000
104070643 -0.52631 0.67000 -2.00000
104070644 -0.52631 0.67400 -2.00000
104070645 -0.52631 0.67800 -2.00000
104070646 -0.52631 0.68200 -2.00000
104070647 -0.52631 0.68600 -2.00000
104070648 -0.52631 0.69000 -2.00000
104070649 -0.52631 0.69400 -2.00000
104070650 -0.52631 0.69800 -2.00000
104070651 -0.52631 0.70200 -2.00000
104070652 -0.52631 0.70600 -2.00000
104070653 -0.52631 0.71000 -2.00000
104070654 -0.52631 0.71400 -2.00000
104070655 -0.52631 0.71800 -2.00000
104070656 -0.52631 0.72200 -2.00000
104070657 -0.52631 0.72600 -2.00000
104070658 -0.52631 0.73000 -2.00000
104070659 -0.52631 0.73400 -2.00000
104070660 -0.52631 0.73800 -2.00000
104070661 -0.52631 0.74200 -2.00000
104070662 -0.52631 0.74600 -2.00000
104070663 -0.52631 0.75000 -2.00000
104070664 -0.52631 0.75400 -2.00000
104070665 -0.52631 0.75800 -2.00000
104070666 -0.52631 0.76200 -2.00000
104070667 -0.52631 0.76600 -2.00000
104070668 -0.52631 0.77000 -2.00000
104070669 -0.52631 0.77400 -2.00000
104070670 -0.52631 0.77800 -2.00000
104070671 -0.52631 0.78200 -2.00000
104070672 -0.52631 0.78600 -2.00000
104070673 -0.52631 0.79000 -2.00000
104070674 -0.52631 0.79400 -2.00000
104070675 -0.52631 0.79800 -2.00000
104070676 -0.52631 0.80200 -2.00000
104070677 -0.52631 0.80600 -2.00000
104070678 -0.52631 0.81000 -2.00000
104070679 -0.52631 0.81400 -2.00000
104070680 -0.52631 0.81800 -2.00000
104070681 -0.52631 0.82200 -2.00000
104070682 -0.52631 0.82600 -2.00000
104070683 -0.52631 0.83000 -2.00000
104070684 -0.52631 0.83400 -2.00000
104070685 -0.52631 0.83800 -2.00000
104070686 -0.52631 0.84200 -2.00000
104070687 -0.52631 0.84600 -2.00000
104070688 -0.52631 0.85000 -2.00000
104070689 -0.52631 0.85400 -2.00000
104070690 -0.52631 0.85800 -2.00000
104070691 -0.52631 0.86200 -2.00000
104070692 -0.52631 0.86600 -2.00000
104070693 -0.52631 0.87000 -2.00000
104070694 -0.52631 0.87400 -2.00000
104070695 -0.52631 0.87800 -2.00000
104070696 -0.52631 0.88200 -2.00000
104070697 -0.52631 0.88600 -2.00000
104070698 -0.52631 0.89000 -2.00000
104070699 -0.52631 0.89400 -2.00000
104070700 -0.52631 0.89800 -2.00000
104070701 -0.52631 0.90200 -2.00000
104070702 -0.52631 0.90600 -2.00000
104070703 -0.52631 0.91000 -2.00000
104070704 -0.52631 0.91400 -2.00000
104070705 -0.52631 0.91800 -2.00000
104070706 -0.52631 0.92200 -2.00000
104070707 -0.52631 0.92600 -2.00000
104070708 -0.52631 0.93000 -2.00000
104070709 -0.52631 0.93400 -2.00000
104070710 -0.52631 0.93800 -2.00000
104070711 -0.52631 0.94200 -2.00000
104070712 -0.52631 0.94600 -2.00000
104070713 -0.52631 0.95000 -2.00000
104070714 -0.52631 0.95400 -2.00000
104070715 -0.52631 0.95800 -2.00000
104070716 -0.52631 0.96200 -2.00000
104070717 -0.52631 0.96600 -2.00000
104070718 -0.52631 0.97000 -2.00000
104070719 -0.52631 0.97400 -2.00000
104070720 -0.52631 0.97800 -2.00000
104070721 -0.52631 0.98200 -2.00000
104070722 -0.52631 0.98600 -2.00000
104070723 -0.52631 0.99000 -2.00000
104070724 -0.52631 0.99400 -2.00000
104070725 -0.52631 0.99800 -2.00000
104070726 -0.52631 1.00200 -2.00000
104070727 -0.52631 1.00600 -2.00000
104070728 -0.52631 1.01000 -2.00000
104070729 -0.52631 1.01400 -2.00000
104070730 -0.52631 1.01800 -2.00000
104070731 -0.52631 1.02200 -2.00000
104070732 -0.52631 1.02600 -2.00000
104070733 -0.52631 1.03000 -2.00000
104070734 -0.52631 1.03400 -2.00000
104070735 -0.52631 1.03800 -2.00000
104070736 -0.52631 1.04200 -2.00000
104070737 -0.52631 1.04600 -2.00000
104070738 -0.52631 1.05000 -2.00000
104070739 -0.52631 1.05400 -2.00000
104070740 -0.52631 1.05800 -2.00000
104070741 -0.52631 1.06200 -2.00000
104070742 -0.52631 1.06600 -2.00000
104070743 -0.52631 1.07000 -2.00000
104070744 -0.52631 1.07400 -2.00000
104070745 -0.52631 1.07800 -2.00000
104070746 -0.52631 1.08200 -2.00000
104070747 -0.52631 1.08600 -2.00000
104070748 -0.52631 1.09000 -2.00000
104070749 -0.52631 1.09400 -2.00000
104070750 -0.52631 1.09800 -2.00000
104070751 -0.51781 0.50200 -2.00000
104070752 -0.51781 0.50600 -2.00000
104070753 -0.51781 0.51000 -2.00000
104070754 -0.51781 0.51400 -2.00000
104070755 -0.51781 0.51800 -2.00000
104070756 -0.51781 0.52200 -2.00000
104070757 -0.51781 0.52600 -2.00000
104070758 -0.51781 0.53000 -2.00000
104070759 -0.51781 0.53400 -2.00000
104070760 -0.51781 0.53800 -2.00000
104070761 -0.51781 0.54200 -2.00000
104070762 -0.51781 0.54600 -2.00000
104070763 -0.51781 0.55000 -2.00000
104070764 -0.51781 0.55400 -2.00000
104070765 -0.51781 0.55800 -2.00000
104070766 -0.51781 0.56200 -2.00000
104070767 -0.51781 0.56600 -2.00000
104070768 -0.51781 0.57000 -2.00000
104070769 -0.51781 0.57400 -2.00000
104070770 -0.51781 0.57800 -2.00000
104070771 -0.51781 0.58200 -2.00000
104070772 -0.51781 0.58600 -2.00000
104070773 -0.51781 0.59000 -2.00000
104070774 -0.51781 0.59400 -2.00000
104070775 -0.51781 0.59800 -2.00000
104070776 -0.51781 0.60200 -2.00000
104070777 -0.51781 0.60600 -2.00000
104070778 -0.51781 0.61000 -2.00000
104070779 -0.51781 0.61400 -2.00000
104070780 -0.51781 0.61800 -2.00000
104070781 -0.51781 0.62200 -2.00000
104070782 -0.51781 0.62600 -2.00000
104070783 -0.51781 0.63000 -2.00000
104070784 -0.51781 0.63400 -2.00000
104070785 -0.51781 0.63800 -2.00000
104070786 -0.51781 0.64200 -2.00000
104070787 -0.51781 0.64600 -2.00000
104070788 -0.51781 0.65000 -2.00000
104070789 -0.51781 0.65400 -2.00000
104070790 -0.51781 0.65800 -2.00000
104070791 -0.51781 0.66200 -2.00000
104070792 -0.51781 0.66600 -2.00000
104070793 -0.51781 0.67000 -2.00000
104070794 -0.51781 0.67400 -2.00000
104070795 -0.51781 0.67800 -2.00000
104070796 -0.51781 0.68200 -2.00000
104070797 -0.51781 0.68600 -2.00000
104070798 -0.51781 0.69000 -2.00000
104070799 -0.51781 0.69400 -2.00000
104070800 -0.51781 0.69800 -2.00000
104070801 -0.51781 0.70200 -2.00000
104070802 -0.51781 0.70600 -2.00000
104070803 -0.51781 0.71000 -2.00000
104070804 -0.51781 0.71400 -2.00000
104070805 -0.51781 0.71800 -2.00000
104070806 -0.51781 0.72200 -2.00000
104070807 -0.51781 0.72600 -2.00000
104070808 -0.51781 0.73000 -2.00000
104070809 -0.51781 0.73400 -2.00000
104070810 -0.51781 0.73800 -2.00000
104070811 -0.51781 0.74200 -2.00000
104070812 -0.51781 0.74600 -2.00000
104070813 -0.51781 0.75000 -2.00000
104070814 -0.51781 0.75400 -2.00000
104070815 -0.51781 0.75800 -2.00000
104070816 -0.51781 0.76200 -2.00000
104070817 -0.51781 0.76600 -2.00000
104070818 -0.51781 0.77000 -2.00000
104070819 -0.51781 0.77400 -2.00000
104070820 -0.51781 0.77800 -2.00000
104070821 -0.51781 0.78200 -2.00000
104070822 -0.51781 0.78600 -2.00000
104070823 -0.51781 0.79000 -2.00000
104070824 -0.51781 0.79400 -2.00000
104070825 -0.51781 0.79800 -2.00000
104070826 -0.51781 0.80200 -2.00000
104070827 -0.51781 0.80600 -2.00000
104070828 -0.51781 0.81000 -2.00000
104070829 -0.51781 0.81400 -2.00000
104070830 -0.51781 0.81800 -2.00000
104070831 -0.51781 0.82200 -2.00000
104070832 -0.51781 0.82600 -2.00000
104070833 -0.51781 0.83000 -2.00000
104070834 -0.51781 0.83400 -2.00000
104070835 -0.51781 0.83800 -2.00000
104070836 -0.51781 0.84200 -2.00000
104070837 -0.51781 0.84600 -2.00000
104070838 -0.51781 0.85000 -2.00000
104070839 -0.51781 0.85400 -2.00000
104070840 -0.51781 0.85800 -2.00000
104070841 -0.51781 0.86200 -2.00000
104070842 -0.51781 0.86600 -2.00000
104070843 -0.51781 0.87000 -2.00000
104070844 -0.51781 0.87400 -2.00000
104070845 -0.51781 0.87800 -2.00000
104070846 -0.51781 0.88200 -2.00000
104070847 -0.51781 0.88600 -2.00000
104070848 -0.51781 0.89000 -2.00000
104070849 -0.51781 0.89400 -2.00000
104070850 -0.51781 0.89800 -2.00000
104070851 -0.51781 0.90200 -2.00000
104070852 -0.51781 0.90600 -2.00000
104070853 -0.51781 0.91000 -2.00000
104070854 -0.51781 0.91400 -2.00000
104070855 -0.51781 0.91800 -2.00000
104070856 -0.51781 0.92200 -2.00000
104070857 -0.51781 0.92600 -2.00000
104070858 -0.51781 0.93000 -2.00000
104070859 -0.51781 0.93400 -2.00000
104070860 -0.51781 0.93800 -2.00000
104070861 -0.51781 0.94200 -2.00000
104070862 -0.51781 0.94600 -2.00000
104070863 -0.51781 0.95000 -2.00000
104070864 -0.51781 0.95400 -2.00000
104070865 -0.51781 0.95800 -2.00000
104070866 -0.51781 0.96200 -2.00000
104070867 -0.51781 0.96600 -2.00000
104070868 -0.51781 0.97000 -2.00000
104070869 -0.51781 0.97400 -2.00000
104070870 -0.51781 0.97800 -2.00000
104070871 -0.51781 0.98200 -2.00000
104070872 -0.51781 0.98600 -2.00000
104070873 -0.51781 0.99000 -2.00000
104070874 -0.51781 0.99400 -2.00000
104070875 -0.51781 0.99800 -2.00000
104070876 -0.51781 1.00200 -2.00000
104070877 -0.51781 1.00600 -2.00000
104070878 -0.51781 1.01000 -2.00000
104070879 -0.51781 1.01400 -2.00000
104070880 -0.51781 1.01800 -2.00000
104070881 -0.51781 1.02200 -2.00000
104070882 -0.51781 1.02600 -2.00000
104070883 -0.51781 1.03000 -2.00000
104070884 -0.51781 1.03400 -2.00000
104070885 -0.51781 1.03800 -2.00000
104070886 -0.51781 1.04200 -2.00000
104070887 -0.51781 1.04600 -2.00000
104070888 -0.51781 1.05000 -2.00000
104070889 -0.51781 1.05400 -2.00000
104070890 -0.51781 1.05800 -2.00000
104070891 -0.51781 1.06200 -2.00000
104070892 -0.51781 1.06600 -2.00000
104070893 -0.51781 1.07000 -2.00000
104070894 -0.51781 1.07400 -2.00000
104070895 -0.51781 1.07800 -2.00000
104070896 -0.51781 1.08200 -2.00000
104070897 -0.51781 1.08600 -2.00000
104070898 -0.51781 1.09000 -2.00000
104070899 -0.51781 1.09400 -2.00000
104070900 -0.51781 1.09800 -2.00000
104070901 -0.50931 0.50200 -2.00000
104070902 -0.50931 0.50600 -2.00000
104070903 -0.50931 0.51000 -2.00000
104070904 -0.50931 0.51400 -2.00000
104070905 -0.50931 0.51800 -2.00000
104070906 -0.50931 0.52200 -2.00000
104070907 -0.50931 0.52600 -2.00000
104070908 -0.50931 0.53000 -2.00000
104070909 -0.50931 0.53400 -2.00000
104070910 -0.50931 0.53800 -2.00000
104070911 -0.50931 0.54200 -2.00000
104070912 -0.50931 0.54600 -2.00000
104070913 -0.50931 0.55000 -2.00000
104070914 -0.50931 0.55400 -2.00000
104070915 -0.50931 0.55800 -2.00000
104070916 -0.50931 0.56200 -2.00000
104070917 -0.50931 0.56600 -2.00000
104070918 -0.50931 0.57000 -2.00000
104070919 -0.50931 0.57400 -2.00000
104070920 -0.50931 0.57800 -2.00000
104070921 -0.50931 0.58200 -2.00000
104070922 -0.50931 0.58600 -2.00000
104070923 -0.50931 0.59000 -2.00000
104070924 -0.50931 0.59400 -2.00000
104070925 -0.50931 0.59800 -2.00000
104070926 -0.50931 0.60200 -2.00000
104070927 -0.50931 0.60600 -2.00000
104070928 -0.50931 0.61000 -2.00000
104070929 -0.50931 0.61400 -2.00000
104070930 -0.50931 0.61800 -2.00000
104070931 -0.50931 0.62200 -2.00000
104070932 -0.50931 0.62600 -2.00000
104070933 -0.50931 0.63000 -2.00000
104070934 -0.50931 0.63400 -2.00000
104070935 -0.50931 0.63800 -2.00000
104070936 -0.50931 0.64200 -2.00000
104070937 -0.50931 0.64600 -2.00000
104070938 -0.50931 0.65000 -2.00000
104070939 -0.50931 0.65400 -2.00000
104070940 -0.50931 0.65800 -2.00000
104070941 -0.50931 0.66200 -2.00000
104070942 -0.50931 0.66600 -2.00000
104070943 -0.50931 0.67000 -2.00000
104070944 -0.50931 0.67400 -2.00000
104070945 -0.50931 0.67800 -2.00000
104070946 -0.50931 0.68200 -2.00000
104070947 -0.50931 0.68600 -2.00000
104070948 -0.50931 0.69000 -2.00000
104070949 -0.50931 0.69400 -2.00000
104070950 -0.50931 0.69800 -2.00000
104070951 -0.50931 0.70200 -2.00000
104070952 -0.50931 0.70600 -2.00000
104070953 -0.50931 0.71000 -2.00000
104070954 -0.50931 0.71400 -2.00000
104070955 -0.50931 0.71800 -2.00000
104070956 -0.50931 0.72200 -2.00000
104070957 -0.50931 0.72600 -2.00000
104070958 -0.50931 0.73000 -2.00000
104070959 -0.50931 0.73400 -2.00000
104070960 -0.50931 0.73800 -2.00000
104070961 -0.50931 0.74200 -2.00000
104070962 -0.50931 0.74600 -2.00000
104070963 -0.50931 0.75000 -2.00000
104070964 -0.50931 0.75400 -2.00000
104070965 -0.50931 0.75800 -2.00000
104070966 -0.50931 0.76200 -2.00000
104070967 -0.50931 0.76600 -2.00000
104070968 -0.50931 0.77000 -2.00000
104070969 -0.50931 0.77400 -2.00000
104070970 -0.50931 0.77800 -2.00000
104070971 -0.50931 0.78200 -2.00000
104070972 -0.50931 0.78600 -2.00000
104070973 -0.50931 0.79000 -2.00000
104070974 -0.50931 0.79400 -2.00000
104070975 -0.50931 0.79800 -2.00000
104070976 -0.50931 0.80200 -2.00000
104070977 -0.50931 0.80600 -2.00000
104070978 -0.50931 0.81000 -2.00000
104070979 -0.50931 0.81400 -2.00000
104070980 -0.50931 0.81800 -2.00000
104070981 -0.50931 0.82200 -2.00000
104070982 -0.50931 0.82600 -2.00000
104070983 -0.50931 0.83000 -2.00000
104070984 -0.50931 0.83400 -2.00000
104070985 -0.50931 0.83800 -2.00000
104070986 -0.50931 0.84200 -2.00000
104070987 -0.50931 0.84600 -2.00000
104070988 -0.50931 0.85000 -2.00000
104070989 -0.50931 0.85400 -2.00000
104070990 -0.50931 0.85800 -2.00000
104070991 -0.50931 0.86200 -2.00000
104070992 -0.50931 0.86600 -2.00000
104070993 -0.50931 0.87000 -2.00000
104070994 -0.50931 0.87400 -2.00000
104070995 -0.50931 0.87800 -2.00000
104070996 -0.50931 0.88200 -2.00000
104070997 -0.50931 0.88600 -2.00000
104070998 -0.50931 0.89000 -2.00000
104070999 -0.50931 0.89400 -2.00000
104071000 -0.50931 0.89800 -2.00000
104071001 -0.50931 0.90200 -2.00000
104071002 -0.50931 0.90600 -2.00000
104071003 -0.50931 0.91000 -2.00000
104071004 -0.50931 0.91400 -2.00000
104071005 -0.50931 0.91800 -2.00000
104071006 -0.50931 0.92200 -2.00000
104071007 -0.50931 0.92600 -2.00000
104071008 -0.50931 0.93000 -2.00000
104071009 -0.50931 0.93400 -2.00000
104071010 -0.50931 0.93800 -2.00000
104071011 -0.50931 0.94200 -2.00000
104071012 -0.50931 0.94600 -2.00000
104071013 -0.50931 0.95000 -2.00000
104071014 -0.50931 0.95400 -2.00000
104071015 -0.50931 0.95800 -2.00000
104071016 -0.50931 0.96200 -2.00000
104071017 -0.50931 0.96600 -2.00000
104071018 -0.50931 0.97000 -2.00000
104071019 -0.50931 0.97400 -2.00000
104071020 -0.50931 0.97800 -2.00000
104071021 -0.50931 0.98200 -2.00000
104071022 -0.50931 0.98600 -2.00000
104071023 -0.50931 0.99000 -2.00000
104071024 -0.50931 0.99400 -2.00000
104071025 -0.50931 0.99800 -2.00000
104071026 -0.50931 1.00200 -2.00000
104071027 -0.50931 1.00600 -2.00000
104071028 -0.50931 1.01000 -2.00000
104071029 -0.50931 1.01400 -2.00000
104071030 -0.50931 1.01800 -2.00000
104071031 -0.50931 1.02200 -2.00000
104071032 -0.50931 1.02600 -2.00000
104071033 -0.50931 1.03000 -2.00000
104071034 -0.50931 1.03400 -2.00000
104071035 -0.50931 1.03800 -2.00000
104071036 -0.50931 1.04200 -2.00000
104071037 -0.50931 1.04600 -2.00000
104071038 -0.50931 1.05000 -2.00000
104071039 -0.50931 1.05400 -2.00000
104071040 -0.50931 1.05800 -2.00000
104071041 -0.50931 1.06200 -2.00000
104071042 -0.50931 1.06600 -2.00000
104071043 -0.50931 1.07000 -2.00000
104071044 -0.50931 1.07400 -2.00000
104071045 -0.50931 1.07800 -2.00000
104071046 -0.50931 1.08200 -2.00000
104071047 -0.50931 1.08600 -2.00000
104071048 -0.50931 1.09000 -2.00000
104071049 -0.50931 1.09400 -2.00000
104071050 -0.50931 1.09800 -2.00000
104071051 -0.50081 0.50200 -2.00000
104071052 -0.50081 0.50600 -2.00000
104071053 -0.50081 0.51000 -2.00000
104071054 -0.50081 0.51400 -2.00000
104071055 -0.50081 0.51800 -2.00000
104071056 -0.50081 0.52200 -2.00000
104071057 -0.50081 0.52600 -2.00000
104071058 -0.50081 0.53000 -2.00000
104071059 -0.50081 0.53400 -2.00000
104071060 -0.50081 0.53800 -2.00000
104071061 -0.50081 0.54200 -2.00000
104071062 -0.50081 0.54600 -2.00000
104071063 -0.50081 0.55000 -2.00000
104071064 -0.50081 0.55400 -2.00000
104071065 -0.50081 0.55800 -2.00000
104071066 -0.50081 0.56200 -2.00000
104071067 -0.50081 0.56600 -2.00000
104071068 -0.50081 0.57000 -2.00000
104071069 -0.50081 0.57400 -2.00000
104071070 -0.50081 0.57800 -2.00000
104071071 -0.50081 0.58200 -2.00000
104071072 -0.50081 0.58600 -2.00000
104071073 -0.50081 0.59000 -2.00000
104071074 -0.50081 0.59400 -2.00000
104071075 -0.50081 0.59800 -2.00000
104071076 -0.50081 0.60200 -2.00000
104071077 -0.50081 0.60600 -2.00000
104071078 -0.50081 0.61000 -2.00000
104071079 -0.50081 0.61400 -2.00000
104071080 -0.50081 0.61800 -2.00000
104071081 -0.50081 0.62200 -2.00000
104071082 -0.50081 0.62600 -2.00000
104071083 -0.50081 0.63000 -2.00000
104071084 -0.50081 0.63400 -2.00000
104071085 -0.50081 0.63800 -2.00000
104071086 -0.50081 0.64200 -2.00000
104071087 -0.50081 0.64600 -2.00000
104071088 -0.50081 0.65000 -2.00000
104071089 -0.50081 0.65400 -2.00000
104071090 -0.50081 0.65800 -2.00000
104071091 -0.50081 0.66200 -2.00000
104071092 -0.50081 0.66600 -2.00000
104071093 -0.50081 0.67000 -2.00000
104071094 -0.50081 0.67400 -2.00000
104071095 -0.50081 0.67800 -2.00000
104071096 -0.50081 0.68200 -2.00000
104071097 -0.50081 0.68600 -2.00000
104071098 -0.50081 0.69000 -2.00000
104071099 -0.50081 0.69400 -2.00000
104071100 -0.50081 0.69800 -2.00000
104071101 -0.50081 0.70200 -2.00000
104071102 -0.50081 0.70600 -2.00000
104071103 -0.50081 0.71000 -2.00000
104071104 -0.50081 0.71400 -2.00000
104071105 -0.50081 0.71800 -2.00000
104071106 -0.50081 0.72200 -2.00000
104071107 -0.50081 0.72600 -2.00000
104071108 -0.50081 0.73000 -2.00000
104071109 -0.50081 0.73400 -2.00000
104071110 -0.50081 0.73800 -2.00000
104071111 -0.50081 0.74200 -2.00000
104071112 -0.50081 0.74600 -2.00000
104071113 -0.50081 0.75000 -2.00000
104071114 -0.50081 0.75400 -2.00000
104071115 -0.50081 0.75800 -2.00000
104071116 -0.50081 0.76200 -2.00000
104071117 -0.50081 0.76600 -2.00000
104071118 -0.50081 0.77000 -2.00000
104071119 -0.50081 0.77400 -2.00000
104071120 -0.50081 0.77800 -2.00000
104071121 -0.50081 0.78200 -2.00000
104071122 -0.50081 0.78600 -2.00000
104071123 -0.50081 0.79000 -2.00000
104071124 -0.50081 0.79400 -2.00000
104071125 -0.50081 0.79800 -2.00000
104071126 -0.50081 0.80200 -2.00000
104071127 -0.50081 0.80600 -2.00000
104071128 -0.50081 0.81000 -2.00000
104071129 -0.50081 0.81400 -2.00000
104071130 -0.50081 0.81800 -2.00000
104071131 -0.50081 0.82200 -2.00000
104071132 -0.50081 0.82600 -2.00000
104071133 -0.50081 0.83000 -2.00000
104071134 -0.50081 0.83400 -2.00000
104071135 -0.50081 0.83800 -2.00000
104071136 -0.50081 0.84200 -2.00000
104071137 -0.50081 0.84600 -2.00000
104071138 -0.50081 0.85000 -2.00000
104071139 -0.50081 0.85400 -2.00000
104071140 -0.50081 0.85800 -2.00000
104071141 -0.50081 0.86200 -2.00000
104071142 -0.50081 0.86600 -2.00000
104071143 -0.50081 0.87000 -2.00000
104071144 -0.50081 0.87400 -2.00000
104071145 -0.50081 0.87800 -2.00000
104071146 -0.50081 0.88200 -2.00000
104071147 -0.50081 0.88600 -2.00000
104071148 -0.50081 0.89000 -2.00000
104071149 -0.50081 0.89400 -2.00000
104071150 -0.50081 0.89800 -2.00000
104071151 -0.50081 0.90200 -2.00000
104071152 -0.50081 0.90600 -2.00000
104071153 -0.50081 0.91000 -2.00000
104071154 -0.50081 0.91400 -2.00000
104071155 -0.50081 0.91800 -2.00000
104071156 -0.50081 0.92200 -2.00000
104071157 -0.50081 0.92600 -2.00000
104071158 -0.50081 0.93000 -2.00000
104071159 -0.50081 0.93400 -2.00000
104071160 -0.50081 0.93800 -2.00000
104071161 -0.50081 0.94200 -2.00000
104071162 -0.50081 0.94600 -2.00000
104071163 -0.50081 0.95000 -2.00000
104071164 -0.50081 0.95400 -2.00000
104071165 -0.50081 0.95800 -2.00000
104071166 -0.50081 0.96200 -2.00000
104071167 -0.50081 0.96600 -2.00000
104071168 -0.50081 0.97000 -2.00000
104071169 -0.50081 0.97400 -2.00000
104071170 -0.50081 0.97800 -2.00000
104071171 -0.50081 0.98200 -2.00000
104071172 -0.50081 0.98600 -2.00000
104071173 -0.50081 0.99000 -2.00000
104071174 -0.50081 0.99400 -2.00000
104071175 -0.50081 0.99800 -2.00000
104071176 -0.50081 1.00200 -2.00000
104071177 -0.50081 1.00600 -2.00000
104071178 -0.50081 1.01000 -2.00000
104071179 -0.50081 1.01400 -2.00000
104071180 -0.50081 1.01800 -2.00000
104071181 -0.50081 1.02200 -2.00000
104071182 -0.50081 1.02600 -2.00000
104071183 -0.50081 1.03000 -2.00000
104071184 -0.50081 1.03400 -2.00000
104071185 -0.50081 1.03800 -2.00000
104071186 -0.50081 1.04200 -2.00000
104071187 -0.50081 1.04600 -2.00000
104071188 -0.50081 1.05000 -2.00000
104071189 -0.50081 1.05400 -2.00000
104071190 -0.50081 1.05800 -2.00000
104071191 -0.50081 1.06200 -2.00000
104071192 -0.50081 1.06600 -2.00000
104071193 -0.50081 1.07000 -2.00000
104071194 -0.50081 1.07400 -2.00000
104071195 -0.50081 1.07800 -2.00000
104071196 -0.50081 1.08200 -2.00000
104071197 -0.50081 1.08600 -2.00000
104071198 -0.50081 1.09000 -2.00000
104071199 -0.50081 1.09400 -2.00000
104071200 -0.50081 1.09800 -2.00000
